896.35	2956.08
897.98	2967.59
899.60	2966.54
901.22	2987.47
902.85	2977.01
904.47	2995.84
906.10	3002.12
907.72	3003.17
909.34	3015.73
910.97	3029.33
912.59	3040.84
914.21	3071.18
915.84	3095.25
917.46	3125.60
919.08	3142.34
920.71	3160.13
922.33	3177.92
923.95	3191.52
925.58	3218.73
927.20	3216.63
928.82	3220.82
930.44	3243.84
932.07	3230.24
933.69	3230.24
935.31	3236.52
936.93	3251.17
938.56	3253.26
940.18	3265.82
941.80	3258.49
943.42	3268.95
945.05	3279.42
946.67	3270.00
948.29	3278.37
949.91	3276.28
951.53	3287.79
953.16	3295.11
954.78	3283.60
956.40	3265.82
958.02	3273.14
959.64	3275.23
961.26	3274.19
962.88	3280.46
964.51	3268.95
966.13	3295.11
967.75	3287.79
969.37	3272.09
970.99	3290.93
972.61	3279.42
974.23	3279.42
975.85	3279.42
977.47	3288.84
979.09	3279.42
980.71	3281.51
982.33	3285.70
983.95	3288.84
985.57	3297.21
987.19	3285.70
988.81	3299.30
990.43	3303.49
992.05	3307.67
993.67	3310.81
995.29	3308.72
996.91	3303.49
998.53	3327.55
1000.15	3329.65
1001.77	3332.78
1003.39	3331.74
1005.01	3332.78
1006.63	3341.16
1008.25	3349.53
1009.86	3351.62
1011.48	3353.71
1013.10	3354.76
1014.72	3363.13
1016.34	3363.13
1017.96	3386.15
1019.58	3364.18
1021.19	3369.41
1022.81	3369.41
1024.43	3389.29
1026.05	3377.78
1027.66	3388.24
1029.28	3386.15
1030.90	3393.48
1032.52	3387.20
1034.13	3394.52
1035.75	3403.94
1037.37	3401.85
1038.98	3409.17
1040.60	3402.89
1042.22	3390.34
1043.83	3401.85
1045.45	3396.62
1047.07	3406.03
1048.68	3418.59
1050.30	3400.80
1051.92	3407.08
1053.53	3402.89
1055.15	3410.22
1056.76	3407.08
1058.38	3411.26
1059.99	3411.26
1061.61	3402.89
1063.22	3393.48
1064.84	3409.17
1066.46	3400.80
1068.07	3395.57
1069.68	3404.99
1071.30	3416.50
1072.91	3397.66
1074.53	3393.48
1076.14	3402.89
1077.76	3386.15
1079.37	3393.48
1080.98	3365.22
1082.60	3387.20
1084.21	3385.10
1085.83	3383.01
1087.44	3388.24
1089.05	3383.01
1090.67	3377.78
1092.28	3373.59
1093.89	3386.15
1095.50	3384.06
1097.12	3375.69
1098.73	3370.46
1100.34	3353.71
1101.95	3379.87
1103.57	3373.59
1105.18	3365.22
1106.79	3363.13
1108.40	3377.78
1110.01	3373.59
1111.63	3373.59
1113.24	3373.59
1114.85	3378.83
1116.46	3372.55
1118.07	3389.29
1119.68	3376.73
1121.29	3381.97
1122.90	3370.46
1124.51	3373.59
1126.12	3386.15
1127.73	3399.75
1129.34	3392.43
1130.95	3387.20
1132.56	3384.06
1134.17	3355.81
1135.78	3372.55
1137.39	3376.73
1139.00	3365.22
1140.61	3377.78
1142.22	3392.43
1143.83	3376.73
1145.44	3381.97
1147.05	3384.06
1148.65	3386.15
1150.26	3374.64
1151.87	3369.41
1153.48	3381.97
1155.09	3381.97
1156.69	3387.20
1158.30	3370.46
1159.91	3378.83
1161.52	3383.01
1163.12	3393.48
1164.73	3380.92
1166.34	3393.48
1167.94	3383.01
1169.55	3387.20
1171.16	3381.97
1172.76	3390.34
1174.37	3384.06
1175.97	3393.48
1177.58	3378.83
1179.19	3398.71
1180.79	3388.24
1182.40	3377.78
1184.00	3363.13
1185.61	3389.29
1187.21	3395.57
1188.82	3391.38
1190.42	3387.20
1192.02	3385.10
1193.63	3370.46
1195.23	3389.29
1196.84	3385.10
1198.44	3395.57
1200.04	3393.48
1201.65	3387.20
1203.25	3388.24
1204.85	3390.34
1206.46	3363.13
1208.06	3376.73
1209.66	3368.36
1211.26	3371.50
1212.87	3392.43
1214.47	3374.64
1216.07	3377.78
1217.67	3379.87
1219.27	3371.50
1220.87	3365.22
1222.48	3365.22
1224.08	3363.13
1225.68	3366.27
1227.28	3366.27
1228.88	3357.90
1230.48	3368.36
1232.08	3346.39
1233.68	3362.08
1235.28	3364.18
1236.88	3353.71
1238.48	3349.53
1240.08	3364.18
1241.68	3322.32
1243.28	3338.02
1244.87	3330.69
1246.47	3331.74
1248.07	3326.51
1249.67	3329.65
1251.27	3335.92
1252.87	3319.18
1254.46	3317.09
1256.06	3317.09
1257.66	3311.86
1259.26	3294.07
1260.85	3309.76
1262.45	3322.32
1264.05	3313.95
1265.64	3302.44
1267.24	3303.49
1268.83	3310.81
1270.43	3298.25
1272.03	3317.09
1273.62	3295.11
1275.22	3284.65
1276.81	3289.88
1278.41	3283.60
1280.00	3302.44
1281.60	3291.98
1283.19	3287.79
1284.79	3289.88
1286.38	3276.28
1287.97	3286.74
1289.57	3271.05
1291.16	3279.42
1292.75	3267.91
1294.35	3277.33
1295.94	3264.77
1297.53	3268.95
1299.12	3256.40
1300.72	3284.65
1302.31	3250.12
1303.90	3276.28
1305.49	3274.19
1307.08	3256.40
1308.68	3241.75
1310.27	3254.30
1311.86	3250.12
1313.45	3242.79
1315.04	3246.98
1316.63	3235.47
1318.22	3236.52
1319.81	3234.42
1321.40	3236.52
1322.99	3244.89
1324.58	3222.91
1326.17	3221.87
1327.75	3215.59
1329.34	3225.01
1330.93	3203.03
1332.52	3207.22
1334.11	3212.45
1335.70	3221.87
1337.28	3199.89
1338.87	3200.94
1340.46	3203.03
1342.05	3201.98
1343.63	3194.66
1345.22	3193.61
1346.81	3199.89
1348.39	3194.66
1349.98	3190.47
1351.56	3178.96
1353.15	3165.36
1354.73	3162.22
1356.32	3144.43
1357.90	3147.57
1359.49	3148.62
1361.07	3132.92
1362.66	3131.88
1364.24	3136.06
1365.82	3144.43
1367.41	3148.62
1368.99	3118.27
1370.57	3119.32
1372.16	3118.27
1373.74	3116.18
1375.32	3102.58
1376.91	3092.11
1378.49	3065.95
1380.07	3045.02
1381.65	3035.61
1383.23	3018.86
1384.81	3019.91
1386.39	3019.91
1387.97	3012.59
1389.55	3012.59
1391.14	3014.68
1392.72	2996.89
1394.29	2986.43
1395.87	2975.96
1397.45	2973.87
1399.03	2974.92
1400.61	2964.45
1402.19	2958.17
1403.77	2944.57
1405.35	2964.45
1406.92	2944.57
1408.50	2944.57
1410.08	2941.43
1411.66	2934.11
1413.23	2941.43
1414.81	2940.38
1416.39	2922.60
1417.96	2933.06
1419.54	2929.92
1421.12	2936.20
1422.69	2941.43
1424.27	2924.69
1425.84	2922.60
1427.42	2918.41
1428.99	2922.60
1430.57	2923.64
1432.14	2914.22
1433.71	2917.36
1435.29	2927.83
1436.86	2920.50
1438.43	2910.04
1440.01	2903.76
1441.58	2781.33
1443.15	2907.95
1444.72	2915.27
1446.30	2900.62
1447.87	2914.22
1449.44	2908.99
1451.01	2895.39
1452.58	2911.09
1454.15	2912.13
1455.72	2899.58
1457.29	2901.67
1458.86	2901.67
1460.43	2893.30
1462.00	2918.41
1463.57	2902.71
1465.14	2905.85
1466.71	2891.20
1468.28	2896.44
1469.85	2898.53
1471.41	2908.99
1472.98	2893.30
1474.55	2907.95
1476.12	2887.02
1477.68	2896.44
1479.25	2907.95
1480.82	2904.81
1482.38	2900.62
1483.95	2894.34
1485.51	2910.04
1487.08	2925.74
1488.64	2913.18
1490.21	2906.90
1491.77	2901.67
1493.34	2915.27
1494.90	2897.48
1496.46	2902.71
1498.03	2910.04
1499.59	2906.90
1501.15	2904.81
1502.72	2902.71
1504.28	2912.13
1505.84	2907.95
1507.40	2902.71
1508.97	2915.27
1510.53	2907.95
1512.09	2923.64
1513.65	2924.69
1515.21	2924.69
1516.77	2914.22
1518.33	2926.78
1519.89	2912.13
1521.45	2921.55
1523.01	2925.74
1524.57	2925.74
1526.13	2920.50
1527.68	2926.78
1529.24	2930.97
1530.80	2917.36
1532.36	2928.87
1533.92	2919.46
1535.47	2908.99
1537.03	2919.46
1538.59	2920.50
1540.14	2910.04
1541.70	2902.71
1543.25	2924.69
1544.81	2919.46
1546.36	2923.64
1547.92	2903.76
1549.47	2915.27
1551.03	2915.27
1552.58	2907.95
1554.13	2901.67
1555.69	2917.36
1557.24	2910.04
1558.79	2905.85
1560.35	2895.39
1561.90	2903.76
1563.45	2896.44
1565.00	2901.67
1566.55	2893.30
1568.10	2895.39
1569.66	2892.25
1571.21	2897.48
1572.76	2896.44
1574.31	2899.58
1575.86	2894.34
1577.40	2883.88
1578.95	2879.69
1580.50	2887.02
1582.05	2882.83
1583.60	2884.93
1585.15	2870.28
1586.69	2881.79
1588.24	2884.93
1589.79	2891.20
1591.34	2864.00
1592.88	2885.97
1594.43	2870.28
1595.97	2871.32
1597.52	2880.74
1599.06	2878.65
1600.61	2875.51
1602.15	2881.79
1603.70	2870.28
1605.24	2880.74
1606.79	2868.18
1608.33	2858.77
1609.87	2859.81
1611.41	2871.32
1612.96	2857.72
1614.50	2853.53
1616.04	2854.58
1617.58	2874.46
1619.12	2844.12
1620.67	2852.49
1622.21	2829.47
1623.75	2853.53
1625.29	2839.93
1626.83	2844.12
1628.37	2855.63
1629.90	2827.37
1631.44	2823.19
1632.98	2830.51
1634.52	2817.96
1636.06	2805.40
1637.59	2815.86
1639.13	2799.12
1640.67	2792.84
1642.21	2777.15
1643.74	2779.24
1645.28	2757.26
1646.81	2749.94
1648.35	2761.45
1649.88	2730.06
1651.42	2743.66
1652.95	2715.41
1654.49	2733.20
1656.02	2716.45
1657.55	2715.41
1659.09	2691.34
1660.62	2715.41
1662.15	2698.67
1663.68	2714.36
1665.22	2700.76
1666.75	2697.62
1668.28	2687.16
1669.81	2704.94
1671.34	2677.74
1672.87	2689.25
1674.40	2702.85
1675.93	2699.71
1677.46	2678.78
1678.99	2671.46
1680.52	2673.55
1682.04	2685.06
1683.57	2675.65
1685.10	2685.06
1686.63	2680.88
1688.15	2674.60
1689.68	2652.62
1691.21	2663.09
1692.73	2662.04
1694.26	2670.41
1695.78	2664.13
1697.31	2671.46
1698.83	2655.76
1700.36	2658.90
1701.88	2650.53
1703.40	2664.13
1704.93	2655.76
1706.45	2665.18
