896.35	2658.90
897.98	2652.62
899.60	2667.27
901.22	2676.69
902.85	2671.46
904.47	2667.27
906.10	2679.83
907.72	2668.32
909.34	2678.78
910.97	2678.78
912.59	2687.16
914.21	2676.69
915.84	2675.65
917.46	2677.74
919.08	2679.83
920.71	2678.78
922.33	2697.62
923.95	2686.11
925.58	2714.36
927.20	2681.92
928.82	2699.71
930.44	2700.76
932.07	2699.71
933.69	2667.27
935.31	2695.53
936.93	2680.88
938.56	2700.76
940.18	2690.29
941.80	2699.71
943.42	2687.16
945.05	2719.59
946.67	2686.11
948.29	2705.99
949.91	2689.25
951.53	2714.36
953.16	2712.27
954.78	2716.45
956.40	2694.48
958.02	2711.22
959.64	2699.71
961.26	2712.27
962.88	2704.94
964.51	2704.94
966.13	2713.32
967.75	2720.64
969.37	2690.29
970.99	2700.76
972.61	2697.62
974.23	2709.13
975.85	2693.43
977.47	2717.50
979.09	2693.43
980.71	2703.90
982.33	2699.71
983.95	2724.83
985.57	2712.27
987.19	2710.18
988.81	2711.22
990.43	2717.50
992.05	2699.71
993.67	2725.87
995.29	2704.94
996.91	2708.08
998.53	2715.41
1000.15	2725.87
1001.77	2717.50
1003.39	2725.87
1005.01	2713.32
1006.63	2727.97
1008.25	2709.13
1009.86	2724.83
1011.48	2704.94
1013.10	2726.92
1014.72	2719.59
1016.34	2732.15
1017.96	2735.29
1019.58	2732.15
1021.19	2705.99
1022.81	2723.78
1024.43	2715.41
1026.05	2715.41
1027.66	2721.69
1029.28	2726.92
1030.90	2713.32
1032.52	2714.36
1034.13	2717.50
1035.75	2739.48
1037.37	2713.32
1038.98	2739.48
1040.60	2710.18
1042.22	2712.27
1043.83	2712.27
1045.45	2730.06
1047.07	2715.41
1048.68	2733.20
1050.30	2705.99
1051.92	2737.38
1053.53	2716.45
1055.15	2740.52
1056.76	2709.13
1058.38	2729.01
1059.99	2724.83
1061.61	2742.62
1063.22	2707.04
1064.84	2721.69
1066.46	2707.04
1068.07	2721.69
1069.68	2710.18
1071.30	2744.71
1072.91	2719.59
1074.53	2729.01
1076.14	2725.87
1077.76	2737.38
1079.37	2726.92
1080.98	2703.90
1082.60	2708.08
1084.21	2735.29
1085.83	2719.59
1087.44	2740.52
1089.05	2713.32
1090.67	2724.83
1092.28	2707.04
1093.89	2735.29
1095.50	2716.45
1097.12	2716.45
1098.73	2729.01
1100.34	2727.97
1101.95	2722.73
1103.57	2729.01
1105.18	2702.85
1106.79	2719.59
1108.40	2719.59
1110.01	2730.06
1111.63	2722.73
1113.24	2742.62
1114.85	2727.97
1116.46	2729.01
1118.07	2722.73
1119.68	2730.06
1121.29	2730.06
1122.90	2730.06
1124.51	2722.73
1126.12	2741.57
1127.73	2737.38
1129.34	2738.43
1130.95	2729.01
1132.56	2744.71
1134.17	2712.27
1135.78	2729.01
1137.39	2724.83
1139.00	2724.83
1140.61	2717.50
1142.22	2734.24
1143.83	2716.45
1145.44	2733.20
1147.05	2721.69
1148.65	2741.57
1150.26	2721.69
1151.87	2720.64
1153.48	2712.27
1155.09	2734.24
1156.69	2727.97
1158.30	2717.50
1159.91	2712.27
1161.52	2735.29
1163.12	2723.78
1164.73	2726.92
1166.34	2727.97
1167.94	2730.06
1169.55	2714.36
1171.16	2725.87
1172.76	2720.64
1174.37	2727.97
1175.97	2729.01
1177.58	2719.59
1179.19	2727.97
1180.79	2722.73
1182.40	2718.55
1184.00	2723.78
1185.61	2723.78
1187.21	2740.52
1188.82	2721.69
1190.42	2739.48
1192.02	2715.41
1193.63	2717.50
1195.23	2716.45
1196.84	2730.06
1198.44	2718.55
1200.04	2743.66
1201.65	2729.01
1203.25	2734.24
1204.85	2731.10
1206.46	2716.45
1208.06	2715.41
1209.66	2722.73
1211.26	2723.78
1212.87	2750.99
1214.47	2721.69
1216.07	2726.92
1217.67	2723.78
1219.27	2730.06
1220.87	2716.45
1222.48	2733.20
1224.08	2723.78
1225.68	2737.38
1227.28	2724.83
1228.88	2725.87
1230.48	2723.78
1232.08	2723.78
1233.68	2733.20
1235.28	2750.99
1236.88	2714.36
1238.48	2720.64
1240.08	2742.62
1241.68	2721.69
1243.28	2724.83
1244.87	2729.01
1246.47	2716.45
1248.07	2715.41
1249.67	2723.78
1251.27	2740.52
1252.87	2711.22
1254.46	2718.55
1256.06	2713.32
1257.66	2726.92
1259.26	2713.32
1260.85	2729.01
1262.45	2718.55
1264.05	2726.92
1265.64	2709.13
1267.24	2726.92
1268.83	2733.20
1270.43	2729.01
1272.03	2734.24
1273.62	2725.87
1275.22	2712.27
1276.81	2739.48
1278.41	2726.92
1280.00	2737.38
1281.60	2723.78
1283.19	2718.55
1284.79	2719.59
1286.38	2721.69
1287.97	2727.97
1289.57	2727.97
1291.16	2717.50
1292.75	2722.73
1294.35	2721.69
1295.94	2722.73
1297.53	2719.59
1299.12	2719.59
1300.72	2734.24
1302.31	2715.41
1303.90	2736.34
1305.49	2744.71
1307.08	2717.50
1308.68	2721.69
1310.27	2718.55
1311.86	2726.92
1313.45	2713.32
1315.04	2723.78
1316.63	2721.69
1318.22	2731.10
1319.81	2707.04
1321.40	2714.36
1322.99	2725.87
1324.58	2718.55
1326.17	2721.69
1327.75	2715.41
1329.34	2717.50
1330.93	2717.50
1332.52	2702.85
1334.11	2714.36
1335.70	2710.18
1337.28	2712.27
1338.87	2721.69
1340.46	2718.55
1342.05	2704.94
1343.63	2707.04
1345.22	2707.04
1346.81	2722.73
1348.39	2714.36
1349.98	2713.32
1351.56	2712.27
1353.15	2711.22
1354.73	2720.64
1356.32	2707.04
1357.90	2716.45
1359.49	2723.78
1361.07	2714.36
1362.66	2712.27
1364.24	2703.90
1365.82	2715.41
1367.41	2720.64
1368.99	2708.08
1370.57	2707.04
1372.16	2717.50
1373.74	2703.90
1375.32	2721.69
1376.91	2720.64
1378.49	2720.64
1380.07	2699.71
1381.65	2723.78
1383.23	2710.18
1384.81	2716.45
1386.39	2702.85
1387.97	2721.69
1389.55	2704.94
1391.14	2703.90
1392.72	2696.57
1394.29	2709.13
1395.87	2707.04
1397.45	2698.67
1399.03	2702.85
1400.61	2712.27
1402.19	2704.94
1403.77	2698.67
1405.35	2713.32
1406.92	2708.08
1408.50	2702.85
1410.08	2721.69
1411.66	2710.18
1413.23	2712.27
1414.81	2709.13
1416.39	2702.85
1417.96	2714.36
1419.54	2708.08
1421.12	2718.55
1422.69	2719.59
1424.27	2703.90
1425.84	2714.36
1427.42	2713.32
1428.99	2719.59
1430.57	2707.04
1432.14	2705.99
1433.71	2702.85
1435.29	2720.64
1436.86	2718.55
1438.43	2709.13
1440.01	2705.99
1441.58	2592.98
1443.15	2710.18
1444.72	2721.69
1446.30	2715.41
1447.87	2729.01
1449.44	2704.94
1451.01	2694.48
1452.58	2707.04
1454.15	2716.45
1455.72	2707.04
1457.29	2705.99
1458.86	2713.32
1460.43	2709.13
1462.00	2727.97
1463.57	2712.27
1465.14	2711.22
1466.71	2707.04
1468.28	2705.99
1469.85	2715.41
1471.41	2718.55
1472.98	2707.04
1474.55	2717.50
1476.12	2704.94
1477.68	2703.90
1479.25	2718.55
1480.82	2714.36
1482.38	2717.50
1483.95	2708.08
1485.51	2720.64
1487.08	2721.69
1488.64	2704.94
1490.21	2712.27
1491.77	2697.62
1493.34	2712.27
1494.90	2696.57
1496.46	2700.76
1498.03	2709.13
1499.59	2711.22
1501.15	2709.13
1502.72	2709.13
1504.28	2705.99
1505.84	2704.94
1507.40	2709.13
1508.97	2709.13
1510.53	2696.57
1512.09	2707.04
1513.65	2710.18
1515.21	2709.13
1516.77	2695.53
1518.33	2710.18
1519.89	2707.04
1521.45	2697.62
1523.01	2702.85
1524.57	2704.94
1526.13	2701.81
1527.68	2705.99
1529.24	2713.32
1530.80	2696.57
1532.36	2704.94
1533.92	2696.57
1535.47	2691.34
1537.03	2699.71
1538.59	2701.81
1540.14	2694.48
1541.70	2688.20
1543.25	2709.13
1544.81	2703.90
1546.36	2699.71
1547.92	2689.25
1549.47	2698.67
1551.03	2698.67
1552.58	2693.43
1554.13	2696.57
1555.69	2703.90
1557.24	2696.57
1558.79	2684.02
1560.35	2693.43
1561.90	2699.71
1563.45	2687.16
1565.00	2693.43
1566.55	2692.39
1568.10	2690.29
1569.66	2682.97
1571.21	2701.81
1572.76	2696.57
1574.31	2687.16
1575.86	2684.02
1577.40	2681.92
1578.95	2689.25
1580.50	2685.06
1582.05	2684.02
1583.60	2677.74
1585.15	2674.60
1586.69	2685.06
1588.24	2690.29
1589.79	2691.34
1591.34	2667.27
1592.88	2689.25
1594.43	2666.23
1595.97	2677.74
1597.52	2684.02
1599.06	2685.06
1600.61	2675.65
1602.15	2688.20
1603.70	2678.78
1605.24	2679.83
1606.79	2686.11
1608.33	2673.55
1609.87	2671.46
1611.41	2678.78
1612.96	2682.97
1614.50	2667.27
1616.04	2664.13
1617.58	2677.74
1619.12	2669.37
1620.67	2681.92
1622.21	2657.86
1623.75	2677.74
1625.29	2659.95
1626.83	2667.27
1628.37	2685.06
1629.90	2661.00
1631.44	2659.95
1632.98	2665.18
1634.52	2659.95
1636.06	2669.37
1637.59	2685.06
1639.13	2673.55
1640.67	2678.78
1642.21	2669.37
1643.74	2669.37
1645.28	2654.72
1646.81	2656.81
1648.35	2659.95
1649.88	2651.58
1651.42	2666.23
1652.95	2647.39
1654.49	2679.83
1656.02	2663.09
1657.55	2664.13
1659.09	2644.25
1660.62	2668.32
1662.15	2655.76
1663.68	2665.18
1665.22	2642.16
1666.75	2649.49
1668.28	2639.02
1669.81	2665.18
1671.34	2656.81
1672.87	2663.09
1674.40	2663.09
1675.93	2650.53
1677.46	2641.11
1678.99	2640.07
1680.52	2642.16
1682.04	2647.39
1683.57	2647.39
1685.10	2646.35
1686.63	2636.93
1688.15	2633.79
1689.68	2629.60
1691.21	2633.79
1692.73	2635.88
1694.26	2647.39
1695.78	2635.88
1697.31	2635.88
1698.83	2627.51
1700.36	2635.88
1701.88	2623.33
1703.40	2637.97
1704.93	2619.14
1706.45	2624.37
