896.35	3085.83
897.98	3085.83
899.60	3086.88
901.22	3125.60
902.85	3107.81
904.47	3126.64
906.10	3127.69
907.72	3142.34
909.34	3145.48
910.97	3173.73
912.59	3193.61
914.21	3244.89
915.84	3267.91
917.46	3313.95
919.08	3330.69
920.71	3365.22
922.33	3384.06
923.95	3406.03
925.58	3426.96
927.20	3435.33
928.82	3439.52
930.44	3477.19
932.07	3462.54
933.69	3469.86
935.31	3468.82
936.93	3484.51
938.56	3483.47
940.18	3510.67
941.80	3503.35
943.42	3526.37
945.05	3518.00
946.67	3519.04
948.29	3512.77
949.91	3524.28
951.53	3528.46
953.16	3547.30
954.78	3528.46
956.40	3521.14
958.02	3510.67
959.64	3537.88
961.26	3523.23
962.88	3525.32
964.51	3505.44
966.13	3539.97
967.75	3524.28
969.37	3532.65
970.99	3521.14
972.61	3535.79
974.23	3527.42
975.85	3534.74
977.47	3519.04
979.09	3535.79
980.71	3518.00
982.33	3544.16
983.95	3532.65
985.57	3562.99
987.19	3535.79
988.81	3564.04
990.43	3549.39
992.05	3553.58
993.67	3565.09
995.29	3578.69
996.91	3556.71
998.53	3597.52
1000.15	3593.34
1001.77	3602.76
1003.39	3598.57
1005.01	3613.22
1006.63	3610.08
1008.25	3625.78
1009.86	3621.59
1011.48	3628.92
1013.10	3619.50
1014.72	3645.66
1016.34	3633.10
1017.96	3663.45
1019.58	3639.38
1021.19	3667.63
1022.81	3655.08
1024.43	3680.19
1026.05	3659.26
1027.66	3688.56
1029.28	3667.63
1030.90	3688.56
1032.52	3674.96
1034.13	3696.93
1035.75	3685.42
1037.37	3703.21
1038.98	3702.16
1040.60	3706.35
1042.22	3681.24
1043.83	3711.58
1045.45	3702.16
1047.07	3722.05
1048.68	3710.54
1050.30	3715.77
1051.92	3705.30
1053.53	3710.54
1055.15	3704.26
1056.76	3724.14
1058.38	3716.81
1059.99	3727.28
1061.61	3709.49
1063.22	3713.67
1064.84	3709.49
1066.46	3712.63
1068.07	3695.89
1069.68	3716.81
1071.30	3709.49
1072.91	3713.67
1074.53	3689.61
1076.14	3719.95
1077.76	3692.75
1079.37	3703.21
1080.98	3659.26
1082.60	3691.70
1084.21	3689.61
1085.83	3699.02
1087.44	3681.24
1089.05	3677.05
1090.67	3660.31
1092.28	3671.82
1093.89	3674.96
1095.50	3688.56
1097.12	3666.59
1098.73	3687.51
1100.34	3656.12
1101.95	3684.38
1103.57	3669.73
1105.18	3674.96
1106.79	3656.12
1108.40	3679.14
1110.01	3671.82
1111.63	3686.47
1113.24	3661.35
1114.85	3676.00
1116.46	3664.49
1118.07	3685.42
1119.68	3661.35
1121.29	3686.47
1122.90	3662.40
1124.51	3676.00
1126.12	3670.77
1127.73	3691.70
1129.34	3677.05
1130.95	3694.84
1132.56	3692.75
1134.17	3659.26
1135.78	3659.26
1137.39	3690.65
1139.00	3667.63
1140.61	3684.38
1142.22	3673.91
1143.83	3671.82
1145.44	3665.54
1147.05	3672.86
1148.65	3669.73
1150.26	3669.73
1151.87	3654.03
1153.48	3672.86
1155.09	3669.73
1156.69	3678.10
1158.30	3655.08
1159.91	3678.10
1161.52	3679.14
1163.12	3691.70
1164.73	3674.96
1166.34	3697.98
1167.94	3666.59
1169.55	3691.70
1171.16	3682.28
1172.76	3701.12
1174.37	3681.24
1175.97	3711.58
1177.58	3661.35
1179.19	3682.28
1180.79	3669.73
1182.40	3688.56
1184.00	3669.73
1185.61	3697.98
1187.21	3686.47
1188.82	3693.79
1190.42	3686.47
1192.02	3689.61
1193.63	3662.40
1195.23	3699.02
1196.84	3686.47
1198.44	3689.61
1200.04	3683.33
1201.65	3690.65
1203.25	3672.86
1204.85	3686.47
1206.46	3659.26
1208.06	3679.14
1209.66	3668.68
1211.26	3683.33
1212.87	3682.28
1214.47	3667.63
1216.07	3664.49
1217.67	3686.47
1219.27	3657.17
1220.87	3667.63
1222.48	3663.45
1224.08	3655.08
1225.68	3643.57
1227.28	3656.12
1228.88	3629.96
1230.48	3656.12
1232.08	3634.15
1233.68	3648.80
1235.28	3644.61
1236.88	3639.38
1238.48	3620.54
1240.08	3640.43
1241.68	3603.80
1243.28	3624.73
1244.87	3619.50
1246.47	3617.41
1248.07	3595.43
1249.67	3611.13
1251.27	3612.17
1252.87	3592.29
1254.46	3572.41
1256.06	3587.06
1257.66	3576.60
1259.26	3581.83
1260.85	3583.92
1262.45	3589.15
1264.05	3575.55
1265.64	3573.46
1267.24	3569.27
1268.83	3586.01
1270.43	3566.13
1272.03	3582.87
1273.62	3548.34
1275.22	3545.20
1276.81	3556.71
1278.41	3565.09
1280.00	3559.85
1281.60	3559.85
1283.19	3543.11
1284.79	3553.58
1286.38	3529.51
1287.97	3551.48
1289.57	3530.55
1291.16	3539.97
1292.75	3523.23
1294.35	3546.25
1295.94	3531.60
1297.53	3537.88
1299.12	3510.67
1300.72	3538.93
1302.31	3486.61
1303.90	3523.23
1305.49	3518.00
1307.08	3511.72
1308.68	3492.88
1310.27	3499.16
1311.86	3490.79
1313.45	3488.70
1315.04	3481.37
1316.63	3484.51
1318.22	3474.05
1319.81	3475.10
1321.40	3466.72
1322.99	3482.42
1324.58	3451.03
1326.17	3467.77
1327.75	3448.94
1329.34	3460.45
1330.93	3446.84
1332.52	3447.89
1334.11	3438.47
1335.70	3439.52
1337.28	3418.59
1338.87	3425.91
1340.46	3422.78
1342.05	3418.59
1343.63	3403.94
1345.22	3402.89
1346.81	3406.03
1348.39	3398.71
1349.98	3391.38
1351.56	3387.20
1353.15	3371.50
1354.73	3370.46
1356.32	3340.11
1357.90	3347.43
1359.49	3329.65
1361.07	3318.14
1362.66	3304.53
1364.24	3326.51
1365.82	3313.95
1367.41	3324.41
1368.99	3287.79
1370.57	3290.93
1372.16	3287.79
1373.74	3288.84
1375.32	3265.82
1376.91	3256.40
1378.49	3227.10
1380.07	3195.71
1381.65	3175.82
1383.23	3155.94
1384.81	3154.90
1386.39	3152.80
1387.97	3140.25
1389.55	3141.29
1391.14	3120.37
1392.72	3102.58
1394.29	3082.70
1395.87	3080.60
1397.45	3068.05
1399.03	3068.05
1400.61	3051.30
1402.19	3047.12
1403.77	3028.28
1405.35	3035.61
1406.92	3019.91
1408.50	3019.91
1410.08	3006.31
1411.66	2997.94
1413.23	3000.03
1414.81	3007.35
1416.39	2988.52
1417.96	2997.94
1419.54	2982.24
1421.12	2993.75
1422.69	2989.57
1424.27	2977.01
1425.84	2979.10
1427.42	2966.54
1428.99	2969.68
1430.57	2979.10
1432.14	2967.59
1433.71	2962.36
1435.29	2968.64
1436.86	2974.92
1438.43	2958.17
1440.01	2958.17
1441.58	2836.79
1443.15	2960.27
1444.72	2958.17
1446.30	2953.99
1447.87	2962.36
1449.44	2946.66
1451.01	2930.97
1452.58	2970.73
1454.15	2956.08
1455.72	2939.34
1457.29	2947.71
1458.86	2956.08
1460.43	2946.66
1462.00	2960.27
1463.57	2948.76
1465.14	2950.85
1466.71	2939.34
1468.28	2951.90
1469.85	2950.85
1471.41	2961.31
1472.98	2952.94
1474.55	2967.59
1476.12	2950.85
1477.68	2950.85
1479.25	2956.08
1480.82	2956.08
1482.38	2952.94
1483.95	2950.85
1485.51	2965.50
1487.08	2983.29
1488.64	2965.50
1490.21	2965.50
1491.77	2956.08
1493.34	2974.92
1494.90	2957.13
1496.46	2969.68
1498.03	2972.82
1499.59	2977.01
1501.15	2970.73
1502.72	2981.19
1504.28	2980.15
1505.84	2979.10
1507.40	2968.64
1508.97	2988.52
1510.53	2985.38
1512.09	2997.94
1513.65	2990.61
1515.21	2991.66
1516.77	2981.19
1518.33	3005.26
1519.89	3000.03
1521.45	3003.17
1523.01	2998.98
1524.57	3004.22
1526.13	2998.98
1527.68	3010.49
1529.24	3009.45
1530.80	3008.40
1532.36	3009.45
1533.92	3001.08
1535.47	2992.70
1537.03	3004.22
1538.59	3005.26
1540.14	3004.22
1541.70	2991.66
1543.25	3013.63
1544.81	3001.08
1546.36	3010.49
1547.92	2990.61
1549.47	3003.17
1551.03	2997.94
1552.58	2992.70
1554.13	2985.38
1555.69	2998.98
1557.24	2983.29
1558.79	2990.61
1560.35	2986.43
1561.90	2998.98
1563.45	2979.10
1565.00	2989.57
1566.55	2979.10
1568.10	2983.29
1569.66	2970.73
1571.21	2986.43
1572.76	2989.57
1574.31	2987.47
1575.86	2974.92
1577.40	2967.59
1578.95	2971.78
1580.50	2973.87
1582.05	2960.27
1583.60	2963.41
1585.15	2949.80
1586.69	2964.45
1588.24	2966.54
1589.79	2971.78
1591.34	2951.90
1592.88	2977.01
1594.43	2952.94
1595.97	2967.59
1597.52	2960.27
1599.06	2958.17
1600.61	2955.03
1602.15	2968.64
1603.70	2960.27
1605.24	2961.31
1606.79	2950.85
1608.33	2933.06
1609.87	2935.15
1611.41	2953.99
1612.96	2946.66
1614.50	2937.25
1616.04	2935.15
1617.58	2943.52
1619.12	2934.11
1620.67	2940.38
1622.21	2910.04
1623.75	2923.64
1625.29	2916.32
1626.83	2920.50
1628.37	2929.92
1629.90	2900.62
1631.44	2893.30
1632.98	2893.30
1634.52	2871.32
1636.06	2876.55
1637.59	2877.60
1639.13	2867.14
1640.67	2847.26
1642.21	2842.02
1643.74	2826.33
1645.28	2805.40
1646.81	2791.80
1648.35	2805.40
1649.88	2765.64
1651.42	2772.96
1652.95	2748.89
1654.49	2765.64
1656.02	2742.62
1657.55	2748.89
1659.09	2729.01
1660.62	2740.52
1662.15	2729.01
1663.68	2731.10
1665.22	2719.59
1666.75	2717.50
1668.28	2717.50
1669.81	2725.87
1671.34	2713.32
1672.87	2712.27
1674.40	2717.50
1675.93	2709.13
1677.46	2691.34
1678.99	2689.25
1680.52	2676.69
1682.04	2699.71
1683.57	2690.29
1685.10	2695.53
1686.63	2690.29
1688.15	2694.48
1689.68	2677.74
1691.21	2676.69
1692.73	2680.88
1694.26	2690.29
1695.78	2685.06
1697.31	2688.20
1698.83	2672.51
1700.36	2677.74
1701.88	2670.41
1703.40	2681.92
1704.93	2674.60
1706.45	2667.27
