896.35	2951.90
897.98	2956.08
899.60	2972.82
901.22	2993.75
902.85	2975.96
904.47	2988.52
906.10	3001.08
907.72	3000.03
909.34	3012.59
910.97	3032.47
912.59	3053.40
914.21	3077.46
915.84	3106.76
917.46	3122.46
919.08	3147.57
920.71	3156.99
922.33	3185.24
923.95	3194.66
925.58	3222.91
927.20	3212.45
928.82	3217.68
930.44	3249.07
932.07	3238.61
933.69	3233.38
935.31	3235.47
936.93	3241.75
938.56	3242.79
940.18	3257.44
941.80	3254.30
943.42	3273.14
945.05	3281.51
946.67	3270.00
948.29	3270.00
949.91	3261.63
951.53	3281.51
953.16	3279.42
954.78	3277.33
956.40	3272.09
958.02	3274.19
959.64	3273.14
961.26	3271.05
962.88	3272.09
964.51	3261.63
966.13	3287.79
967.75	3276.28
969.37	3264.77
970.99	3265.82
972.61	3266.86
974.23	3265.82
975.85	3270.00
977.47	3284.65
979.09	3279.42
980.71	3271.05
982.33	3289.88
983.95	3289.88
985.57	3306.62
987.19	3289.88
988.81	3303.49
990.43	3287.79
992.05	3284.65
993.67	3307.67
995.29	3303.49
996.91	3294.07
998.53	3323.37
1000.15	3322.32
1001.77	3324.41
1003.39	3328.60
1005.01	3326.51
1006.63	3347.43
1008.25	3336.97
1009.86	3342.20
1011.48	3342.20
1013.10	3351.62
1014.72	3353.71
1016.34	3356.85
1017.96	3372.55
1019.58	3354.76
1021.19	3362.08
1022.81	3368.36
1024.43	3385.10
1026.05	3372.55
1027.66	3387.20
1029.28	3380.92
1030.90	3390.34
1032.52	3375.69
1034.13	3381.97
1035.75	3401.85
1037.37	3395.57
1038.98	3408.13
1040.60	3393.48
1042.22	3390.34
1043.83	3401.85
1045.45	3403.94
1047.07	3404.99
1048.68	3413.36
1050.30	3395.57
1051.92	3408.13
1053.53	3396.62
1055.15	3406.03
1056.76	3403.94
1058.38	3403.94
1059.99	3404.99
1061.61	3407.08
1063.22	3398.71
1064.84	3407.08
1066.46	3393.48
1068.07	3396.62
1069.68	3404.99
1071.30	3418.59
1072.91	3396.62
1074.53	3385.10
1076.14	3404.99
1077.76	3397.66
1079.37	3398.71
1080.98	3375.69
1082.60	3387.20
1084.21	3392.43
1085.83	3389.29
1087.44	3389.29
1089.05	3370.46
1090.67	3368.36
1092.28	3376.73
1093.89	3385.10
1095.50	3381.97
1097.12	3371.50
1098.73	3381.97
1100.34	3366.27
1101.95	3379.87
1103.57	3380.92
1105.18	3364.18
1106.79	3363.13
1108.40	3369.41
1110.01	3377.78
1111.63	3380.92
1113.24	3384.06
1114.85	3370.46
1116.46	3366.27
1118.07	3383.01
1119.68	3365.22
1121.29	3374.64
1122.90	3370.46
1124.51	3376.73
1126.12	3378.83
1127.73	3395.57
1129.34	3385.10
1130.95	3387.20
1132.56	3389.29
1134.17	3368.36
1135.78	3372.55
1137.39	3380.92
1139.00	3362.08
1140.61	3375.69
1142.22	3384.06
1143.83	3369.41
1145.44	3365.22
1147.05	3363.13
1148.65	3369.41
1150.26	3368.36
1151.87	3354.76
1153.48	3359.99
1155.09	3370.46
1156.69	3356.85
1158.30	3352.67
1159.91	3354.76
1161.52	3373.59
1163.12	3366.27
1164.73	3365.22
1166.34	3385.10
1167.94	3370.46
1169.55	3374.64
1171.16	3373.59
1172.76	3368.36
1174.37	3366.27
1175.97	3383.01
1177.58	3359.99
1179.19	3377.78
1180.79	3359.99
1182.40	3363.13
1184.00	3361.04
1185.61	3375.69
1187.21	3370.46
1188.82	3369.41
1190.42	3362.08
1192.02	3364.18
1193.63	3358.94
1195.23	3377.78
1196.84	3368.36
1198.44	3359.99
1200.04	3367.32
1201.65	3376.73
1203.25	3368.36
1204.85	3374.64
1206.46	3352.67
1208.06	3358.94
1209.66	3354.76
1211.26	3352.67
1212.87	3369.41
1214.47	3358.94
1216.07	3355.81
1217.67	3358.94
1219.27	3347.43
1220.87	3352.67
1222.48	3351.62
1224.08	3343.25
1225.68	3347.43
1227.28	3343.25
1228.88	3338.02
1230.48	3351.62
1232.08	3334.88
1233.68	3349.53
1235.28	3351.62
1236.88	3339.06
1238.48	3327.55
1240.08	3352.67
1241.68	3321.27
1243.28	3323.37
1244.87	3318.14
1246.47	3316.04
1248.07	3309.76
1249.67	3304.53
1251.27	3323.37
1252.87	3300.35
1254.46	3299.30
1256.06	3300.35
1257.66	3298.25
1259.26	3289.88
1260.85	3302.44
1262.45	3300.35
1264.05	3303.49
1265.64	3294.07
1267.24	3291.98
1268.83	3287.79
1270.43	3285.70
1272.03	3309.76
1273.62	3293.02
1275.22	3281.51
1276.81	3289.88
1278.41	3281.51
1280.00	3289.88
1281.60	3280.46
1283.19	3280.46
1284.79	3279.42
1286.38	3266.86
1287.97	3274.19
1289.57	3271.05
1291.16	3264.77
1292.75	3254.30
1294.35	3261.63
1295.94	3260.58
1297.53	3263.72
1299.12	3250.12
1300.72	3263.72
1302.31	3233.38
1303.90	3255.35
1305.49	3256.40
1307.08	3245.93
1308.68	3234.42
1310.27	3234.42
1311.86	3238.61
1313.45	3236.52
1315.04	3222.91
1316.63	3227.10
1318.22	3219.77
1319.81	3214.54
1321.40	3213.50
1322.99	3226.05
1324.58	3211.40
1326.17	3209.31
1327.75	3196.75
1329.34	3198.85
1330.93	3187.34
1332.52	3181.06
1334.11	3193.61
1335.70	3188.38
1337.28	3173.73
1338.87	3167.45
1340.46	3172.69
1342.05	3174.78
1343.63	3167.45
1345.22	3165.36
1346.81	3169.55
1348.39	3156.99
1349.98	3156.99
1351.56	3148.62
1353.15	3138.15
1354.73	3145.48
1356.32	3120.37
1357.90	3121.41
1359.49	3126.64
1361.07	3113.04
1362.66	3100.48
1364.24	3098.39
1365.82	3101.53
1367.41	3108.86
1368.99	3085.83
1370.57	3080.60
1372.16	3085.83
1373.74	3084.79
1375.32	3081.65
1376.91	3058.63
1378.49	3025.14
1380.07	3009.45
1381.65	3017.82
1383.23	2994.80
1384.81	2994.80
1386.39	2980.15
1387.97	2981.19
1389.55	2973.87
1391.14	2963.41
1392.72	2946.66
1394.29	2941.43
1395.87	2928.87
1397.45	2922.60
1399.03	2925.74
1400.61	2916.32
1402.19	2896.44
1403.77	2892.25
1405.35	2912.13
1406.92	2892.25
1408.50	2892.25
1410.08	2893.30
1411.66	2883.88
1413.23	2887.02
1414.81	2889.11
1416.39	2867.14
1417.96	2875.51
1419.54	2866.09
1421.12	2880.74
1422.69	2888.06
1424.27	2871.32
1425.84	2874.46
1427.42	2870.28
1428.99	2876.55
1430.57	2868.18
1432.14	2865.04
1433.71	2862.95
1435.29	2873.42
1436.86	2864.00
1438.43	2865.04
1440.01	2865.04
1441.58	2742.62
1443.15	2857.72
1444.72	2865.04
1446.30	2857.72
1447.87	2870.28
1449.44	2853.53
1451.01	2847.26
1452.58	2857.72
1454.15	2860.86
1455.72	2844.12
1457.29	2847.26
1458.86	2873.42
1460.43	2858.77
1462.00	2874.46
1463.57	2859.81
1465.14	2862.95
1466.71	2849.35
1468.28	2854.58
1469.85	2847.26
1471.41	2860.86
1472.98	2855.63
1474.55	2876.55
1476.12	2856.67
1477.68	2846.21
1479.25	2862.95
1480.82	2854.58
1482.38	2861.90
1483.95	2855.63
1485.51	2865.04
1487.08	2876.55
1488.64	2870.28
1490.21	2866.09
1491.77	2853.53
1493.34	2872.37
1494.90	2867.14
1496.46	2867.14
1498.03	2862.95
1499.59	2876.55
1501.15	2869.23
1502.72	2868.18
1504.28	2870.28
1505.84	2862.95
1507.40	2864.00
1508.97	2876.55
1510.53	2866.09
1512.09	2887.02
1513.65	2895.39
1515.21	2880.74
1516.77	2872.37
1518.33	2889.11
1519.89	2877.60
1521.45	2877.60
1523.01	2881.79
1524.57	2887.02
1526.13	2887.02
1527.68	2892.25
1529.24	2896.44
1530.80	2881.79
1532.36	2891.20
1533.92	2880.74
1535.47	2874.46
1537.03	2879.69
1538.59	2885.97
1540.14	2885.97
1541.70	2870.28
1543.25	2897.48
1544.81	2890.16
1546.36	2892.25
1547.92	2870.28
1549.47	2874.46
1551.03	2884.93
1552.58	2881.79
1554.13	2882.83
1555.69	2887.02
1557.24	2872.37
1558.79	2879.69
1560.35	2881.79
1561.90	2885.97
1563.45	2876.55
1565.00	2875.51
1566.55	2869.23
1568.10	2866.09
1569.66	2870.28
1571.21	2874.46
1572.76	2871.32
1574.31	2873.42
1575.86	2873.42
1577.40	2868.18
1578.95	2866.09
1580.50	2872.37
1582.05	2858.77
1583.60	2852.49
1585.15	2849.35
1586.69	2864.00
1588.24	2870.28
1589.79	2871.32
1591.34	2859.81
1592.88	2876.55
1594.43	2852.49
1595.97	2861.90
1597.52	2861.90
1599.06	2855.63
1600.61	2846.21
1602.15	2860.86
1603.70	2854.58
1605.24	2855.63
1606.79	2856.67
1608.33	2843.07
1609.87	2836.79
1611.41	2853.53
1612.96	2852.49
1614.50	2844.12
1616.04	2847.26
1617.58	2847.26
1619.12	2845.16
1620.67	2849.35
1622.21	2811.68
1623.75	2838.88
1625.29	2824.23
1626.83	2823.19
1628.37	2843.07
1629.90	2816.91
1631.44	2812.72
1632.98	2814.82
1634.52	2804.35
1636.06	2802.26
1637.59	2813.77
1639.13	2787.61
1640.67	2778.19
1642.21	2778.19
1643.74	2776.10
1645.28	2756.22
1646.81	2744.71
1648.35	2758.31
1649.88	2733.20
1651.42	2731.10
1652.95	2709.13
1654.49	2726.92
1656.02	2707.04
1657.55	2717.50
1659.09	2688.20
1660.62	2709.13
1662.15	2696.57
1663.68	2709.13
1665.22	2695.53
1666.75	2700.76
1668.28	2694.48
1669.81	2709.13
1671.34	2692.39
1672.87	2695.53
1674.40	2698.67
1675.93	2689.25
1677.46	2674.60
1678.99	2677.74
1680.52	2671.46
1682.04	2685.06
1683.57	2675.65
1685.10	2685.06
1686.63	2671.46
1688.15	2682.97
1689.68	2665.18
1691.21	2670.41
1692.73	2661.00
1694.26	2679.83
1695.78	2668.32
1697.31	2669.37
1698.83	2651.58
1700.36	2662.04
1701.88	2654.72
1703.40	2667.27
1704.93	2658.90
1706.45	2657.86
