896.35	2985.38
897.98	2987.47
899.60	2988.52
901.22	3013.63
902.85	3002.12
904.47	3023.05
906.10	3028.28
907.72	3029.33
909.34	3045.02
910.97	3050.26
912.59	3077.46
914.21	3108.86
915.84	3137.11
917.46	3170.59
919.08	3190.47
920.71	3212.45
922.33	3231.28
923.95	3243.84
925.58	3261.63
927.20	3252.21
928.82	3259.54
930.44	3282.56
932.07	3280.46
933.69	3281.51
935.31	3287.79
936.93	3302.44
938.56	3304.53
940.18	3311.86
941.80	3307.67
943.42	3326.51
945.05	3332.78
946.67	3324.41
948.29	3328.60
949.91	3319.18
951.53	3332.78
953.16	3335.92
954.78	3332.78
956.40	3327.55
958.02	3323.37
959.64	3332.78
961.26	3331.74
962.88	3330.69
964.51	3321.27
966.13	3342.20
967.75	3332.78
969.37	3316.04
970.99	3325.46
972.61	3332.78
974.23	3338.02
975.85	3334.88
977.47	3342.20
979.09	3343.25
980.71	3327.55
982.33	3336.97
983.95	3335.92
985.57	3355.81
987.19	3342.20
988.81	3356.85
990.43	3354.76
992.05	3352.67
993.67	3359.99
995.29	3365.22
996.91	3351.62
998.53	3386.15
1000.15	3374.64
1001.77	3386.15
1003.39	3387.20
1005.01	3385.10
1006.63	3396.62
1008.25	3401.85
1009.86	3417.54
1011.48	3410.22
1013.10	3410.22
1014.72	3426.96
1016.34	3426.96
1017.96	3443.70
1019.58	3419.64
1021.19	3424.87
1022.81	3425.91
1024.43	3446.84
1026.05	3433.24
1027.66	3452.07
1029.28	3445.80
1030.90	3456.26
1032.52	3437.42
1034.13	3456.26
1035.75	3459.40
1037.37	3466.72
1038.98	3464.63
1040.60	3464.63
1042.22	3451.03
1043.83	3457.31
1045.45	3461.49
1047.07	3468.82
1048.68	3465.68
1050.30	3471.96
1051.92	3479.28
1053.53	3480.33
1055.15	3463.58
1056.76	3461.49
1058.38	3466.72
1059.99	3474.05
1061.61	3459.40
1063.22	3462.54
1064.84	3462.54
1066.46	3463.58
1068.07	3456.26
1069.68	3465.68
1071.30	3469.86
1072.91	3460.45
1074.53	3453.12
1076.14	3466.72
1077.76	3457.31
1079.37	3461.49
1080.98	3430.10
1082.60	3460.45
1084.21	3444.75
1085.83	3449.98
1087.44	3445.80
1089.05	3443.70
1090.67	3437.42
1092.28	3442.66
1093.89	3439.52
1095.50	3435.33
1097.12	3434.29
1098.73	3447.89
1100.34	3420.68
1101.95	3438.47
1103.57	3429.05
1105.18	3421.73
1106.79	3421.73
1108.40	3437.42
1110.01	3436.38
1111.63	3439.52
1113.24	3437.42
1114.85	3434.29
1116.46	3439.52
1118.07	3451.03
1119.68	3423.82
1121.29	3438.47
1122.90	3424.87
1124.51	3430.10
1126.12	3437.42
1127.73	3439.52
1129.34	3447.89
1130.95	3456.26
1132.56	3456.26
1134.17	3429.05
1135.78	3434.29
1137.39	3442.66
1139.00	3433.24
1140.61	3435.33
1142.22	3435.33
1143.83	3428.01
1145.44	3433.24
1147.05	3441.61
1148.65	3436.38
1150.26	3432.19
1151.87	3422.78
1153.48	3434.29
1155.09	3436.38
1156.69	3436.38
1158.30	3434.29
1159.91	3440.56
1161.52	3441.61
1163.12	3443.70
1164.73	3434.29
1166.34	3447.89
1167.94	3441.61
1169.55	3446.84
1171.16	3441.61
1172.76	3445.80
1174.37	3436.38
1175.97	3457.31
1177.58	3431.15
1179.19	3447.89
1180.79	3430.10
1182.40	3446.84
1184.00	3435.33
1185.61	3448.94
1187.21	3440.56
1188.82	3445.80
1190.42	3444.75
1192.02	3444.75
1193.63	3429.05
1195.23	3448.94
1196.84	3447.89
1198.44	3439.52
1200.04	3441.61
1201.65	3445.80
1203.25	3442.66
1204.85	3443.70
1206.46	3429.05
1208.06	3428.01
1209.66	3421.73
1211.26	3433.24
1212.87	3447.89
1214.47	3432.19
1216.07	3433.24
1217.67	3437.42
1219.27	3423.82
1220.87	3420.68
1222.48	3424.87
1224.08	3414.40
1225.68	3418.59
1227.28	3419.64
1228.88	3407.08
1230.48	3415.45
1232.08	3409.17
1233.68	3425.91
1235.28	3417.54
1236.88	3397.66
1238.48	3395.57
1240.08	3424.87
1241.68	3388.24
1243.28	3393.48
1244.87	3388.24
1246.47	3385.10
1248.07	3380.92
1249.67	3387.20
1251.27	3390.34
1252.87	3363.13
1254.46	3358.94
1256.06	3376.73
1257.66	3364.18
1259.26	3351.62
1260.85	3357.90
1262.45	3366.27
1264.05	3362.08
1265.64	3349.53
1267.24	3349.53
1268.83	3357.90
1270.43	3352.67
1272.03	3377.78
1273.62	3355.81
1275.22	3334.88
1276.81	3351.62
1278.41	3353.71
1280.00	3350.57
1281.60	3350.57
1283.19	3332.78
1284.79	3341.16
1286.38	3332.78
1287.97	3343.25
1289.57	3330.69
1291.16	3328.60
1292.75	3298.25
1294.35	3318.14
1295.94	3329.65
1297.53	3323.37
1299.12	3310.81
1300.72	3331.74
1302.31	3302.44
1303.90	3319.18
1305.49	3319.18
1307.08	3306.62
1308.68	3298.25
1310.27	3294.07
1311.86	3299.30
1313.45	3303.49
1315.04	3293.02
1316.63	3293.02
1318.22	3287.79
1319.81	3280.46
1321.40	3280.46
1322.99	3283.60
1324.58	3258.49
1326.17	3265.82
1327.75	3250.12
1329.34	3255.35
1330.93	3248.03
1332.52	3252.21
1334.11	3244.89
1335.70	3243.84
1337.28	3228.14
1338.87	3238.61
1340.46	3223.96
1342.05	3226.05
1343.63	3214.54
1345.22	3226.05
1346.81	3226.05
1348.39	3218.73
1349.98	3209.31
1351.56	3203.03
1353.15	3188.38
1354.73	3192.57
1356.32	3182.10
1357.90	3173.73
1359.49	3164.31
1361.07	3158.04
1362.66	3146.53
1364.24	3150.71
1365.82	3156.99
1367.41	3162.22
1368.99	3140.25
1370.57	3136.06
1372.16	3139.20
1373.74	3130.83
1375.32	3124.55
1376.91	3114.09
1378.49	3078.51
1380.07	3057.58
1381.65	3050.26
1383.23	3034.56
1384.81	3034.56
1386.39	3027.24
1387.97	3022.00
1389.55	3025.14
1391.14	3011.54
1392.72	3002.12
1394.29	2991.66
1395.87	2980.15
1397.45	2962.36
1399.03	2967.59
1400.61	2955.03
1402.19	2945.62
1403.77	2932.01
1405.35	2948.76
1406.92	2933.06
1408.50	2937.25
1410.08	2928.87
1411.66	2929.92
1413.23	2923.64
1414.81	2925.74
1416.39	2903.76
1417.96	2914.22
1419.54	2905.85
1421.12	2915.27
1422.69	2922.60
1424.27	2910.04
1425.84	2918.41
1427.42	2906.90
1428.99	2912.13
1430.57	2906.90
1432.14	2891.20
1433.71	2891.20
1435.29	2899.58
1436.86	2900.62
1438.43	2895.39
1440.01	2892.25
1441.58	2774.01
1443.15	2901.67
1444.72	2899.58
1446.30	2897.48
1447.87	2893.30
1449.44	2887.02
1451.01	2878.65
1452.58	2896.44
1454.15	2893.30
1455.72	2877.60
1457.29	2881.79
1458.86	2891.20
1460.43	2882.83
1462.00	2907.95
1463.57	2897.48
1465.14	2896.44
1466.71	2883.88
1468.28	2897.48
1469.85	2888.06
1471.41	2891.20
1472.98	2874.46
1474.55	2893.30
1476.12	2880.74
1477.68	2888.06
1479.25	2893.30
1480.82	2889.11
1482.38	2893.30
1483.95	2877.60
1485.51	2891.20
1487.08	2906.90
1488.64	2900.62
1490.21	2898.53
1491.77	2898.53
1493.34	2908.99
1494.90	2892.25
1496.46	2901.67
1498.03	2916.32
1499.59	2908.99
1501.15	2904.81
1502.72	2905.85
1504.28	2905.85
1505.84	2899.58
1507.40	2895.39
1508.97	2915.27
1510.53	2907.95
1512.09	2919.46
1513.65	2921.55
1515.21	2923.64
1516.77	2910.04
1518.33	2934.11
1519.89	2923.64
1521.45	2920.50
1523.01	2921.55
1524.57	2926.78
1526.13	2924.69
1527.68	2926.78
1529.24	2929.92
1530.80	2924.69
1532.36	2930.97
1533.92	2918.41
1535.47	2905.85
1537.03	2916.32
1538.59	2927.83
1540.14	2916.32
1541.70	2911.09
1543.25	2936.20
1544.81	2922.60
1546.36	2930.97
1547.92	2908.99
1549.47	2918.41
1551.03	2928.87
1552.58	2921.55
1554.13	2907.95
1555.69	2915.27
1557.24	2910.04
1558.79	2911.09
1560.35	2913.18
1561.90	2920.50
1563.45	2908.99
1565.00	2913.18
1566.55	2913.18
1568.10	2904.81
1569.66	2900.62
1571.21	2911.09
1572.76	2905.85
1574.31	2912.13
1575.86	2904.81
1577.40	2901.67
1578.95	2898.53
1580.50	2900.62
1582.05	2889.11
1583.60	2894.34
1585.15	2879.69
1586.69	2893.30
1588.24	2894.34
1589.79	2896.44
1591.34	2878.65
1592.88	2901.67
1594.43	2879.69
1595.97	2889.11
1597.52	2883.88
1599.06	2877.60
1600.61	2877.60
1602.15	2898.53
1603.70	2887.02
1605.24	2887.02
1606.79	2884.93
1608.33	2871.32
1609.87	2859.81
1611.41	2878.65
1612.96	2873.42
1614.50	2867.14
1616.04	2866.09
1617.58	2874.46
1619.12	2859.81
1620.67	2869.23
1622.21	2847.26
1623.75	2874.46
1625.29	2853.53
1626.83	2853.53
1628.37	2865.04
1629.90	2842.02
1631.44	2834.70
1632.98	2840.98
1634.52	2824.23
1636.06	2830.51
1637.59	2833.65
1639.13	2820.05
1640.67	2806.45
1642.21	2790.75
1643.74	2794.94
1645.28	2772.96
1646.81	2760.40
1648.35	2760.40
1649.88	2735.29
1651.42	2747.85
1652.95	2729.01
1654.49	2750.99
1656.02	2718.55
1657.55	2716.45
1659.09	2707.04
1660.62	2727.97
1662.15	2708.08
1663.68	2718.55
1665.22	2703.90
1666.75	2699.71
1668.28	2693.43
1669.81	2717.50
1671.34	2691.34
1672.87	2696.57
1674.40	2692.39
1675.93	2694.48
1677.46	2675.65
1678.99	2677.74
1680.52	2677.74
1682.04	2692.39
1683.57	2676.69
1685.10	2679.83
1686.63	2678.78
1688.15	2681.92
1689.68	2667.27
1691.21	2671.46
1692.73	2671.46
1694.26	2680.88
1695.78	2674.60
1697.31	2673.55
1698.83	2657.86
1700.36	2672.51
1701.88	2657.86
1703.40	2665.18
1704.93	2652.62
1706.45	2657.86
