896.35	2869.23
897.98	2869.23
899.60	2881.79
901.22	2895.39
902.85	2887.02
904.47	2897.48
906.10	2896.44
907.72	2900.62
909.34	2919.46
910.97	2928.87
912.59	2939.34
914.21	2946.66
915.84	2965.50
917.46	3003.17
919.08	3015.73
920.71	3022.00
922.33	3042.93
923.95	3047.12
925.58	3061.77
927.20	3056.54
928.82	3059.67
930.44	3075.37
932.07	3076.42
933.69	3064.91
935.31	3082.70
936.93	3079.56
938.56	3095.25
940.18	3097.34
941.80	3091.07
943.42	3098.39
945.05	3108.86
946.67	3098.39
948.29	3099.44
949.91	3095.25
951.53	3106.76
953.16	3109.90
954.78	3111.99
956.40	3093.16
958.02	3103.62
959.64	3100.48
961.26	3105.72
962.88	3111.99
964.51	3099.44
966.13	3121.41
967.75	3114.09
969.37	3101.53
970.99	3116.18
972.61	3101.53
974.23	3108.86
975.85	3111.99
977.47	3119.32
979.09	3109.90
980.71	3105.72
982.33	3115.13
983.95	3126.64
985.57	3125.60
987.19	3115.13
988.81	3129.78
990.43	3118.27
992.05	3121.41
993.67	3132.92
995.29	3131.88
996.91	3120.37
998.53	3148.62
1000.15	3150.71
1001.77	3148.62
1003.39	3147.57
1005.01	3148.62
1006.63	3153.85
1008.25	3151.76
1009.86	3165.36
1011.48	3161.18
1013.10	3150.71
1014.72	3171.64
1016.34	3173.73
1017.96	3187.34
1019.58	3177.92
1021.19	3178.96
1022.81	3188.38
1024.43	3188.38
1026.05	3177.92
1027.66	3189.43
1029.28	3194.66
1030.90	3186.29
1032.52	3183.15
1034.13	3189.43
1035.75	3206.17
1037.37	3197.80
1038.98	3210.36
1040.60	3199.89
1042.22	3191.52
1043.83	3196.75
1045.45	3200.94
1047.07	3209.31
1048.68	3210.36
1050.30	3197.80
1051.92	3214.54
1053.53	3200.94
1055.15	3211.40
1056.76	3200.94
1058.38	3214.54
1059.99	3213.50
1061.61	3211.40
1063.22	3194.66
1064.84	3204.08
1066.46	3201.98
1068.07	3201.98
1069.68	3204.08
1071.30	3207.22
1072.91	3192.57
1074.53	3194.66
1076.14	3204.08
1077.76	3192.57
1079.37	3191.52
1080.98	3167.45
1082.60	3181.06
1084.21	3183.15
1085.83	3188.38
1087.44	3195.71
1089.05	3187.34
1090.67	3185.24
1092.28	3183.15
1093.89	3188.38
1095.50	3188.38
1097.12	3181.06
1098.73	3191.52
1100.34	3173.73
1101.95	3186.29
1103.57	3180.01
1105.18	3173.73
1106.79	3182.10
1108.40	3186.29
1110.01	3185.24
1111.63	3185.24
1113.24	3183.15
1114.85	3174.78
1116.46	3190.47
1118.07	3196.75
1119.68	3180.01
1121.29	3187.34
1122.90	3176.87
1124.51	3190.47
1126.12	3192.57
1127.73	3198.85
1129.34	3201.98
1130.95	3187.34
1132.56	3197.80
1134.17	3176.87
1135.78	3184.20
1137.39	3186.29
1139.00	3181.06
1140.61	3180.01
1142.22	3189.43
1143.83	3176.87
1145.44	3173.73
1147.05	3167.45
1148.65	3185.24
1150.26	3183.15
1151.87	3174.78
1153.48	3169.55
1155.09	3187.34
1156.69	3182.10
1158.30	3174.78
1159.91	3172.69
1161.52	3183.15
1163.12	3177.92
1164.73	3177.92
1166.34	3198.85
1167.94	3193.61
1169.55	3177.92
1171.16	3183.15
1172.76	3188.38
1174.37	3184.20
1175.97	3193.61
1177.58	3172.69
1179.19	3189.43
1180.79	3186.29
1182.40	3186.29
1184.00	3185.24
1185.61	3199.89
1187.21	3188.38
1188.82	3176.87
1190.42	3186.29
1192.02	3182.10
1193.63	3176.87
1195.23	3186.29
1196.84	3185.24
1198.44	3189.43
1200.04	3196.75
1201.65	3188.38
1203.25	3189.43
1204.85	3191.52
1206.46	3176.87
1208.06	3182.10
1209.66	3181.06
1211.26	3178.96
1212.87	3199.89
1214.47	3181.06
1216.07	3173.73
1217.67	3182.10
1219.27	3175.82
1220.87	3175.82
1222.48	3181.06
1224.08	3172.69
1225.68	3181.06
1227.28	3177.92
1228.88	3170.59
1230.48	3180.01
1232.08	3165.36
1233.68	3163.27
1235.28	3174.78
1236.88	3158.04
1238.48	3151.76
1240.08	3178.96
1241.68	3141.29
1243.28	3150.71
1244.87	3146.53
1246.47	3149.66
1248.07	3143.39
1249.67	3147.57
1251.27	3153.85
1252.87	3139.20
1254.46	3136.06
1256.06	3136.06
1257.66	3133.97
1259.26	3124.55
1260.85	3142.34
1262.45	3130.83
1264.05	3133.97
1265.64	3126.64
1267.24	3132.92
1268.83	3125.60
1270.43	3130.83
1272.03	3146.53
1273.62	3128.74
1275.22	3118.27
1276.81	3124.55
1278.41	3119.32
1280.00	3129.78
1281.60	3119.32
1283.19	3116.18
1284.79	3117.23
1286.38	3116.18
1287.97	3122.46
1289.57	3107.81
1291.16	3109.90
1292.75	3100.48
1294.35	3116.18
1295.94	3115.13
1297.53	3115.13
1299.12	3097.34
1300.72	3114.09
1302.31	3087.93
1303.90	3109.90
1305.49	3104.67
1307.08	3088.97
1308.68	3084.79
1310.27	3085.83
1311.86	3085.83
1313.45	3079.56
1315.04	3083.74
1316.63	3077.46
1318.22	3078.51
1319.81	3074.32
1321.40	3073.28
1322.99	3076.42
1324.58	3063.86
1326.17	3069.09
1327.75	3065.95
1329.34	3073.28
1330.93	3062.81
1332.52	3047.12
1334.11	3050.26
1335.70	3052.35
1337.28	3046.07
1338.87	3052.35
1340.46	3054.44
1342.05	3050.26
1343.63	3048.16
1345.22	3043.98
1346.81	3038.75
1348.39	3035.61
1349.98	3039.79
1351.56	3022.00
1353.15	3018.86
1354.73	3019.91
1356.32	3008.40
1357.90	3005.26
1359.49	3012.59
1361.07	3001.08
1362.66	3012.59
1364.24	3000.03
1365.82	2990.61
1367.41	3002.12
1368.99	2989.57
1370.57	2981.19
1372.16	2980.15
1373.74	2986.43
1375.32	2978.06
1376.91	2971.78
1378.49	2952.94
1380.07	2929.92
1381.65	2933.06
1383.23	2915.27
1384.81	2918.41
1386.39	2913.18
1387.97	2919.46
1389.55	2913.18
1391.14	2901.67
1392.72	2890.16
1394.29	2891.20
1395.87	2881.79
1397.45	2881.79
1399.03	2878.65
1400.61	2870.28
1402.19	2861.90
1403.77	2858.77
1405.35	2877.60
1406.92	2861.90
1408.50	2869.23
1410.08	2860.86
1411.66	2855.63
1413.23	2860.86
1414.81	2855.63
1416.39	2835.74
1417.96	2851.44
1419.54	2845.16
1421.12	2853.53
1422.69	2857.72
1424.27	2844.12
1425.84	2849.35
1427.42	2838.88
1428.99	2838.88
1430.57	2840.98
1432.14	2833.65
1433.71	2835.74
1435.29	2851.44
1436.86	2847.26
1438.43	2839.93
1440.01	2830.51
1441.58	2708.08
1443.15	2834.70
1444.72	2833.65
1446.30	2831.56
1447.87	2842.02
1449.44	2830.51
1451.01	2816.91
1452.58	2834.70
1454.15	2830.51
1455.72	2831.56
1457.29	2832.61
1458.86	2840.98
1460.43	2826.33
1462.00	2845.16
1463.57	2832.61
1465.14	2840.98
1466.71	2834.70
1468.28	2835.74
1469.85	2840.98
1471.41	2831.56
1472.98	2828.42
1474.55	2844.12
1476.12	2830.51
1477.68	2827.37
1479.25	2845.16
1480.82	2839.93
1482.38	2847.26
1483.95	2829.47
1485.51	2840.98
1487.08	2852.49
1488.64	2838.88
1490.21	2847.26
1491.77	2837.84
1493.34	2844.12
1494.90	2827.37
1496.46	2834.70
1498.03	2843.07
1499.59	2843.07
1501.15	2848.30
1502.72	2846.21
1504.28	2845.16
1505.84	2837.84
1507.40	2829.47
1508.97	2854.58
1510.53	2845.16
1512.09	2855.63
1513.65	2848.30
1515.21	2852.49
1516.77	2834.70
1518.33	2851.44
1519.89	2843.07
1521.45	2837.84
1523.01	2840.98
1524.57	2852.49
1526.13	2849.35
1527.68	2858.77
1529.24	2857.72
1530.80	2852.49
1532.36	2864.00
1533.92	2847.26
1535.47	2837.84
1537.03	2845.16
1538.59	2850.39
1540.14	2845.16
1541.70	2834.70
1543.25	2858.77
1544.81	2851.44
1546.36	2852.49
1547.92	2836.79
1549.47	2850.39
1551.03	2850.39
1552.58	2834.70
1554.13	2830.51
1555.69	2846.21
1557.24	2836.79
1558.79	2835.74
1560.35	2846.21
1561.90	2840.98
1563.45	2824.23
1565.00	2836.79
1566.55	2829.47
1568.10	2830.51
1569.66	2821.10
1571.21	2843.07
1572.76	2830.51
1574.31	2834.70
1575.86	2829.47
1577.40	2826.33
1578.95	2823.19
1580.50	2817.96
1582.05	2809.58
1583.60	2815.86
1585.15	2810.63
1586.69	2812.72
1588.24	2822.14
1589.79	2830.51
1591.34	2807.49
1592.88	2826.33
1594.43	2805.40
1595.97	2823.19
1597.52	2819.00
1599.06	2821.10
1600.61	2816.91
1602.15	2827.37
1603.70	2806.45
1605.24	2814.82
1606.79	2808.54
1608.33	2797.03
1609.87	2798.07
1611.41	2810.63
1612.96	2807.49
1614.50	2804.35
1616.04	2802.26
1617.58	2807.49
1619.12	2800.17
1620.67	2798.07
1622.21	2774.01
1623.75	2805.40
1625.29	2782.38
1626.83	2788.66
1628.37	2795.98
1629.90	2770.87
1631.44	2779.24
1632.98	2785.52
1634.52	2763.54
1636.06	2759.36
1637.59	2770.87
1639.13	2767.73
1640.67	2762.50
1642.21	2760.40
1643.74	2748.89
1645.28	2731.10
1646.81	2725.87
1648.35	2733.20
1649.88	2705.99
1651.42	2720.64
1652.95	2695.53
1654.49	2710.18
1656.02	2697.62
1657.55	2710.18
1659.09	2687.16
1660.62	2698.67
1662.15	2686.11
1663.68	2694.48
1665.22	2681.92
1666.75	2682.97
1668.28	2681.92
1669.81	2698.67
1671.34	2682.97
1672.87	2681.92
1674.40	2691.34
1675.93	2681.92
1677.46	2662.04
1678.99	2652.62
1680.52	2656.81
1682.04	2670.41
1683.57	2665.18
1685.10	2676.69
1686.63	2665.18
1688.15	2659.95
1689.68	2648.44
1691.21	2652.62
1692.73	2661.00
1694.26	2670.41
1695.78	2655.76
1697.31	2655.76
1698.83	2650.53
1700.36	2656.81
1701.88	2647.39
1703.40	2661.00
1704.93	2647.39
1706.45	2653.67
