896.35	2870.28
897.98	2878.65
899.60	2878.65
901.22	2892.25
902.85	2882.83
904.47	2896.44
906.10	2903.76
907.72	2902.71
909.34	2915.27
910.97	2928.87
912.59	2948.76
914.21	2955.03
915.84	2962.36
917.46	2996.89
919.08	3016.77
920.71	3024.10
922.33	3047.12
923.95	3052.35
925.58	3072.23
927.20	3064.91
928.82	3073.28
930.44	3091.07
932.07	3073.28
933.69	3067.00
935.31	3071.18
936.93	3080.60
938.56	3086.88
940.18	3097.34
941.80	3096.30
943.42	3106.76
945.05	3116.18
946.67	3098.39
948.29	3114.09
949.91	3099.44
951.53	3123.50
953.16	3125.60
954.78	3113.04
956.40	3095.25
958.02	3107.81
959.64	3109.90
961.26	3111.99
962.88	3111.99
964.51	3101.53
966.13	3122.46
967.75	3118.27
969.37	3110.95
970.99	3119.32
972.61	3111.99
974.23	3116.18
975.85	3117.23
977.47	3123.50
979.09	3119.32
980.71	3113.04
982.33	3120.37
983.95	3124.55
985.57	3136.06
987.19	3125.60
988.81	3137.11
990.43	3126.64
992.05	3129.78
993.67	3137.11
995.29	3138.15
996.91	3131.88
998.53	3154.90
1000.15	3156.99
1001.77	3163.27
1003.39	3161.18
1005.01	3150.71
1006.63	3163.27
1008.25	3160.13
1009.86	3167.45
1011.48	3167.45
1013.10	3169.55
1014.72	3172.69
1016.34	3177.92
1017.96	3197.80
1019.58	3181.06
1021.19	3180.01
1022.81	3192.57
1024.43	3194.66
1026.05	3184.20
1027.66	3199.89
1029.28	3198.85
1030.90	3194.66
1032.52	3185.24
1034.13	3197.80
1035.75	3209.31
1037.37	3208.26
1038.98	3221.87
1040.60	3213.50
1042.22	3196.75
1043.83	3204.08
1045.45	3205.12
1047.07	3208.26
1048.68	3228.14
1050.30	3205.12
1051.92	3212.45
1053.53	3205.12
1055.15	3216.63
1056.76	3208.26
1058.38	3215.59
1059.99	3228.14
1061.61	3215.59
1063.22	3204.08
1064.84	3199.89
1066.46	3200.94
1068.07	3207.22
1069.68	3215.59
1071.30	3228.14
1072.91	3207.22
1074.53	3206.17
1076.14	3212.45
1077.76	3207.22
1079.37	3201.98
1080.98	3184.20
1082.60	3191.52
1084.21	3201.98
1085.83	3200.94
1087.44	3204.08
1089.05	3184.20
1090.67	3182.10
1092.28	3186.29
1093.89	3196.75
1095.50	3194.66
1097.12	3188.38
1098.73	3197.80
1100.34	3167.45
1101.95	3184.20
1103.57	3193.61
1105.18	3182.10
1106.79	3181.06
1108.40	3192.57
1110.01	3192.57
1111.63	3192.57
1113.24	3195.71
1114.85	3189.43
1116.46	3187.34
1118.07	3190.47
1119.68	3182.10
1121.29	3191.52
1122.90	3185.24
1124.51	3184.20
1126.12	3187.34
1127.73	3195.71
1129.34	3198.85
1130.95	3200.94
1132.56	3206.17
1134.17	3183.15
1135.78	3190.47
1137.39	3194.66
1139.00	3185.24
1140.61	3193.61
1142.22	3192.57
1143.83	3182.10
1145.44	3182.10
1147.05	3188.38
1148.65	3194.66
1150.26	3178.96
1151.87	3186.29
1153.48	3183.15
1155.09	3187.34
1156.69	3189.43
1158.30	3170.59
1159.91	3185.24
1161.52	3187.34
1163.12	3185.24
1164.73	3185.24
1166.34	3193.61
1167.94	3188.38
1169.55	3193.61
1171.16	3191.52
1172.76	3197.80
1174.37	3190.47
1175.97	3199.89
1177.58	3185.24
1179.19	3196.75
1180.79	3184.20
1182.40	3186.29
1184.00	3184.20
1185.61	3188.38
1187.21	3197.80
1188.82	3186.29
1190.42	3190.47
1192.02	3185.24
1193.63	3167.45
1195.23	3184.20
1196.84	3184.20
1198.44	3190.47
1200.04	3193.61
1201.65	3187.34
1203.25	3195.71
1204.85	3198.85
1206.46	3171.64
1208.06	3184.20
1209.66	3178.96
1211.26	3169.55
1212.87	3190.47
1214.47	3182.10
1216.07	3184.20
1217.67	3185.24
1219.27	3178.96
1220.87	3175.82
1222.48	3180.01
1224.08	3167.45
1225.68	3178.96
1227.28	3176.87
1228.88	3166.41
1230.48	3172.69
1232.08	3166.41
1233.68	3175.82
1235.28	3184.20
1236.88	3169.55
1238.48	3159.08
1240.08	3188.38
1241.68	3150.71
1243.28	3154.90
1244.87	3145.48
1246.47	3147.57
1248.07	3139.20
1249.67	3144.43
1251.27	3162.22
1252.87	3151.76
1254.46	3131.88
1256.06	3132.92
1257.66	3133.97
1259.26	3130.83
1260.85	3139.20
1262.45	3131.88
1264.05	3140.25
1265.64	3132.92
1267.24	3135.02
1268.83	3138.15
1270.43	3133.97
1272.03	3146.53
1273.62	3123.50
1275.22	3105.72
1276.81	3120.37
1278.41	3116.18
1280.00	3121.41
1281.60	3110.95
1283.19	3110.95
1284.79	3124.55
1286.38	3122.46
1287.97	3127.69
1289.57	3114.09
1291.16	3106.76
1292.75	3098.39
1294.35	3114.09
1295.94	3107.81
1297.53	3121.41
1299.12	3101.53
1300.72	3122.46
1302.31	3093.16
1303.90	3109.90
1305.49	3111.99
1307.08	3088.97
1308.68	3080.60
1310.27	3086.88
1311.86	3094.21
1313.45	3090.02
1315.04	3090.02
1316.63	3085.83
1318.22	3087.93
1319.81	3063.86
1321.40	3071.18
1322.99	3077.46
1324.58	3064.91
1326.17	3063.86
1327.75	3060.72
1329.34	3060.72
1330.93	3049.21
1332.52	3054.44
1334.11	3047.12
1335.70	3047.12
1337.28	3043.98
1338.87	3049.21
1340.46	3046.07
1342.05	3042.93
1343.63	3037.70
1345.22	3037.70
1346.81	3046.07
1348.39	3027.24
1349.98	3029.33
1351.56	3030.38
1353.15	3025.14
1354.73	3024.10
1356.32	3014.68
1357.90	3001.08
1359.49	3014.68
1361.07	2998.98
1362.66	2997.94
1364.24	2996.89
1365.82	2993.75
1367.41	3004.22
1368.99	2981.19
1370.57	2973.87
1372.16	2979.10
1373.74	2975.96
1375.32	2978.06
1376.91	2960.27
1378.49	2943.52
1380.07	2928.87
1381.65	2927.83
1383.23	2917.36
1384.81	2910.04
1386.39	2899.58
1387.97	2902.71
1389.55	2898.53
1391.14	2892.25
1392.72	2875.51
1394.29	2882.83
1395.87	2872.37
1397.45	2868.18
1399.03	2867.14
1400.61	2849.35
1402.19	2850.39
1403.77	2843.07
1405.35	2856.67
1406.92	2844.12
1408.50	2842.02
1410.08	2839.93
1411.66	2830.51
1413.23	2835.74
1414.81	2832.61
1416.39	2816.91
1417.96	2829.47
1419.54	2821.10
1421.12	2837.84
1422.69	2832.61
1424.27	2816.91
1425.84	2822.14
1427.42	2814.82
1428.99	2825.28
1430.57	2823.19
1432.14	2817.96
1433.71	2817.96
1435.29	2829.47
1436.86	2824.23
1438.43	2815.86
1440.01	2809.58
1441.58	2696.57
1443.15	2821.10
1444.72	2827.37
1446.30	2816.91
1447.87	2819.00
1449.44	2809.58
1451.01	2805.40
1452.58	2817.96
1454.15	2816.91
1455.72	2801.21
1457.29	2812.72
1458.86	2819.00
1460.43	2804.35
1462.00	2820.05
1463.57	2805.40
1465.14	2814.82
1466.71	2804.35
1468.28	2814.82
1469.85	2813.77
1471.41	2822.14
1472.98	2812.72
1474.55	2820.05
1476.12	2802.26
1477.68	2803.31
1479.25	2815.86
1480.82	2809.58
1482.38	2816.91
1483.95	2803.31
1485.51	2823.19
1487.08	2828.42
1488.64	2823.19
1490.21	2820.05
1491.77	2809.58
1493.34	2825.28
1494.90	2810.63
1496.46	2816.91
1498.03	2823.19
1499.59	2827.37
1501.15	2820.05
1502.72	2823.19
1504.28	2820.05
1505.84	2823.19
1507.40	2817.96
1508.97	2828.42
1510.53	2829.47
1512.09	2836.79
1513.65	2842.02
1515.21	2838.88
1516.77	2822.14
1518.33	2840.98
1519.89	2838.88
1521.45	2828.42
1523.01	2838.88
1524.57	2839.93
1526.13	2830.51
1527.68	2837.84
1529.24	2846.21
1530.80	2842.02
1532.36	2847.26
1533.92	2840.98
1535.47	2822.14
1537.03	2829.47
1538.59	2833.65
1540.14	2835.74
1541.70	2827.37
1543.25	2842.02
1544.81	2828.42
1546.36	2839.93
1547.92	2831.56
1549.47	2839.93
1551.03	2839.93
1552.58	2830.51
1554.13	2828.42
1555.69	2830.51
1557.24	2820.05
1558.79	2824.23
1560.35	2829.47
1561.90	2830.51
1563.45	2828.42
1565.00	2830.51
1566.55	2825.28
1568.10	2817.96
1569.66	2807.49
1571.21	2820.05
1572.76	2827.37
1574.31	2830.51
1575.86	2824.23
1577.40	2815.86
1578.95	2811.68
1580.50	2810.63
1582.05	2809.58
1583.60	2810.63
1585.15	2795.98
1586.69	2807.49
1588.24	2811.68
1589.79	2816.91
1591.34	2800.17
1592.88	2815.86
1594.43	2790.75
1595.97	2803.31
1597.52	2807.49
1599.06	2811.68
1600.61	2809.58
1602.15	2816.91
1603.70	2809.58
1605.24	2807.49
1606.79	2807.49
1608.33	2801.21
1609.87	2795.98
1611.41	2804.35
1612.96	2808.54
1614.50	2783.42
1616.04	2780.29
1617.58	2799.12
1619.12	2800.17
1620.67	2797.03
1622.21	2763.54
1623.75	2788.66
1625.29	2778.19
1626.83	2780.29
1628.37	2792.84
1629.90	2775.05
1631.44	2770.87
1632.98	2778.19
1634.52	2757.26
1636.06	2759.36
1637.59	2775.05
1639.13	2764.59
1640.67	2759.36
1642.21	2741.57
1643.74	2750.99
1645.28	2718.55
1646.81	2715.41
1648.35	2731.10
1649.88	2703.90
1651.42	2708.08
1652.95	2689.25
1654.49	2713.32
1656.02	2692.39
1657.55	2693.43
1659.09	2679.83
1660.62	2700.76
1662.15	2686.11
1663.68	2693.43
1665.22	2677.74
1666.75	2679.83
1668.28	2674.60
1669.81	2696.57
1671.34	2674.60
1672.87	2677.74
1674.40	2680.88
1675.93	2674.60
1677.46	2659.95
1678.99	2658.90
1680.52	2656.81
1682.04	2675.65
1683.57	2659.95
1685.10	2667.27
1686.63	2653.67
1688.15	2663.09
1689.68	2655.76
1691.21	2658.90
1692.73	2663.09
1694.26	2662.04
1695.78	2650.53
1697.31	2659.95
1698.83	2644.25
1700.36	2656.81
1701.88	2647.39
1703.40	2662.04
1704.93	2641.11
1706.45	2644.25
