896.35	2968.64
897.98	2980.15
899.60	2973.87
901.22	3005.26
902.85	2995.84
904.47	3012.59
906.10	3024.10
907.72	3024.10
909.34	3034.56
910.97	3050.26
912.59	3067.00
914.21	3096.30
915.84	3108.86
917.46	3152.80
919.08	3171.64
920.71	3188.38
922.33	3215.59
923.95	3230.24
925.58	3242.79
927.20	3245.93
928.82	3253.26
930.44	3276.28
932.07	3263.72
933.69	3266.86
935.31	3274.19
936.93	3279.42
938.56	3288.84
940.18	3289.88
941.80	3281.51
943.42	3299.30
945.05	3312.90
946.67	3301.39
948.29	3309.76
949.91	3312.90
951.53	3317.09
953.16	3324.41
954.78	3310.81
956.40	3307.67
958.02	3311.86
959.64	3311.86
961.26	3307.67
962.88	3322.32
964.51	3306.62
966.13	3326.51
967.75	3316.04
969.37	3305.58
970.99	3308.72
972.61	3318.14
974.23	3316.04
975.85	3315.00
977.47	3316.04
979.09	3312.90
980.71	3309.76
982.33	3322.32
983.95	3323.37
985.57	3340.11
987.19	3331.74
988.81	3345.34
990.43	3329.65
992.05	3334.88
993.67	3348.48
995.29	3345.34
996.91	3339.06
998.53	3374.64
1000.15	3367.32
1001.77	3368.36
1003.39	3364.18
1005.01	3370.46
1006.63	3376.73
1008.25	3387.20
1009.86	3388.24
1011.48	3393.48
1013.10	3391.38
1014.72	3407.08
1016.34	3396.62
1017.96	3420.68
1019.58	3400.80
1021.19	3400.80
1022.81	3407.08
1024.43	3435.33
1026.05	3423.82
1027.66	3439.52
1029.28	3424.87
1030.90	3431.15
1032.52	3419.64
1034.13	3437.42
1035.75	3449.98
1037.37	3451.03
1038.98	3451.03
1040.60	3442.66
1042.22	3430.10
1043.83	3446.84
1045.45	3443.70
1047.07	3452.07
1048.68	3452.07
1050.30	3448.94
1051.92	3449.98
1053.53	3447.89
1055.15	3448.94
1056.76	3452.07
1058.38	3454.17
1059.99	3460.45
1061.61	3443.70
1063.22	3441.61
1064.84	3440.56
1066.46	3441.61
1068.07	3433.24
1069.68	3446.84
1071.30	3449.98
1072.91	3452.07
1074.53	3440.56
1076.14	3453.12
1077.76	3443.70
1079.37	3436.38
1080.98	3410.22
1082.60	3432.19
1084.21	3436.38
1085.83	3426.96
1087.44	3430.10
1089.05	3421.73
1090.67	3414.40
1092.28	3416.50
1093.89	3423.82
1095.50	3425.91
1097.12	3416.50
1098.73	3431.15
1100.34	3402.89
1101.95	3417.54
1103.57	3418.59
1105.18	3412.31
1106.79	3394.52
1108.40	3411.26
1110.01	3411.26
1111.63	3418.59
1113.24	3426.96
1114.85	3422.78
1116.46	3412.31
1118.07	3426.96
1119.68	3402.89
1121.29	3420.68
1122.90	3410.22
1124.51	3419.64
1126.12	3422.78
1127.73	3423.82
1129.34	3422.78
1130.95	3428.01
1132.56	3425.91
1134.17	3410.22
1135.78	3413.36
1137.39	3426.96
1139.00	3408.13
1140.61	3419.64
1142.22	3416.50
1143.83	3408.13
1145.44	3415.45
1147.05	3425.91
1148.65	3420.68
1150.26	3407.08
1151.87	3401.85
1153.48	3416.50
1155.09	3422.78
1156.69	3424.87
1158.30	3408.13
1159.91	3413.36
1161.52	3412.31
1163.12	3423.82
1164.73	3409.17
1166.34	3440.56
1167.94	3417.54
1169.55	3422.78
1171.16	3418.59
1172.76	3425.91
1174.37	3421.73
1175.97	3437.42
1177.58	3412.31
1179.19	3437.42
1180.79	3423.82
1182.40	3422.78
1184.00	3412.31
1185.61	3435.33
1187.21	3434.29
1188.82	3423.82
1190.42	3423.82
1192.02	3426.96
1193.63	3406.03
1195.23	3429.05
1196.84	3429.05
1198.44	3424.87
1200.04	3438.47
1201.65	3426.96
1203.25	3415.45
1204.85	3424.87
1206.46	3411.26
1208.06	3419.64
1209.66	3410.22
1211.26	3422.78
1212.87	3431.15
1214.47	3414.40
1216.07	3408.13
1217.67	3413.36
1219.27	3408.13
1220.87	3412.31
1222.48	3401.85
1224.08	3403.94
1225.68	3409.17
1227.28	3407.08
1228.88	3402.89
1230.48	3407.08
1232.08	3387.20
1233.68	3402.89
1235.28	3406.03
1236.88	3393.48
1238.48	3377.78
1240.08	3417.54
1241.68	3366.27
1243.28	3375.69
1244.87	3373.59
1246.47	3383.01
1248.07	3366.27
1249.67	3369.41
1251.27	3378.83
1252.87	3357.90
1254.46	3349.53
1256.06	3353.71
1257.66	3344.30
1259.26	3335.92
1260.85	3348.48
1262.45	3343.25
1264.05	3345.34
1265.64	3352.67
1267.24	3341.16
1268.83	3345.34
1270.43	3338.02
1272.03	3349.53
1273.62	3332.78
1275.22	3322.32
1276.81	3334.88
1278.41	3330.69
1280.00	3327.55
1281.60	3323.37
1283.19	3319.18
1284.79	3334.88
1286.38	3319.18
1287.97	3323.37
1289.57	3308.72
1291.16	3312.90
1292.75	3302.44
1294.35	3317.09
1295.94	3301.39
1297.53	3308.72
1299.12	3285.70
1300.72	3312.90
1302.31	3285.70
1303.90	3315.00
1305.49	3304.53
1307.08	3294.07
1308.68	3282.56
1310.27	3289.88
1311.86	3285.70
1313.45	3279.42
1315.04	3281.51
1316.63	3272.09
1318.22	3268.95
1319.81	3266.86
1321.40	3268.95
1322.99	3266.86
1324.58	3245.93
1326.17	3256.40
1327.75	3249.07
1329.34	3251.17
1330.93	3235.47
1332.52	3234.42
1334.11	3236.52
1335.70	3241.75
1337.28	3214.54
1338.87	3221.87
1340.46	3220.82
1342.05	3227.10
1343.63	3211.40
1345.22	3211.40
1346.81	3205.12
1348.39	3207.22
1349.98	3205.12
1351.56	3189.43
1353.15	3187.34
1354.73	3187.34
1356.32	3160.13
1357.90	3169.55
1359.49	3173.73
1361.07	3151.76
1362.66	3145.48
1364.24	3151.76
1365.82	3151.76
1367.41	3156.99
1368.99	3135.02
1370.57	3129.78
1372.16	3135.02
1373.74	3130.83
1375.32	3125.60
1376.91	3114.09
1378.49	3074.32
1380.07	3053.40
1381.65	3049.21
1383.23	3026.19
1384.81	3030.38
1386.39	3019.91
1387.97	3028.28
1389.55	3016.77
1391.14	3010.49
1392.72	2991.66
1394.29	2983.29
1395.87	2980.15
1397.45	2968.64
1399.03	2968.64
1400.61	2957.13
1402.19	2950.85
1403.77	2940.38
1405.35	2953.99
1406.92	2930.97
1408.50	2940.38
1410.08	2936.20
1411.66	2928.87
1413.23	2922.60
1414.81	2932.01
1416.39	2911.09
1417.96	2924.69
1419.54	2915.27
1421.12	2922.60
1422.69	2924.69
1424.27	2912.13
1425.84	2919.46
1427.42	2913.18
1428.99	2910.04
1430.57	2912.13
1432.14	2907.95
1433.71	2912.13
1435.29	2919.46
1436.86	2920.50
1438.43	2905.85
1440.01	2905.85
1441.58	2782.38
1443.15	2903.76
1444.72	2914.22
1446.30	2902.71
1447.87	2910.04
1449.44	2892.25
1451.01	2888.06
1452.58	2901.67
1454.15	2906.90
1455.72	2891.20
1457.29	2889.11
1458.86	2901.67
1460.43	2891.20
1462.00	2915.27
1463.57	2900.62
1465.14	2906.90
1466.71	2895.39
1468.28	2901.67
1469.85	2903.76
1471.41	2908.99
1472.98	2895.39
1474.55	2907.95
1476.12	2889.11
1477.68	2892.25
1479.25	2903.76
1480.82	2892.25
1482.38	2899.58
1483.95	2889.11
1485.51	2903.76
1487.08	2919.46
1488.64	2910.04
1490.21	2908.99
1491.77	2892.25
1493.34	2911.09
1494.90	2899.58
1496.46	2904.81
1498.03	2905.85
1499.59	2912.13
1501.15	2907.95
1502.72	2908.99
1504.28	2902.71
1505.84	2903.76
1507.40	2905.85
1508.97	2925.74
1510.53	2918.41
1512.09	2919.46
1513.65	2930.97
1515.21	2922.60
1516.77	2913.18
1518.33	2935.15
1519.89	2927.83
1521.45	2922.60
1523.01	2926.78
1524.57	2934.11
1526.13	2919.46
1527.68	2932.01
1529.24	2930.97
1530.80	2925.74
1532.36	2929.92
1533.92	2922.60
1535.47	2908.99
1537.03	2922.60
1538.59	2921.55
1540.14	2917.36
1541.70	2908.99
1543.25	2927.83
1544.81	2923.64
1546.36	2926.78
1547.92	2905.85
1549.47	2927.83
1551.03	2920.50
1552.58	2907.95
1554.13	2905.85
1555.69	2922.60
1557.24	2913.18
1558.79	2915.27
1560.35	2914.22
1561.90	2919.46
1563.45	2905.85
1565.00	2913.18
1566.55	2908.99
1568.10	2905.85
1569.66	2900.62
1571.21	2907.95
1572.76	2908.99
1574.31	2913.18
1575.86	2904.81
1577.40	2895.39
1578.95	2892.25
1580.50	2896.44
1582.05	2884.93
1583.60	2889.11
1585.15	2876.55
1586.69	2883.88
1588.24	2892.25
1589.79	2892.25
1591.34	2870.28
1592.88	2900.62
1594.43	2868.18
1595.97	2890.16
1597.52	2882.83
1599.06	2888.06
1600.61	2878.65
1602.15	2888.06
1603.70	2872.37
1605.24	2877.60
1606.79	2877.60
1608.33	2869.23
1609.87	2874.46
1611.41	2881.79
1612.96	2871.32
1614.50	2865.04
1616.04	2868.18
1617.58	2880.74
1619.12	2865.04
1620.67	2872.37
1622.21	2850.39
1623.75	2862.95
1625.29	2836.79
1626.83	2844.12
1628.37	2861.90
1629.90	2847.26
1631.44	2839.93
1632.98	2847.26
1634.52	2820.05
1636.06	2827.37
1637.59	2815.86
1639.13	2805.40
1640.67	2802.26
1642.21	2801.21
1643.74	2792.84
1645.28	2764.59
1646.81	2755.17
1648.35	2767.73
1649.88	2734.24
1651.42	2747.85
1652.95	2727.97
1654.49	2752.03
1656.02	2726.92
1657.55	2725.87
1659.09	2698.67
1660.62	2724.83
1662.15	2707.04
1663.68	2716.45
1665.22	2699.71
1666.75	2708.08
1668.28	2698.67
1669.81	2718.55
1671.34	2699.71
1672.87	2703.90
1674.40	2695.53
1675.93	2686.11
1677.46	2679.83
1678.99	2675.65
1680.52	2671.46
1682.04	2688.20
1683.57	2681.92
1685.10	2687.16
1686.63	2676.69
1688.15	2674.60
1689.68	2666.23
1691.21	2677.74
1692.73	2672.51
1694.26	2670.41
1695.78	2664.13
1697.31	2671.46
1698.83	2659.95
1700.36	2669.37
1701.88	2664.13
1703.40	2670.41
1704.93	2667.27
1706.45	2662.04
