896.35	2881.79
897.98	2888.06
899.60	2893.30
901.22	2912.13
902.85	2908.99
904.47	2916.32
906.10	2922.60
907.72	2923.64
909.34	2928.87
910.97	2947.71
912.59	2964.45
914.21	2978.06
915.84	2996.89
917.46	3017.82
919.08	3038.75
920.71	3052.35
922.33	3079.56
923.95	3077.46
925.58	3091.07
927.20	3086.88
928.82	3099.44
930.44	3114.09
932.07	3106.76
933.69	3100.48
935.31	3111.99
936.93	3119.32
938.56	3125.60
940.18	3136.06
941.80	3118.27
943.42	3131.88
945.05	3144.43
946.67	3130.83
948.29	3144.43
949.91	3132.92
951.53	3150.71
953.16	3152.80
954.78	3145.48
956.40	3138.15
958.02	3145.48
959.64	3132.92
961.26	3140.25
962.88	3148.62
964.51	3138.15
966.13	3161.18
967.75	3155.94
969.37	3141.29
970.99	3148.62
972.61	3147.57
974.23	3144.43
975.85	3146.53
977.47	3149.66
979.09	3142.34
980.71	3138.15
982.33	3149.66
983.95	3160.13
985.57	3161.18
987.19	3152.80
988.81	3165.36
990.43	3160.13
992.05	3161.18
993.67	3180.01
995.29	3166.41
996.91	3167.45
998.53	3186.29
1000.15	3176.87
1001.77	3184.20
1003.39	3188.38
1005.01	3194.66
1006.63	3200.94
1008.25	3204.08
1009.86	3210.36
1011.48	3209.31
1013.10	3211.40
1014.72	3213.50
1016.34	3218.73
1017.96	3235.47
1019.58	3214.54
1021.19	3218.73
1022.81	3221.87
1024.43	3231.28
1026.05	3232.33
1027.66	3231.28
1029.28	3231.28
1030.90	3223.96
1032.52	3221.87
1034.13	3236.52
1035.75	3246.98
1037.37	3246.98
1038.98	3254.30
1040.60	3242.79
1042.22	3233.38
1043.83	3241.75
1045.45	3245.93
1047.07	3240.70
1048.68	3244.89
1050.30	3246.98
1051.92	3262.68
1053.53	3246.98
1055.15	3248.03
1056.76	3244.89
1058.38	3249.07
1059.99	3256.40
1061.61	3253.26
1063.22	3239.66
1064.84	3245.93
1066.46	3242.79
1068.07	3250.12
1069.68	3239.66
1071.30	3244.89
1072.91	3236.52
1074.53	3238.61
1076.14	3254.30
1077.76	3243.84
1079.37	3241.75
1080.98	3223.96
1082.60	3239.66
1084.21	3229.19
1085.83	3225.01
1087.44	3242.79
1089.05	3226.05
1090.67	3227.10
1092.28	3216.63
1093.89	3225.01
1095.50	3229.19
1097.12	3221.87
1098.73	3234.42
1100.34	3213.50
1101.95	3227.10
1103.57	3230.24
1105.18	3216.63
1106.79	3213.50
1108.40	3218.73
1110.01	3219.77
1111.63	3228.14
1113.24	3229.19
1114.85	3231.28
1116.46	3223.96
1118.07	3229.19
1119.68	3219.77
1121.29	3226.05
1122.90	3227.10
1124.51	3221.87
1126.12	3228.14
1127.73	3222.91
1129.34	3235.47
1130.95	3237.56
1132.56	3237.56
1134.17	3210.36
1135.78	3221.87
1137.39	3227.10
1139.00	3216.63
1140.61	3215.59
1142.22	3225.01
1143.83	3218.73
1145.44	3220.82
1147.05	3223.96
1148.65	3229.19
1150.26	3215.59
1151.87	3214.54
1153.48	3220.82
1155.09	3223.96
1156.69	3220.82
1158.30	3211.40
1159.91	3218.73
1161.52	3225.01
1163.12	3227.10
1164.73	3217.68
1166.34	3227.10
1167.94	3217.68
1169.55	3226.05
1171.16	3225.01
1172.76	3227.10
1174.37	3223.96
1175.97	3230.24
1177.58	3211.40
1179.19	3227.10
1180.79	3212.45
1182.40	3219.77
1184.00	3213.50
1185.61	3232.33
1187.21	3228.14
1188.82	3220.82
1190.42	3220.82
1192.02	3217.68
1193.63	3210.36
1195.23	3231.28
1196.84	3227.10
1198.44	3223.96
1200.04	3237.56
1201.65	3227.10
1203.25	3229.19
1204.85	3230.24
1206.46	3217.68
1208.06	3219.77
1209.66	3213.50
1211.26	3204.08
1212.87	3231.28
1214.47	3212.45
1216.07	3219.77
1217.67	3218.73
1219.27	3213.50
1220.87	3218.73
1222.48	3223.96
1224.08	3210.36
1225.68	3207.22
1227.28	3199.89
1228.88	3197.80
1230.48	3214.54
1232.08	3201.98
1233.68	3210.36
1235.28	3203.03
1236.88	3196.75
1238.48	3190.47
1240.08	3213.50
1241.68	3184.20
1243.28	3194.66
1244.87	3193.61
1246.47	3183.15
1248.07	3181.06
1249.67	3186.29
1251.27	3194.66
1252.87	3171.64
1254.46	3170.59
1256.06	3167.45
1257.66	3168.50
1259.26	3167.45
1260.85	3171.64
1262.45	3163.27
1264.05	3170.59
1265.64	3164.31
1267.24	3161.18
1268.83	3162.22
1270.43	3162.22
1272.03	3175.82
1273.62	3155.94
1275.22	3145.48
1276.81	3158.04
1278.41	3155.94
1280.00	3155.94
1281.60	3158.04
1283.19	3149.66
1284.79	3150.71
1286.38	3144.43
1287.97	3150.71
1289.57	3135.02
1291.16	3132.92
1292.75	3129.78
1294.35	3147.57
1295.94	3131.88
1297.53	3139.20
1299.12	3128.74
1300.72	3147.57
1302.31	3116.18
1303.90	3138.15
1305.49	3140.25
1307.08	3119.32
1308.68	3103.62
1310.27	3118.27
1311.86	3120.37
1313.45	3116.18
1315.04	3107.81
1316.63	3108.86
1318.22	3106.76
1319.81	3100.48
1321.40	3103.62
1322.99	3106.76
1324.58	3092.11
1326.17	3099.44
1327.75	3085.83
1329.34	3086.88
1330.93	3078.51
1332.52	3081.65
1334.11	3080.60
1335.70	3094.21
1337.28	3074.32
1338.87	3080.60
1340.46	3077.46
1342.05	3074.32
1343.63	3068.05
1345.22	3060.72
1346.81	3073.28
1348.39	3061.77
1349.98	3058.63
1351.56	3040.84
1353.15	3037.70
1354.73	3042.93
1356.32	3022.00
1357.90	3023.05
1359.49	3028.28
1361.07	3010.49
1362.66	3009.45
1364.24	3009.45
1365.82	3011.54
1367.41	3018.86
1368.99	3000.03
1370.57	2994.80
1372.16	3006.31
1373.74	3003.17
1375.32	2996.89
1376.91	2987.47
1378.49	2958.17
1380.07	2941.43
1381.65	2940.38
1383.23	2920.50
1384.81	2923.64
1386.39	2916.32
1387.97	2921.55
1389.55	2921.55
1391.14	2907.95
1392.72	2890.16
1394.29	2889.11
1395.87	2882.83
1397.45	2872.37
1399.03	2879.69
1400.61	2871.32
1402.19	2869.23
1403.77	2853.53
1405.35	2869.23
1406.92	2856.67
1408.50	2854.58
1410.08	2853.53
1411.66	2843.07
1413.23	2848.30
1414.81	2849.35
1416.39	2831.56
1417.96	2837.84
1419.54	2825.28
1421.12	2837.84
1422.69	2846.21
1424.27	2832.61
1425.84	2837.84
1427.42	2829.47
1428.99	2836.79
1430.57	2829.47
1432.14	2822.14
1433.71	2821.10
1435.29	2836.79
1436.86	2825.28
1438.43	2819.00
1440.01	2822.14
1441.58	2704.94
1443.15	2828.42
1444.72	2832.61
1446.30	2819.00
1447.87	2827.37
1449.44	2814.82
1451.01	2805.40
1452.58	2817.96
1454.15	2832.61
1455.72	2816.91
1457.29	2813.77
1458.86	2821.10
1460.43	2814.82
1462.00	2835.74
1463.57	2822.14
1465.14	2828.42
1466.71	2812.72
1468.28	2825.28
1469.85	2827.37
1471.41	2829.47
1472.98	2822.14
1474.55	2827.37
1476.12	2817.96
1477.68	2819.00
1479.25	2833.65
1480.82	2821.10
1482.38	2832.61
1483.95	2820.05
1485.51	2831.56
1487.08	2831.56
1488.64	2842.02
1490.21	2838.88
1491.77	2827.37
1493.34	2832.61
1494.90	2819.00
1496.46	2829.47
1498.03	2827.37
1499.59	2838.88
1501.15	2835.74
1502.72	2836.79
1504.28	2833.65
1505.84	2827.37
1507.40	2834.70
1508.97	2840.98
1510.53	2830.51
1512.09	2848.30
1513.65	2854.58
1515.21	2845.16
1516.77	2838.88
1518.33	2859.81
1519.89	2845.16
1521.45	2844.12
1523.01	2853.53
1524.57	2853.53
1526.13	2851.44
1527.68	2855.63
1529.24	2854.58
1530.80	2843.07
1532.36	2856.67
1533.92	2847.26
1535.47	2842.02
1537.03	2844.12
1538.59	2851.44
1540.14	2836.79
1541.70	2839.93
1543.25	2855.63
1544.81	2857.72
1546.36	2856.67
1547.92	2839.93
1549.47	2846.21
1551.03	2848.30
1552.58	2840.98
1554.13	2842.02
1555.69	2848.30
1557.24	2835.74
1558.79	2848.30
1560.35	2838.88
1561.90	2851.44
1563.45	2838.88
1565.00	2855.63
1566.55	2831.56
1568.10	2832.61
1569.66	2823.19
1571.21	2851.44
1572.76	2842.02
1574.31	2840.98
1575.86	2836.79
1577.40	2828.42
1578.95	2833.65
1580.50	2830.51
1582.05	2819.00
1583.60	2825.28
1585.15	2815.86
1586.69	2827.37
1588.24	2822.14
1589.79	2827.37
1591.34	2813.77
1592.88	2831.56
1594.43	2807.49
1595.97	2822.14
1597.52	2821.10
1599.06	2825.28
1600.61	2812.72
1602.15	2827.37
1603.70	2817.96
1605.24	2825.28
1606.79	2810.63
1608.33	2804.35
1609.87	2804.35
1611.41	2822.14
1612.96	2824.23
1614.50	2804.35
1616.04	2807.49
1617.58	2809.58
1619.12	2801.21
1620.67	2811.68
1622.21	2784.47
1623.75	2807.49
1625.29	2783.42
1626.83	2795.98
1628.37	2800.17
1629.90	2787.61
1631.44	2789.70
1632.98	2792.84
1634.52	2774.01
1636.06	2782.38
1637.59	2781.33
1639.13	2763.54
1640.67	2764.59
1642.21	2752.03
1643.74	2755.17
1645.28	2731.10
1646.81	2724.83
1648.35	2742.62
1649.88	2716.45
1651.42	2723.78
1652.95	2708.08
1654.49	2721.69
1656.02	2703.90
1657.55	2709.13
1659.09	2688.20
1660.62	2702.85
1662.15	2691.34
1663.68	2694.48
1665.22	2677.74
1666.75	2687.16
1668.28	2685.06
1669.81	2698.67
1671.34	2686.11
1672.87	2686.11
1674.40	2692.39
1675.93	2682.97
1677.46	2671.46
1678.99	2669.37
1680.52	2668.32
1682.04	2666.23
1683.57	2661.00
1685.10	2667.27
1686.63	2668.32
1688.15	2673.55
1689.68	2655.76
1691.21	2663.09
1692.73	2663.09
1694.26	2671.46
1695.78	2657.86
1697.31	2654.72
1698.83	2645.30
1700.36	2655.76
1701.88	2645.30
1703.40	2666.23
1704.93	2654.72
1706.45	2648.44
