896.35	2990.61
897.98	3002.12
899.60	3008.40
901.22	3025.14
902.85	3013.63
904.47	3030.38
906.10	3033.51
907.72	3036.65
909.34	3048.16
910.97	3071.18
912.59	3091.07
914.21	3115.13
915.84	3137.11
917.46	3178.96
919.08	3201.98
920.71	3213.50
922.33	3233.38
923.95	3241.75
925.58	3276.28
927.20	3262.68
928.82	3273.14
930.44	3303.49
932.07	3291.98
933.69	3290.93
935.31	3291.98
936.93	3304.53
938.56	3308.72
940.18	3323.37
941.80	3312.90
943.42	3339.06
945.05	3331.74
946.67	3324.41
948.29	3338.02
949.91	3332.78
951.53	3345.34
953.16	3346.39
954.78	3341.16
956.40	3335.92
958.02	3342.20
959.64	3346.39
961.26	3338.02
962.88	3342.20
964.51	3322.32
966.13	3351.62
967.75	3347.43
969.37	3339.06
970.99	3345.34
972.61	3340.11
974.23	3341.16
975.85	3354.76
977.47	3352.67
979.09	3341.16
980.71	3329.65
982.33	3348.48
983.95	3351.62
985.57	3368.36
987.19	3349.53
988.81	3368.36
990.43	3357.90
992.05	3363.13
993.67	3379.87
995.29	3381.97
996.91	3361.04
998.53	3391.38
1000.15	3376.73
1001.77	3401.85
1003.39	3397.66
1005.01	3407.08
1006.63	3408.13
1008.25	3417.54
1009.86	3432.19
1011.48	3425.91
1013.10	3423.82
1014.72	3435.33
1016.34	3432.19
1017.96	3445.80
1019.58	3432.19
1021.19	3433.24
1022.81	3440.56
1024.43	3452.07
1026.05	3441.61
1027.66	3462.54
1029.28	3458.35
1030.90	3470.91
1032.52	3446.84
1034.13	3464.63
1035.75	3471.96
1037.37	3471.96
1038.98	3483.47
1040.60	3477.19
1042.22	3457.31
1043.83	3478.23
1045.45	3479.28
1047.07	3487.65
1048.68	3486.61
1050.30	3475.10
1051.92	3484.51
1053.53	3479.28
1055.15	3478.23
1056.76	3470.91
1058.38	3474.05
1059.99	3485.56
1061.61	3479.28
1063.22	3476.14
1064.84	3469.86
1066.46	3470.91
1068.07	3467.77
1069.68	3476.14
1071.30	3480.33
1072.91	3476.14
1074.53	3467.77
1076.14	3484.51
1077.76	3463.58
1079.37	3466.72
1080.98	3436.38
1082.60	3453.12
1084.21	3456.26
1085.83	3454.17
1087.44	3456.26
1089.05	3436.38
1090.67	3435.33
1092.28	3443.70
1093.89	3443.70
1095.50	3447.89
1097.12	3443.70
1098.73	3449.98
1100.34	3421.73
1101.95	3441.61
1103.57	3440.56
1105.18	3432.19
1106.79	3425.91
1108.40	3444.75
1110.01	3442.66
1111.63	3444.75
1113.24	3453.12
1114.85	3444.75
1116.46	3438.47
1118.07	3447.89
1119.68	3435.33
1121.29	3449.98
1122.90	3438.47
1124.51	3444.75
1126.12	3448.94
1127.73	3449.98
1129.34	3454.17
1130.95	3460.45
1132.56	3453.12
1134.17	3431.15
1135.78	3439.52
1137.39	3452.07
1139.00	3441.61
1140.61	3449.98
1142.22	3442.66
1143.83	3443.70
1145.44	3440.56
1147.05	3443.70
1148.65	3445.80
1150.26	3433.24
1151.87	3428.01
1153.48	3439.52
1155.09	3438.47
1156.69	3449.98
1158.30	3434.29
1159.91	3443.70
1161.52	3448.94
1163.12	3442.66
1164.73	3440.56
1166.34	3455.21
1167.94	3447.89
1169.55	3454.17
1171.16	3448.94
1172.76	3458.35
1174.37	3438.47
1175.97	3449.98
1177.58	3443.70
1179.19	3456.26
1180.79	3438.47
1182.40	3446.84
1184.00	3439.52
1185.61	3463.58
1187.21	3456.26
1188.82	3445.80
1190.42	3438.47
1192.02	3444.75
1193.63	3429.05
1195.23	3445.80
1196.84	3443.70
1198.44	3447.89
1200.04	3445.80
1201.65	3452.07
1203.25	3441.61
1204.85	3448.94
1206.46	3431.15
1208.06	3440.56
1209.66	3426.96
1211.26	3437.42
1212.87	3451.03
1214.47	3432.19
1216.07	3436.38
1217.67	3437.42
1219.27	3416.50
1220.87	3425.91
1222.48	3424.87
1224.08	3422.78
1225.68	3430.10
1227.28	3435.33
1228.88	3412.31
1230.48	3418.59
1232.08	3403.94
1233.68	3423.82
1235.28	3428.01
1236.88	3411.26
1238.48	3395.57
1240.08	3423.82
1241.68	3395.57
1243.28	3396.62
1244.87	3388.24
1246.47	3392.43
1248.07	3376.73
1249.67	3381.97
1251.27	3386.15
1252.87	3371.50
1254.46	3364.18
1256.06	3371.50
1257.66	3365.22
1259.26	3352.67
1260.85	3357.90
1262.45	3357.90
1264.05	3357.90
1265.64	3364.18
1267.24	3358.94
1268.83	3369.41
1270.43	3354.76
1272.03	3373.59
1273.62	3352.67
1275.22	3340.11
1276.81	3353.71
1278.41	3346.39
1280.00	3346.39
1281.60	3343.25
1283.19	3332.78
1284.79	3338.02
1286.38	3326.51
1287.97	3340.11
1289.57	3328.60
1291.16	3327.55
1292.75	3320.23
1294.35	3330.69
1295.94	3313.95
1297.53	3323.37
1299.12	3306.62
1300.72	3325.46
1302.31	3285.70
1303.90	3313.95
1305.49	3319.18
1307.08	3315.00
1308.68	3301.39
1310.27	3290.93
1311.86	3291.98
1313.45	3289.88
1315.04	3288.84
1316.63	3290.93
1318.22	3282.56
1319.81	3275.23
1321.40	3275.23
1322.99	3287.79
1324.58	3259.54
1326.17	3259.54
1327.75	3263.72
1329.34	3262.68
1330.93	3244.89
1332.52	3241.75
1334.11	3235.47
1335.70	3239.66
1337.28	3229.19
1338.87	3243.84
1340.46	3242.79
1342.05	3231.28
1343.63	3226.05
1345.22	3217.68
1346.81	3221.87
1348.39	3216.63
1349.98	3213.50
1351.56	3198.85
1353.15	3200.94
1354.73	3198.85
1356.32	3175.82
1357.90	3171.64
1359.49	3177.92
1361.07	3158.04
1362.66	3150.71
1364.24	3166.41
1365.82	3158.04
1367.41	3165.36
1368.99	3137.11
1370.57	3132.92
1372.16	3133.97
1373.74	3130.83
1375.32	3126.64
1376.91	3116.18
1378.49	3090.02
1380.07	3058.63
1381.65	3060.72
1383.23	3043.98
1384.81	3030.38
1386.39	3025.14
1387.97	3020.96
1389.55	3017.82
1391.14	3006.31
1392.72	2993.75
1394.29	2982.24
1395.87	2977.01
1397.45	2970.73
1399.03	2968.64
1400.61	2955.03
1402.19	2951.90
1403.77	2948.76
1405.35	2962.36
1406.92	2939.34
1408.50	2942.48
1410.08	2940.38
1411.66	2928.87
1413.23	2925.74
1414.81	2929.92
1416.39	2911.09
1417.96	2928.87
1419.54	2911.09
1421.12	2920.50
1422.69	2927.83
1424.27	2911.09
1425.84	2917.36
1427.42	2911.09
1428.99	2915.27
1430.57	2918.41
1432.14	2917.36
1433.71	2905.85
1435.29	2901.67
1436.86	2914.22
1438.43	2915.27
1440.01	2912.13
1441.58	2787.61
1443.15	2905.85
1444.72	2911.09
1446.30	2904.81
1447.87	2914.22
1449.44	2898.53
1451.01	2887.02
1452.58	2905.85
1454.15	2908.99
1455.72	2899.58
1457.29	2897.48
1458.86	2905.85
1460.43	2896.44
1462.00	2917.36
1463.57	2901.67
1465.14	2904.81
1466.71	2888.06
1468.28	2894.34
1469.85	2897.48
1471.41	2902.71
1472.98	2891.20
1474.55	2905.85
1476.12	2896.44
1477.68	2892.25
1479.25	2903.76
1480.82	2893.30
1482.38	2898.53
1483.95	2893.30
1485.51	2903.76
1487.08	2911.09
1488.64	2906.90
1490.21	2906.90
1491.77	2895.39
1493.34	2924.69
1494.90	2904.81
1496.46	2913.18
1498.03	2907.95
1499.59	2913.18
1501.15	2910.04
1502.72	2906.90
1504.28	2905.85
1505.84	2907.95
1507.40	2913.18
1508.97	2921.55
1510.53	2916.32
1512.09	2924.69
1513.65	2928.87
1515.21	2925.74
1516.77	2916.32
1518.33	2921.55
1519.89	2916.32
1521.45	2920.50
1523.01	2928.87
1524.57	2938.29
1526.13	2927.83
1527.68	2934.11
1529.24	2937.25
1530.80	2933.06
1532.36	2933.06
1533.92	2925.74
1535.47	2912.13
1537.03	2923.64
1538.59	2928.87
1540.14	2927.83
1541.70	2922.60
1543.25	2930.97
1544.81	2927.83
1546.36	2929.92
1547.92	2914.22
1549.47	2923.64
1551.03	2927.83
1552.58	2921.55
1554.13	2920.50
1555.69	2925.74
1557.24	2915.27
1558.79	2918.41
1560.35	2904.81
1561.90	2918.41
1563.45	2907.95
1565.00	2916.32
1566.55	2907.95
1568.10	2915.27
1569.66	2903.76
1571.21	2921.55
1572.76	2914.22
1574.31	2916.32
1575.86	2907.95
1577.40	2903.76
1578.95	2897.48
1580.50	2900.62
1582.05	2893.30
1583.60	2899.58
1585.15	2882.83
1586.69	2882.83
1588.24	2892.25
1589.79	2899.58
1591.34	2873.42
1592.88	2900.62
1594.43	2876.55
1595.97	2892.25
1597.52	2888.06
1599.06	2882.83
1600.61	2871.32
1602.15	2896.44
1603.70	2888.06
1605.24	2889.11
1606.79	2883.88
1608.33	2872.37
1609.87	2871.32
1611.41	2884.93
1612.96	2879.69
1614.50	2868.18
1616.04	2870.28
1617.58	2876.55
1619.12	2862.95
1620.67	2868.18
1622.21	2839.93
1623.75	2871.32
1625.29	2855.63
1626.83	2850.39
1628.37	2865.04
1629.90	2839.93
1631.44	2840.98
1632.98	2843.07
1634.52	2823.19
1636.06	2823.19
1637.59	2833.65
1639.13	2816.91
1640.67	2807.49
1642.21	2790.75
1643.74	2781.33
1645.28	2765.64
1646.81	2759.36
1648.35	2760.40
1649.88	2741.57
1651.42	2743.66
1652.95	2727.97
1654.49	2749.94
1656.02	2721.69
1657.55	2729.01
1659.09	2700.76
1660.62	2718.55
1662.15	2711.22
1663.68	2717.50
1665.22	2700.76
1666.75	2708.08
1668.28	2695.53
1669.81	2716.45
1671.34	2695.53
1672.87	2698.67
1674.40	2705.99
1675.93	2691.34
1677.46	2677.74
1678.99	2675.65
1680.52	2676.69
1682.04	2693.43
1683.57	2682.97
1685.10	2690.29
1686.63	2677.74
1688.15	2682.97
1689.68	2663.09
1691.21	2669.37
1692.73	2685.06
1694.26	2689.25
1695.78	2665.18
1697.31	2667.27
1698.83	2661.00
1700.36	2671.46
1701.88	2659.95
1703.40	2681.92
1704.93	2662.04
1706.45	2667.27
