896.35	2965.50
897.98	2974.92
899.60	2974.92
901.22	2992.70
902.85	2986.43
904.47	3007.35
906.10	3006.31
907.72	3014.68
909.34	3026.19
910.97	3039.79
912.59	3060.72
914.21	3088.97
915.84	3104.67
917.46	3137.11
919.08	3164.31
920.71	3175.82
922.33	3197.80
923.95	3211.40
925.58	3230.24
927.20	3225.01
928.82	3237.56
930.44	3264.77
932.07	3242.79
933.69	3239.66
935.31	3259.54
936.93	3271.05
938.56	3271.05
940.18	3277.33
941.80	3275.23
943.42	3290.93
945.05	3295.11
946.67	3287.79
948.29	3287.79
949.91	3289.88
951.53	3288.84
953.16	3307.67
954.78	3313.95
956.40	3290.93
958.02	3291.98
959.64	3291.98
961.26	3293.02
962.88	3303.49
964.51	3285.70
966.13	3305.58
967.75	3302.44
969.37	3299.30
970.99	3300.35
972.61	3290.93
974.23	3290.93
975.85	3302.44
977.47	3300.35
979.09	3302.44
980.71	3291.98
982.33	3307.67
983.95	3304.53
985.57	3321.27
987.19	3310.81
988.81	3322.32
990.43	3307.67
992.05	3318.14
993.67	3320.23
995.29	3327.55
996.91	3322.32
998.53	3351.62
1000.15	3350.57
1001.77	3354.76
1003.39	3354.76
1005.01	3353.71
1006.63	3366.27
1008.25	3376.73
1009.86	3377.78
1011.48	3372.55
1013.10	3361.04
1014.72	3380.92
1016.34	3376.73
1017.96	3401.85
1019.58	3381.97
1021.19	3386.15
1022.81	3392.43
1024.43	3411.26
1026.05	3396.62
1027.66	3412.31
1029.28	3408.13
1030.90	3414.40
1032.52	3398.71
1034.13	3415.45
1035.75	3420.68
1037.37	3431.15
1038.98	3433.24
1040.60	3431.15
1042.22	3412.31
1043.83	3422.78
1045.45	3429.05
1047.07	3431.15
1048.68	3433.24
1050.30	3430.10
1051.92	3438.47
1053.53	3430.10
1055.15	3440.56
1056.76	3432.19
1058.38	3434.29
1059.99	3446.84
1061.61	3433.24
1063.22	3430.10
1064.84	3429.05
1066.46	3435.33
1068.07	3430.10
1069.68	3428.01
1071.30	3441.61
1072.91	3429.05
1074.53	3409.17
1076.14	3432.19
1077.76	3415.45
1079.37	3423.82
1080.98	3391.38
1082.60	3418.59
1084.21	3412.31
1085.83	3417.54
1087.44	3413.36
1089.05	3404.99
1090.67	3406.03
1092.28	3397.66
1093.89	3406.03
1095.50	3408.13
1097.12	3397.66
1098.73	3408.13
1100.34	3381.97
1101.95	3399.75
1103.57	3399.75
1105.18	3390.34
1106.79	3384.06
1108.40	3401.85
1110.01	3400.80
1111.63	3408.13
1113.24	3401.85
1114.85	3398.71
1116.46	3393.48
1118.07	3412.31
1119.68	3385.10
1121.29	3399.75
1122.90	3388.24
1124.51	3401.85
1126.12	3411.26
1127.73	3410.22
1129.34	3412.31
1130.95	3415.45
1132.56	3418.59
1134.17	3387.20
1135.78	3397.66
1137.39	3410.22
1139.00	3393.48
1140.61	3404.99
1142.22	3407.08
1143.83	3396.62
1145.44	3396.62
1147.05	3397.66
1148.65	3395.57
1150.26	3389.29
1151.87	3376.73
1153.48	3395.57
1155.09	3404.99
1156.69	3401.85
1158.30	3386.15
1159.91	3389.29
1161.52	3399.75
1163.12	3401.85
1164.73	3397.66
1166.34	3410.22
1167.94	3403.94
1169.55	3407.08
1171.16	3408.13
1172.76	3409.17
1174.37	3400.80
1175.97	3420.68
1177.58	3391.38
1179.19	3409.17
1180.79	3399.75
1182.40	3417.54
1184.00	3396.62
1185.61	3418.59
1187.21	3410.22
1188.82	3406.03
1190.42	3410.22
1192.02	3402.89
1193.63	3385.10
1195.23	3397.66
1196.84	3395.57
1198.44	3401.85
1200.04	3412.31
1201.65	3404.99
1203.25	3395.57
1204.85	3402.89
1206.46	3385.10
1208.06	3407.08
1209.66	3391.38
1211.26	3401.85
1212.87	3404.99
1214.47	3380.92
1216.07	3389.29
1217.67	3391.38
1219.27	3379.87
1220.87	3383.01
1222.48	3380.92
1224.08	3379.87
1225.68	3390.34
1227.28	3387.20
1228.88	3380.92
1230.48	3380.92
1232.08	3353.71
1233.68	3374.64
1235.28	3387.20
1236.88	3366.27
1238.48	3350.57
1240.08	3377.78
1241.68	3349.53
1243.28	3362.08
1244.87	3362.08
1246.47	3350.57
1248.07	3341.16
1249.67	3347.43
1251.27	3353.71
1252.87	3340.11
1254.46	3331.74
1256.06	3331.74
1257.66	3329.65
1259.26	3323.37
1260.85	3334.88
1262.45	3333.83
1264.05	3319.18
1265.64	3318.14
1267.24	3315.00
1268.83	3326.51
1270.43	3319.18
1272.03	3328.60
1273.62	3316.04
1275.22	3309.76
1276.81	3316.04
1278.41	3308.72
1280.00	3305.58
1281.60	3304.53
1283.19	3291.98
1284.79	3308.72
1286.38	3305.58
1287.97	3308.72
1289.57	3290.93
1291.16	3299.30
1292.75	3282.56
1294.35	3290.93
1295.94	3285.70
1297.53	3291.98
1299.12	3268.95
1300.72	3295.11
1302.31	3267.91
1303.90	3296.16
1305.49	3296.16
1307.08	3276.28
1308.68	3270.00
1310.27	3274.19
1311.86	3275.23
1313.45	3271.05
1315.04	3262.68
1316.63	3262.68
1318.22	3251.17
1319.81	3244.89
1321.40	3237.56
1322.99	3243.84
1324.58	3231.28
1326.17	3239.66
1327.75	3227.10
1329.34	3231.28
1330.93	3228.14
1332.52	3217.68
1334.11	3225.01
1335.70	3223.96
1337.28	3212.45
1338.87	3205.12
1340.46	3200.94
1342.05	3197.80
1343.63	3186.29
1345.22	3197.80
1346.81	3205.12
1348.39	3194.66
1349.98	3185.24
1351.56	3174.78
1353.15	3170.59
1354.73	3167.45
1356.32	3158.04
1357.90	3152.80
1359.49	3149.66
1361.07	3123.50
1362.66	3133.97
1364.24	3133.97
1365.82	3131.88
1367.41	3138.15
1368.99	3111.99
1370.57	3096.30
1372.16	3104.67
1373.74	3100.48
1375.32	3106.76
1376.91	3095.25
1378.49	3064.91
1380.07	3040.84
1381.65	3031.42
1383.23	3014.68
1384.81	3011.54
1386.39	3005.26
1387.97	3002.12
1389.55	2994.80
1391.14	2988.52
1392.72	2968.64
1394.29	2966.54
1395.87	2965.50
1397.45	2950.85
1399.03	2949.80
1400.61	2938.29
1402.19	2934.11
1403.77	2920.50
1405.35	2940.38
1406.92	2919.46
1408.50	2923.64
1410.08	2917.36
1411.66	2914.22
1413.23	2901.67
1414.81	2911.09
1416.39	2890.16
1417.96	2904.81
1419.54	2890.16
1421.12	2903.76
1422.69	2907.95
1424.27	2895.39
1425.84	2901.67
1427.42	2885.97
1428.99	2904.81
1430.57	2904.81
1432.14	2888.06
1433.71	2892.25
1435.29	2896.44
1436.86	2885.97
1438.43	2884.93
1440.01	2882.83
1441.58	2766.68
1443.15	2891.20
1444.72	2891.20
1446.30	2883.88
1447.87	2889.11
1449.44	2879.69
1451.01	2867.14
1452.58	2881.79
1454.15	2879.69
1455.72	2871.32
1457.29	2878.65
1458.86	2892.25
1460.43	2877.60
1462.00	2895.39
1463.57	2882.83
1465.14	2883.88
1466.71	2875.51
1468.28	2878.65
1469.85	2876.55
1471.41	2887.02
1472.98	2875.51
1474.55	2882.83
1476.12	2871.32
1477.68	2875.51
1479.25	2889.11
1480.82	2885.97
1482.38	2888.06
1483.95	2873.42
1485.51	2882.83
1487.08	2897.48
1488.64	2895.39
1490.21	2903.76
1491.77	2887.02
1493.34	2893.30
1494.90	2883.88
1496.46	2889.11
1498.03	2894.34
1499.59	2895.39
1501.15	2898.53
1502.72	2898.53
1504.28	2897.48
1505.84	2890.16
1507.40	2885.97
1508.97	2907.95
1510.53	2908.99
1512.09	2918.41
1513.65	2913.18
1515.21	2910.04
1516.77	2893.30
1518.33	2912.13
1519.89	2908.99
1521.45	2906.90
1523.01	2911.09
1524.57	2916.32
1526.13	2904.81
1527.68	2911.09
1529.24	2912.13
1530.80	2903.76
1532.36	2914.22
1533.92	2901.67
1535.47	2900.62
1537.03	2902.71
1538.59	2910.04
1540.14	2907.95
1541.70	2902.71
1543.25	2921.55
1544.81	2912.13
1546.36	2914.22
1547.92	2906.90
1549.47	2912.13
1551.03	2910.04
1552.58	2895.39
1554.13	2895.39
1555.69	2905.85
1557.24	2900.62
1558.79	2902.71
1560.35	2905.85
1561.90	2912.13
1563.45	2894.34
1565.00	2896.44
1566.55	2890.16
1568.10	2897.48
1569.66	2884.93
1571.21	2900.62
1572.76	2893.30
1574.31	2898.53
1575.86	2891.20
1577.40	2882.83
1578.95	2885.97
1580.50	2888.06
1582.05	2876.55
1583.60	2879.69
1585.15	2871.32
1586.69	2880.74
1588.24	2884.93
1589.79	2891.20
1591.34	2873.42
1592.88	2894.34
1594.43	2862.95
1595.97	2874.46
1597.52	2867.14
1599.06	2874.46
1600.61	2870.28
1602.15	2879.69
1603.70	2866.09
1605.24	2869.23
1606.79	2875.51
1608.33	2860.86
1609.87	2851.44
1611.41	2872.37
1612.96	2858.77
1614.50	2852.49
1616.04	2864.00
1617.58	2865.04
1619.12	2855.63
1620.67	2860.86
1622.21	2835.74
1623.75	2856.67
1625.29	2842.02
1626.83	2838.88
1628.37	2847.26
1629.90	2834.70
1631.44	2836.79
1632.98	2828.42
1634.52	2806.45
1636.06	2811.68
1637.59	2821.10
1639.13	2803.31
1640.67	2803.31
1642.21	2787.61
1643.74	2782.38
1645.28	2768.78
1646.81	2753.08
1648.35	2765.64
1649.88	2741.57
1651.42	2740.52
1652.95	2717.50
1654.49	2740.52
1656.02	2719.59
1657.55	2725.87
1659.09	2703.90
1660.62	2719.59
1662.15	2701.81
1663.68	2704.94
1665.22	2701.81
1666.75	2696.57
1668.28	2692.39
1669.81	2709.13
1671.34	2697.62
1672.87	2702.85
1674.40	2703.90
1675.93	2696.57
1677.46	2671.46
1678.99	2676.69
1680.52	2681.92
1682.04	2690.29
1683.57	2673.55
1685.10	2680.88
1686.63	2677.74
1688.15	2677.74
1689.68	2668.32
1691.21	2667.27
1692.73	2669.37
1694.26	2672.51
1695.78	2662.04
1697.31	2656.81
1698.83	2661.00
1700.36	2671.46
1701.88	2661.00
1703.40	2680.88
1704.93	2659.95
1706.45	2666.23
