896.35	2959.22
897.98	2963.41
899.60	2965.50
901.22	2985.38
902.85	2980.15
904.47	2986.43
906.10	3004.22
907.72	3011.54
909.34	3014.68
910.97	3032.47
912.59	3054.44
914.21	3075.37
915.84	3094.21
917.46	3132.92
919.08	3153.85
920.71	3166.41
922.33	3186.29
923.95	3195.71
925.58	3226.05
927.20	3213.50
928.82	3230.24
930.44	3248.03
932.07	3244.89
933.69	3238.61
935.31	3244.89
936.93	3253.26
938.56	3264.77
940.18	3276.28
941.80	3267.91
943.42	3280.46
945.05	3288.84
946.67	3274.19
948.29	3280.46
949.91	3282.56
951.53	3293.02
953.16	3300.35
954.78	3298.25
956.40	3288.84
958.02	3289.88
959.64	3282.56
961.26	3280.46
962.88	3291.98
964.51	3287.79
966.13	3303.49
967.75	3297.21
969.37	3284.65
970.99	3284.65
972.61	3283.60
974.23	3288.84
975.85	3286.74
977.47	3284.65
979.09	3300.35
980.71	3285.70
982.33	3305.58
983.95	3305.58
985.57	3318.14
987.19	3303.49
988.81	3321.27
990.43	3304.53
992.05	3309.76
993.67	3322.32
995.29	3326.51
996.91	3311.86
998.53	3340.11
1000.15	3344.30
1001.77	3336.97
1003.39	3339.06
1005.01	3338.02
1006.63	3349.53
1008.25	3356.85
1009.86	3361.04
1011.48	3354.76
1013.10	3364.18
1014.72	3373.59
1016.34	3372.55
1017.96	3389.29
1019.58	3378.83
1021.19	3381.97
1022.81	3385.10
1024.43	3398.71
1026.05	3389.29
1027.66	3408.13
1029.28	3400.80
1030.90	3408.13
1032.52	3395.57
1034.13	3409.17
1035.75	3414.40
1037.37	3404.99
1038.98	3416.50
1040.60	3412.31
1042.22	3398.71
1043.83	3409.17
1045.45	3415.45
1047.07	3420.68
1048.68	3421.73
1050.30	3413.36
1051.92	3426.96
1053.53	3419.64
1055.15	3424.87
1056.76	3421.73
1058.38	3426.96
1059.99	3433.24
1061.61	3415.45
1063.22	3412.31
1064.84	3414.40
1066.46	3420.68
1068.07	3413.36
1069.68	3422.78
1071.30	3430.10
1072.91	3416.50
1074.53	3404.99
1076.14	3416.50
1077.76	3406.03
1079.37	3414.40
1080.98	3375.69
1082.60	3399.75
1084.21	3402.89
1085.83	3399.75
1087.44	3399.75
1089.05	3390.34
1090.67	3393.48
1092.28	3392.43
1093.89	3400.80
1095.50	3394.52
1097.12	3380.92
1098.73	3397.66
1100.34	3371.50
1101.95	3396.62
1103.57	3391.38
1105.18	3378.83
1106.79	3379.87
1108.40	3392.43
1110.01	3388.24
1111.63	3383.01
1113.24	3386.15
1114.85	3400.80
1116.46	3392.43
1118.07	3397.66
1119.68	3386.15
1121.29	3393.48
1122.90	3389.29
1124.51	3389.29
1126.12	3397.66
1127.73	3406.03
1129.34	3412.31
1130.95	3399.75
1132.56	3402.89
1134.17	3384.06
1135.78	3383.01
1137.39	3395.57
1139.00	3388.24
1140.61	3393.48
1142.22	3393.48
1143.83	3392.43
1145.44	3386.15
1147.05	3388.24
1148.65	3397.66
1150.26	3380.92
1151.87	3374.64
1153.48	3380.92
1155.09	3391.38
1156.69	3392.43
1158.30	3378.83
1159.91	3386.15
1161.52	3392.43
1163.12	3402.89
1164.73	3391.38
1166.34	3394.52
1167.94	3386.15
1169.55	3393.48
1171.16	3392.43
1172.76	3408.13
1174.37	3394.52
1175.97	3402.89
1177.58	3381.97
1179.19	3397.66
1180.79	3384.06
1182.40	3391.38
1184.00	3375.69
1185.61	3407.08
1187.21	3400.80
1188.82	3392.43
1190.42	3395.57
1192.02	3395.57
1193.63	3379.87
1195.23	3391.38
1196.84	3388.24
1198.44	3396.62
1200.04	3400.80
1201.65	3391.38
1203.25	3394.52
1204.85	3393.48
1206.46	3374.64
1208.06	3390.34
1209.66	3389.29
1211.26	3391.38
1212.87	3398.71
1214.47	3381.97
1216.07	3379.87
1217.67	3389.29
1219.27	3371.50
1220.87	3373.59
1222.48	3372.55
1224.08	3357.90
1225.68	3363.13
1227.28	3374.64
1228.88	3365.22
1230.48	3369.41
1232.08	3354.76
1233.68	3372.55
1235.28	3379.87
1236.88	3364.18
1238.48	3361.04
1240.08	3373.59
1241.68	3333.83
1243.28	3350.57
1244.87	3342.20
1246.47	3339.06
1248.07	3334.88
1249.67	3332.78
1251.27	3342.20
1252.87	3326.51
1254.46	3316.04
1256.06	3312.90
1257.66	3313.95
1259.26	3308.72
1260.85	3327.55
1262.45	3322.32
1264.05	3321.27
1265.64	3316.04
1267.24	3317.09
1268.83	3315.00
1270.43	3304.53
1272.03	3319.18
1273.62	3305.58
1275.22	3295.11
1276.81	3303.49
1278.41	3299.30
1280.00	3298.25
1281.60	3306.62
1283.19	3300.35
1284.79	3303.49
1286.38	3287.79
1287.97	3303.49
1289.57	3279.42
1291.16	3281.51
1292.75	3275.23
1294.35	3285.70
1295.94	3274.19
1297.53	3279.42
1299.12	3278.37
1300.72	3289.88
1302.31	3259.54
1303.90	3278.37
1305.49	3278.37
1307.08	3259.54
1308.68	3250.12
1310.27	3262.68
1311.86	3255.35
1313.45	3255.35
1315.04	3248.03
1316.63	3250.12
1318.22	3243.84
1319.81	3240.70
1321.40	3236.52
1322.99	3236.52
1324.58	3223.96
1326.17	3235.47
1327.75	3225.01
1329.34	3229.19
1330.93	3218.73
1332.52	3212.45
1334.11	3215.59
1335.70	3215.59
1337.28	3199.89
1338.87	3205.12
1340.46	3195.71
1342.05	3194.66
1343.63	3191.52
1345.22	3192.57
1346.81	3193.61
1348.39	3188.38
1349.98	3174.78
1351.56	3167.45
1353.15	3165.36
1354.73	3175.82
1356.32	3153.85
1357.90	3144.43
1359.49	3143.39
1361.07	3131.88
1362.66	3127.69
1364.24	3130.83
1365.82	3131.88
1367.41	3132.92
1368.99	3105.72
1370.57	3102.58
1372.16	3110.95
1373.74	3109.90
1375.32	3106.76
1376.91	3091.07
1378.49	3062.81
1380.07	3031.42
1381.65	3030.38
1383.23	3011.54
1384.81	3009.45
1386.39	3008.40
1387.97	3004.22
1389.55	2991.66
1391.14	2985.38
1392.72	2967.59
1394.29	2965.50
1395.87	2953.99
1397.45	2948.76
1399.03	2957.13
1400.61	2941.43
1402.19	2936.20
1403.77	2919.46
1405.35	2930.97
1406.92	2924.69
1408.50	2918.41
1410.08	2914.22
1411.66	2906.90
1413.23	2906.90
1414.81	2916.32
1416.39	2895.39
1417.96	2906.90
1419.54	2893.30
1421.12	2903.76
1422.69	2905.85
1424.27	2892.25
1425.84	2899.58
1427.42	2892.25
1428.99	2899.58
1430.57	2896.44
1432.14	2879.69
1433.71	2882.83
1435.29	2894.34
1436.86	2887.02
1438.43	2887.02
1440.01	2881.79
1441.58	2758.31
1443.15	2880.74
1444.72	2888.06
1446.30	2873.42
1447.87	2889.11
1449.44	2876.55
1451.01	2866.09
1452.58	2884.93
1454.15	2883.88
1455.72	2869.23
1457.29	2868.18
1458.86	2883.88
1460.43	2862.95
1462.00	2888.06
1463.57	2877.60
1465.14	2874.46
1466.71	2869.23
1468.28	2873.42
1469.85	2867.14
1471.41	2875.51
1472.98	2870.28
1474.55	2887.02
1476.12	2869.23
1477.68	2869.23
1479.25	2871.32
1480.82	2871.32
1482.38	2880.74
1483.95	2870.28
1485.51	2889.11
1487.08	2895.39
1488.64	2896.44
1490.21	2894.34
1491.77	2877.60
1493.34	2896.44
1494.90	2874.46
1496.46	2887.02
1498.03	2889.11
1499.59	2893.30
1501.15	2884.93
1502.72	2890.16
1504.28	2891.20
1505.84	2885.97
1507.40	2881.79
1508.97	2891.20
1510.53	2891.20
1512.09	2908.99
1513.65	2905.85
1515.21	2901.67
1516.77	2894.34
1518.33	2911.09
1519.89	2902.71
1521.45	2895.39
1523.01	2903.76
1524.57	2915.27
1526.13	2908.99
1527.68	2910.04
1529.24	2919.46
1530.80	2913.18
1532.36	2906.90
1533.92	2902.71
1535.47	2897.48
1537.03	2902.71
1538.59	2907.95
1540.14	2905.85
1541.70	2895.39
1543.25	2916.32
1544.81	2910.04
1546.36	2907.95
1547.92	2894.34
1549.47	2908.99
1551.03	2912.13
1552.58	2894.34
1554.13	2895.39
1555.69	2899.58
1557.24	2888.06
1558.79	2895.39
1560.35	2894.34
1561.90	2896.44
1563.45	2887.02
1565.00	2895.39
1566.55	2883.88
1568.10	2890.16
1569.66	2881.79
1571.21	2895.39
1572.76	2897.48
1574.31	2888.06
1575.86	2884.93
1577.40	2878.65
1578.95	2875.51
1580.50	2879.69
1582.05	2868.18
1583.60	2871.32
1585.15	2869.23
1586.69	2873.42
1588.24	2877.60
1589.79	2880.74
1591.34	2859.81
1592.88	2877.60
1594.43	2855.63
1595.97	2866.09
1597.52	2867.14
1599.06	2870.28
1600.61	2867.14
1602.15	2890.16
1603.70	2862.95
1605.24	2866.09
1606.79	2865.04
1608.33	2857.72
1609.87	2853.53
1611.41	2870.28
1612.96	2870.28
1614.50	2851.44
1616.04	2856.67
1617.58	2861.90
1619.12	2846.21
1620.67	2867.14
1622.21	2840.98
1623.75	2849.35
1625.29	2837.84
1626.83	2836.79
1628.37	2851.44
1629.90	2827.37
1631.44	2821.10
1632.98	2830.51
1634.52	2810.63
1636.06	2811.68
1637.59	2821.10
1639.13	2799.12
1640.67	2797.03
1642.21	2791.80
1643.74	2782.38
1645.28	2760.40
1646.81	2754.13
1648.35	2757.26
1649.88	2729.01
1651.42	2734.24
1652.95	2715.41
1654.49	2741.57
1656.02	2723.78
1657.55	2717.50
1659.09	2696.57
1660.62	2716.45
1662.15	2705.99
1663.68	2711.22
1665.22	2699.71
1666.75	2696.57
1668.28	2686.11
1669.81	2707.04
1671.34	2691.34
1672.87	2698.67
1674.40	2699.71
1675.93	2681.92
1677.46	2672.51
1678.99	2668.32
1680.52	2673.55
1682.04	2689.25
1683.57	2675.65
1685.10	2680.88
1686.63	2669.37
1688.15	2669.37
1689.68	2662.04
1691.21	2662.04
1692.73	2672.51
1694.26	2675.65
1695.78	2669.37
1697.31	2671.46
1698.83	2656.81
1700.36	2665.18
1701.88	2650.53
1703.40	2669.37
1704.93	2650.53
1706.45	2659.95
