896.35	2935.15
897.98	2938.29
899.60	2944.57
901.22	2968.64
902.85	2953.99
904.47	2975.96
906.10	2980.15
907.72	2979.10
909.34	2984.33
910.97	2996.89
912.59	3018.86
914.21	3035.61
915.84	3068.05
917.46	3096.30
919.08	3124.55
920.71	3128.74
922.33	3152.80
923.95	3158.04
925.58	3186.29
927.20	3180.01
928.82	3190.47
930.44	3211.40
932.07	3195.71
933.69	3188.38
935.31	3206.17
936.93	3215.59
938.56	3222.91
940.18	3228.14
941.80	3217.68
943.42	3228.14
945.05	3233.38
946.67	3225.01
948.29	3237.56
949.91	3225.01
951.53	3239.66
953.16	3242.79
954.78	3246.98
956.40	3231.28
958.02	3234.42
959.64	3253.26
961.26	3242.79
962.88	3238.61
964.51	3234.42
966.13	3250.12
967.75	3249.07
969.37	3235.47
970.99	3235.47
972.61	3241.75
974.23	3235.47
975.85	3239.66
977.47	3242.79
979.09	3249.07
980.71	3240.70
982.33	3251.17
983.95	3261.63
985.57	3263.72
987.19	3252.21
988.81	3260.58
990.43	3258.49
992.05	3259.54
993.67	3267.91
995.29	3264.77
996.91	3263.72
998.53	3291.98
1000.15	3285.70
1001.77	3288.84
1003.39	3293.02
1005.01	3296.16
1006.63	3303.49
1008.25	3298.25
1009.86	3307.67
1011.48	3305.58
1013.10	3301.39
1014.72	3316.04
1016.34	3320.23
1017.96	3338.02
1019.58	3321.27
1021.19	3318.14
1022.81	3328.60
1024.43	3339.06
1026.05	3339.06
1027.66	3352.67
1029.28	3351.62
1030.90	3348.48
1032.52	3335.92
1034.13	3352.67
1035.75	3361.04
1037.37	3364.18
1038.98	3369.41
1040.60	3359.99
1042.22	3342.20
1043.83	3354.76
1045.45	3359.99
1047.07	3355.81
1048.68	3362.08
1050.30	3354.76
1051.92	3362.08
1053.53	3366.27
1055.15	3369.41
1056.76	3357.90
1058.38	3355.81
1059.99	3366.27
1061.61	3361.04
1063.22	3357.90
1064.84	3361.04
1066.46	3355.81
1068.07	3351.62
1069.68	3356.85
1071.30	3372.55
1072.91	3357.90
1074.53	3353.71
1076.14	3362.08
1077.76	3356.85
1079.37	3367.32
1080.98	3331.74
1082.60	3340.11
1084.21	3344.30
1085.83	3346.39
1087.44	3341.16
1089.05	3333.83
1090.67	3326.51
1092.28	3338.02
1093.89	3343.25
1095.50	3338.02
1097.12	3338.02
1098.73	3346.39
1100.34	3316.04
1101.95	3336.97
1103.57	3340.11
1105.18	3332.78
1106.79	3322.32
1108.40	3335.92
1110.01	3327.55
1111.63	3335.92
1113.24	3339.06
1114.85	3335.92
1116.46	3334.88
1118.07	3350.57
1119.68	3328.60
1121.29	3329.65
1122.90	3325.46
1124.51	3344.30
1126.12	3344.30
1127.73	3349.53
1129.34	3344.30
1130.95	3349.53
1132.56	3355.81
1134.17	3326.51
1135.78	3331.74
1137.39	3345.34
1139.00	3339.06
1140.61	3325.46
1142.22	3333.83
1143.83	3335.92
1145.44	3332.78
1147.05	3326.51
1148.65	3338.02
1150.26	3326.51
1151.87	3325.46
1153.48	3340.11
1155.09	3338.02
1156.69	3340.11
1158.30	3325.46
1159.91	3328.60
1161.52	3330.69
1163.12	3338.02
1164.73	3327.55
1166.34	3345.34
1167.94	3328.60
1169.55	3345.34
1171.16	3346.39
1172.76	3339.06
1174.37	3328.60
1175.97	3336.97
1177.58	3323.37
1179.19	3336.97
1180.79	3328.60
1182.40	3342.20
1184.00	3331.74
1185.61	3350.57
1187.21	3345.34
1188.82	3344.30
1190.42	3343.25
1192.02	3331.74
1193.63	3321.27
1195.23	3336.97
1196.84	3335.92
1198.44	3338.02
1200.04	3345.34
1201.65	3336.97
1203.25	3334.88
1204.85	3341.16
1206.46	3322.32
1208.06	3331.74
1209.66	3326.51
1211.26	3322.32
1212.87	3342.20
1214.47	3328.60
1216.07	3324.41
1217.67	3331.74
1219.27	3324.41
1220.87	3330.69
1222.48	3325.46
1224.08	3320.23
1225.68	3317.09
1227.28	3318.14
1228.88	3306.62
1230.48	3324.41
1232.08	3310.81
1233.68	3317.09
1235.28	3320.23
1236.88	3304.53
1238.48	3297.21
1240.08	3317.09
1241.68	3287.79
1243.28	3295.11
1244.87	3288.84
1246.47	3284.65
1248.07	3286.74
1249.67	3276.28
1251.27	3291.98
1252.87	3277.33
1254.46	3266.86
1256.06	3270.00
1257.66	3267.91
1259.26	3263.72
1260.85	3276.28
1262.45	3268.95
1264.05	3273.14
1265.64	3277.33
1267.24	3259.54
1268.83	3267.91
1270.43	3261.63
1272.03	3279.42
1273.62	3260.58
1275.22	3245.93
1276.81	3255.35
1278.41	3252.21
1280.00	3262.68
1281.60	3249.07
1283.19	3251.17
1284.79	3253.26
1286.38	3240.70
1287.97	3248.03
1289.57	3231.28
1291.16	3235.47
1292.75	3227.10
1294.35	3242.79
1295.94	3235.47
1297.53	3241.75
1299.12	3217.68
1300.72	3241.75
1302.31	3212.45
1303.90	3242.79
1305.49	3239.66
1307.08	3217.68
1308.68	3217.68
1310.27	3216.63
1311.86	3214.54
1313.45	3211.40
1315.04	3208.26
1316.63	3204.08
1318.22	3204.08
1319.81	3200.94
1321.40	3203.03
1322.99	3206.17
1324.58	3193.61
1326.17	3184.20
1327.75	3171.64
1329.34	3180.01
1330.93	3177.92
1332.52	3171.64
1334.11	3172.69
1335.70	3174.78
1337.28	3159.08
1338.87	3164.31
1340.46	3163.27
1342.05	3156.99
1343.63	3149.66
1345.22	3161.18
1346.81	3161.18
1348.39	3142.34
1349.98	3140.25
1351.56	3132.92
1353.15	3128.74
1354.73	3137.11
1356.32	3118.27
1357.90	3108.86
1359.49	3113.04
1361.07	3102.58
1362.66	3088.97
1364.24	3098.39
1365.82	3101.53
1367.41	3102.58
1368.99	3074.32
1370.57	3079.56
1372.16	3077.46
1373.74	3069.09
1375.32	3070.14
1376.91	3060.72
1378.49	3035.61
1380.07	3009.45
1381.65	3006.31
1383.23	2991.66
1384.81	2989.57
1386.39	2981.19
1387.97	2986.43
1389.55	2981.19
1391.14	2966.54
1392.72	2949.80
1394.29	2945.62
1395.87	2940.38
1397.45	2938.29
1399.03	2943.52
1400.61	2930.97
1402.19	2922.60
1403.77	2906.90
1405.35	2925.74
1406.92	2904.81
1408.50	2912.13
1410.08	2901.67
1411.66	2897.48
1413.23	2898.53
1414.81	2898.53
1416.39	2880.74
1417.96	2899.58
1419.54	2889.11
1421.12	2891.20
1422.69	2891.20
1424.27	2878.65
1425.84	2888.06
1427.42	2878.65
1428.99	2883.88
1430.57	2880.74
1432.14	2882.83
1433.71	2875.51
1435.29	2890.16
1436.86	2883.88
1438.43	2881.79
1440.01	2872.37
1441.58	2755.17
1443.15	2873.42
1444.72	2879.69
1446.30	2874.46
1447.87	2882.83
1449.44	2868.18
1451.01	2862.95
1452.58	2878.65
1454.15	2870.28
1455.72	2866.09
1457.29	2864.00
1458.86	2875.51
1460.43	2866.09
1462.00	2882.83
1463.57	2870.28
1465.14	2870.28
1466.71	2861.90
1468.28	2873.42
1469.85	2870.28
1471.41	2870.28
1472.98	2857.72
1474.55	2882.83
1476.12	2864.00
1477.68	2857.72
1479.25	2865.04
1480.82	2864.00
1482.38	2871.32
1483.95	2861.90
1485.51	2872.37
1487.08	2879.69
1488.64	2883.88
1490.21	2882.83
1491.77	2869.23
1493.34	2889.11
1494.90	2879.69
1496.46	2878.65
1498.03	2875.51
1499.59	2884.93
1501.15	2889.11
1502.72	2883.88
1504.28	2882.83
1505.84	2884.93
1507.40	2878.65
1508.97	2893.30
1510.53	2879.69
1512.09	2897.48
1513.65	2896.44
1515.21	2892.25
1516.77	2874.46
1518.33	2895.39
1519.89	2889.11
1521.45	2892.25
1523.01	2896.44
1524.57	2896.44
1526.13	2894.34
1527.68	2903.76
1529.24	2904.81
1530.80	2889.11
1532.36	2895.39
1533.92	2892.25
1535.47	2878.65
1537.03	2884.93
1538.59	2892.25
1540.14	2887.02
1541.70	2883.88
1543.25	2904.81
1544.81	2892.25
1546.36	2900.62
1547.92	2881.79
1549.47	2889.11
1551.03	2879.69
1552.58	2885.97
1554.13	2877.60
1555.69	2879.69
1557.24	2871.32
1558.79	2883.88
1560.35	2882.83
1561.90	2884.93
1563.45	2873.42
1565.00	2877.60
1566.55	2877.60
1568.10	2865.04
1569.66	2857.72
1571.21	2877.60
1572.76	2872.37
1574.31	2874.46
1575.86	2876.55
1577.40	2865.04
1578.95	2861.90
1580.50	2860.86
1582.05	2854.58
1583.60	2857.72
1585.15	2856.67
1586.69	2852.49
1588.24	2858.77
1589.79	2862.95
1591.34	2843.07
1592.88	2871.32
1594.43	2845.16
1595.97	2856.67
1597.52	2854.58
1599.06	2858.77
1600.61	2843.07
1602.15	2854.58
1603.70	2843.07
1605.24	2852.49
1606.79	2849.35
1608.33	2835.74
1609.87	2837.84
1611.41	2845.16
1612.96	2844.12
1614.50	2837.84
1616.04	2836.79
1617.58	2847.26
1619.12	2828.42
1620.67	2840.98
1622.21	2815.86
1623.75	2834.70
1625.29	2823.19
1626.83	2819.00
1628.37	2836.79
1629.90	2815.86
1631.44	2814.82
1632.98	2816.91
1634.52	2794.94
1636.06	2801.21
1637.59	2809.58
1639.13	2797.03
1640.67	2780.29
1642.21	2761.45
1643.74	2768.78
1645.28	2749.94
1646.81	2742.62
1648.35	2750.99
1649.88	2722.73
1651.42	2727.97
1652.95	2711.22
1654.49	2735.29
1656.02	2709.13
1657.55	2713.32
1659.09	2691.34
1660.62	2704.94
1662.15	2690.29
1663.68	2702.85
1665.22	2694.48
1666.75	2688.20
1668.28	2682.97
1669.81	2694.48
1671.34	2689.25
1672.87	2691.34
1674.40	2699.71
1675.93	2684.02
1677.46	2673.55
1678.99	2669.37
1680.52	2669.37
1682.04	2680.88
1683.57	2673.55
1685.10	2680.88
1686.63	2676.69
1688.15	2676.69
1689.68	2656.81
1691.21	2659.95
1692.73	2658.90
1694.26	2672.51
1695.78	2657.86
1697.31	2663.09
1698.83	2650.53
1700.36	2663.09
1701.88	2648.44
1703.40	2670.41
1704.93	2658.90
1706.45	2656.81
