896.35	3072.23
897.98	3088.97
899.60	3088.97
901.22	3119.32
902.85	3106.76
904.47	3123.50
906.10	3129.78
907.72	3135.02
909.34	3139.20
910.97	3165.36
912.59	3189.43
914.21	3233.38
915.84	3266.86
917.46	3318.14
919.08	3333.83
920.71	3369.41
922.33	3377.78
923.95	3407.08
925.58	3420.68
927.20	3437.42
928.82	3433.24
930.44	3469.86
932.07	3465.68
933.69	3453.12
935.31	3462.54
936.93	3484.51
938.56	3477.19
940.18	3500.21
941.80	3493.93
943.42	3511.72
945.05	3511.72
946.67	3522.18
948.29	3516.95
949.91	3509.63
951.53	3507.53
953.16	3539.97
954.78	3526.37
956.40	3518.00
958.02	3510.67
959.64	3527.42
961.26	3507.53
962.88	3528.46
964.51	3501.26
966.13	3533.69
967.75	3523.23
969.37	3530.55
970.99	3512.77
972.61	3514.86
974.23	3510.67
975.85	3525.32
977.47	3521.14
979.09	3526.37
980.71	3516.95
982.33	3535.79
983.95	3531.60
985.57	3555.67
987.19	3537.88
988.81	3562.99
990.43	3549.39
992.05	3551.48
993.67	3556.71
995.29	3561.95
996.91	3545.20
998.53	3591.25
1000.15	3577.64
1001.77	3601.71
1003.39	3590.20
1005.01	3604.85
1006.63	3599.62
1008.25	3615.31
1009.86	3614.27
1011.48	3629.96
1013.10	3619.50
1014.72	3640.43
1016.34	3627.87
1017.96	3661.35
1019.58	3643.57
1021.19	3657.17
1022.81	3643.57
1024.43	3669.73
1026.05	3651.94
1027.66	3672.86
1029.28	3668.68
1030.90	3691.70
1032.52	3661.35
1034.13	3689.61
1035.75	3684.38
1037.37	3702.16
1038.98	3694.84
1040.60	3708.44
1042.22	3676.00
1043.83	3702.16
1045.45	3693.79
1047.07	3702.16
1048.68	3691.70
1050.30	3702.16
1051.92	3700.07
1053.53	3709.49
1055.15	3702.16
1056.76	3704.26
1058.38	3701.12
1059.99	3711.58
1061.61	3688.56
1063.22	3697.98
1064.84	3690.65
1066.46	3701.12
1068.07	3681.24
1069.68	3704.26
1071.30	3689.61
1072.91	3692.75
1074.53	3682.28
1076.14	3708.44
1077.76	3678.10
1079.37	3690.65
1080.98	3651.94
1082.60	3684.38
1084.21	3672.86
1085.83	3688.56
1087.44	3674.96
1089.05	3665.54
1090.67	3655.08
1092.28	3668.68
1093.89	3669.73
1095.50	3682.28
1097.12	3665.54
1098.73	3679.14
1100.34	3637.29
1101.95	3662.40
1103.57	3662.40
1105.18	3661.35
1106.79	3650.89
1108.40	3666.59
1110.01	3651.94
1111.63	3670.77
1113.24	3660.31
1114.85	3667.63
1116.46	3659.26
1118.07	3673.91
1119.68	3643.57
1121.29	3663.45
1122.90	3658.22
1124.51	3668.68
1126.12	3666.59
1127.73	3681.24
1129.34	3667.63
1130.95	3679.14
1132.56	3665.54
1134.17	3663.45
1135.78	3654.03
1137.39	3677.05
1139.00	3650.89
1140.61	3665.54
1142.22	3660.31
1143.83	3668.68
1145.44	3649.84
1147.05	3670.77
1148.65	3658.22
1150.26	3662.40
1151.87	3651.94
1153.48	3663.45
1155.09	3667.63
1156.69	3676.00
1158.30	3650.89
1159.91	3667.63
1161.52	3674.96
1163.12	3679.14
1164.73	3659.26
1166.34	3685.42
1167.94	3670.77
1169.55	3684.38
1171.16	3657.17
1172.76	3677.05
1174.37	3669.73
1175.97	3684.38
1177.58	3660.31
1179.19	3688.56
1180.79	3661.35
1182.40	3669.73
1184.00	3657.17
1185.61	3689.61
1187.21	3672.86
1188.82	3676.00
1190.42	3667.63
1192.02	3679.14
1193.63	3659.26
1195.23	3676.00
1196.84	3661.35
1198.44	3680.19
1200.04	3681.24
1201.65	3686.47
1203.25	3673.91
1204.85	3685.42
1206.46	3658.22
1208.06	3667.63
1209.66	3654.03
1211.26	3667.63
1212.87	3676.00
1214.47	3664.49
1216.07	3647.75
1217.67	3673.91
1219.27	3648.80
1220.87	3662.40
1222.48	3650.89
1224.08	3649.84
1225.68	3646.70
1227.28	3658.22
1228.88	3637.29
1230.48	3652.98
1232.08	3624.73
1233.68	3643.57
1235.28	3640.43
1236.88	3632.06
1238.48	3612.17
1240.08	3650.89
1241.68	3602.76
1243.28	3619.50
1244.87	3604.85
1246.47	3611.13
1248.07	3586.01
1249.67	3602.76
1251.27	3598.57
1252.87	3589.15
1254.46	3572.41
1256.06	3584.97
1257.66	3570.32
1259.26	3571.36
1260.85	3568.22
1262.45	3575.55
1264.05	3566.13
1265.64	3565.09
1267.24	3558.81
1268.83	3577.64
1270.43	3568.22
1272.03	3578.69
1273.62	3549.39
1275.22	3549.39
1276.81	3560.90
1278.41	3555.67
1280.00	3552.53
1281.60	3551.48
1283.19	3537.88
1284.79	3552.53
1286.38	3536.83
1287.97	3553.58
1289.57	3532.65
1291.16	3534.74
1292.75	3506.49
1294.35	3531.60
1295.94	3518.00
1297.53	3523.23
1299.12	3501.26
1300.72	3531.60
1302.31	3486.61
1303.90	3532.65
1305.49	3518.00
1307.08	3502.30
1308.68	3494.98
1310.27	3501.26
1311.86	3489.74
1313.45	3487.65
1315.04	3471.96
1316.63	3483.47
1318.22	3473.00
1319.81	3471.96
1321.40	3466.72
1322.99	3467.77
1324.58	3440.56
1326.17	3465.68
1327.75	3459.40
1329.34	3456.26
1330.93	3434.29
1332.52	3436.38
1334.11	3432.19
1335.70	3437.42
1337.28	3414.40
1338.87	3423.82
1340.46	3412.31
1342.05	3407.08
1343.63	3403.94
1345.22	3404.99
1346.81	3401.85
1348.39	3390.34
1349.98	3389.29
1351.56	3381.97
1353.15	3363.13
1354.73	3366.27
1356.32	3344.30
1357.90	3348.48
1359.49	3335.92
1361.07	3328.60
1362.66	3311.86
1364.24	3323.37
1365.82	3307.67
1367.41	3311.86
1368.99	3276.28
1370.57	3280.46
1372.16	3279.42
1373.74	3289.88
1375.32	3274.19
1376.91	3256.40
1378.49	3231.28
1380.07	3191.52
1381.65	3165.36
1383.23	3150.71
1384.81	3147.57
1386.39	3140.25
1387.97	3142.34
1389.55	3135.02
1391.14	3120.37
1392.72	3098.39
1394.29	3088.97
1395.87	3081.65
1397.45	3067.00
1399.03	3067.00
1400.61	3042.93
1402.19	3043.98
1403.77	3022.00
1405.35	3032.47
1406.92	3018.86
1408.50	3014.68
1410.08	3014.68
1411.66	3004.22
1413.23	2993.75
1414.81	3003.17
1416.39	2971.78
1417.96	2987.47
1419.54	2981.19
1421.12	2988.52
1422.69	2991.66
1424.27	2973.87
1425.84	2974.92
1427.42	2978.06
1428.99	2977.01
1430.57	2983.29
1432.14	2963.41
1433.71	2965.50
1435.29	2971.78
1436.86	2974.92
1438.43	2960.27
1440.01	2959.22
1441.58	2838.88
1443.15	2970.73
1444.72	2961.31
1446.30	2957.13
1447.87	2957.13
1449.44	2949.80
1451.01	2946.66
1452.58	2958.17
1454.15	2953.99
1455.72	2939.34
1457.29	2939.34
1458.86	2955.03
1460.43	2949.80
1462.00	2973.87
1463.57	2949.80
1465.14	2962.36
1466.71	2948.76
1468.28	2952.94
1469.85	2948.76
1471.41	2960.27
1472.98	2946.66
1474.55	2965.50
1476.12	2948.76
1477.68	2947.71
1479.25	2962.36
1480.82	2960.27
1482.38	2963.41
1483.95	2950.85
1485.51	2960.27
1487.08	2977.01
1488.64	2969.68
1490.21	2972.82
1491.77	2964.45
1493.34	2977.01
1494.90	2959.22
1496.46	2963.41
1498.03	2979.10
1499.59	2981.19
1501.15	2977.01
1502.72	2975.96
1504.28	2981.19
1505.84	2983.29
1507.40	2972.82
1508.97	2993.75
1510.53	2988.52
1512.09	3000.03
1513.65	2993.75
1515.21	2993.75
1516.77	2978.06
1518.33	3004.22
1519.89	3002.12
1521.45	2996.89
1523.01	3001.08
1524.57	3001.08
1526.13	2996.89
1527.68	3005.26
1529.24	3005.26
1530.80	3006.31
1532.36	3011.54
1533.92	3001.08
1535.47	2987.47
1537.03	2996.89
1538.59	3001.08
1540.14	2998.98
1541.70	2983.29
1543.25	3013.63
1544.81	2998.98
1546.36	3011.54
1547.92	2991.66
1549.47	3004.22
1551.03	3006.31
1552.58	2995.84
1554.13	2977.01
1555.69	2992.70
1557.24	2982.24
1558.79	2984.33
1560.35	2982.24
1561.90	2988.52
1563.45	2978.06
1565.00	2986.43
1566.55	2979.10
1568.10	2977.01
1569.66	2963.41
1571.21	2980.15
1572.76	2978.06
1574.31	2973.87
1575.86	2977.01
1577.40	2972.82
1578.95	2977.01
1580.50	2974.92
1582.05	2949.80
1583.60	2964.45
1585.15	2948.76
1586.69	2965.50
1588.24	2972.82
1589.79	2973.87
1591.34	2939.34
1592.88	2962.36
1594.43	2945.62
1595.97	2964.45
1597.52	2958.17
1599.06	2960.27
1600.61	2947.71
1602.15	2968.64
1603.70	2951.90
1605.24	2953.99
1606.79	2953.99
1608.33	2946.66
1609.87	2942.48
1611.41	2952.94
1612.96	2948.76
1614.50	2934.11
1616.04	2937.25
1617.58	2944.57
1619.12	2935.15
1620.67	2941.43
1622.21	2912.13
1623.75	2934.11
1625.29	2915.27
1626.83	2916.32
1628.37	2918.41
1629.90	2904.81
1631.44	2899.58
1632.98	2905.85
1634.52	2880.74
1636.06	2877.60
1637.59	2876.55
1639.13	2864.00
1640.67	2857.72
1642.21	2835.74
1643.74	2823.19
1645.28	2807.49
1646.81	2800.17
1648.35	2799.12
1649.88	2771.91
1651.42	2771.91
1652.95	2750.99
1654.49	2770.87
1656.02	2746.80
1657.55	2752.03
1659.09	2726.92
1660.62	2740.52
1662.15	2725.87
1663.68	2738.43
1665.22	2724.83
1666.75	2720.64
1668.28	2704.94
1669.81	2725.87
1671.34	2711.22
1672.87	2713.32
1674.40	2715.41
1675.93	2704.94
1677.46	2695.53
1678.99	2690.29
1680.52	2689.25
1682.04	2702.85
1683.57	2688.20
1685.10	2697.62
1686.63	2690.29
1688.15	2695.53
1689.68	2675.65
1691.21	2681.92
1692.73	2685.06
1694.26	2693.43
1695.78	2679.83
1697.31	2682.97
1698.83	2673.55
1700.36	2681.92
1701.88	2677.74
1703.40	2682.97
1704.93	2658.90
1706.45	2674.60
