896.35	2951.90
897.98	2960.27
899.60	2964.45
901.22	2994.80
902.85	2982.24
904.47	2989.57
906.10	2993.75
907.72	3003.17
909.34	3020.96
910.97	3029.33
912.59	3046.07
914.21	3071.18
915.84	3092.11
917.46	3127.69
919.08	3153.85
920.71	3156.99
922.33	3187.34
923.95	3192.57
925.58	3216.63
927.20	3211.40
928.82	3225.01
930.44	3240.70
932.07	3234.42
933.69	3225.01
935.31	3240.70
936.93	3245.93
938.56	3249.07
940.18	3254.30
941.80	3259.54
943.42	3266.86
945.05	3276.28
946.67	3268.95
948.29	3276.28
949.91	3272.09
951.53	3281.51
953.16	3285.70
954.78	3284.65
956.40	3268.95
958.02	3266.86
959.64	3281.51
961.26	3281.51
962.88	3284.65
964.51	3270.00
966.13	3294.07
967.75	3289.88
969.37	3278.37
970.99	3276.28
972.61	3270.00
974.23	3274.19
975.85	3280.46
977.47	3286.74
979.09	3290.93
980.71	3279.42
982.33	3291.98
983.95	3294.07
985.57	3312.90
987.19	3296.16
988.81	3309.76
990.43	3300.35
992.05	3306.62
993.67	3311.86
995.29	3309.76
996.91	3295.11
998.53	3333.83
1000.15	3330.69
1001.77	3335.92
1003.39	3330.69
1005.01	3332.78
1006.63	3343.25
1008.25	3342.20
1009.86	3357.90
1011.48	3352.67
1013.10	3348.48
1014.72	3358.94
1016.34	3365.22
1017.96	3380.92
1019.58	3367.32
1021.19	3368.36
1022.81	3367.32
1024.43	3387.20
1026.05	3380.92
1027.66	3389.29
1029.28	3388.24
1030.90	3390.34
1032.52	3378.83
1034.13	3399.75
1035.75	3412.31
1037.37	3401.85
1038.98	3406.03
1040.60	3408.13
1042.22	3394.52
1043.83	3400.80
1045.45	3402.89
1047.07	3406.03
1048.68	3415.45
1050.30	3403.94
1051.92	3403.94
1053.53	3404.99
1055.15	3418.59
1056.76	3412.31
1058.38	3413.36
1059.99	3422.78
1061.61	3411.26
1063.22	3413.36
1064.84	3412.31
1066.46	3410.22
1068.07	3401.85
1069.68	3404.99
1071.30	3413.36
1072.91	3409.17
1074.53	3394.52
1076.14	3404.99
1077.76	3395.57
1079.37	3397.66
1080.98	3373.59
1082.60	3391.38
1084.21	3397.66
1085.83	3398.71
1087.44	3394.52
1089.05	3384.06
1090.67	3380.92
1092.28	3392.43
1093.89	3397.66
1095.50	3400.80
1097.12	3381.97
1098.73	3392.43
1100.34	3359.99
1101.95	3390.34
1103.57	3378.83
1105.18	3377.78
1106.79	3368.36
1108.40	3385.10
1110.01	3381.97
1111.63	3386.15
1113.24	3396.62
1114.85	3390.34
1116.46	3381.97
1118.07	3389.29
1119.68	3373.59
1121.29	3385.10
1122.90	3385.10
1124.51	3389.29
1126.12	3388.24
1127.73	3393.48
1129.34	3392.43
1130.95	3401.85
1132.56	3400.80
1134.17	3389.29
1135.78	3386.15
1137.39	3389.29
1139.00	3377.78
1140.61	3391.38
1142.22	3397.66
1143.83	3387.20
1145.44	3386.15
1147.05	3386.15
1148.65	3391.38
1150.26	3379.87
1151.87	3376.73
1153.48	3395.57
1155.09	3393.48
1156.69	3395.57
1158.30	3372.55
1159.91	3385.10
1161.52	3389.29
1163.12	3387.20
1164.73	3376.73
1166.34	3403.94
1167.94	3384.06
1169.55	3399.75
1171.16	3395.57
1172.76	3402.89
1174.37	3399.75
1175.97	3409.17
1177.58	3388.24
1179.19	3400.80
1180.79	3381.97
1182.40	3392.43
1184.00	3389.29
1185.61	3397.66
1187.21	3401.85
1188.82	3393.48
1190.42	3398.71
1192.02	3383.01
1193.63	3379.87
1195.23	3396.62
1196.84	3395.57
1198.44	3393.48
1200.04	3401.85
1201.65	3396.62
1203.25	3394.52
1204.85	3400.80
1206.46	3380.92
1208.06	3387.20
1209.66	3375.69
1211.26	3379.87
1212.87	3399.75
1214.47	3383.01
1216.07	3380.92
1217.67	3392.43
1219.27	3388.24
1220.87	3386.15
1222.48	3387.20
1224.08	3365.22
1225.68	3366.27
1227.28	3372.55
1228.88	3373.59
1230.48	3371.50
1232.08	3357.90
1233.68	3368.36
1235.28	3372.55
1236.88	3357.90
1238.48	3349.53
1240.08	3375.69
1241.68	3343.25
1243.28	3351.62
1244.87	3338.02
1246.47	3343.25
1248.07	3331.74
1249.67	3345.34
1251.27	3347.43
1252.87	3332.78
1254.46	3324.41
1256.06	3327.55
1257.66	3323.37
1259.26	3310.81
1260.85	3323.37
1262.45	3309.76
1264.05	3311.86
1265.64	3316.04
1267.24	3320.23
1268.83	3331.74
1270.43	3319.18
1272.03	3329.65
1273.62	3303.49
1275.22	3293.02
1276.81	3308.72
1278.41	3308.72
1280.00	3307.67
1281.60	3304.53
1283.19	3290.93
1284.79	3303.49
1286.38	3289.88
1287.97	3305.58
1289.57	3288.84
1291.16	3277.33
1292.75	3272.09
1294.35	3286.74
1295.94	3278.37
1297.53	3282.56
1299.12	3266.86
1300.72	3295.11
1302.31	3266.86
1303.90	3282.56
1305.49	3270.00
1307.08	3267.91
1308.68	3264.77
1310.27	3270.00
1311.86	3261.63
1313.45	3251.17
1315.04	3249.07
1316.63	3250.12
1318.22	3254.30
1319.81	3246.98
1321.40	3244.89
1322.99	3252.21
1324.58	3221.87
1326.17	3228.14
1327.75	3223.96
1329.34	3236.52
1330.93	3228.14
1332.52	3215.59
1334.11	3208.26
1335.70	3207.22
1337.28	3208.26
1338.87	3209.31
1340.46	3206.17
1342.05	3200.94
1343.63	3188.38
1345.22	3192.57
1346.81	3195.71
1348.39	3184.20
1349.98	3185.24
1351.56	3187.34
1353.15	3167.45
1354.73	3169.55
1356.32	3155.94
1357.90	3152.80
1359.49	3151.76
1361.07	3136.06
1362.66	3127.69
1364.24	3136.06
1365.82	3128.74
1367.41	3126.64
1368.99	3109.90
1370.57	3113.04
1372.16	3116.18
1373.74	3104.67
1375.32	3106.76
1376.91	3099.44
1378.49	3067.00
1380.07	3039.79
1381.65	3034.56
1383.23	3025.14
1384.81	3030.38
1386.39	3011.54
1387.97	3007.35
1389.55	3005.26
1391.14	2995.84
1392.72	2982.24
1394.29	2971.78
1395.87	2965.50
1397.45	2960.27
1399.03	2956.08
1400.61	2943.52
1402.19	2936.20
1403.77	2926.78
1405.35	2943.52
1406.92	2928.87
1408.50	2924.69
1410.08	2921.55
1411.66	2912.13
1413.23	2911.09
1414.81	2912.13
1416.39	2895.39
1417.96	2911.09
1419.54	2900.62
1421.12	2901.67
1422.69	2907.95
1424.27	2899.58
1425.84	2902.71
1427.42	2898.53
1428.99	2894.34
1430.57	2895.39
1432.14	2887.02
1433.71	2893.30
1435.29	2897.48
1436.86	2898.53
1438.43	2890.16
1440.01	2885.97
1441.58	2764.59
1443.15	2889.11
1444.72	2890.16
1446.30	2882.83
1447.87	2891.20
1449.44	2874.46
1451.01	2864.00
1452.58	2884.93
1454.15	2877.60
1455.72	2872.37
1457.29	2874.46
1458.86	2883.88
1460.43	2872.37
1462.00	2894.34
1463.57	2877.60
1465.14	2883.88
1466.71	2872.37
1468.28	2875.51
1469.85	2880.74
1471.41	2883.88
1472.98	2873.42
1474.55	2883.88
1476.12	2872.37
1477.68	2868.18
1479.25	2892.25
1480.82	2880.74
1482.38	2895.39
1483.95	2871.32
1485.51	2882.83
1487.08	2891.20
1488.64	2893.30
1490.21	2895.39
1491.77	2880.74
1493.34	2892.25
1494.90	2871.32
1496.46	2887.02
1498.03	2883.88
1499.59	2893.30
1501.15	2890.16
1502.72	2885.97
1504.28	2887.02
1505.84	2891.20
1507.40	2889.11
1508.97	2914.22
1510.53	2899.58
1512.09	2907.95
1513.65	2904.81
1515.21	2900.62
1516.77	2889.11
1518.33	2910.04
1519.89	2900.62
1521.45	2907.95
1523.01	2905.85
1524.57	2919.46
1526.13	2912.13
1527.68	2907.95
1529.24	2911.09
1530.80	2915.27
1532.36	2922.60
1533.92	2910.04
1535.47	2897.48
1537.03	2905.85
1538.59	2910.04
1540.14	2905.85
1541.70	2898.53
1543.25	2933.06
1544.81	2913.18
1546.36	2912.13
1547.92	2897.48
1549.47	2904.81
1551.03	2894.34
1552.58	2900.62
1554.13	2897.48
1555.69	2912.13
1557.24	2899.58
1558.79	2892.25
1560.35	2896.44
1561.90	2907.95
1563.45	2896.44
1565.00	2904.81
1566.55	2888.06
1568.10	2885.97
1569.66	2883.88
1571.21	2898.53
1572.76	2891.20
1574.31	2896.44
1575.86	2892.25
1577.40	2881.79
1578.95	2880.74
1580.50	2888.06
1582.05	2880.74
1583.60	2882.83
1585.15	2881.79
1586.69	2872.37
1588.24	2880.74
1589.79	2885.97
1591.34	2862.95
1592.88	2883.88
1594.43	2866.09
1595.97	2875.51
1597.52	2869.23
1599.06	2867.14
1600.61	2860.86
1602.15	2887.02
1603.70	2872.37
1605.24	2870.28
1606.79	2871.32
1608.33	2862.95
1609.87	2856.67
1611.41	2867.14
1612.96	2864.00
1614.50	2856.67
1616.04	2859.81
1617.58	2856.67
1619.12	2838.88
1620.67	2855.63
1622.21	2826.33
1623.75	2850.39
1625.29	2833.65
1626.83	2832.61
1628.37	2846.21
1629.90	2826.33
1631.44	2819.00
1632.98	2826.33
1634.52	2809.58
1636.06	2813.77
1637.59	2814.82
1639.13	2801.21
1640.67	2794.94
1642.21	2781.33
1643.74	2769.82
1645.28	2752.03
1646.81	2745.75
1648.35	2756.22
1649.88	2734.24
1651.42	2743.66
1652.95	2723.78
1654.49	2739.48
1656.02	2715.41
1657.55	2725.87
1659.09	2703.90
1660.62	2723.78
1662.15	2709.13
1663.68	2704.94
1665.22	2696.57
1666.75	2697.62
1668.28	2689.25
1669.81	2709.13
1671.34	2696.57
1672.87	2695.53
1674.40	2702.85
1675.93	2693.43
1677.46	2670.41
1678.99	2672.51
1680.52	2671.46
1682.04	2688.20
1683.57	2675.65
1685.10	2682.97
1686.63	2673.55
1688.15	2676.69
1689.68	2658.90
1691.21	2668.32
1692.73	2669.37
1694.26	2670.41
1695.78	2663.09
1697.31	2673.55
1698.83	2659.95
1700.36	2658.90
1701.88	2646.35
1703.40	2669.37
1704.93	2652.62
1706.45	2661.00
