896.35	2654.72
897.98	2650.53
899.60	2664.13
901.22	2667.27
902.85	2657.86
904.47	2657.86
906.10	2673.55
907.72	2657.86
909.34	2669.37
910.97	2665.18
912.59	2675.65
914.21	2668.32
915.84	2672.51
917.46	2675.65
919.08	2684.02
920.71	2673.55
922.33	2693.43
923.95	2682.97
925.58	2717.50
927.20	2682.97
928.82	2694.48
930.44	2685.06
932.07	2688.20
933.69	2665.18
935.31	2682.97
936.93	2673.55
938.56	2693.43
940.18	2681.92
941.80	2694.48
943.42	2680.88
945.05	2719.59
946.67	2676.69
948.29	2708.08
949.91	2685.06
951.53	2719.59
953.16	2701.81
954.78	2709.13
956.40	2687.16
958.02	2707.04
959.64	2700.76
961.26	2718.55
962.88	2695.53
964.51	2699.71
966.13	2700.76
967.75	2712.27
969.37	2691.34
970.99	2713.32
972.61	2697.62
974.23	2713.32
975.85	2700.76
977.47	2724.83
979.09	2702.85
980.71	2699.71
982.33	2693.43
983.95	2716.45
985.57	2717.50
987.19	2722.73
988.81	2714.36
990.43	2718.55
992.05	2699.71
993.67	2731.10
995.29	2696.57
996.91	2705.99
998.53	2705.99
1000.15	2714.36
1001.77	2711.22
1003.39	2727.97
1005.01	2707.04
1006.63	2725.87
1008.25	2718.55
1009.86	2726.92
1011.48	2705.99
1013.10	2718.55
1014.72	2714.36
1016.34	2719.59
1017.96	2725.87
1019.58	2714.36
1021.19	2698.67
1022.81	2718.55
1024.43	2716.45
1026.05	2727.97
1027.66	2721.69
1029.28	2729.01
1030.90	2712.27
1032.52	2715.41
1034.13	2708.08
1035.75	2725.87
1037.37	2707.04
1038.98	2732.15
1040.60	2705.99
1042.22	2709.13
1043.83	2703.90
1045.45	2723.78
1047.07	2704.94
1048.68	2729.01
1050.30	2699.71
1051.92	2726.92
1053.53	2709.13
1055.15	2730.06
1056.76	2709.13
1058.38	2726.92
1059.99	2714.36
1061.61	2723.78
1063.22	2701.81
1064.84	2722.73
1066.46	2705.99
1068.07	2724.83
1069.68	2713.32
1071.30	2736.34
1072.91	2708.08
1074.53	2722.73
1076.14	2723.78
1077.76	2730.06
1079.37	2723.78
1080.98	2704.94
1082.60	2714.36
1084.21	2732.15
1085.83	2714.36
1087.44	2730.06
1089.05	2707.04
1090.67	2715.41
1092.28	2703.90
1093.89	2722.73
1095.50	2713.32
1097.12	2722.73
1098.73	2722.73
1100.34	2722.73
1101.95	2717.50
1103.57	2725.87
1105.18	2709.13
1106.79	2713.32
1108.40	2715.41
1110.01	2733.20
1111.63	2724.83
1113.24	2727.97
1114.85	2713.32
1116.46	2727.97
1118.07	2734.24
1119.68	2717.50
1121.29	2722.73
1122.90	2726.92
1124.51	2714.36
1126.12	2733.20
1127.73	2727.97
1129.34	2736.34
1130.95	2724.83
1132.56	2740.52
1134.17	2708.08
1135.78	2734.24
1137.39	2724.83
1139.00	2726.92
1140.61	2710.18
1142.22	2734.24
1143.83	2717.50
1145.44	2729.01
1147.05	2717.50
1148.65	2739.48
1150.26	2715.41
1151.87	2721.69
1153.48	2717.50
1155.09	2738.43
1156.69	2716.45
1158.30	2714.36
1159.91	2714.36
1161.52	2725.87
1163.12	2716.45
1164.73	2720.64
1166.34	2722.73
1167.94	2721.69
1169.55	2720.64
1171.16	2724.83
1172.76	2716.45
1174.37	2719.59
1175.97	2723.78
1177.58	2719.59
1179.19	2721.69
1180.79	2721.69
1182.40	2717.50
1184.00	2727.97
1185.61	2730.06
1187.21	2737.38
1188.82	2718.55
1190.42	2729.01
1192.02	2718.55
1193.63	2704.94
1195.23	2713.32
1196.84	2731.10
1198.44	2723.78
1200.04	2730.06
1201.65	2715.41
1203.25	2731.10
1204.85	2727.97
1206.46	2722.73
1208.06	2711.22
1209.66	2723.78
1211.26	2718.55
1212.87	2744.71
1214.47	2707.04
1216.07	2729.01
1217.67	2721.69
1219.27	2722.73
1220.87	2716.45
1222.48	2725.87
1224.08	2720.64
1225.68	2727.97
1227.28	2722.73
1228.88	2727.97
1230.48	2722.73
1232.08	2715.41
1233.68	2719.59
1235.28	2740.52
1236.88	2720.64
1238.48	2726.92
1240.08	2738.43
1241.68	2724.83
1243.28	2722.73
1244.87	2731.10
1246.47	2719.59
1248.07	2723.78
1249.67	2720.64
1251.27	2735.29
1252.87	2715.41
1254.46	2725.87
1256.06	2714.36
1257.66	2727.97
1259.26	2711.22
1260.85	2729.01
1262.45	2710.18
1264.05	2734.24
1265.64	2717.50
1267.24	2731.10
1268.83	2723.78
1270.43	2722.73
1272.03	2735.29
1273.62	2729.01
1275.22	2712.27
1276.81	2735.29
1278.41	2716.45
1280.00	2727.97
1281.60	2716.45
1283.19	2721.69
1284.79	2717.50
1286.38	2721.69
1287.97	2723.78
1289.57	2723.78
1291.16	2716.45
1292.75	2720.64
1294.35	2720.64
1295.94	2720.64
1297.53	2722.73
1299.12	2715.41
1300.72	2727.97
1302.31	2711.22
1303.90	2735.29
1305.49	2738.43
1307.08	2714.36
1308.68	2719.59
1310.27	2718.55
1311.86	2724.83
1313.45	2713.32
1315.04	2722.73
1316.63	2714.36
1318.22	2722.73
1319.81	2701.81
1321.40	2716.45
1322.99	2720.64
1324.58	2704.94
1326.17	2704.94
1327.75	2707.04
1329.34	2715.41
1330.93	2718.55
1332.52	2709.13
1334.11	2709.13
1335.70	2712.27
1337.28	2704.94
1338.87	2700.76
1340.46	2711.22
1342.05	2705.99
1343.63	2712.27
1345.22	2707.04
1346.81	2725.87
1348.39	2713.32
1349.98	2720.64
1351.56	2712.27
1353.15	2717.50
1354.73	2717.50
1356.32	2710.18
1357.90	2705.99
1359.49	2726.92
1361.07	2709.13
1362.66	2708.08
1364.24	2711.22
1365.82	2717.50
1367.41	2714.36
1368.99	2711.22
1370.57	2700.76
1372.16	2712.27
1373.74	2708.08
1375.32	2710.18
1376.91	2715.41
1378.49	2701.81
1380.07	2694.48
1381.65	2717.50
1383.23	2712.27
1384.81	2710.18
1386.39	2691.34
1387.97	2709.13
1389.55	2701.81
1391.14	2707.04
1392.72	2701.81
1394.29	2703.90
1395.87	2704.94
1397.45	2698.67
1399.03	2698.67
1400.61	2699.71
1402.19	2704.94
1403.77	2703.90
1405.35	2716.45
1406.92	2705.99
1408.50	2708.08
1410.08	2710.18
1411.66	2707.04
1413.23	2712.27
1414.81	2718.55
1416.39	2705.99
1417.96	2711.22
1419.54	2694.48
1421.12	2703.90
1422.69	2723.78
1424.27	2697.62
1425.84	2712.27
1427.42	2704.94
1428.99	2707.04
1430.57	2704.94
1432.14	2709.13
1433.71	2709.13
1435.29	2720.64
1436.86	2711.22
1438.43	2705.99
1440.01	2699.71
1441.58	2591.93
1443.15	2708.08
1444.72	2712.27
1446.30	2700.76
1447.87	2714.36
1449.44	2704.94
1451.01	2689.25
1452.58	2704.94
1454.15	2711.22
1455.72	2703.90
1457.29	2709.13
1458.86	2710.18
1460.43	2698.67
1462.00	2723.78
1463.57	2716.45
1465.14	2716.45
1466.71	2703.90
1468.28	2701.81
1469.85	2704.94
1471.41	2708.08
1472.98	2710.18
1474.55	2721.69
1476.12	2703.90
1477.68	2696.57
1479.25	2714.36
1480.82	2708.08
1482.38	2719.59
1483.95	2704.94
1485.51	2704.94
1487.08	2712.27
1488.64	2713.32
1490.21	2714.36
1491.77	2694.48
1493.34	2712.27
1494.90	2710.18
1496.46	2696.57
1498.03	2708.08
1499.59	2703.90
1501.15	2704.94
1502.72	2704.94
1504.28	2702.85
1505.84	2703.90
1507.40	2700.76
1508.97	2714.36
1510.53	2709.13
1512.09	2719.59
1513.65	2719.59
1515.21	2708.08
1516.77	2694.48
1518.33	2712.27
1519.89	2707.04
1521.45	2707.04
1523.01	2704.94
1524.57	2710.18
1526.13	2697.62
1527.68	2702.85
1529.24	2714.36
1530.80	2702.85
1532.36	2705.99
1533.92	2695.53
1535.47	2688.20
1537.03	2695.53
1538.59	2698.67
1540.14	2693.43
1541.70	2695.53
1543.25	2708.08
1544.81	2699.71
1546.36	2696.57
1547.92	2694.48
1549.47	2700.76
1551.03	2698.67
1552.58	2686.11
1554.13	2686.11
1555.69	2697.62
1557.24	2685.06
1558.79	2689.25
1560.35	2686.11
1561.90	2694.48
1563.45	2691.34
1565.00	2692.39
1566.55	2689.25
1568.10	2680.88
1569.66	2670.41
1571.21	2692.39
1572.76	2695.53
1574.31	2692.39
1575.86	2694.48
1577.40	2686.11
1578.95	2693.43
1580.50	2679.83
1582.05	2673.55
1583.60	2682.97
1585.15	2673.55
1586.69	2682.97
1588.24	2685.06
1589.79	2693.43
1591.34	2663.09
1592.88	2684.02
1594.43	2669.37
1595.97	2684.02
1597.52	2687.16
1599.06	2677.74
1600.61	2674.60
1602.15	2693.43
1603.70	2679.83
1605.24	2674.60
1606.79	2679.83
1608.33	2669.37
1609.87	2671.46
1611.41	2673.55
1612.96	2678.78
1614.50	2657.86
1616.04	2663.09
1617.58	2677.74
1619.12	2671.46
1620.67	2671.46
1622.21	2652.62
1623.75	2675.65
1625.29	2656.81
1626.83	2659.95
1628.37	2679.83
1629.90	2671.46
1631.44	2658.90
1632.98	2662.04
1634.52	2648.44
1636.06	2657.86
1637.59	2676.69
1639.13	2671.46
1640.67	2678.78
1642.21	2667.27
1643.74	2670.41
1645.28	2661.00
1646.81	2661.00
1648.35	2673.55
1649.88	2649.49
1651.42	2656.81
1652.95	2644.25
1654.49	2675.65
1656.02	2648.44
1657.55	2656.81
1659.09	2640.07
1660.62	2661.00
1662.15	2650.53
1663.68	2661.00
1665.22	2650.53
1666.75	2650.53
1668.28	2650.53
1669.81	2668.32
1671.34	2655.76
1672.87	2651.58
1674.40	2658.90
1675.93	2652.62
1677.46	2639.02
1678.99	2639.02
1680.52	2642.16
1682.04	2650.53
1683.57	2644.25
1685.10	2644.25
1686.63	2632.74
1688.15	2637.97
1689.68	2622.28
1691.21	2634.84
1692.73	2632.74
1694.26	2640.07
1695.78	2629.60
1697.31	2635.88
1698.83	2623.33
1700.36	2627.51
1701.88	2610.77
1703.40	2632.74
1704.93	2620.19
1706.45	2626.46
