896.35	3075.37
897.98	3083.74
899.60	3084.79
901.22	3110.95
902.85	3093.16
904.47	3130.83
906.10	3131.88
907.72	3135.02
909.34	3138.15
910.97	3172.69
912.59	3186.29
914.21	3231.28
915.84	3261.63
917.46	3318.14
919.08	3335.92
920.71	3373.59
922.33	3388.24
923.95	3404.99
925.58	3421.73
927.20	3437.42
928.82	3438.47
930.44	3478.23
932.07	3458.35
933.69	3457.31
935.31	3463.58
936.93	3485.56
938.56	3482.42
940.18	3503.35
941.80	3489.74
943.42	3525.32
945.05	3515.90
946.67	3513.81
948.29	3507.53
949.91	3519.04
951.53	3526.37
953.16	3544.16
954.78	3512.77
956.40	3519.04
958.02	3506.49
959.64	3523.23
961.26	3516.95
962.88	3534.74
964.51	3509.63
966.13	3537.88
967.75	3526.37
969.37	3521.14
970.99	3518.00
972.61	3527.42
974.23	3523.23
975.85	3531.60
977.47	3529.51
979.09	3533.69
980.71	3522.18
982.33	3538.93
983.95	3530.55
985.57	3557.76
987.19	3529.51
988.81	3554.62
990.43	3535.79
992.05	3546.25
993.67	3558.81
995.29	3568.22
996.91	3552.53
998.53	3593.34
1000.15	3579.74
1001.77	3592.29
1003.39	3590.20
1005.01	3602.76
1006.63	3601.71
1008.25	3618.45
1009.86	3615.31
1011.48	3629.96
1013.10	3618.45
1014.72	3644.61
1016.34	3626.82
1017.96	3664.49
1019.58	3637.29
1021.19	3657.17
1022.81	3655.08
1024.43	3681.24
1026.05	3657.17
1027.66	3689.61
1029.28	3670.77
1030.90	3679.14
1032.52	3649.84
1034.13	3684.38
1035.75	3688.56
1037.37	3695.89
1038.98	3692.75
1040.60	3699.02
1042.22	3674.96
1043.83	3697.98
1045.45	3690.65
1047.07	3708.44
1048.68	3689.61
1050.30	3687.51
1051.92	3690.65
1053.53	3707.40
1055.15	3694.84
1056.76	3707.40
1058.38	3693.79
1059.99	3709.49
1061.61	3684.38
1063.22	3692.75
1064.84	3690.65
1066.46	3692.75
1068.07	3674.96
1069.68	3689.61
1071.30	3676.00
1072.91	3691.70
1074.53	3672.86
1076.14	3707.40
1077.76	3678.10
1079.37	3689.61
1080.98	3645.66
1082.60	3673.91
1084.21	3665.54
1085.83	3667.63
1087.44	3654.03
1089.05	3669.73
1090.67	3652.98
1092.28	3669.73
1093.89	3651.94
1095.50	3661.35
1097.12	3644.61
1098.73	3676.00
1100.34	3635.19
1101.95	3664.49
1103.57	3655.08
1105.18	3660.31
1106.79	3638.33
1108.40	3663.45
1110.01	3649.84
1111.63	3669.73
1113.24	3661.35
1114.85	3666.59
1116.46	3645.66
1118.07	3673.91
1119.68	3643.57
1121.29	3660.31
1122.90	3642.52
1124.51	3667.63
1126.12	3652.98
1127.73	3661.35
1129.34	3661.35
1130.95	3671.82
1132.56	3666.59
1134.17	3656.12
1135.78	3650.89
1137.39	3677.05
1139.00	3655.08
1140.61	3671.82
1142.22	3668.68
1143.83	3660.31
1145.44	3651.94
1147.05	3667.63
1148.65	3663.45
1150.26	3671.82
1151.87	3652.98
1153.48	3670.77
1155.09	3668.68
1156.69	3679.14
1158.30	3656.12
1159.91	3678.10
1161.52	3666.59
1163.12	3672.86
1164.73	3666.59
1166.34	3696.93
1167.94	3674.96
1169.55	3679.14
1171.16	3677.05
1172.76	3687.51
1174.37	3673.91
1175.97	3689.61
1177.58	3663.45
1179.19	3689.61
1180.79	3664.49
1182.40	3680.19
1184.00	3668.68
1185.61	3687.51
1187.21	3669.73
1188.82	3692.75
1190.42	3676.00
1192.02	3685.42
1193.63	3660.31
1195.23	3686.47
1196.84	3673.91
1198.44	3683.33
1200.04	3683.33
1201.65	3682.28
1203.25	3660.31
1204.85	3685.42
1206.46	3663.45
1208.06	3663.45
1209.66	3650.89
1211.26	3663.45
1212.87	3673.91
1214.47	3669.73
1216.07	3650.89
1217.67	3664.49
1219.27	3645.66
1220.87	3666.59
1222.48	3644.61
1224.08	3651.94
1225.68	3638.33
1227.28	3643.57
1228.88	3632.06
1230.48	3649.84
1232.08	3617.41
1233.68	3648.80
1235.28	3639.38
1236.88	3635.19
1238.48	3613.22
1240.08	3641.47
1241.68	3598.57
1243.28	3618.45
1244.87	3603.80
1246.47	3609.03
1248.07	3580.78
1249.67	3591.25
1251.27	3587.06
1252.87	3588.11
1254.46	3574.50
1256.06	3584.97
1257.66	3578.69
1259.26	3574.50
1260.85	3560.90
1262.45	3560.90
1264.05	3574.50
1265.64	3569.27
1267.24	3558.81
1268.83	3569.27
1270.43	3549.39
1272.03	3570.32
1273.62	3548.34
1275.22	3537.88
1276.81	3544.16
1278.41	3537.88
1280.00	3529.51
1281.60	3539.97
1283.19	3533.69
1284.79	3536.83
1286.38	3521.14
1287.97	3541.02
1289.57	3524.28
1291.16	3525.32
1292.75	3508.58
1294.35	3522.18
1295.94	3507.53
1297.53	3530.55
1299.12	3516.95
1300.72	3524.28
1302.31	3479.28
1303.90	3518.00
1305.49	3505.44
1307.08	3501.26
1308.68	3483.47
1310.27	3501.26
1311.86	3482.42
1313.45	3484.51
1315.04	3479.28
1316.63	3487.65
1318.22	3477.19
1319.81	3478.23
1321.40	3460.45
1322.99	3465.68
1324.58	3444.75
1326.17	3459.40
1327.75	3442.66
1329.34	3454.17
1330.93	3439.52
1332.52	3443.70
1334.11	3425.91
1335.70	3434.29
1337.28	3421.73
1338.87	3438.47
1340.46	3425.91
1342.05	3422.78
1343.63	3407.08
1345.22	3418.59
1346.81	3407.08
1348.39	3406.03
1349.98	3391.38
1351.56	3386.15
1353.15	3375.69
1354.73	3380.92
1356.32	3351.62
1357.90	3363.13
1359.49	3353.71
1361.07	3335.92
1362.66	3324.41
1364.24	3336.97
1365.82	3332.78
1367.41	3349.53
1368.99	3311.86
1370.57	3315.00
1372.16	3303.49
1373.74	3306.62
1375.32	3301.39
1376.91	3289.88
1378.49	3245.93
1380.07	3217.68
1381.65	3204.08
1383.23	3186.29
1384.81	3184.20
1386.39	3182.10
1387.97	3184.20
1389.55	3180.01
1391.14	3163.27
1392.72	3148.62
1394.29	3138.15
1395.87	3132.92
1397.45	3110.95
1399.03	3116.18
1400.61	3087.93
1402.19	3098.39
1403.77	3071.18
1405.35	3091.07
1406.92	3061.77
1408.50	3064.91
1410.08	3056.54
1411.66	3056.54
1413.23	3057.58
1414.81	3060.72
1416.39	3028.28
1417.96	3045.02
1419.54	3030.38
1421.12	3038.75
1422.69	3034.56
1424.27	3017.82
1425.84	3023.05
1427.42	3022.00
1428.99	3016.77
1430.57	3033.51
1432.14	3027.24
1433.71	3016.77
1435.29	3013.63
1436.86	3019.91
1438.43	3007.35
1440.01	3009.45
1441.58	2884.93
1443.15	3006.31
1444.72	3007.35
1446.30	3004.22
1447.87	3011.54
1449.44	3004.22
1451.01	2988.52
1452.58	3007.35
1454.15	2998.98
1455.72	2988.52
1457.29	2990.61
1458.86	3002.12
1460.43	2987.47
1462.00	3013.63
1463.57	2998.98
1465.14	3005.26
1466.71	2980.15
1468.28	2985.38
1469.85	2985.38
1471.41	3003.17
1472.98	2992.70
1474.55	3011.54
1476.12	2983.29
1477.68	2989.57
1479.25	2994.80
1480.82	2987.47
1482.38	2993.75
1483.95	2987.47
1485.51	2992.70
1487.08	3017.82
1488.64	3013.63
1490.21	3014.68
1491.77	2994.80
1493.34	3019.91
1494.90	2998.98
1496.46	3006.31
1498.03	3006.31
1499.59	3012.59
1501.15	3006.31
1502.72	3006.31
1504.28	3008.40
1505.84	3008.40
1507.40	3006.31
1508.97	3032.47
1510.53	3019.91
1512.09	3034.56
1513.65	3031.42
1515.21	3023.05
1516.77	3004.22
1518.33	3031.42
1519.89	3018.86
1521.45	3018.86
1523.01	3030.38
1524.57	3038.75
1526.13	3030.38
1527.68	3035.61
1529.24	3037.70
1530.80	3036.65
1532.36	3037.70
1533.92	3031.42
1535.47	3009.45
1537.03	3022.00
1538.59	3027.24
1540.14	3023.05
1541.70	3017.82
1543.25	3041.89
1544.81	3027.24
1546.36	3037.70
1547.92	3017.82
1549.47	3029.33
1551.03	3028.28
1552.58	3024.10
1554.13	3004.22
1555.69	3014.68
1557.24	3003.17
1558.79	3009.45
1560.35	3002.12
1561.90	3018.86
1563.45	3004.22
1565.00	3015.73
1566.55	2994.80
1568.10	2997.94
1569.66	2979.10
1571.21	3009.45
1572.76	3002.12
1574.31	3006.31
1575.86	2994.80
1577.40	2993.75
1578.95	2986.43
1580.50	2985.38
1582.05	2971.78
1583.60	2978.06
1585.15	2968.64
1586.69	2982.24
1588.24	2989.57
1589.79	2995.84
1591.34	2966.54
1592.88	2993.75
1594.43	2962.36
1595.97	2981.19
1597.52	2978.06
1599.06	2974.92
1600.61	2961.31
1602.15	2974.92
1603.70	2967.59
1605.24	2966.54
1606.79	2966.54
1608.33	2959.22
1609.87	2950.85
1611.41	2964.45
1612.96	2963.41
1614.50	2953.99
1616.04	2951.90
1617.58	2960.27
1619.12	2939.34
1620.67	2949.80
1622.21	2926.78
1623.75	2949.80
1625.29	2932.01
1626.83	2934.11
1628.37	2946.66
1629.90	2915.27
1631.44	2902.71
1632.98	2904.81
1634.52	2881.79
1636.06	2880.74
1637.59	2897.48
1639.13	2874.46
1640.67	2866.09
1642.21	2839.93
1643.74	2831.56
1645.28	2814.82
1646.81	2798.07
1648.35	2802.26
1649.88	2772.96
1651.42	2771.91
1652.95	2752.03
1654.49	2770.87
1656.02	2746.80
1657.55	2748.89
1659.09	2720.64
1660.62	2738.43
1662.15	2725.87
1663.68	2727.97
1665.22	2721.69
1666.75	2715.41
1668.28	2709.13
1669.81	2718.55
1671.34	2708.08
1672.87	2715.41
1674.40	2717.50
1675.93	2710.18
1677.46	2688.20
1678.99	2692.39
1680.52	2686.11
1682.04	2705.99
1683.57	2693.43
1685.10	2699.71
1686.63	2691.34
1688.15	2695.53
1689.68	2673.55
1691.21	2677.74
1692.73	2684.02
1694.26	2694.48
1695.78	2682.97
1697.31	2679.83
1698.83	2667.27
1700.36	2676.69
1701.88	2670.41
1703.40	2680.88
1704.93	2666.23
1706.45	2677.74
