896.35	3655.08
897.98	3701.12
899.60	3685.42
901.22	3738.79
902.85	3707.40
904.47	3763.90
906.10	3759.72
907.72	3801.57
909.34	3800.53
910.97	3874.82
912.59	3902.03
914.21	4021.32
915.84	4076.78
917.46	4210.71
919.08	4241.06
920.71	4327.91
922.33	4333.14
923.95	4414.76
925.58	4416.86
927.20	4474.41
928.82	4463.94
930.44	4552.89
932.07	4504.75
933.69	4557.07
935.31	4538.24
936.93	4605.21
938.56	4570.68
940.18	4640.79
941.80	4599.98
943.42	4674.27
945.05	4637.65
946.67	4679.50
948.29	4640.79
949.91	4683.69
951.53	4655.43
953.16	4716.13
954.78	4656.48
956.40	4693.11
958.02	4651.25
959.64	4712.99
961.26	4663.81
962.88	4703.57
964.51	4643.92
966.13	4716.13
967.75	4670.08
969.37	4705.66
970.99	4664.85
972.61	4715.08
974.23	4671.13
975.85	4726.59
977.47	4674.27
979.09	4716.13
980.71	4676.36
982.33	4738.10
983.95	4688.92
985.57	4757.98
987.19	4701.48
988.81	4766.35
990.43	4705.66
992.05	4762.17
993.67	4744.38
995.29	4793.56
996.91	4749.61
998.53	4837.51
1000.15	4808.21
1001.77	4860.53
1003.39	4822.86
1005.01	4879.36
1006.63	4849.02
1008.25	4900.29
1009.86	4879.36
1011.48	4922.27
1013.10	4881.46
1014.72	4945.29
1016.34	4915.99
1017.96	4981.91
1019.58	4924.36
1021.19	4986.10
1022.81	4942.15
1024.43	5013.30
1026.05	4965.17
1027.66	5033.19
1029.28	4990.28
1030.90	5042.60
1032.52	4999.70
1034.13	5050.97
1035.75	5017.49
1037.37	5081.32
1038.98	5053.07
1040.60	5089.69
1042.22	5024.81
1043.83	5081.32
1045.45	5055.16
1047.07	5099.11
1048.68	5064.58
1050.30	5101.20
1051.92	5056.21
1053.53	5105.39
1055.15	5065.62
1056.76	5093.88
1058.38	5041.56
1059.99	5095.97
1061.61	5032.14
1063.22	5089.69
1064.84	5038.42
1066.46	5085.51
1068.07	5025.86
1069.68	5081.32
1071.30	5029.00
1072.91	5066.67
1074.53	5013.30
1076.14	5062.48
1077.76	5011.21
1079.37	5056.21
1080.98	4981.91
1082.60	5049.93
1084.21	4992.38
1085.83	5037.37
1087.44	4986.10
1089.05	5015.40
1090.67	4969.35
1092.28	5012.26
1093.89	4970.40
1095.50	5021.67
1097.12	4957.84
1098.73	5005.98
1100.34	4939.01
1101.95	5000.75
1103.57	4952.61
1105.18	4994.47
1106.79	4942.15
1108.40	4999.70
1110.01	4962.03
1111.63	5011.21
1113.24	4963.08
1114.85	5014.35
1116.46	4971.45
1118.07	5023.77
1119.68	4965.17
1121.29	5026.91
1122.90	4978.77
1124.51	5034.23
1126.12	5004.93
1127.73	5041.56
1129.34	5002.84
1130.95	5048.88
1132.56	5010.16
1134.17	5015.40
1135.78	4993.42
1137.39	5068.76
1139.00	5014.35
1140.61	5063.53
1142.22	5052.02
1143.83	5095.97
1145.44	5058.30
1147.05	5104.34
1148.65	5068.76
1150.26	5090.74
1151.87	5063.53
1153.48	5120.04
1155.09	5098.06
1156.69	5134.69
1158.30	5079.23
1159.91	5132.59
1161.52	5106.43
1163.12	5146.20
1164.73	5117.94
1166.34	5174.45
1167.94	5120.04
1169.55	5176.54
1171.16	5147.24
1172.76	5198.52
1174.37	5143.06
1175.97	5187.01
1177.58	5114.80
1179.19	5188.05
1180.79	5132.59
1182.40	5184.91
1184.00	5149.34
1185.61	5198.52
1187.21	5144.10
1188.82	5179.68
1190.42	5151.43
1192.02	5187.01
1193.63	5138.87
1195.23	5205.84
1196.84	5167.12
1198.44	5205.84
1200.04	5168.17
1201.65	5213.17
1203.25	5146.20
1204.85	5201.66
1206.46	5142.01
1208.06	5178.63
1209.66	5116.90
1211.26	5167.12
1212.87	5132.59
1214.47	5147.24
1216.07	5109.57
1217.67	5156.66
1219.27	5093.88
1220.87	5123.18
1222.48	5080.27
1224.08	5114.80
1225.68	5066.67
1227.28	5118.99
1228.88	5059.35
1230.48	5095.97
1232.08	5043.65
1233.68	5087.60
1235.28	5037.37
1236.88	5055.16
1238.48	4990.28
1240.08	5057.25
1241.68	4980.87
1243.28	5021.67
1244.87	4971.45
1246.47	4998.65
1248.07	4926.45
1249.67	4958.89
1251.27	4923.31
1252.87	4933.78
1254.46	4890.87
1256.06	4933.78
1257.66	4892.97
1259.26	4925.41
1260.85	4898.20
1262.45	4927.50
1264.05	4884.60
1265.64	4903.43
1267.24	4850.07
1268.83	4890.87
1270.43	4860.53
1272.03	4908.66
1273.62	4847.97
1275.22	4864.71
1276.81	4831.23
1278.41	4846.93
1280.00	4819.72
1281.60	4846.93
1283.19	4806.12
1284.79	4857.39
1286.38	4806.12
1287.97	4827.04
1289.57	4774.72
1291.16	4824.95
1292.75	4773.68
1294.35	4822.86
1295.94	4772.63
1297.53	4820.77
1299.12	4764.26
1300.72	4799.84
1302.31	4738.10
1303.90	4786.23
1305.49	4762.17
1307.08	4765.31
1308.68	4731.82
1310.27	4768.45
1311.86	4738.10
1313.45	4755.89
1315.04	4703.57
1316.63	4748.56
1318.22	4726.59
1319.81	4742.29
1321.40	4700.43
1322.99	4744.38
1324.58	4698.34
1326.17	4738.10
1327.75	4693.11
1329.34	4726.59
1330.93	4687.87
1332.52	4716.13
1334.11	4673.22
1335.70	4694.15
1337.28	4669.04
1338.87	4697.29
1340.46	4670.08
1342.05	4691.01
1343.63	4649.16
1345.22	4683.69
1346.81	4651.25
1348.39	4659.62
1349.98	4633.46
1351.56	4648.11
1353.15	4606.25
1354.73	4596.84
1356.32	4545.56
1357.90	4582.19
1359.49	4548.70
1361.07	4523.59
1362.66	4489.06
1364.24	4528.82
1365.82	4512.08
1367.41	4536.14
1368.99	4478.59
1370.57	4505.80
1372.16	4484.87
1373.74	4499.52
1375.32	4438.83
1376.91	4433.60
1378.49	4335.24
1380.07	4298.61
1381.65	4243.15
1383.23	4240.01
1384.81	4248.38
1386.39	4285.01
1387.97	4260.94
1389.55	4304.89
1391.14	4264.08
1392.72	4260.94
1394.29	4253.62
1395.87	4260.94
1397.45	4259.90
1399.03	4301.75
1400.61	4256.76
1402.19	4317.45
1403.77	4266.17
1405.35	4303.84
1406.92	4290.24
1408.50	4324.77
1410.08	4312.22
1411.66	4357.21
1413.23	4333.14
1414.81	4365.58
1416.39	4346.75
1417.96	4389.65
1419.54	4356.16
1421.12	4407.44
1422.69	4382.32
1424.27	4388.60
1425.84	4383.37
1427.42	4396.97
1428.99	4363.49
1430.57	4386.51
1432.14	4360.35
1433.71	4396.97
1435.29	4362.44
1436.86	4381.28
1438.43	4347.79
1440.01	4371.86
1441.58	4212.81
1443.15	4356.16
1444.72	4328.96
1446.30	4334.19
1447.87	4312.22
1449.44	4324.77
1451.01	4281.87
1452.58	4316.40
1454.15	4277.68
1455.72	4288.15
1457.29	4260.94
1458.86	4280.82
1460.43	4237.92
1462.00	4280.82
1463.57	4228.50
1465.14	4233.74
1466.71	4182.46
1468.28	4215.95
1469.85	4176.18
1471.41	4191.88
1472.98	4147.93
1474.55	4179.32
1476.12	4138.51
1477.68	4148.98
1479.25	4130.14
1480.82	4124.91
1482.38	4094.56
1483.95	4097.70
1485.51	4082.01
1487.08	4117.58
1488.64	4111.31
1490.21	4133.28
1491.77	4077.82
1493.34	4098.75
1494.90	4066.31
1496.46	4086.19
1498.03	4057.94
1499.59	4062.13
1501.15	4021.32
1502.72	4031.78
1504.28	4019.22
1505.84	4024.46
1507.40	4005.62
1508.97	4042.24
1510.53	4009.81
1512.09	4032.83
1513.65	4002.48
1515.21	4005.62
1516.77	3969.00
1518.33	4012.94
1519.89	3977.37
1521.45	3988.88
1523.01	3969.00
1524.57	3985.74
1526.13	3947.02
1527.68	3962.72
1529.24	3948.07
1530.80	3952.25
1532.36	3936.56
1533.92	3934.46
1535.47	3900.98
1537.03	3912.49
1538.59	3903.07
1540.14	3907.26
1541.70	3866.45
1543.25	3900.98
1544.81	3867.50
1546.36	3892.61
1547.92	3848.66
1549.47	3864.36
1551.03	3846.57
1552.58	3843.43
1554.13	3815.18
1555.69	3835.06
1557.24	3802.62
1558.79	3813.08
1560.35	3789.02
1561.90	3802.62
1563.45	3776.46
1565.00	3778.55
1566.55	3749.25
1568.10	3757.62
1569.66	3724.14
1571.21	3758.67
1572.76	3731.46
1574.31	3738.79
1575.86	3714.72
1577.40	3715.77
1578.95	3692.75
1580.50	3691.70
1582.05	3664.49
1583.60	3672.86
1585.15	3647.75
1586.69	3662.40
1588.24	3648.80
1589.79	3664.49
1591.34	3626.82
1592.88	3647.75
1594.43	3604.85
1595.97	3628.92
1597.52	3631.01
1599.06	3632.06
1600.61	3605.90
1602.15	3623.68
1603.70	3600.66
1605.24	3611.13
1606.79	3588.11
1608.33	3588.11
1609.87	3564.04
1611.41	3578.69
1612.96	3564.04
1614.50	3552.53
1616.04	3539.97
1617.58	3547.30
1619.12	3516.95
1620.67	3531.60
1622.21	3494.98
1623.75	3521.14
1625.29	3490.79
1626.83	3487.65
1628.37	3475.10
1629.90	3455.21
1631.44	3415.45
1632.98	3408.13
1634.52	3359.99
1636.06	3341.16
1637.59	3306.62
1639.13	3264.77
1640.67	3219.77
1642.21	3178.96
1643.74	3146.53
1645.28	3108.86
1646.81	3064.91
1648.35	3046.07
1649.88	2998.98
1651.42	2990.61
1652.95	2949.80
1654.49	2961.31
1656.02	2921.55
1657.55	2912.13
1659.09	2869.23
1660.62	2893.30
1662.15	2869.23
1663.68	2868.18
1665.22	2839.93
1666.75	2835.74
1668.28	2822.14
1669.81	2838.88
1671.34	2816.91
1672.87	2821.10
1674.40	2816.91
1675.93	2803.31
1677.46	2786.56
1678.99	2785.52
1680.52	2777.15
1682.04	2794.94
1683.57	2781.33
1685.10	2788.66
1686.63	2761.45
1688.15	2776.10
1689.68	2761.45
1691.21	2760.40
1692.73	2758.31
1694.26	2767.73
1695.78	2761.45
1697.31	2763.54
1698.83	2746.80
1700.36	2746.80
1701.88	2743.66
1703.40	2763.54
1704.93	2747.85
1706.45	2749.94
