896.35	3251.17
897.98	3270.00
899.60	3272.09
901.22	3303.49
902.85	3288.84
904.47	3317.09
906.10	3323.37
907.72	3345.34
909.34	3351.62
910.97	3384.06
912.59	3404.99
914.21	3466.72
915.84	3511.72
917.46	3583.92
919.08	3613.22
920.71	3646.70
922.33	3669.73
923.95	3708.44
925.58	3726.23
927.20	3741.93
928.82	3738.79
930.44	3776.46
932.07	3762.86
933.69	3784.83
935.31	3789.02
936.93	3824.59
938.56	3815.18
940.18	3840.29
941.80	3827.73
943.42	3857.03
945.05	3851.80
946.67	3850.75
948.29	3842.38
949.91	3872.73
951.53	3869.59
953.16	3877.96
954.78	3853.89
956.40	3862.26
958.02	3853.89
959.64	3875.87
961.26	3860.17
962.88	3877.96
964.51	3850.75
966.13	3885.28
967.75	3865.40
969.37	3885.28
970.99	3867.50
972.61	3875.87
974.23	3865.40
975.85	3883.19
977.47	3880.05
979.09	3888.42
980.71	3865.40
982.33	3897.84
983.95	3876.91
985.57	3905.17
987.19	3887.38
988.81	3910.40
990.43	3881.10
992.05	3910.40
993.67	3914.58
995.29	3928.19
996.91	3909.35
998.53	3956.44
1000.15	3941.79
1001.77	3965.86
1003.39	3950.16
1005.01	3979.46
1006.63	3972.14
1008.25	3999.34
1009.86	3992.02
1011.48	4006.67
1013.10	3989.92
1014.72	4024.46
1016.34	4011.90
1017.96	4048.52
1019.58	4026.55
1021.19	4051.66
1022.81	4031.78
1024.43	4064.22
1026.05	4041.20
1027.66	4076.78
1029.28	4052.71
1030.90	4079.91
1032.52	4053.75
1034.13	4084.10
1035.75	4078.87
1037.37	4105.03
1038.98	4094.56
1040.60	4101.89
1042.22	4080.96
1043.83	4098.75
1045.45	4082.01
1047.07	4095.61
1048.68	4086.19
1050.30	4108.17
1051.92	4096.66
1053.53	4118.63
1055.15	4098.75
1056.76	4105.03
1058.38	4087.24
1059.99	4114.45
1061.61	4097.70
1063.22	4108.17
1064.84	4098.75
1066.46	4109.21
1068.07	4083.05
1069.68	4102.94
1071.30	4089.33
1072.91	4092.47
1074.53	4070.50
1076.14	4092.47
1077.76	4063.17
1079.37	4088.29
1080.98	4044.34
1082.60	4073.64
1084.21	4052.71
1085.83	4070.50
1087.44	4047.48
1089.05	4048.52
1090.67	4035.97
1092.28	4049.57
1093.89	4035.97
1095.50	4056.89
1097.12	4038.06
1098.73	4071.54
1100.34	4019.22
1101.95	4052.71
1103.57	4035.97
1105.18	4045.38
1106.79	4025.50
1108.40	4055.85
1110.01	4042.24
1111.63	4057.94
1113.24	4041.20
1114.85	4057.94
1116.46	4045.38
1118.07	4071.54
1119.68	4043.29
1121.29	4060.03
1122.90	4037.01
1124.51	4066.31
1126.12	4064.22
1127.73	4079.91
1129.34	4057.94
1130.95	4073.64
1132.56	4066.31
1134.17	4065.26
1135.78	4061.08
1137.39	4083.05
1139.00	4056.89
1140.61	4084.10
1142.22	4100.84
1143.83	4107.12
1145.44	4083.05
1147.05	4106.07
1148.65	4098.75
1150.26	4107.12
1151.87	4091.42
1153.48	4117.58
1155.09	4106.07
1156.69	4128.05
1158.30	4099.80
1159.91	4127.00
1161.52	4120.72
1163.12	4144.79
1164.73	4132.23
1166.34	4156.30
1167.94	4125.96
1169.55	4152.12
1171.16	4138.51
1172.76	4156.30
1174.37	4135.37
1175.97	4169.90
1177.58	4135.37
1179.19	4165.72
1180.79	4138.51
1182.40	4156.30
1184.00	4139.56
1185.61	4174.09
1187.21	4151.07
1188.82	4160.49
1190.42	4150.02
1192.02	4157.35
1193.63	4138.51
1195.23	4160.49
1196.84	4141.65
1198.44	4159.44
1200.04	4153.16
1201.65	4161.53
1203.25	4147.93
1204.85	4157.35
1206.46	4130.14
1208.06	4146.88
1209.66	4128.05
1211.26	4137.47
1212.87	4132.23
1214.47	4132.23
1216.07	4111.31
1217.67	4125.96
1219.27	4111.31
1220.87	4123.86
1222.48	4105.03
1224.08	4116.54
1225.68	4098.75
1227.28	4114.45
1228.88	4085.15
1230.48	4112.35
1232.08	4067.36
1233.68	4102.94
1235.28	4086.19
1236.88	4091.42
1238.48	4061.08
1240.08	4086.19
1241.68	4040.15
1243.28	4057.94
1244.87	4031.78
1246.47	4044.34
1248.07	4012.94
1249.67	4020.27
1251.27	4023.41
1252.87	4018.18
1254.46	3994.11
1256.06	4008.76
1257.66	3989.92
1259.26	4000.39
1260.85	3983.65
1262.45	3988.88
1264.05	3974.23
1265.64	3985.74
1267.24	3971.09
1268.83	3984.69
1270.43	3958.53
1272.03	3989.92
1273.62	3955.39
1275.22	3955.39
1276.81	3955.39
1278.41	3959.58
1280.00	3956.44
1281.60	3959.58
1283.19	3935.51
1284.79	3954.35
1286.38	3933.42
1287.97	3958.53
1289.57	3931.33
1291.16	3939.70
1292.75	3915.63
1294.35	3936.56
1295.94	3916.68
1297.53	3936.56
1299.12	3912.49
1300.72	3935.51
1302.31	3890.52
1303.90	3938.65
1305.49	3921.91
1307.08	3913.54
1308.68	3889.47
1310.27	3909.35
1311.86	3898.89
1313.45	3899.93
1315.04	3885.28
1316.63	3903.07
1318.22	3894.70
1319.81	3890.52
1321.40	3890.52
1322.99	3899.93
1324.58	3862.26
1326.17	3876.91
1327.75	3870.63
1329.34	3874.82
1330.93	3859.12
1332.52	3865.40
1334.11	3853.89
1335.70	3881.10
1337.28	3855.98
1338.87	3870.63
1340.46	3851.80
1342.05	3858.08
1343.63	3853.89
1345.22	3853.89
1346.81	3854.94
1348.39	3851.80
1349.98	3835.06
1351.56	3830.87
1353.15	3813.08
1354.73	3808.90
1356.32	3779.60
1357.90	3790.06
1359.49	3782.74
1361.07	3758.67
1362.66	3741.93
1364.24	3761.81
1365.82	3761.81
1367.41	3775.41
1368.99	3737.74
1370.57	3736.70
1372.16	3737.74
1373.74	3736.70
1375.32	3710.54
1376.91	3712.63
1378.49	3657.17
1380.07	3627.87
1381.65	3599.62
1383.23	3600.66
1384.81	3605.90
1386.39	3612.17
1387.97	3598.57
1389.55	3628.92
1391.14	3622.64
1392.72	3615.31
1394.29	3617.41
1395.87	3619.50
1397.45	3620.54
1399.03	3640.43
1400.61	3621.59
1402.19	3637.29
1403.77	3632.06
1405.35	3662.40
1406.92	3637.29
1408.50	3656.12
1410.08	3647.75
1411.66	3664.49
1413.23	3660.31
1414.81	3683.33
1416.39	3664.49
1417.96	3684.38
1419.54	3659.26
1421.12	3703.21
1422.69	3681.24
1424.27	3676.00
1425.84	3676.00
1427.42	3678.10
1428.99	3671.82
1430.57	3684.38
1432.14	3665.54
1433.71	3673.91
1435.29	3667.63
1436.86	3672.86
1438.43	3673.91
1440.01	3682.28
1441.58	3530.55
1443.15	3664.49
1444.72	3648.80
1446.30	3661.35
1447.87	3655.08
1449.44	3644.61
1451.01	3618.45
1452.58	3642.52
1454.15	3620.54
1455.72	3624.73
1457.29	3603.80
1458.86	3607.99
1460.43	3587.06
1462.00	3627.87
1463.57	3589.15
1465.14	3599.62
1466.71	3570.32
1468.28	3578.69
1469.85	3559.85
1471.41	3570.32
1472.98	3546.25
1474.55	3549.39
1476.12	3533.69
1477.68	3533.69
1479.25	3530.55
1480.82	3531.60
1482.38	3529.51
1483.95	3522.18
1485.51	3519.04
1487.08	3539.97
1488.64	3526.37
1490.21	3537.88
1491.77	3507.53
1493.34	3527.42
1494.90	3499.16
1496.46	3490.79
1498.03	3483.47
1499.59	3491.84
1501.15	3483.47
1502.72	3482.42
1504.28	3465.68
1505.84	3469.86
1507.40	3455.21
1508.97	3468.82
1510.53	3457.31
1512.09	3471.96
1513.65	3461.49
1515.21	3458.35
1516.77	3441.61
1518.33	3466.72
1519.89	3452.07
1521.45	3447.89
1523.01	3440.56
1524.57	3452.07
1526.13	3425.91
1527.68	3432.19
1529.24	3429.05
1530.80	3414.40
1532.36	3420.68
1533.92	3424.87
1535.47	3395.57
1537.03	3399.75
1538.59	3391.38
1540.14	3395.57
1541.70	3381.97
1543.25	3409.17
1544.81	3391.38
1546.36	3393.48
1547.92	3361.04
1549.47	3373.59
1551.03	3366.27
1552.58	3361.04
1554.13	3350.57
1555.69	3365.22
1557.24	3343.25
1558.79	3343.25
1560.35	3325.46
1561.90	3336.97
1563.45	3316.04
1565.00	3316.04
1566.55	3307.67
1568.10	3308.72
1569.66	3289.88
1571.21	3307.67
1572.76	3286.74
1574.31	3291.98
1575.86	3284.65
1577.40	3277.33
1578.95	3274.19
1580.50	3277.33
1582.05	3260.58
1583.60	3257.44
1585.15	3237.56
1586.69	3250.12
1588.24	3252.21
1589.79	3253.26
1591.34	3231.28
1592.88	3246.98
1594.43	3221.87
1595.97	3238.61
1597.52	3217.68
1599.06	3219.77
1600.61	3218.73
1602.15	3226.05
1603.70	3213.50
1605.24	3211.40
1606.79	3208.26
1608.33	3193.61
1609.87	3192.57
1611.41	3206.17
1612.96	3192.57
1614.50	3176.87
1616.04	3182.10
1617.58	3193.61
1619.12	3155.94
1620.67	3164.31
1622.21	3137.11
1623.75	3164.31
1625.29	3142.34
1626.83	3136.06
1628.37	3141.29
1629.90	3119.32
1631.44	3102.58
1632.98	3102.58
1634.52	3065.95
1636.06	3051.30
1637.59	3040.84
1639.13	3015.73
1640.67	2998.98
1642.21	2972.82
1643.74	2951.90
1645.28	2916.32
1646.81	2890.16
1648.35	2887.02
1649.88	2853.53
1651.42	2856.67
1652.95	2825.28
1654.49	2833.65
1656.02	2802.26
1657.55	2807.49
1659.09	2780.29
1660.62	2794.94
1662.15	2777.15
1663.68	2782.38
1665.22	2765.64
1666.75	2761.45
1668.28	2748.89
1669.81	2766.68
1671.34	2747.85
1672.87	2745.75
1674.40	2742.62
1675.93	2740.52
1677.46	2715.41
1678.99	2720.64
1680.52	2717.50
1682.04	2730.06
1683.57	2715.41
1685.10	2722.73
1686.63	2709.13
1688.15	2713.32
1689.68	2701.81
1691.21	2709.13
1692.73	2704.94
1694.26	2708.08
1695.78	2697.62
1697.31	2701.81
1698.83	2693.43
1700.36	2704.94
1701.88	2690.29
1703.40	2703.90
1704.93	2693.43
1706.45	2697.62
