896.35	2791.80
897.98	2802.26
899.60	2810.63
901.22	2825.28
902.85	2813.77
904.47	2823.19
906.10	2827.37
907.72	2828.42
909.34	2840.98
910.97	2838.88
912.59	2851.44
914.21	2858.77
915.84	2868.18
917.46	2895.39
919.08	2910.04
920.71	2913.18
922.33	2938.29
923.95	2926.78
925.58	2950.85
927.20	2935.15
928.82	2948.76
930.44	2957.13
932.07	2948.76
933.69	2943.52
935.31	2960.27
936.93	2953.99
938.56	2957.13
940.18	2964.45
941.80	2968.64
943.42	2970.73
945.05	2989.57
946.67	2966.54
948.29	2981.19
949.91	2966.54
951.53	3000.03
953.16	2992.70
954.78	3002.12
956.40	2971.78
958.02	2975.96
959.64	2980.15
961.26	2990.61
962.88	2987.47
964.51	2982.24
966.13	2996.89
967.75	2998.98
969.37	2981.19
970.99	2989.57
972.61	2972.82
974.23	2980.15
975.85	2981.19
977.47	3002.12
979.09	2981.19
980.71	2991.66
982.33	2991.66
983.95	3000.03
985.57	3000.03
987.19	2996.89
988.81	2998.98
990.43	3001.08
992.05	2997.94
993.67	3013.63
995.29	2994.80
996.91	2998.98
998.53	3020.96
1000.15	3022.00
1001.77	3010.49
1003.39	3017.82
1005.01	3015.73
1006.63	3020.96
1008.25	3023.05
1009.86	3032.47
1011.48	3025.14
1013.10	3027.24
1014.72	3029.33
1016.34	3040.84
1017.96	3047.12
1019.58	3042.93
1021.19	3033.51
1022.81	3034.56
1024.43	3048.16
1026.05	3046.07
1027.66	3048.16
1029.28	3049.21
1030.90	3047.12
1032.52	3031.42
1034.13	3040.84
1035.75	3053.40
1037.37	3048.16
1038.98	3067.00
1040.60	3054.44
1042.22	3043.98
1043.83	3046.07
1045.45	3057.58
1047.07	3049.21
1048.68	3062.81
1050.30	3043.98
1051.92	3062.81
1053.53	3054.44
1055.15	3065.95
1056.76	3052.35
1058.38	3058.63
1059.99	3064.91
1061.61	3056.54
1063.22	3046.07
1064.84	3060.72
1066.46	3041.89
1068.07	3046.07
1069.68	3045.02
1071.30	3070.14
1072.91	3043.98
1074.53	3046.07
1076.14	3052.35
1077.76	3043.98
1079.37	3050.26
1080.98	3030.38
1082.60	3041.89
1084.21	3051.30
1085.83	3040.84
1087.44	3051.30
1089.05	3033.51
1090.67	3042.93
1092.28	3042.93
1093.89	3046.07
1095.50	3039.79
1097.12	3042.93
1098.73	3050.26
1100.34	3036.65
1101.95	3041.89
1103.57	3053.40
1105.18	3031.42
1106.79	3033.51
1108.40	3034.56
1110.01	3045.02
1111.63	3045.02
1113.24	3048.16
1114.85	3041.89
1116.46	3045.02
1118.07	3050.26
1119.68	3038.75
1121.29	3053.40
1122.90	3041.89
1124.51	3035.61
1126.12	3049.21
1127.73	3052.35
1129.34	3062.81
1130.95	3055.49
1132.56	3060.72
1134.17	3032.47
1135.78	3043.98
1137.39	3048.16
1139.00	3047.12
1140.61	3047.12
1142.22	3064.91
1143.83	3047.12
1145.44	3046.07
1147.05	3051.30
1148.65	3064.91
1150.26	3045.02
1151.87	3045.02
1153.48	3049.21
1155.09	3062.81
1156.69	3059.67
1158.30	3054.44
1159.91	3049.21
1161.52	3056.54
1163.12	3062.81
1164.73	3062.81
1166.34	3070.14
1167.94	3059.67
1169.55	3059.67
1171.16	3060.72
1172.76	3061.77
1174.37	3062.81
1175.97	3069.09
1177.58	3048.16
1179.19	3062.81
1180.79	3054.44
1182.40	3058.63
1184.00	3059.67
1185.61	3076.42
1187.21	3078.51
1188.82	3072.23
1190.42	3071.18
1192.02	3056.54
1193.63	3050.26
1195.23	3063.86
1196.84	3063.86
1198.44	3068.05
1200.04	3073.28
1201.65	3068.05
1203.25	3067.00
1204.85	3075.37
1206.46	3056.54
1208.06	3056.54
1209.66	3051.30
1211.26	3060.72
1212.87	3079.56
1214.47	3052.35
1216.07	3059.67
1217.67	3062.81
1219.27	3056.54
1220.87	3053.40
1222.48	3052.35
1224.08	3048.16
1225.68	3061.77
1227.28	3057.58
1228.88	3043.98
1230.48	3055.49
1232.08	3045.02
1233.68	3054.44
1235.28	3064.91
1236.88	3050.26
1238.48	3039.79
1240.08	3069.09
1241.68	3032.47
1243.28	3037.70
1244.87	3041.89
1246.47	3036.65
1248.07	3035.61
1249.67	3029.33
1251.27	3041.89
1252.87	3024.10
1254.46	3024.10
1256.06	3019.91
1257.66	3034.56
1259.26	3016.77
1260.85	3031.42
1262.45	3018.86
1264.05	3029.33
1265.64	3015.73
1267.24	3025.14
1268.83	3016.77
1270.43	3016.77
1272.03	3035.61
1273.62	3027.24
1275.22	3008.40
1276.81	3024.10
1278.41	3008.40
1280.00	3020.96
1281.60	3013.63
1283.19	3012.59
1284.79	3014.68
1286.38	3014.68
1287.97	3015.73
1289.57	3012.59
1291.16	3014.68
1292.75	3005.26
1294.35	3014.68
1295.94	3012.59
1297.53	3017.82
1299.12	3001.08
1300.72	3010.49
1302.31	2988.52
1303.90	3012.59
1305.49	3016.77
1307.08	3000.03
1308.68	3005.26
1310.27	3000.03
1311.86	3000.03
1313.45	2994.80
1315.04	3002.12
1316.63	3001.08
1318.22	2998.98
1319.81	2988.52
1321.40	2995.84
1322.99	3002.12
1324.58	2982.24
1326.17	2988.52
1327.75	2982.24
1329.34	2991.66
1330.93	2988.52
1332.52	2978.06
1334.11	2978.06
1335.70	2981.19
1337.28	2980.15
1338.87	2977.01
1340.46	2983.29
1342.05	2982.24
1343.63	2983.29
1345.22	2981.19
1346.81	2989.57
1348.39	2978.06
1349.98	2974.92
1351.56	2970.73
1353.15	2966.54
1354.73	2975.96
1356.32	2963.41
1357.90	2959.22
1359.49	2973.87
1361.07	2960.27
1362.66	2961.31
1364.24	2963.41
1365.82	2955.03
1367.41	2959.22
1368.99	2952.94
1370.57	2950.85
1372.16	2957.13
1373.74	2951.90
1375.32	2951.90
1376.91	2945.62
1378.49	2930.97
1380.07	2915.27
1381.65	2921.55
1383.23	2911.09
1384.81	2924.69
1386.39	2917.36
1387.97	2921.55
1389.55	2922.60
1391.14	2924.69
1392.72	2916.32
1394.29	2921.55
1395.87	2922.60
1397.45	2921.55
1399.03	2925.74
1400.61	2922.60
1402.19	2915.27
1403.77	2917.36
1405.35	2941.43
1406.92	2932.01
1408.50	2929.92
1410.08	2933.06
1411.66	2921.55
1413.23	2927.83
1414.81	2944.57
1416.39	2921.55
1417.96	2930.97
1419.54	2921.55
1421.12	2939.34
1422.69	2955.03
1424.27	2936.20
1425.84	2940.38
1427.42	2935.15
1428.99	2930.97
1430.57	2941.43
1432.14	2933.06
1433.71	2934.11
1435.29	2939.34
1436.86	2944.57
1438.43	2935.15
1440.01	2929.92
1441.58	2805.40
1443.15	2928.87
1444.72	2935.15
1446.30	2927.83
1447.87	2938.29
1449.44	2922.60
1451.01	2911.09
1452.58	2922.60
1454.15	2923.64
1455.72	2922.60
1457.29	2918.41
1458.86	2925.74
1460.43	2908.99
1462.00	2930.97
1463.57	2912.13
1465.14	2923.64
1466.71	2912.13
1468.28	2906.90
1469.85	2907.95
1471.41	2916.32
1472.98	2907.95
1474.55	2914.22
1476.12	2898.53
1477.68	2894.34
1479.25	2903.76
1480.82	2893.30
1482.38	2897.48
1483.95	2882.83
1485.51	2897.48
1487.08	2903.76
1488.64	2901.67
1490.21	2902.71
1491.77	2878.65
1493.34	2896.44
1494.90	2880.74
1496.46	2887.02
1498.03	2891.20
1499.59	2897.48
1501.15	2887.02
1502.72	2893.30
1504.28	2889.11
1505.84	2880.74
1507.40	2874.46
1508.97	2884.93
1510.53	2875.51
1512.09	2883.88
1513.65	2882.83
1515.21	2872.37
1516.77	2865.04
1518.33	2888.06
1519.89	2874.46
1521.45	2876.55
1523.01	2873.42
1524.57	2874.46
1526.13	2864.00
1527.68	2876.55
1529.24	2881.79
1530.80	2871.32
1532.36	2871.32
1533.92	2860.86
1535.47	2849.35
1537.03	2861.90
1538.59	2864.00
1540.14	2852.49
1541.70	2848.30
1543.25	2867.14
1544.81	2859.81
1546.36	2864.00
1547.92	2847.26
1549.47	2845.16
1551.03	2854.58
1552.58	2850.39
1554.13	2844.12
1555.69	2848.30
1557.24	2834.70
1558.79	2834.70
1560.35	2836.79
1561.90	2842.02
1563.45	2829.47
1565.00	2842.02
1566.55	2826.33
1568.10	2826.33
1569.66	2826.33
1571.21	2840.98
1572.76	2826.33
1574.31	2823.19
1575.86	2825.28
1577.40	2819.00
1578.95	2817.96
1580.50	2819.00
1582.05	2805.40
1583.60	2811.68
1585.15	2802.26
1586.69	2809.58
1588.24	2804.35
1589.79	2819.00
1591.34	2802.26
1592.88	2815.86
1594.43	2793.89
1595.97	2811.68
1597.52	2808.54
1599.06	2809.58
1600.61	2794.94
1602.15	2809.58
1603.70	2800.17
1605.24	2807.49
1606.79	2795.98
1608.33	2778.19
1609.87	2781.33
1611.41	2799.12
1612.96	2795.98
1614.50	2778.19
1616.04	2778.19
1617.58	2793.89
1619.12	2782.38
1620.67	2786.56
1622.21	2765.64
1623.75	2793.89
1625.29	2774.01
1626.83	2763.54
1628.37	2780.29
1629.90	2766.68
1631.44	2762.50
1632.98	2764.59
1634.52	2745.75
1636.06	2749.94
1637.59	2762.50
1639.13	2747.85
1640.67	2742.62
1642.21	2731.10
1643.74	2732.15
1645.28	2724.83
1646.81	2718.55
1648.35	2722.73
1649.88	2699.71
1651.42	2711.22
1652.95	2691.34
1654.49	2708.08
1656.02	2685.06
1657.55	2689.25
1659.09	2664.13
1660.62	2685.06
1662.15	2678.78
1663.68	2691.34
1665.22	2678.78
1666.75	2672.51
1668.28	2671.46
1669.81	2685.06
1671.34	2670.41
1672.87	2677.74
1674.40	2686.11
1675.93	2665.18
1677.46	2645.30
1678.99	2656.81
1680.52	2663.09
1682.04	2667.27
1683.57	2654.72
1685.10	2664.13
1686.63	2654.72
1688.15	2656.81
1689.68	2651.58
1691.21	2647.39
1692.73	2650.53
1694.26	2652.62
1695.78	2644.25
1697.31	2650.53
1698.83	2651.58
1700.36	2644.25
1701.88	2647.39
1703.40	2655.76
1704.93	2637.97
1706.45	2640.07
