896.35	3013.63
897.98	3014.68
899.60	3022.00
901.22	3026.19
902.85	3028.98
904.47	3034.21
906.10	3037.70
907.72	3048.51
909.34	3055.14
910.97	3068.39
912.59	3078.16
914.21	3094.55
915.84	3116.88
917.46	3143.04
919.08	3159.08
920.71	3177.92
922.33	3188.38
923.95	3209.31
925.58	3215.59
927.20	3224.31
928.82	3230.24
930.44	3238.26
932.07	3240.00
933.69	3239.31
935.31	3244.54
936.93	3251.51
938.56	3256.40
940.18	3261.98
941.80	3268.26
943.42	3279.07
945.05	3277.67
946.67	3285.00
948.29	3279.07
949.91	3287.09
951.53	3289.53
953.16	3295.81
954.78	3293.02
956.40	3291.28
958.02	3286.74
959.64	3291.28
961.26	3291.98
962.88	3292.32
964.51	3290.58
966.13	3293.02
967.75	3291.98
969.37	3293.02
970.99	3287.79
972.61	3294.07
974.23	3292.32
975.85	3298.95
977.47	3297.90
979.09	3299.30
980.71	3298.25
982.33	3303.83
983.95	3312.90
985.57	3312.90
987.19	3316.39
988.81	3313.25
990.43	3315.69
992.05	3318.83
993.67	3323.72
995.29	3325.46
996.91	3331.39
998.53	3338.37
1000.15	3347.78
1001.77	3348.13
1003.39	3348.83
1005.01	3353.36
1006.63	3354.06
1008.25	3359.29
1009.86	3358.94
1011.48	3360.34
1013.10	3361.04
1014.72	3365.57
1016.34	3377.78
1017.96	3378.83
1019.58	3378.48
1021.19	3374.99
1022.81	3382.31
1024.43	3387.90
1026.05	3394.52
1027.66	3397.66
1029.28	3401.50
1030.90	3398.71
1032.52	3398.01
1034.13	3403.94
1035.75	3408.47
1037.37	3419.29
1038.98	3416.85
1040.60	3416.50
1042.22	3407.43
1043.83	3409.52
1045.45	3409.87
1047.07	3416.50
1048.68	3414.06
1050.30	3418.59
1051.92	3414.75
1053.53	3419.64
1055.15	3415.80
1056.76	3419.98
1058.38	3421.38
1059.99	3422.78
1061.61	3414.75
1063.22	3413.71
1064.84	3415.10
1066.46	3420.33
1068.07	3418.94
1069.68	3424.17
1071.30	3425.57
1072.91	3424.17
1074.53	3422.43
1076.14	3421.38
1077.76	3425.91
1079.37	3417.19
1080.98	3415.80
1082.60	3412.66
1084.21	3415.80
1085.83	3416.50
1087.44	3411.61
1089.05	3407.43
1090.67	3400.45
1092.28	3401.50
1093.89	3406.03
1095.50	3405.68
1097.12	3407.08
1098.73	3399.06
1100.34	3406.03
1101.95	3405.68
1103.57	3410.92
1105.18	3408.47
1106.79	3408.82
1108.40	3412.31
1110.01	3416.50
1111.63	3419.98
1113.24	3421.03
1114.85	3417.19
1116.46	3416.15
1118.07	3410.92
1119.68	3415.80
1121.29	3410.92
1122.90	3410.22
1124.51	3409.87
1126.12	3418.24
1127.73	3425.22
1129.34	3426.61
1130.95	3427.31
1132.56	3420.68
1134.17	3416.85
1135.78	3414.75
1137.39	3422.08
1139.00	3420.68
1140.61	3424.52
1142.22	3423.82
1143.83	3430.45
1145.44	3429.05
1147.05	3433.59
1148.65	3430.45
1150.26	3427.31
1151.87	3426.26
1153.48	3433.59
1155.09	3436.73
1156.69	3436.73
1158.30	3433.24
1159.91	3438.12
1161.52	3440.91
1163.12	3439.52
1164.73	3441.96
1166.34	3440.56
1167.94	3445.10
1169.55	3443.35
1171.16	3449.28
1172.76	3448.59
1174.37	3449.98
1175.97	3446.14
1177.58	3452.07
1179.19	3445.80
1180.79	3446.49
1182.40	3443.01
1184.00	3454.86
1185.61	3460.10
1187.21	3460.45
1188.82	3456.61
1190.42	3456.26
1192.02	3456.61
1193.63	3460.10
1195.23	3462.54
1196.84	3466.38
1198.44	3468.12
1200.04	3468.12
1201.65	3467.42
1203.25	3469.17
1204.85	3466.03
1206.46	3465.33
1208.06	3456.61
1209.66	3458.35
1211.26	3464.63
1212.87	3468.82
1214.47	3471.26
1216.07	3468.47
1217.67	3468.12
1219.27	3467.07
1220.87	3466.03
1222.48	3462.54
1224.08	3462.54
1225.68	3462.89
1227.28	3463.24
1228.88	3466.72
1230.48	3462.89
1232.08	3464.98
1233.68	3463.58
1235.28	3465.68
1236.88	3462.19
1238.48	3464.98
1240.08	3458.70
1241.68	3459.05
1243.28	3448.94
1244.87	3449.63
1246.47	3446.49
1248.07	3446.14
1249.67	3452.42
1251.27	3448.24
1252.87	3442.66
1254.46	3435.33
1256.06	3439.87
1257.66	3437.77
1259.26	3437.08
1260.85	3434.29
1262.45	3439.52
1264.05	3438.82
1265.64	3441.61
1267.24	3443.01
1268.83	3441.26
1270.43	3442.31
1272.03	3437.77
1273.62	3435.68
1275.22	3434.29
1276.81	3434.63
1278.41	3436.73
1280.00	3431.84
1281.60	3431.50
1283.19	3435.33
1284.79	3437.08
1286.38	3438.47
1287.97	3433.94
1289.57	3429.40
1291.16	3424.52
1292.75	3425.91
1294.35	3429.05
1295.94	3429.75
1297.53	3423.12
1299.12	3427.31
1300.72	3424.17
1302.31	3432.54
1303.90	3431.50
1305.49	3436.38
1307.08	3430.45
1308.68	3424.87
1310.27	3418.94
1311.86	3416.85
1313.45	3414.40
1315.04	3415.80
1316.63	3416.50
1318.22	3416.15
1319.81	3417.19
1321.40	3419.29
1322.99	3413.01
1324.58	3406.73
1326.17	3400.45
1327.75	3402.20
1329.34	3400.10
1330.93	3394.17
1332.52	3387.90
1334.11	3388.24
1335.70	3385.10
1337.28	3391.03
1338.87	3390.34
1340.46	3395.92
1342.05	3391.38
1343.63	3389.99
1345.22	3388.94
1346.81	3388.24
1348.39	3382.31
1349.98	3372.90
1351.56	3363.13
1353.15	3358.94
1354.73	3347.43
1356.32	3340.46
1357.90	3331.39
1359.49	3328.60
1361.07	3323.02
1362.66	3323.37
1364.24	3325.11
1365.82	3333.13
1367.41	3328.60
1368.99	3322.67
1370.57	3317.44
1372.16	3318.14
1373.74	3323.02
1375.32	3319.53
1376.91	3306.28
1378.49	3283.95
1380.07	3259.54
1381.65	3241.40
1383.23	3235.12
1384.81	3234.07
1386.39	3236.86
1387.97	3234.77
1389.55	3230.94
1391.14	3220.47
1392.72	3212.10
1394.29	3200.24
1395.87	3191.52
1397.45	3184.89
1399.03	3175.82
1400.61	3173.38
1402.19	3161.87
1403.77	3160.13
1405.35	3148.27
1406.92	3145.13
1408.50	3137.11
1410.08	3133.97
1411.66	3128.74
1413.23	3131.53
1414.81	3125.60
1416.39	3128.74
1417.96	3118.97
1419.54	3123.50
1421.12	3121.06
1422.69	3116.88
1424.27	3117.23
1425.84	3111.99
1427.42	3114.44
1428.99	3113.74
1430.57	3111.99
1432.14	3111.65
1433.71	3113.74
1435.29	3119.32
1436.86	3121.06
1438.43	3115.83
1440.01	3050.61
1441.58	3050.61
1443.15	3052.35
1444.72	3110.60
1446.30	3113.04
1447.87	3107.81
1449.44	3102.23
1451.01	3101.18
1452.58	3105.72
1454.15	3110.25
1455.72	3106.76
1457.29	3109.55
1458.86	3110.95
1460.43	3117.58
1462.00	3113.74
1463.57	3114.44
1465.14	3107.81
1466.71	3109.90
1468.28	3113.74
1469.85	3118.62
1471.41	3117.58
1472.98	3121.76
1474.55	3117.58
1476.12	3119.67
1477.68	3118.27
1479.25	3123.16
1480.82	3127.34
1482.38	3125.95
1483.95	3131.53
1485.51	3140.60
1487.08	3147.92
1488.64	3153.50
1490.21	3144.43
1491.77	3149.32
1493.34	3142.69
1494.90	3146.53
1496.46	3145.83
1498.03	3149.66
1499.59	3151.41
1501.15	3148.62
1502.72	3150.71
1504.28	3154.55
1505.84	3153.85
1507.40	3158.04
1508.97	3159.78
1510.53	3171.29
1512.09	3175.13
1513.65	3178.62
1515.21	3173.38
1516.77	3174.08
1518.33	3172.69
1519.89	3175.13
1521.45	3175.48
1523.01	3178.96
1524.57	3182.80
1526.13	3186.29
1527.68	3192.92
1529.24	3193.26
1530.80	3195.01
1532.36	3190.13
1533.92	3185.24
1535.47	3180.36
1537.03	3181.06
1538.59	3187.68
1540.14	3189.78
1541.70	3195.71
1543.25	3197.80
1544.81	3203.73
1546.36	3197.80
1547.92	3199.54
1549.47	3196.40
1551.03	3195.36
1552.58	3191.87
1554.13	3196.40
1555.69	3198.85
1557.24	3200.59
1558.79	3191.87
1560.35	3194.31
1561.90	3190.82
1563.45	3195.01
1565.00	3189.43
1566.55	3193.96
1568.10	3191.17
1569.66	3196.06
1571.21	3195.36
1572.76	3199.54
1574.31	3197.80
1575.86	3193.26
1577.40	3187.68
1578.95	3188.03
1580.50	3184.20
1582.05	3185.94
1583.60	3180.01
1585.15	3182.45
1586.69	3185.24
1588.24	3191.87
1589.79	3188.73
1591.34	3189.08
1592.88	3181.06
1594.43	3189.43
1595.97	3184.20
1597.52	3189.78
1599.06	3182.80
1600.61	3188.38
1602.15	3182.10
1603.70	3179.66
1605.24	3169.20
1606.79	3168.15
1608.33	3168.50
1609.87	3172.69
1611.41	3173.73
1612.96	3171.29
1614.50	3162.57
1616.04	3161.52
1617.58	3159.78
1619.12	3162.92
1620.67	3154.20
1622.21	3155.59
1623.75	3147.22
1625.29	3148.27
1626.83	3147.57
1628.37	3148.62
1629.90	3141.29
1631.44	3133.62
1632.98	3121.06
1634.52	3113.04
1636.06	3102.23
1637.59	3094.21
1639.13	3084.79
1640.67	3069.09
1642.21	3056.19
1643.74	3035.61
1645.28	3011.54
1646.81	2994.10
1648.35	2969.68
1649.88	2957.48
1651.42	2933.06
1652.95	2930.62
1654.49	2915.62
1656.02	2907.95
1657.55	2888.76
1659.09	2881.44
1660.62	2870.97
1662.15	2870.62
1663.68	2860.51
1665.22	2855.63
1666.75	2845.51
1668.28	2848.30
1669.81	2845.51
1671.34	2846.21
1672.87	2840.28
1674.40	2832.95
1675.93	2820.05
1677.46	2807.84
1678.99	2805.05
1680.52	2810.28
1682.04	2810.28
1683.57	2811.33
1685.10	2801.56
1686.63	2801.21
1688.15	2792.49
1689.68	2792.14
1691.21	2787.26
1692.73	2790.05
1694.26	2790.75
1695.78	2790.40
1697.31	2783.77
1698.83	2780.63
1700.36	2774.01
1701.88	2778.54
1703.40	2775.40
1704.93	2779.94
1706.45	2779.24
