896.35	2958.17
897.98	2957.82
899.60	2966.20
901.22	2971.08
902.85	2974.92
904.47	2979.45
906.10	2982.24
907.72	2986.78
909.34	2987.47
910.97	3000.03
912.59	3010.84
914.21	3024.79
915.84	3041.54
917.46	3063.51
919.08	3078.16
920.71	3093.16
922.33	3100.48
923.95	3118.27
925.58	3122.81
927.20	3129.43
928.82	3131.88
930.44	3140.60
932.07	3142.34
933.69	3143.39
935.31	3147.92
936.93	3157.34
938.56	3161.18
940.18	3161.18
941.80	3163.97
943.42	3173.73
945.05	3175.13
946.67	3180.71
948.29	3172.69
949.91	3180.71
951.53	3182.45
953.16	3190.13
954.78	3183.85
956.40	3179.31
958.02	3173.73
959.64	3180.71
961.26	3183.15
962.88	3186.29
964.51	3187.34
966.13	3191.87
967.75	3190.47
969.37	3188.03
970.99	3181.75
972.61	3184.89
974.23	3186.29
975.85	3195.71
977.47	3195.01
979.09	3195.01
980.71	3190.13
982.33	3198.15
983.95	3203.73
985.57	3206.87
987.19	3210.70
988.81	3212.80
990.43	3213.15
992.05	3217.68
993.67	3216.98
995.29	3214.54
996.91	3213.15
998.53	3219.42
1000.15	3230.94
1001.77	3232.33
1003.39	3230.94
1005.01	3236.17
1006.63	3238.61
1008.25	3245.93
1009.86	3243.14
1011.48	3241.05
1013.10	3242.79
1014.72	3249.77
1016.34	3263.02
1017.96	3263.37
1019.58	3261.98
1021.19	3257.44
1022.81	3264.77
1024.43	3270.35
1026.05	3276.63
1027.66	3278.02
1029.28	3278.72
1030.90	3277.67
1032.52	3273.14
1034.13	3275.93
1035.75	3273.84
1037.37	3283.26
1038.98	3280.12
1040.60	3281.86
1042.22	3273.84
1043.83	3281.86
1045.45	3286.39
1047.07	3297.21
1048.68	3291.63
1050.30	3294.77
1051.92	3288.84
1053.53	3297.90
1055.15	3292.32
1056.76	3297.90
1058.38	3296.86
1059.99	3300.00
1061.61	3292.67
1063.22	3291.28
1064.84	3289.18
1066.46	3293.37
1068.07	3289.88
1069.68	3297.21
1071.30	3296.16
1072.91	3296.86
1074.53	3293.72
1076.14	3292.32
1077.76	3292.67
1079.37	3281.86
1080.98	3280.81
1082.60	3279.07
1084.21	3283.26
1085.83	3286.74
1087.44	3281.16
1089.05	3282.56
1090.67	3275.93
1092.28	3281.86
1093.89	3285.00
1095.50	3284.65
1097.12	3283.95
1098.73	3277.33
1100.34	3280.81
1101.95	3281.16
1103.57	3283.95
1105.18	3281.86
1106.79	3278.37
1108.40	3282.21
1110.01	3288.14
1111.63	3295.11
1113.24	3294.07
1114.85	3290.58
1116.46	3290.58
1118.07	3291.98
1119.68	3295.46
1121.29	3290.23
1122.90	3287.79
1124.51	3292.32
1126.12	3297.90
1127.73	3304.53
1129.34	3302.79
1130.95	3305.93
1132.56	3294.07
1134.17	3290.58
1135.78	3286.05
1137.39	3294.07
1139.00	3293.02
1140.61	3297.56
1142.22	3298.25
1143.83	3301.04
1145.44	3297.90
1147.05	3303.14
1148.65	3304.53
1150.26	3305.58
1151.87	3301.39
1153.48	3305.93
1155.09	3307.32
1156.69	3307.67
1158.30	3302.44
1159.91	3302.44
1161.52	3306.28
1163.12	3306.28
1164.73	3313.60
1166.34	3312.90
1167.94	3316.74
1169.55	3312.55
1171.16	3313.25
1172.76	3312.90
1174.37	3315.00
1175.97	3313.95
1177.58	3319.53
1179.19	3313.25
1180.79	3315.00
1182.40	3309.76
1184.00	3318.14
1185.61	3324.41
1187.21	3327.20
1188.82	3326.86
1190.42	3321.97
1192.02	3322.67
1193.63	3323.37
1195.23	3328.60
1196.84	3331.39
1198.44	3334.88
1200.04	3334.53
1201.65	3335.23
1203.25	3335.23
1204.85	3329.65
1206.46	3327.20
1208.06	3322.32
1209.66	3325.81
1211.26	3332.09
1212.87	3328.60
1214.47	3331.39
1216.07	3326.51
1217.67	3330.34
1219.27	3327.90
1220.87	3326.16
1222.48	3322.67
1224.08	3325.11
1225.68	3326.16
1227.28	3326.16
1228.88	3327.20
1230.48	3326.51
1232.08	3330.69
1233.68	3332.44
1235.28	3331.04
1236.88	3327.20
1238.48	3328.60
1240.08	3326.51
1241.68	3326.16
1243.28	3314.30
1244.87	3312.55
1246.47	3312.90
1248.07	3314.30
1249.67	3321.97
1251.27	3318.14
1252.87	3316.04
1254.46	3305.58
1256.06	3309.07
1257.66	3306.97
1259.26	3308.72
1260.85	3305.58
1262.45	3308.02
1264.05	3305.23
1265.64	3306.97
1267.24	3305.58
1268.83	3308.37
1270.43	3313.25
1272.03	3317.79
1273.62	3313.95
1275.22	3311.86
1276.81	3306.97
1278.41	3313.95
1280.00	3309.42
1281.60	3308.37
1283.19	3306.97
1284.79	3307.32
1286.38	3309.76
1287.97	3304.18
1289.57	3299.65
1291.16	3294.07
1292.75	3298.95
1294.35	3300.35
1295.94	3304.53
1297.53	3298.25
1299.12	3302.79
1300.72	3298.25
1302.31	3305.93
1303.90	3304.53
1305.49	3308.72
1307.08	3299.65
1308.68	3293.72
1310.27	3288.49
1311.86	3288.84
1313.45	3287.79
1315.04	3291.28
1316.63	3292.67
1318.22	3291.63
1319.81	3291.63
1321.40	3293.02
1322.99	3290.23
1324.58	3282.91
1326.17	3275.58
1327.75	3273.84
1329.34	3271.40
1330.93	3268.95
1332.52	3269.65
1334.11	3273.14
1335.70	3269.30
1337.28	3266.51
1338.87	3264.42
1340.46	3268.61
1342.05	3266.51
1343.63	3259.89
1345.22	3258.84
1346.81	3257.44
1348.39	3258.49
1349.98	3251.86
1351.56	3246.98
1353.15	3241.05
1354.73	3229.89
1356.32	3223.96
1357.90	3220.47
1359.49	3220.82
1361.07	3215.59
1362.66	3208.96
1364.24	3208.61
1365.82	3215.24
1367.41	3215.59
1368.99	3210.70
1370.57	3206.87
1372.16	3211.05
1373.74	3217.68
1375.32	3215.94
1376.91	3203.38
1378.49	3184.20
1380.07	3164.31
1381.65	3148.97
1383.23	3146.18
1384.81	3143.39
1386.39	3145.83
1387.97	3140.60
1389.55	3137.11
1391.14	3128.74
1392.72	3124.90
1394.29	3121.06
1395.87	3114.44
1397.45	3108.16
1399.03	3102.23
1400.61	3099.44
1402.19	3089.32
1403.77	3086.53
1405.35	3080.60
1406.92	3079.90
1408.50	3074.32
1410.08	3070.14
1411.66	3065.95
1413.23	3065.26
1414.81	3060.72
1416.39	3065.60
1417.96	3059.33
1419.54	3062.46
1421.12	3060.37
1422.69	3055.14
1424.27	3053.05
1425.84	3044.68
1427.42	3048.86
1428.99	3050.26
1430.57	3050.95
1432.14	3048.51
1433.71	3049.91
1435.29	3053.05
1436.86	3054.79
1438.43	3048.16
1440.01	2982.94
1441.58	2981.54
1443.15	2986.08
1444.72	3046.77
1446.30	3050.95
1447.87	3047.47
1449.44	3042.58
1451.01	3041.54
1452.58	3046.77
1454.15	3050.61
1455.72	3047.82
1457.29	3047.12
1458.86	3047.47
1460.43	3055.84
1462.00	3056.19
1463.57	3060.02
1465.14	3050.61
1466.71	3047.12
1468.28	3048.51
1469.85	3053.40
1471.41	3054.79
1472.98	3058.28
1474.55	3055.49
1476.12	3055.14
1477.68	3057.23
1479.25	3061.42
1480.82	3067.00
1482.38	3060.37
1483.95	3058.98
1485.51	3064.56
1487.08	3071.88
1488.64	3079.21
1490.21	3072.58
1491.77	3075.37
1493.34	3071.53
1494.90	3074.32
1496.46	3076.07
1498.03	3078.86
1499.59	3083.74
1501.15	3082.00
1502.72	3083.04
1504.28	3080.25
1505.84	3077.46
1507.40	3081.65
1508.97	3084.09
1510.53	3090.72
1512.09	3093.16
1513.65	3098.04
1515.21	3095.60
1516.77	3096.65
1518.33	3094.90
1519.89	3098.04
1521.45	3097.34
1523.01	3101.88
1524.57	3102.58
1526.13	3103.62
1527.68	3106.76
1529.24	3109.20
1530.80	3114.44
1532.36	3111.30
1533.92	3108.51
1535.47	3102.58
1537.03	3104.67
1538.59	3108.51
1540.14	3107.46
1541.70	3110.60
1543.25	3113.04
1544.81	3120.02
1546.36	3111.65
1547.92	3111.30
1549.47	3107.11
1551.03	3107.81
1552.58	3104.67
1554.13	3107.46
1555.69	3110.25
1557.24	3110.60
1558.79	3105.72
1560.35	3106.06
1561.90	3104.32
1563.45	3108.86
1565.00	3108.16
1566.55	3109.90
1568.10	3105.37
1569.66	3106.76
1571.21	3107.81
1572.76	3110.60
1574.31	3107.81
1575.86	3102.23
1577.40	3098.74
1578.95	3099.44
1580.50	3098.74
1582.05	3099.79
1583.60	3094.90
1585.15	3096.65
1586.69	3099.79
1588.24	3105.37
1589.79	3103.62
1591.34	3101.18
1592.88	3094.21
1594.43	3096.65
1595.97	3093.51
1597.52	3097.00
1599.06	3091.76
1600.61	3097.00
1602.15	3094.55
1603.70	3097.69
1605.24	3090.37
1606.79	3086.88
1608.33	3082.70
1609.87	3081.65
1611.41	3085.49
1612.96	3084.09
1614.50	3079.56
1616.04	3078.16
1617.58	3077.46
1619.12	3081.65
1620.67	3069.44
1622.21	3070.84
1623.75	3062.46
1625.29	3064.91
1626.83	3066.30
1628.37	3065.26
1629.90	3063.16
1631.44	3056.88
1632.98	3048.86
1634.52	3041.54
1636.06	3033.51
1637.59	3028.98
1639.13	3021.66
1640.67	3006.66
1642.21	2996.89
1643.74	2980.15
1645.28	2962.36
1646.81	2948.06
1648.35	2928.87
1649.88	2920.50
1651.42	2901.67
1652.95	2904.11
1654.49	2888.06
1656.02	2881.79
1657.55	2860.86
1659.09	2860.16
1660.62	2850.05
1662.15	2850.39
1663.68	2839.58
1665.22	2836.79
1666.75	2829.82
1668.28	2833.30
1669.81	2829.47
1671.34	2826.33
1672.87	2821.10
1674.40	2817.26
1675.93	2810.63
1677.46	2801.91
1678.99	2797.73
1680.52	2803.31
1682.04	2799.47
1683.57	2801.21
1685.10	2792.84
1686.63	2796.33
1688.15	2787.96
1689.68	2784.47
1691.21	2779.24
1692.73	2783.42
1694.26	2783.08
1695.78	2782.38
1697.31	2775.05
1698.83	2773.31
1700.36	2767.03
1701.88	2771.22
1703.40	2770.87
1704.93	2774.01
1706.45	2771.91
