896.35	2982.24
897.98	2978.75
899.60	2985.03
901.22	2992.01
902.85	2996.89
904.47	3003.87
906.10	3009.10
907.72	3018.17
909.34	3022.35
910.97	3032.12
912.59	3039.44
914.21	3051.65
915.84	3070.14
917.46	3094.90
919.08	3110.60
920.71	3124.20
922.33	3133.62
923.95	3152.80
925.58	3160.13
927.20	3167.45
928.82	3171.29
930.44	3179.66
932.07	3178.62
933.69	3176.52
935.31	3180.36
936.93	3191.52
938.56	3197.45
940.18	3203.03
941.80	3208.61
943.42	3220.82
945.05	3218.73
946.67	3223.96
948.29	3213.84
949.91	3222.91
951.53	3222.91
953.16	3232.33
954.78	3227.45
956.40	3225.70
958.02	3219.42
959.64	3224.66
961.26	3224.66
962.88	3226.40
964.51	3225.35
966.13	3231.28
967.75	3228.84
969.37	3230.94
970.99	3221.87
972.61	3231.63
974.23	3227.45
975.85	3236.52
977.47	3234.07
979.09	3240.00
980.71	3236.86
982.33	3242.79
983.95	3246.98
985.57	3249.07
987.19	3249.77
988.81	3249.77
990.43	3252.56
992.05	3256.05
993.67	3258.14
995.29	3255.00
996.91	3260.58
998.53	3263.37
1000.15	3275.58
1001.77	3271.40
1003.39	3272.44
1005.01	3277.67
1006.63	3283.95
1008.25	3291.28
1009.86	3290.23
1011.48	3290.23
1013.10	3292.67
1014.72	3295.81
1016.34	3308.72
1017.96	3312.55
1019.58	3312.90
1021.19	3306.97
1022.81	3310.11
1024.43	3316.74
1026.05	3320.58
1027.66	3323.37
1029.28	3324.06
1030.90	3324.06
1032.52	3321.97
1034.13	3325.46
1035.75	3325.46
1037.37	3332.44
1038.98	3330.34
1040.60	3329.30
1042.22	3321.62
1043.83	3328.25
1045.45	3335.92
1047.07	3347.09
1048.68	3344.30
1050.30	3347.78
1051.92	3340.81
1053.53	3343.25
1055.15	3336.62
1056.76	3341.85
1058.38	3343.25
1059.99	3349.18
1061.61	3341.16
1063.22	3342.55
1064.84	3339.76
1066.46	3346.39
1068.07	3340.81
1069.68	3344.99
1071.30	3344.99
1072.91	3346.04
1074.53	3343.95
1076.14	3342.55
1077.76	3345.69
1079.37	3335.23
1080.98	3332.44
1082.60	3328.95
1084.21	3335.58
1085.83	3340.81
1087.44	3333.83
1089.05	3331.04
1090.67	3324.76
1092.28	3329.65
1093.89	3332.44
1095.50	3333.13
1097.12	3335.23
1098.73	3329.99
1100.34	3329.99
1101.95	3328.60
1103.57	3326.86
1105.18	3322.67
1106.79	3321.62
1108.40	3328.25
1110.01	3335.92
1111.63	3341.50
1113.24	3341.16
1114.85	3338.37
1116.46	3338.37
1118.07	3338.02
1119.68	3341.50
1121.29	3338.02
1122.90	3338.71
1124.51	3341.50
1126.12	3344.99
1127.73	3348.48
1129.34	3348.13
1130.95	3351.62
1132.56	3342.90
1134.17	3338.37
1135.78	3334.18
1137.39	3342.55
1139.00	3340.46
1140.61	3342.90
1142.22	3342.55
1143.83	3349.88
1145.44	3348.83
1147.05	3355.11
1148.65	3351.27
1150.26	3347.78
1151.87	3341.85
1153.48	3348.13
1155.09	3355.46
1156.69	3358.94
1158.30	3355.46
1159.91	3357.55
1161.52	3357.90
1163.12	3358.60
1164.73	3358.60
1166.34	3357.55
1167.94	3360.69
1169.55	3360.34
1171.16	3368.36
1172.76	3370.46
1174.37	3372.20
1175.97	3366.27
1177.58	3370.46
1179.19	3365.92
1180.79	3366.27
1182.40	3358.25
1184.00	3366.62
1185.61	3373.59
1187.21	3377.78
1188.82	3375.34
1190.42	3373.94
1192.02	3371.15
1193.63	3369.76
1195.23	3369.76
1196.84	3372.90
1198.44	3376.38
1200.04	3380.57
1201.65	3385.10
1203.25	3385.80
1204.85	3378.83
1206.46	3377.78
1208.06	3372.55
1209.66	3375.69
1211.26	3378.83
1212.87	3376.38
1214.47	3378.48
1216.07	3375.69
1217.67	3384.41
1219.27	3383.01
1220.87	3381.97
1222.48	3376.04
1224.08	3377.78
1225.68	3380.92
1227.28	3380.22
1228.88	3380.22
1230.48	3374.29
1232.08	3376.38
1233.68	3377.43
1235.28	3381.27
1236.88	3382.31
1238.48	3385.10
1240.08	3376.73
1241.68	3372.55
1243.28	3362.08
1244.87	3362.43
1246.47	3360.34
1248.07	3358.94
1249.67	3365.92
1251.27	3363.83
1252.87	3363.48
1254.46	3354.06
1256.06	3356.50
1257.66	3353.02
1259.26	3354.41
1260.85	3354.06
1262.45	3358.25
1264.05	3357.20
1265.64	3358.60
1267.24	3357.90
1268.83	3358.25
1270.43	3360.69
1272.03	3358.25
1273.62	3353.71
1275.22	3349.88
1276.81	3348.13
1278.41	3356.85
1280.00	3355.46
1281.60	3356.50
1283.19	3351.97
1284.79	3351.97
1286.38	3355.46
1287.97	3355.46
1289.57	3351.97
1291.16	3344.64
1292.75	3346.04
1294.35	3344.99
1295.94	3346.74
1297.53	3337.67
1299.12	3342.90
1300.72	3339.41
1302.31	3349.53
1303.90	3349.53
1305.49	3352.67
1307.08	3340.81
1308.68	3334.18
1310.27	3333.83
1311.86	3337.67
1313.45	3336.97
1315.04	3336.62
1316.63	3335.58
1318.22	3331.39
1319.81	3327.20
1321.40	3330.34
1322.99	3328.95
1324.58	3323.72
1326.17	3317.09
1327.75	3320.93
1329.34	3326.86
1330.93	3323.72
1332.52	3318.83
1334.11	3315.34
1335.70	3311.16
1337.28	3310.81
1338.87	3310.46
1340.46	3312.90
1342.05	3308.37
1343.63	3302.79
1345.22	3305.58
1346.81	3306.62
1348.39	3307.32
1349.98	3296.16
1351.56	3289.18
1353.15	3285.70
1354.73	3279.07
1356.32	3273.49
1357.90	3266.51
1359.49	3264.07
1361.07	3260.23
1362.66	3252.56
1364.24	3252.56
1365.82	3255.35
1367.41	3255.35
1368.99	3249.77
1370.57	3245.93
1372.16	3250.12
1373.74	3254.30
1375.32	3250.82
1376.91	3233.73
1378.49	3212.45
1380.07	3195.36
1381.65	3182.45
1383.23	3181.41
1384.81	3176.52
1386.39	3179.66
1387.97	3176.87
1389.55	3173.73
1391.14	3160.83
1392.72	3151.76
1394.29	3142.69
1395.87	3136.41
1397.45	3130.83
1399.03	3124.90
1400.61	3121.76
1402.19	3112.69
1403.77	3111.99
1405.35	3104.32
1406.92	3102.58
1408.50	3093.16
1410.08	3089.67
1411.66	3082.00
1413.23	3085.49
1414.81	3080.60
1416.39	3084.79
1417.96	3075.02
1419.54	3078.51
1421.12	3076.07
1422.69	3072.23
1424.27	3070.49
1425.84	3064.91
1427.42	3068.39
1428.99	3070.84
1430.57	3073.28
1432.14	3073.63
1433.71	3074.67
1435.29	3076.07
1436.86	3075.02
1438.43	3067.00
1440.01	2997.24
1441.58	2996.19
1443.15	2999.68
1444.72	3063.51
1446.30	3065.95
1447.87	3061.77
1449.44	3058.28
1451.01	3056.19
1452.58	3061.07
1454.15	3063.16
1455.72	3063.86
1457.29	3064.91
1458.86	3066.30
1460.43	3073.63
1462.00	3073.63
1463.57	3078.51
1465.14	3072.58
1466.71	3070.84
1468.28	3074.32
1469.85	3077.11
1471.41	3082.00
1472.98	3085.83
1474.55	3083.74
1476.12	3079.90
1477.68	3077.11
1479.25	3079.56
1480.82	3086.53
1482.38	3081.65
1483.95	3081.65
1485.51	3085.83
1487.08	3093.86
1488.64	3102.23
1490.21	3094.90
1491.77	3100.14
1493.34	3093.86
1494.90	3099.09
1496.46	3098.04
1498.03	3102.93
1499.59	3106.76
1501.15	3103.97
1502.72	3103.97
1504.28	3104.67
1505.84	3102.58
1507.40	3111.65
1508.97	3114.09
1510.53	3125.25
1512.09	3124.90
1513.65	3128.74
1515.21	3124.90
1516.77	3127.34
1518.33	3126.64
1519.89	3129.78
1521.45	3126.30
1523.01	3129.09
1524.57	3132.22
1526.13	3135.71
1527.68	3140.25
1529.24	3137.81
1530.80	3140.60
1532.36	3133.97
1533.92	3131.88
1535.47	3125.95
1537.03	3128.74
1538.59	3135.02
1540.14	3138.15
1541.70	3142.34
1543.25	3142.69
1544.81	3146.87
1546.36	3139.90
1547.92	3142.34
1549.47	3140.94
1551.03	3143.39
1552.58	3138.85
1554.13	3139.55
1555.69	3142.69
1557.24	3147.57
1558.79	3146.87
1560.35	3147.92
1561.90	3143.74
1563.45	3145.13
1565.00	3141.99
1566.55	3145.83
1568.10	3143.39
1569.66	3145.48
1571.21	3144.78
1572.76	3146.18
1574.31	3148.97
1575.86	3145.13
1577.40	3143.39
1578.95	3137.11
1580.50	3132.92
1582.05	3133.27
1583.60	3131.18
1585.15	3134.32
1586.69	3135.02
1588.24	3141.29
1589.79	3139.90
1591.34	3141.64
1592.88	3129.78
1594.43	3131.88
1595.97	3124.55
1597.52	3133.62
1599.06	3129.78
1600.61	3136.41
1602.15	3131.53
1603.70	3131.88
1605.24	3123.50
1606.79	3116.18
1608.33	3111.65
1609.87	3111.99
1611.41	3118.62
1612.96	3117.23
1614.50	3111.99
1616.04	3108.51
1617.58	3107.46
1619.12	3110.25
1620.67	3098.74
1622.21	3100.14
1623.75	3094.21
1625.29	3101.53
1626.83	3103.62
1628.37	3099.79
1629.90	3091.76
1631.44	3081.30
1632.98	3072.58
1634.52	3065.95
1636.06	3061.42
1637.59	3058.28
1639.13	3049.21
1640.67	3032.47
1642.21	3017.47
1643.74	3002.47
1645.28	2981.54
1646.81	2968.29
1648.35	2947.36
1649.88	2938.99
1651.42	2919.11
1652.95	2916.67
1654.49	2900.27
1656.02	2894.69
1657.55	2877.25
1659.09	2875.86
1660.62	2864.35
1662.15	2864.70
1663.68	2853.18
1665.22	2849.70
1666.75	2838.88
1668.28	2839.58
1669.81	2830.51
1671.34	2827.72
1672.87	2824.23
1674.40	2824.58
1675.93	2818.65
1677.46	2808.89
1678.99	2802.61
1680.52	2804.35
1682.04	2801.91
1683.57	2801.56
1685.10	2794.59
1686.63	2795.98
1688.15	2790.40
1689.68	2788.31
1691.21	2782.73
1692.73	2787.61
1694.26	2789.01
1695.78	2789.01
1697.31	2779.59
1698.83	2779.24
1700.36	2775.05
1701.88	2782.38
1703.40	2777.50
1704.93	2778.19
1706.45	2772.96
