896.35	2968.64
897.98	2969.68
899.60	2977.01
901.22	2995.84
902.85	2990.61
904.47	3003.17
906.10	3008.40
907.72	3012.59
909.34	3017.82
910.97	3038.75
912.59	3063.86
914.21	3084.79
915.84	3108.86
917.46	3149.66
919.08	3175.82
920.71	3184.20
922.33	3204.08
923.95	3217.68
925.58	3239.66
927.20	3231.28
928.82	3231.28
930.44	3263.72
932.07	3256.40
933.69	3248.03
935.31	3257.44
936.93	3265.82
938.56	3277.33
940.18	3289.88
941.80	3274.19
943.42	3295.11
945.05	3304.53
946.67	3293.02
948.29	3289.88
949.91	3285.70
951.53	3294.07
953.16	3309.76
954.78	3308.72
956.40	3302.44
958.02	3289.88
959.64	3299.30
961.26	3300.35
962.88	3301.39
964.51	3281.51
966.13	3309.76
967.75	3309.76
969.37	3297.21
970.99	3300.35
972.61	3300.35
974.23	3306.62
975.85	3304.53
977.47	3310.81
979.09	3306.62
980.71	3301.39
982.33	3307.67
983.95	3313.95
985.57	3334.88
987.19	3321.27
988.81	3322.32
990.43	3305.58
992.05	3320.23
993.67	3335.92
995.29	3331.74
996.91	3327.55
998.53	3349.53
1000.15	3345.34
1001.77	3353.71
1003.39	3357.90
1005.01	3354.76
1006.63	3356.85
1008.25	3363.13
1009.86	3371.50
1011.48	3369.41
1013.10	3369.41
1014.72	3392.43
1016.34	3378.83
1017.96	3396.62
1019.58	3379.87
1021.19	3394.52
1022.81	3394.52
1024.43	3416.50
1026.05	3404.99
1027.66	3422.78
1029.28	3408.13
1030.90	3414.40
1032.52	3397.66
1034.13	3417.54
1035.75	3426.96
1037.37	3428.01
1038.98	3436.38
1040.60	3430.10
1042.22	3417.54
1043.83	3432.19
1045.45	3436.38
1047.07	3432.19
1048.68	3429.05
1050.30	3417.54
1051.92	3425.91
1053.53	3436.38
1055.15	3440.56
1056.76	3433.24
1058.38	3421.73
1059.99	3437.42
1061.61	3424.87
1063.22	3426.96
1064.84	3422.78
1066.46	3429.05
1068.07	3430.10
1069.68	3433.24
1071.30	3436.38
1072.91	3421.73
1074.53	3419.64
1076.14	3438.47
1077.76	3417.54
1079.37	3417.54
1080.98	3388.24
1082.60	3420.68
1084.21	3415.45
1085.83	3423.82
1087.44	3412.31
1089.05	3406.03
1090.67	3404.99
1092.28	3411.26
1093.89	3404.99
1095.50	3403.94
1097.12	3390.34
1098.73	3413.36
1100.34	3385.10
1101.95	3409.17
1103.57	3394.52
1105.18	3391.38
1106.79	3390.34
1108.40	3402.89
1110.01	3395.57
1111.63	3407.08
1113.24	3407.08
1114.85	3403.94
1116.46	3397.66
1118.07	3409.17
1119.68	3386.15
1121.29	3411.26
1122.90	3392.43
1124.51	3400.80
1126.12	3406.03
1127.73	3415.45
1129.34	3412.31
1130.95	3417.54
1132.56	3407.08
1134.17	3391.38
1135.78	3392.43
1137.39	3398.71
1139.00	3387.20
1140.61	3403.94
1142.22	3411.26
1143.83	3393.48
1145.44	3387.20
1147.05	3394.52
1148.65	3404.99
1150.26	3394.52
1151.87	3381.97
1153.48	3395.57
1155.09	3389.29
1156.69	3392.43
1158.30	3378.83
1159.91	3390.34
1161.52	3389.29
1163.12	3398.71
1164.73	3396.62
1166.34	3412.31
1167.94	3388.24
1169.55	3393.48
1171.16	3393.48
1172.76	3396.62
1174.37	3391.38
1175.97	3406.03
1177.58	3377.78
1179.19	3402.89
1180.79	3391.38
1182.40	3391.38
1184.00	3385.10
1185.61	3406.03
1187.21	3403.94
1188.82	3397.66
1190.42	3393.48
1192.02	3395.57
1193.63	3377.78
1195.23	3395.57
1196.84	3398.71
1198.44	3401.85
1200.04	3403.94
1201.65	3397.66
1203.25	3398.71
1204.85	3400.80
1206.46	3383.01
1208.06	3386.15
1209.66	3381.97
1211.26	3390.34
1212.87	3407.08
1214.47	3395.57
1216.07	3385.10
1217.67	3387.20
1219.27	3375.69
1220.87	3383.01
1222.48	3375.69
1224.08	3375.69
1225.68	3373.59
1227.28	3377.78
1228.88	3370.46
1230.48	3377.78
1232.08	3370.46
1233.68	3374.64
1235.28	3371.50
1236.88	3350.57
1238.48	3348.48
1240.08	3376.73
1241.68	3348.48
1243.28	3352.67
1244.87	3341.16
1246.47	3340.11
1248.07	3323.37
1249.67	3340.11
1251.27	3346.39
1252.87	3333.83
1254.46	3320.23
1256.06	3319.18
1257.66	3313.95
1259.26	3311.86
1260.85	3320.23
1262.45	3313.95
1264.05	3318.14
1265.64	3315.00
1267.24	3320.23
1268.83	3324.41
1270.43	3307.67
1272.03	3328.60
1273.62	3311.86
1275.22	3295.11
1276.81	3306.62
1278.41	3303.49
1280.00	3306.62
1281.60	3301.39
1283.19	3285.70
1284.79	3299.30
1286.38	3296.16
1287.97	3296.16
1289.57	3277.33
1291.16	3287.79
1292.75	3280.46
1294.35	3289.88
1295.94	3280.46
1297.53	3281.51
1299.12	3262.68
1300.72	3283.60
1302.31	3268.95
1303.90	3287.79
1305.49	3274.19
1307.08	3261.63
1308.68	3256.40
1310.27	3257.44
1311.86	3256.40
1313.45	3252.21
1315.04	3245.93
1316.63	3244.89
1318.22	3238.61
1319.81	3233.38
1321.40	3244.89
1322.99	3239.66
1324.58	3223.96
1326.17	3221.87
1327.75	3214.54
1329.34	3223.96
1330.93	3211.40
1332.52	3203.03
1334.11	3201.98
1335.70	3207.22
1337.28	3189.43
1338.87	3203.03
1340.46	3195.71
1342.05	3192.57
1343.63	3182.10
1345.22	3175.82
1346.81	3178.96
1348.39	3172.69
1349.98	3170.59
1351.56	3161.18
1353.15	3159.08
1354.73	3159.08
1356.32	3139.20
1357.90	3139.20
1359.49	3145.48
1361.07	3124.55
1362.66	3121.41
1364.24	3120.37
1365.82	3120.37
1367.41	3121.41
1368.99	3096.30
1370.57	3093.16
1372.16	3101.53
1373.74	3090.02
1375.32	3085.83
1376.91	3076.42
1378.49	3043.98
1380.07	3022.00
1381.65	3019.91
1383.23	3005.26
1384.81	2998.98
1386.39	2992.70
1387.97	2990.61
1389.55	2981.19
1391.14	2966.54
1392.72	2951.90
1394.29	2948.76
1395.87	2935.15
1397.45	2922.60
1399.03	2921.55
1400.61	2917.36
1402.19	2912.13
1403.77	2896.44
1405.35	2907.95
1406.92	2897.48
1408.50	2895.39
1410.08	2890.16
1411.66	2887.02
1413.23	2887.02
1414.81	2882.83
1416.39	2857.72
1417.96	2883.88
1419.54	2871.32
1421.12	2874.46
1422.69	2877.60
1424.27	2862.95
1425.84	2870.28
1427.42	2867.14
1428.99	2865.04
1430.57	2871.32
1432.14	2848.30
1433.71	2855.63
1435.29	2879.69
1436.86	2868.18
1438.43	2861.90
1440.01	2859.81
1441.58	2739.48
1443.15	2861.90
1444.72	2862.95
1446.30	2859.81
1447.87	2860.86
1449.44	2854.58
1451.01	2835.74
1452.58	2853.53
1454.15	2860.86
1455.72	2852.49
1457.29	2847.26
1458.86	2857.72
1460.43	2853.53
1462.00	2871.32
1463.57	2854.58
1465.14	2859.81
1466.71	2847.26
1468.28	2860.86
1469.85	2857.72
1471.41	2871.32
1472.98	2859.81
1474.55	2876.55
1476.12	2848.30
1477.68	2852.49
1479.25	2865.04
1480.82	2862.95
1482.38	2866.09
1483.95	2851.44
1485.51	2867.14
1487.08	2880.74
1488.64	2870.28
1490.21	2871.32
1491.77	2860.86
1493.34	2877.60
1494.90	2857.72
1496.46	2871.32
1498.03	2876.55
1499.59	2877.60
1501.15	2878.65
1502.72	2880.74
1504.28	2874.46
1505.84	2872.37
1507.40	2867.14
1508.97	2888.06
1510.53	2883.88
1512.09	2902.71
1513.65	2897.48
1515.21	2889.11
1516.77	2875.51
1518.33	2894.34
1519.89	2887.02
1521.45	2885.97
1523.01	2888.06
1524.57	2891.20
1526.13	2883.88
1527.68	2892.25
1529.24	2896.44
1530.80	2889.11
1532.36	2899.58
1533.92	2891.20
1535.47	2888.06
1537.03	2897.48
1538.59	2903.76
1540.14	2889.11
1541.70	2887.02
1543.25	2904.81
1544.81	2902.71
1546.36	2898.53
1547.92	2884.93
1549.47	2897.48
1551.03	2897.48
1552.58	2887.02
1554.13	2887.02
1555.69	2898.53
1557.24	2888.06
1558.79	2884.93
1560.35	2878.65
1561.90	2895.39
1563.45	2889.11
1565.00	2895.39
1566.55	2877.60
1568.10	2887.02
1569.66	2879.69
1571.21	2893.30
1572.76	2887.02
1574.31	2889.11
1575.86	2877.60
1577.40	2873.42
1578.95	2880.74
1580.50	2870.28
1582.05	2870.28
1583.60	2875.51
1585.15	2859.81
1586.69	2871.32
1588.24	2866.09
1589.79	2871.32
1591.34	2851.44
1592.88	2885.97
1594.43	2857.72
1595.97	2872.37
1597.52	2868.18
1599.06	2867.14
1600.61	2865.04
1602.15	2876.55
1603.70	2862.95
1605.24	2872.37
1606.79	2866.09
1608.33	2860.86
1609.87	2851.44
1611.41	2864.00
1612.96	2864.00
1614.50	2845.16
1616.04	2849.35
1617.58	2855.63
1619.12	2845.16
1620.67	2855.63
1622.21	2823.19
1623.75	2844.12
1625.29	2834.70
1626.83	2837.84
1628.37	2840.98
1629.90	2833.65
1631.44	2826.33
1632.98	2825.28
1634.52	2806.45
1636.06	2811.68
1637.59	2814.82
1639.13	2798.07
1640.67	2806.45
1642.21	2789.70
1643.74	2785.52
1645.28	2768.78
1646.81	2748.89
1648.35	2755.17
1649.88	2729.01
1651.42	2741.57
1652.95	2724.83
1654.49	2739.48
1656.02	2718.55
1657.55	2726.92
1659.09	2700.76
1660.62	2713.32
1662.15	2702.85
1663.68	2715.41
1665.22	2701.81
1666.75	2705.99
1668.28	2697.62
1669.81	2712.27
1671.34	2697.62
1672.87	2701.81
1674.40	2707.04
1675.93	2694.48
1677.46	2676.69
1678.99	2672.51
1680.52	2674.60
1682.04	2691.34
1683.57	2673.55
1685.10	2685.06
1686.63	2668.32
1688.15	2677.74
1689.68	2665.18
1691.21	2671.46
1692.73	2666.23
1694.26	2675.65
1695.78	2668.32
1697.31	2668.32
1698.83	2656.81
1700.36	2667.27
1701.88	2655.76
1703.40	2670.41
1704.93	2652.62
1706.45	2658.90
