896.35	2687.16
897.98	2680.88
899.60	2685.06
901.22	2696.57
902.85	2689.25
904.47	2689.25
906.10	2703.90
907.72	2691.34
909.34	2708.08
910.97	2701.81
912.59	2712.27
914.21	2704.94
915.84	2712.27
917.46	2717.50
919.08	2731.10
920.71	2716.45
922.33	2741.57
923.95	2723.78
925.58	2753.08
927.20	2733.20
928.82	2741.57
930.44	2747.85
932.07	2754.13
933.69	2721.69
935.31	2746.80
936.93	2734.24
938.56	2748.89
940.18	2737.38
941.80	2746.80
943.42	2752.03
945.05	2772.96
946.67	2742.62
948.29	2754.13
949.91	2736.34
951.53	2770.87
953.16	2764.59
954.78	2775.05
956.40	2752.03
958.02	2763.54
959.64	2753.08
961.26	2760.40
962.88	2750.99
964.51	2758.31
966.13	2774.01
967.75	2781.33
969.37	2750.99
970.99	2762.50
972.61	2745.75
974.23	2762.50
975.85	2753.08
977.47	2771.91
979.09	2756.22
980.71	2757.26
982.33	2757.26
983.95	2775.05
985.57	2768.78
987.19	2766.68
988.81	2765.64
990.43	2774.01
992.05	2766.68
993.67	2785.52
995.29	2762.50
996.91	2766.68
998.53	2770.87
1000.15	2775.05
1001.77	2775.05
1003.39	2781.33
1005.01	2772.96
1006.63	2788.66
1008.25	2779.24
1009.86	2794.94
1011.48	2765.64
1013.10	2778.19
1014.72	2772.96
1016.34	2789.70
1017.96	2785.52
1019.58	2782.38
1021.19	2766.68
1022.81	2786.56
1024.43	2781.33
1026.05	2782.38
1027.66	2786.56
1029.28	2790.75
1030.90	2778.19
1032.52	2774.01
1034.13	2775.05
1035.75	2800.17
1037.37	2779.24
1038.98	2794.94
1040.60	2777.15
1042.22	2775.05
1043.83	2775.05
1045.45	2792.84
1047.07	2778.19
1048.68	2800.17
1050.30	2772.96
1051.92	2798.07
1053.53	2771.91
1055.15	2799.12
1056.76	2779.24
1058.38	2803.31
1059.99	2795.98
1061.61	2791.80
1063.22	2772.96
1064.84	2794.94
1066.46	2781.33
1068.07	2788.66
1069.68	2782.38
1071.30	2806.45
1072.91	2775.05
1074.53	2780.29
1076.14	2782.38
1077.76	2795.98
1079.37	2783.42
1080.98	2777.15
1082.60	2779.24
1084.21	2789.70
1085.83	2776.10
1087.44	2795.98
1089.05	2776.10
1090.67	2792.84
1092.28	2767.73
1093.89	2783.42
1095.50	2781.33
1097.12	2787.61
1098.73	2788.66
1100.34	2776.10
1101.95	2779.24
1103.57	2788.66
1105.18	2768.78
1106.79	2777.15
1108.40	2774.01
1110.01	2793.89
1111.63	2780.29
1113.24	2791.80
1114.85	2781.33
1116.46	2791.80
1118.07	2787.61
1119.68	2787.61
1121.29	2789.70
1122.90	2793.89
1124.51	2782.38
1126.12	2798.07
1127.73	2793.89
1129.34	2804.35
1130.95	2793.89
1132.56	2811.68
1134.17	2767.73
1135.78	2786.56
1137.39	2779.24
1139.00	2779.24
1140.61	2779.24
1142.22	2795.98
1143.83	2781.33
1145.44	2794.94
1147.05	2785.52
1148.65	2806.45
1150.26	2779.24
1151.87	2780.29
1153.48	2770.87
1155.09	2797.03
1156.69	2779.24
1158.30	2777.15
1159.91	2775.05
1161.52	2791.80
1163.12	2786.56
1164.73	2783.42
1166.34	2790.75
1167.94	2784.47
1169.55	2781.33
1171.16	2781.33
1172.76	2786.56
1174.37	2795.98
1175.97	2783.42
1177.58	2778.19
1179.19	2788.66
1180.79	2787.61
1182.40	2774.01
1184.00	2787.61
1185.61	2790.75
1187.21	2795.98
1188.82	2775.05
1190.42	2786.56
1192.02	2779.24
1193.63	2783.42
1195.23	2786.56
1196.84	2792.84
1198.44	2781.33
1200.04	2795.98
1201.65	2784.47
1203.25	2791.80
1204.85	2789.70
1206.46	2782.38
1208.06	2780.29
1209.66	2780.29
1211.26	2774.01
1212.87	2805.40
1214.47	2781.33
1216.07	2790.75
1217.67	2781.33
1219.27	2783.42
1220.87	2781.33
1222.48	2784.47
1224.08	2762.50
1225.68	2789.70
1227.28	2780.29
1228.88	2775.05
1230.48	2784.47
1232.08	2776.10
1233.68	2779.24
1235.28	2797.03
1236.88	2776.10
1238.48	2771.91
1240.08	2793.89
1241.68	2778.19
1243.28	2776.10
1244.87	2780.29
1246.47	2767.73
1248.07	2775.05
1249.67	2777.15
1251.27	2795.98
1252.87	2766.68
1254.46	2766.68
1256.06	2761.45
1257.66	2783.42
1259.26	2771.91
1260.85	2781.33
1262.45	2765.64
1264.05	2777.15
1265.64	2771.91
1267.24	2782.38
1268.83	2776.10
1270.43	2772.96
1272.03	2779.24
1273.62	2774.01
1275.22	2770.87
1276.81	2781.33
1278.41	2759.36
1280.00	2778.19
1281.60	2761.45
1283.19	2772.96
1284.79	2767.73
1286.38	2775.05
1287.97	2771.91
1289.57	2777.15
1291.16	2762.50
1292.75	2767.73
1294.35	2771.91
1295.94	2777.15
1297.53	2764.59
1299.12	2762.50
1300.72	2775.05
1302.31	2758.31
1303.90	2770.87
1305.49	2779.24
1307.08	2757.26
1308.68	2762.50
1310.27	2764.59
1311.86	2770.87
1313.45	2757.26
1315.04	2775.05
1316.63	2765.64
1318.22	2775.05
1319.81	2755.17
1321.40	2762.50
1322.99	2766.68
1324.58	2754.13
1326.17	2750.99
1327.75	2749.94
1329.34	2754.13
1330.93	2754.13
1332.52	2738.43
1334.11	2754.13
1335.70	2750.99
1337.28	2746.80
1338.87	2754.13
1340.46	2752.03
1342.05	2742.62
1343.63	2753.08
1345.22	2743.66
1346.81	2755.17
1348.39	2750.99
1349.98	2761.45
1351.56	2747.85
1353.15	2743.66
1354.73	2746.80
1356.32	2747.85
1357.90	2741.57
1359.49	2753.08
1361.07	2742.62
1362.66	2745.75
1364.24	2740.52
1365.82	2746.80
1367.41	2749.94
1368.99	2738.43
1370.57	2733.20
1372.16	2749.94
1373.74	2735.29
1375.32	2747.85
1376.91	2742.62
1378.49	2733.20
1380.07	2720.64
1381.65	2739.48
1383.23	2727.97
1384.81	2725.87
1386.39	2714.36
1387.97	2725.87
1389.55	2722.73
1391.14	2724.83
1392.72	2719.59
1394.29	2729.01
1395.87	2729.01
1397.45	2720.64
1399.03	2722.73
1400.61	2718.55
1402.19	2708.08
1403.77	2710.18
1405.35	2726.92
1406.92	2717.50
1408.50	2722.73
1410.08	2720.64
1411.66	2701.81
1413.23	2716.45
1414.81	2724.83
1416.39	2712.27
1417.96	2714.36
1419.54	2709.13
1421.12	2714.36
1422.69	2718.55
1424.27	2710.18
1425.84	2719.59
1427.42	2710.18
1428.99	2720.64
1430.57	2720.64
1432.14	2709.13
1433.71	2707.04
1435.29	2732.15
1436.86	2729.01
1438.43	2724.83
1440.01	2705.99
1441.58	2600.30
1443.15	2718.55
1444.72	2722.73
1446.30	2713.32
1447.87	2722.73
1449.44	2713.32
1451.01	2702.85
1452.58	2719.59
1454.15	2717.50
1455.72	2709.13
1457.29	2709.13
1458.86	2721.69
1460.43	2718.55
1462.00	2733.20
1463.57	2723.78
1465.14	2731.10
1466.71	2719.59
1468.28	2718.55
1469.85	2716.45
1471.41	2719.59
1472.98	2718.55
1474.55	2726.92
1476.12	2721.69
1477.68	2708.08
1479.25	2729.01
1480.82	2720.64
1482.38	2722.73
1483.95	2711.22
1485.51	2729.01
1487.08	2725.87
1488.64	2718.55
1490.21	2720.64
1491.77	2700.76
1493.34	2723.78
1494.90	2704.94
1496.46	2710.18
1498.03	2719.59
1499.59	2713.32
1501.15	2717.50
1502.72	2712.27
1504.28	2715.41
1505.84	2709.13
1507.40	2709.13
1508.97	2722.73
1510.53	2722.73
1512.09	2727.97
1513.65	2729.01
1515.21	2722.73
1516.77	2704.94
1518.33	2727.97
1519.89	2723.78
1521.45	2709.13
1523.01	2714.36
1524.57	2719.59
1526.13	2710.18
1527.68	2718.55
1529.24	2726.92
1530.80	2716.45
1532.36	2723.78
1533.92	2710.18
1535.47	2705.99
1537.03	2714.36
1538.59	2716.45
1540.14	2710.18
1541.70	2697.62
1543.25	2718.55
1544.81	2716.45
1546.36	2720.64
1547.92	2705.99
1549.47	2717.50
1551.03	2708.08
1552.58	2703.90
1554.13	2704.94
1555.69	2711.22
1557.24	2698.67
1558.79	2704.94
1560.35	2701.81
1561.90	2709.13
1563.45	2702.85
1565.00	2699.71
1566.55	2700.76
1568.10	2695.53
1569.66	2695.53
1571.21	2704.94
1572.76	2696.57
1574.31	2697.62
1575.86	2707.04
1577.40	2696.57
1578.95	2699.71
1580.50	2694.48
1582.05	2688.20
1583.60	2682.97
1585.15	2685.06
1586.69	2688.20
1588.24	2695.53
1589.79	2697.62
1591.34	2673.55
1592.88	2697.62
1594.43	2688.20
1595.97	2695.53
1597.52	2690.29
1599.06	2681.92
1600.61	2686.11
1602.15	2699.71
1603.70	2687.16
1605.24	2692.39
1606.79	2691.34
1608.33	2674.60
1609.87	2678.78
1611.41	2682.97
1612.96	2681.92
1614.50	2674.60
1616.04	2677.74
1617.58	2689.25
1619.12	2677.74
1620.67	2685.06
1622.21	2667.27
1623.75	2685.06
1625.29	2674.60
1626.83	2675.65
1628.37	2695.53
1629.90	2669.37
1631.44	2674.60
1632.98	2677.74
1634.52	2669.37
1636.06	2664.13
1637.59	2680.88
1639.13	2670.41
1640.67	2679.83
1642.21	2670.41
1643.74	2677.74
1645.28	2657.86
1646.81	2666.23
1648.35	2677.74
1649.88	2650.53
1651.42	2673.55
1652.95	2646.35
1654.49	2670.41
1656.02	2659.95
1657.55	2665.18
1659.09	2645.30
1660.62	2664.13
1662.15	2655.76
1663.68	2664.13
1665.22	2655.76
1666.75	2656.81
1668.28	2645.30
1669.81	2657.86
1671.34	2649.49
1672.87	2649.49
1674.40	2654.72
1675.93	2652.62
1677.46	2640.07
1678.99	2635.88
1680.52	2635.88
1682.04	2645.30
1683.57	2640.07
1685.10	2652.62
1686.63	2635.88
1688.15	2636.93
1689.68	2628.56
1691.21	2635.88
1692.73	2643.21
1694.26	2640.07
1695.78	2632.74
1697.31	2637.97
1698.83	2625.42
1700.36	2629.60
1701.88	2627.51
1703.40	2635.88
1704.93	2622.28
1706.45	2624.37
