896.35	2971.78
897.98	2982.24
899.60	2975.96
901.22	2998.98
902.85	2989.57
904.47	3005.26
906.10	3013.63
907.72	3019.91
909.34	3024.10
910.97	3037.70
912.59	3058.63
914.21	3093.16
915.84	3111.99
917.46	3147.57
919.08	3168.50
920.71	3182.10
922.33	3200.94
923.95	3215.59
925.58	3242.79
927.20	3234.42
928.82	3238.61
930.44	3262.68
932.07	3250.12
933.69	3250.12
935.31	3260.58
936.93	3268.95
938.56	3283.60
940.18	3293.02
941.80	3283.60
943.42	3294.07
945.05	3302.44
946.67	3288.84
948.29	3302.44
949.91	3287.79
951.53	3305.58
953.16	3307.67
954.78	3305.58
956.40	3286.74
958.02	3294.07
959.64	3305.58
961.26	3301.39
962.88	3299.30
964.51	3296.16
966.13	3308.72
967.75	3304.53
969.37	3289.88
970.99	3294.07
972.61	3298.25
974.23	3300.35
975.85	3307.67
977.47	3304.53
979.09	3307.67
980.71	3296.16
982.33	3312.90
983.95	3317.09
985.57	3330.69
987.19	3312.90
988.81	3326.51
990.43	3319.18
992.05	3325.46
993.67	3332.78
995.29	3334.88
996.91	3327.55
998.53	3350.57
1000.15	3350.57
1001.77	3361.04
1003.39	3357.90
1005.01	3359.99
1006.63	3361.04
1008.25	3371.50
1009.86	3381.97
1011.48	3380.92
1013.10	3374.64
1014.72	3385.10
1016.34	3390.34
1017.96	3411.26
1019.58	3390.34
1021.19	3395.57
1022.81	3395.57
1024.43	3415.45
1026.05	3406.03
1027.66	3424.87
1029.28	3410.22
1030.90	3411.26
1032.52	3400.80
1034.13	3420.68
1035.75	3432.19
1037.37	3433.24
1038.98	3435.33
1040.60	3431.15
1042.22	3421.73
1043.83	3423.82
1045.45	3423.82
1047.07	3434.29
1048.68	3445.80
1050.30	3444.75
1051.92	3445.80
1053.53	3440.56
1055.15	3436.38
1056.76	3435.33
1058.38	3431.15
1059.99	3445.80
1061.61	3429.05
1063.22	3419.64
1064.84	3435.33
1066.46	3428.01
1068.07	3420.68
1069.68	3430.10
1071.30	3445.80
1072.91	3436.38
1074.53	3418.59
1076.14	3439.52
1077.76	3418.59
1079.37	3431.15
1080.98	3398.71
1082.60	3414.40
1084.21	3408.13
1085.83	3415.45
1087.44	3423.82
1089.05	3408.13
1090.67	3402.89
1092.28	3402.89
1093.89	3404.99
1095.50	3403.94
1097.12	3401.85
1098.73	3418.59
1100.34	3393.48
1101.95	3402.89
1103.57	3406.03
1105.18	3391.38
1106.79	3389.29
1108.40	3411.26
1110.01	3403.94
1111.63	3404.99
1113.24	3402.89
1114.85	3406.03
1116.46	3396.62
1118.07	3413.36
1119.68	3392.43
1121.29	3409.17
1122.90	3397.66
1124.51	3406.03
1126.12	3404.99
1127.73	3415.45
1129.34	3412.31
1130.95	3412.31
1132.56	3411.26
1134.17	3387.20
1135.78	3396.62
1137.39	3408.13
1139.00	3393.48
1140.61	3392.43
1142.22	3402.89
1143.83	3397.66
1145.44	3401.85
1147.05	3401.85
1148.65	3401.85
1150.26	3393.48
1151.87	3390.34
1153.48	3396.62
1155.09	3397.66
1156.69	3396.62
1158.30	3378.83
1159.91	3384.06
1161.52	3393.48
1163.12	3399.75
1164.73	3387.20
1166.34	3403.94
1167.94	3389.29
1169.55	3403.94
1171.16	3402.89
1172.76	3412.31
1174.37	3404.99
1175.97	3413.36
1177.58	3396.62
1179.19	3422.78
1180.79	3400.80
1182.40	3403.94
1184.00	3394.52
1185.61	3414.40
1187.21	3411.26
1188.82	3402.89
1190.42	3402.89
1192.02	3397.66
1193.63	3388.24
1195.23	3403.94
1196.84	3411.26
1198.44	3404.99
1200.04	3409.17
1201.65	3414.40
1203.25	3395.57
1204.85	3404.99
1206.46	3380.92
1208.06	3396.62
1209.66	3389.29
1211.26	3389.29
1212.87	3408.13
1214.47	3394.52
1216.07	3387.20
1217.67	3393.48
1219.27	3381.97
1220.87	3380.92
1222.48	3381.97
1224.08	3377.78
1225.68	3380.92
1227.28	3381.97
1228.88	3369.41
1230.48	3374.64
1232.08	3361.04
1233.68	3378.83
1235.28	3381.97
1236.88	3356.85
1238.48	3344.30
1240.08	3374.64
1241.68	3349.53
1243.28	3361.04
1244.87	3349.53
1246.47	3346.39
1248.07	3346.39
1249.67	3353.71
1251.27	3349.53
1252.87	3335.92
1254.46	3317.09
1256.06	3325.46
1257.66	3318.14
1259.26	3320.23
1260.85	3332.78
1262.45	3323.37
1264.05	3316.04
1265.64	3321.27
1267.24	3323.37
1268.83	3323.37
1270.43	3315.00
1272.03	3324.41
1273.62	3308.72
1275.22	3304.53
1276.81	3310.81
1278.41	3303.49
1280.00	3310.81
1281.60	3295.11
1283.19	3294.07
1284.79	3302.44
1286.38	3287.79
1287.97	3296.16
1289.57	3294.07
1291.16	3296.16
1292.75	3281.51
1294.35	3287.79
1295.94	3282.56
1297.53	3293.02
1299.12	3277.33
1300.72	3297.21
1302.31	3257.44
1303.90	3289.88
1305.49	3285.70
1307.08	3270.00
1308.68	3261.63
1310.27	3263.72
1311.86	3264.77
1313.45	3258.49
1315.04	3245.93
1316.63	3249.07
1318.22	3243.84
1319.81	3240.70
1321.40	3244.89
1322.99	3245.93
1324.58	3234.42
1326.17	3237.56
1327.75	3231.28
1329.34	3231.28
1330.93	3216.63
1332.52	3210.36
1334.11	3203.03
1335.70	3212.45
1337.28	3194.66
1338.87	3196.75
1340.46	3197.80
1342.05	3198.85
1343.63	3192.57
1345.22	3189.43
1346.81	3188.38
1348.39	3180.01
1349.98	3177.92
1351.56	3168.50
1353.15	3154.90
1354.73	3164.31
1356.32	3139.20
1357.90	3136.06
1359.49	3140.25
1361.07	3127.69
1362.66	3121.41
1364.24	3129.78
1365.82	3127.69
1367.41	3125.60
1368.99	3102.58
1370.57	3105.72
1372.16	3105.72
1373.74	3091.07
1375.32	3088.97
1376.91	3081.65
1378.49	3045.02
1380.07	3022.00
1381.65	3028.28
1383.23	3011.54
1384.81	3008.40
1386.39	2986.43
1387.97	2996.89
1389.55	2987.47
1391.14	2969.68
1392.72	2956.08
1394.29	2957.13
1395.87	2949.80
1397.45	2934.11
1399.03	2939.34
1400.61	2926.78
1402.19	2924.69
1403.77	2903.76
1405.35	2918.41
1406.92	2912.13
1408.50	2899.58
1410.08	2896.44
1411.66	2883.88
1413.23	2893.30
1414.81	2888.06
1416.39	2876.55
1417.96	2885.97
1419.54	2875.51
1421.12	2882.83
1422.69	2891.20
1424.27	2876.55
1425.84	2878.65
1427.42	2872.37
1428.99	2877.60
1430.57	2870.28
1432.14	2857.72
1433.71	2870.28
1435.29	2879.69
1436.86	2877.60
1438.43	2867.14
1440.01	2862.95
1441.58	2745.75
1443.15	2872.37
1444.72	2871.32
1446.30	2852.49
1447.87	2867.14
1449.44	2857.72
1451.01	2848.30
1452.58	2865.04
1454.15	2861.90
1455.72	2852.49
1457.29	2854.58
1458.86	2867.14
1460.43	2856.67
1462.00	2879.69
1463.57	2862.95
1465.14	2870.28
1466.71	2852.49
1468.28	2867.14
1469.85	2859.81
1471.41	2866.09
1472.98	2857.72
1474.55	2872.37
1476.12	2853.53
1477.68	2859.81
1479.25	2880.74
1480.82	2864.00
1482.38	2866.09
1483.95	2854.58
1485.51	2875.51
1487.08	2884.93
1488.64	2877.60
1490.21	2882.83
1491.77	2858.77
1493.34	2874.46
1494.90	2868.18
1496.46	2872.37
1498.03	2877.60
1499.59	2889.11
1501.15	2890.16
1502.72	2885.97
1504.28	2885.97
1505.84	2874.46
1507.40	2877.60
1508.97	2892.25
1510.53	2893.30
1512.09	2901.67
1513.65	2902.71
1515.21	2902.71
1516.77	2887.02
1518.33	2899.58
1519.89	2893.30
1521.45	2893.30
1523.01	2898.53
1524.57	2906.90
1526.13	2900.62
1527.68	2911.09
1529.24	2911.09
1530.80	2899.58
1532.36	2905.85
1533.92	2907.95
1535.47	2898.53
1537.03	2902.71
1538.59	2898.53
1540.14	2896.44
1541.70	2895.39
1543.25	2910.04
1544.81	2901.67
1546.36	2905.85
1547.92	2897.48
1549.47	2902.71
1551.03	2899.58
1552.58	2896.44
1554.13	2895.39
1555.69	2899.58
1557.24	2892.25
1558.79	2899.58
1560.35	2887.02
1561.90	2899.58
1563.45	2887.02
1565.00	2903.76
1566.55	2897.48
1568.10	2894.34
1569.66	2884.93
1571.21	2887.02
1572.76	2883.88
1574.31	2882.83
1575.86	2883.88
1577.40	2877.60
1578.95	2878.65
1580.50	2883.88
1582.05	2871.32
1583.60	2873.42
1585.15	2856.67
1586.69	2867.14
1588.24	2873.42
1589.79	2880.74
1591.34	2861.90
1592.88	2889.11
1594.43	2866.09
1595.97	2875.51
1597.52	2868.18
1599.06	2870.28
1600.61	2856.67
1602.15	2875.51
1603.70	2867.14
1605.24	2871.32
1606.79	2867.14
1608.33	2849.35
1609.87	2852.49
1611.41	2873.42
1612.96	2867.14
1614.50	2844.12
1616.04	2851.44
1617.58	2865.04
1619.12	2845.16
1620.67	2859.81
1622.21	2827.37
1623.75	2852.49
1625.29	2839.93
1626.83	2834.70
1628.37	2854.58
1629.90	2825.28
1631.44	2827.37
1632.98	2817.96
1634.52	2808.54
1636.06	2804.35
1637.59	2822.14
1639.13	2798.07
1640.67	2795.98
1642.21	2783.42
1643.74	2777.15
1645.28	2760.40
1646.81	2755.17
1648.35	2766.68
1649.88	2733.20
1651.42	2737.38
1652.95	2722.73
1654.49	2740.52
1656.02	2716.45
1657.55	2720.64
1659.09	2701.81
1660.62	2719.59
1662.15	2713.32
1663.68	2712.27
1665.22	2696.57
1666.75	2701.81
1668.28	2695.53
1669.81	2708.08
1671.34	2693.43
1672.87	2694.48
1674.40	2699.71
1675.93	2692.39
1677.46	2672.51
1678.99	2673.55
1680.52	2674.60
1682.04	2685.06
1683.57	2675.65
1685.10	2682.97
1686.63	2672.51
1688.15	2677.74
1689.68	2659.95
1691.21	2672.51
1692.73	2671.46
1694.26	2678.78
1695.78	2666.23
1697.31	2665.18
1698.83	2663.09
1700.36	2664.13
1701.88	2662.04
1703.40	2673.55
1704.93	2655.76
1706.45	2659.95
