896.35	2903.76
897.98	2908.99
899.60	2910.04
901.22	2922.60
902.85	2910.04
904.47	2922.60
906.10	2936.20
907.72	2934.11
909.34	2950.85
910.97	2963.41
912.59	2981.19
914.21	2994.80
915.84	3013.63
917.46	3041.89
919.08	3054.44
920.71	3069.09
922.33	3098.39
923.95	3101.53
925.58	3124.55
927.20	3113.04
928.82	3123.50
930.44	3140.25
932.07	3129.78
933.69	3115.13
935.31	3126.64
936.93	3130.83
938.56	3148.62
940.18	3145.48
941.80	3152.80
943.42	3167.45
945.05	3171.64
946.67	3151.76
948.29	3166.41
949.91	3161.18
951.53	3176.87
953.16	3172.69
954.78	3177.92
956.40	3155.94
958.02	3178.96
959.64	3171.64
961.26	3167.45
962.88	3166.41
964.51	3156.99
966.13	3183.15
967.75	3182.10
969.37	3167.45
970.99	3163.27
972.61	3161.18
974.23	3175.82
975.85	3172.69
977.47	3181.06
979.09	3174.78
980.71	3168.50
982.33	3169.55
983.95	3178.96
985.57	3193.61
987.19	3187.34
988.81	3194.66
990.43	3184.20
992.05	3180.01
993.67	3191.52
995.29	3192.57
996.91	3187.34
998.53	3211.40
1000.15	3211.40
1001.77	3214.54
1003.39	3216.63
1005.01	3214.54
1006.63	3218.73
1008.25	3219.77
1009.86	3236.52
1011.48	3222.91
1013.10	3225.01
1014.72	3238.61
1016.34	3236.52
1017.96	3256.40
1019.58	3244.89
1021.19	3245.93
1022.81	3243.84
1024.43	3261.63
1026.05	3250.12
1027.66	3264.77
1029.28	3254.30
1030.90	3254.30
1032.52	3245.93
1034.13	3263.72
1035.75	3273.14
1037.37	3263.72
1038.98	3285.70
1040.60	3275.23
1042.22	3260.58
1043.83	3262.68
1045.45	3266.86
1047.07	3273.14
1048.68	3282.56
1050.30	3279.42
1051.92	3287.79
1053.53	3276.28
1055.15	3288.84
1056.76	3275.23
1058.38	3282.56
1059.99	3280.46
1061.61	3277.33
1063.22	3267.91
1064.84	3276.28
1066.46	3279.42
1068.07	3272.09
1069.68	3275.23
1071.30	3279.42
1072.91	3270.00
1074.53	3263.72
1076.14	3281.51
1077.76	3271.05
1079.37	3264.77
1080.98	3243.84
1082.60	3261.63
1084.21	3266.86
1085.83	3266.86
1087.44	3280.46
1089.05	3255.35
1090.67	3253.26
1092.28	3258.49
1093.89	3263.72
1095.50	3260.58
1097.12	3249.07
1098.73	3264.77
1100.34	3242.79
1101.95	3256.40
1103.57	3254.30
1105.18	3242.79
1106.79	3239.66
1108.40	3249.07
1110.01	3249.07
1111.63	3254.30
1113.24	3254.30
1114.85	3252.21
1116.46	3248.03
1118.07	3264.77
1119.68	3250.12
1121.29	3262.68
1122.90	3248.03
1124.51	3251.17
1126.12	3261.63
1127.73	3265.82
1129.34	3279.42
1130.95	3271.05
1132.56	3278.37
1134.17	3238.61
1135.78	3252.21
1137.39	3258.49
1139.00	3250.12
1140.61	3253.26
1142.22	3255.35
1143.83	3251.17
1145.44	3255.35
1147.05	3255.35
1148.65	3259.54
1150.26	3248.03
1151.87	3242.79
1153.48	3257.44
1155.09	3250.12
1156.69	3252.21
1158.30	3243.84
1159.91	3248.03
1161.52	3258.49
1163.12	3250.12
1164.73	3249.07
1166.34	3263.72
1167.94	3254.30
1169.55	3258.49
1171.16	3262.68
1172.76	3258.49
1174.37	3255.35
1175.97	3271.05
1177.58	3239.66
1179.19	3265.82
1180.79	3252.21
1182.40	3268.95
1184.00	3254.30
1185.61	3271.05
1187.21	3262.68
1188.82	3266.86
1190.42	3268.95
1192.02	3262.68
1193.63	3249.07
1195.23	3259.54
1196.84	3265.82
1198.44	3267.91
1200.04	3272.09
1201.65	3265.82
1203.25	3266.86
1204.85	3267.91
1206.46	3258.49
1208.06	3253.26
1209.66	3258.49
1211.26	3255.35
1212.87	3270.00
1214.47	3252.21
1216.07	3249.07
1217.67	3260.58
1219.27	3255.35
1220.87	3246.98
1222.48	3239.66
1224.08	3239.66
1225.68	3256.40
1227.28	3252.21
1228.88	3237.56
1230.48	3243.84
1232.08	3231.28
1233.68	3242.79
1235.28	3248.03
1236.88	3231.28
1238.48	3225.01
1240.08	3245.93
1241.68	3211.40
1243.28	3215.59
1244.87	3214.54
1246.47	3213.50
1248.07	3203.03
1249.67	3219.77
1251.27	3225.01
1252.87	3208.26
1254.46	3203.03
1256.06	3200.94
1257.66	3203.03
1259.26	3193.61
1260.85	3196.75
1262.45	3197.80
1264.05	3206.17
1265.64	3200.94
1267.24	3200.94
1268.83	3193.61
1270.43	3184.20
1272.03	3204.08
1273.62	3195.71
1275.22	3183.15
1276.81	3190.47
1278.41	3187.34
1280.00	3189.43
1281.60	3180.01
1283.19	3178.96
1284.79	3185.24
1286.38	3184.20
1287.97	3178.96
1289.57	3166.41
1291.16	3167.45
1292.75	3167.45
1294.35	3170.59
1295.94	3174.78
1297.53	3175.82
1299.12	3162.22
1300.72	3184.20
1302.31	3155.94
1303.90	3182.10
1305.49	3180.01
1307.08	3166.41
1308.68	3159.08
1310.27	3152.80
1311.86	3150.71
1313.45	3148.62
1315.04	3152.80
1316.63	3154.90
1318.22	3155.94
1319.81	3140.25
1321.40	3141.29
1322.99	3148.62
1324.58	3125.60
1326.17	3133.97
1327.75	3120.37
1329.34	3125.60
1330.93	3123.50
1332.52	3118.27
1334.11	3122.46
1335.70	3113.04
1337.28	3100.48
1338.87	3106.76
1340.46	3110.95
1342.05	3101.53
1343.63	3099.44
1345.22	3105.72
1346.81	3098.39
1348.39	3094.21
1349.98	3096.30
1351.56	3085.83
1353.15	3080.60
1354.73	3072.23
1356.32	3059.67
1357.90	3063.86
1359.49	3073.28
1361.07	3055.49
1362.66	3056.54
1364.24	3060.72
1365.82	3058.63
1367.41	3059.67
1368.99	3036.65
1370.57	3034.56
1372.16	3034.56
1373.74	3034.56
1375.32	3034.56
1376.91	3013.63
1378.49	2987.47
1380.07	2980.15
1381.65	2974.92
1383.23	2962.36
1384.81	2964.45
1386.39	2960.27
1387.97	2964.45
1389.55	2947.71
1391.14	2940.38
1392.72	2928.87
1394.29	2935.15
1395.87	2926.78
1397.45	2928.87
1399.03	2921.55
1400.61	2914.22
1402.19	2902.71
1403.77	2895.39
1405.35	2913.18
1406.92	2902.71
1408.50	2899.58
1410.08	2907.95
1411.66	2900.62
1413.23	2887.02
1414.81	2895.39
1416.39	2879.69
1417.96	2894.34
1419.54	2882.83
1421.12	2893.30
1422.69	2902.71
1424.27	2883.88
1425.84	2894.34
1427.42	2879.69
1428.99	2889.11
1430.57	2888.06
1432.14	2880.74
1433.71	2884.93
1435.29	2880.74
1436.86	2876.55
1438.43	2872.37
1440.01	2869.23
1441.58	2753.08
1443.15	2879.69
1444.72	2882.83
1446.30	2879.69
1447.87	2879.69
1449.44	2873.42
1451.01	2869.23
1452.58	2878.65
1454.15	2878.65
1455.72	2868.18
1457.29	2878.65
1458.86	2880.74
1460.43	2866.09
1462.00	2890.16
1463.57	2877.60
1465.14	2876.55
1466.71	2866.09
1468.28	2868.18
1469.85	2864.00
1471.41	2875.51
1472.98	2868.18
1474.55	2883.88
1476.12	2858.77
1477.68	2855.63
1479.25	2871.32
1480.82	2871.32
1482.38	2873.42
1483.95	2864.00
1485.51	2875.51
1487.08	2877.60
1488.64	2873.42
1490.21	2880.74
1491.77	2868.18
1493.34	2879.69
1494.90	2865.04
1496.46	2867.14
1498.03	2872.37
1499.59	2877.60
1501.15	2876.55
1502.72	2870.28
1504.28	2874.46
1505.84	2865.04
1507.40	2866.09
1508.97	2887.02
1510.53	2880.74
1512.09	2891.20
1513.65	2895.39
1515.21	2885.97
1516.77	2871.32
1518.33	2885.97
1519.89	2882.83
1521.45	2880.74
1523.01	2883.88
1524.57	2878.65
1526.13	2884.93
1527.68	2894.34
1529.24	2896.44
1530.80	2880.74
1532.36	2878.65
1533.92	2881.79
1535.47	2867.14
1537.03	2870.28
1538.59	2885.97
1540.14	2875.51
1541.70	2872.37
1543.25	2891.20
1544.81	2885.97
1546.36	2880.74
1547.92	2869.23
1549.47	2873.42
1551.03	2874.46
1552.58	2873.42
1554.13	2871.32
1555.69	2879.69
1557.24	2867.14
1558.79	2867.14
1560.35	2865.04
1561.90	2871.32
1563.45	2859.81
1565.00	2869.23
1566.55	2864.00
1568.10	2859.81
1569.66	2847.26
1571.21	2866.09
1572.76	2866.09
1574.31	2866.09
1575.86	2859.81
1577.40	2854.58
1578.95	2859.81
1580.50	2850.39
1582.05	2848.30
1583.60	2851.44
1585.15	2843.07
1586.69	2834.70
1588.24	2848.30
1589.79	2864.00
1591.34	2842.02
1592.88	2857.72
1594.43	2830.51
1595.97	2850.39
1597.52	2840.98
1599.06	2847.26
1600.61	2832.61
1602.15	2848.30
1603.70	2835.74
1605.24	2842.02
1606.79	2839.93
1608.33	2828.42
1609.87	2829.47
1611.41	2838.88
1612.96	2833.65
1614.50	2825.28
1616.04	2824.23
1617.58	2832.61
1619.12	2823.19
1620.67	2832.61
1622.21	2803.31
1623.75	2829.47
1625.29	2804.35
1626.83	2809.58
1628.37	2822.14
1629.90	2800.17
1631.44	2798.07
1632.98	2797.03
1634.52	2777.15
1636.06	2783.42
1637.59	2788.66
1639.13	2777.15
1640.67	2779.24
1642.21	2759.36
1643.74	2758.31
1645.28	2741.57
1646.81	2733.20
1648.35	2742.62
1649.88	2718.55
1651.42	2729.01
1652.95	2710.18
1654.49	2733.20
1656.02	2700.76
1657.55	2703.90
1659.09	2684.02
1660.62	2704.94
1662.15	2691.34
1663.68	2698.67
1665.22	2684.02
1666.75	2690.29
1668.28	2679.83
1669.81	2701.81
1671.34	2692.39
1672.87	2694.48
1674.40	2690.29
1675.93	2680.88
1677.46	2669.37
1678.99	2668.32
1680.52	2671.46
1682.04	2677.74
1683.57	2675.65
1685.10	2679.83
1686.63	2657.86
1688.15	2670.41
1689.68	2658.90
1691.21	2668.32
1692.73	2666.23
1694.26	2671.46
1695.78	2656.81
1697.31	2664.13
1698.83	2654.72
1700.36	2662.04
1701.88	2656.81
1703.40	2669.37
1704.93	2661.00
1706.45	2649.49
