896.35	2852.49
897.98	2850.39
899.60	2858.77
901.22	2878.65
902.85	2865.04
904.47	2872.37
906.10	2874.46
907.72	2882.83
909.34	2897.48
910.97	2905.85
912.59	2925.74
914.21	2925.74
915.84	2947.71
917.46	2967.59
919.08	2990.61
920.71	2984.33
922.33	3009.45
923.95	3015.73
925.58	3040.84
927.20	3020.96
928.82	3031.42
930.44	3037.70
932.07	3030.38
933.69	3024.10
935.31	3043.98
936.93	3045.02
938.56	3053.40
940.18	3057.58
941.80	3058.63
943.42	3070.14
945.05	3078.51
946.67	3051.30
948.29	3068.05
949.91	3067.00
951.53	3080.60
953.16	3074.32
954.78	3080.60
956.40	3055.49
958.02	3067.00
959.64	3060.72
961.26	3061.77
962.88	3063.86
964.51	3056.54
966.13	3073.28
967.75	3070.14
969.37	3068.05
970.99	3074.32
972.61	3070.14
974.23	3074.32
975.85	3069.09
977.47	3075.37
979.09	3069.09
980.71	3064.91
982.33	3063.86
983.95	3080.60
985.57	3097.34
987.19	3086.88
988.81	3087.93
990.43	3081.65
992.05	3077.46
993.67	3099.44
995.29	3088.97
996.91	3095.25
998.53	3110.95
1000.15	3109.90
1001.77	3107.81
1003.39	3120.37
1005.01	3113.04
1006.63	3111.99
1008.25	3120.37
1009.86	3130.83
1011.48	3118.27
1013.10	3117.23
1014.72	3129.78
1016.34	3139.20
1017.96	3142.34
1019.58	3137.11
1021.19	3132.92
1022.81	3133.97
1024.43	3145.48
1026.05	3142.34
1027.66	3149.66
1029.28	3149.66
1030.90	3153.85
1032.52	3141.29
1034.13	3148.62
1035.75	3159.08
1037.37	3154.90
1038.98	3175.82
1040.60	3156.99
1042.22	3147.57
1043.83	3146.53
1045.45	3155.94
1047.07	3160.13
1048.68	3174.78
1050.30	3154.90
1051.92	3173.73
1053.53	3158.04
1055.15	3160.13
1056.76	3152.80
1058.38	3163.27
1059.99	3174.78
1061.61	3167.45
1063.22	3144.43
1064.84	3160.13
1066.46	3147.57
1068.07	3145.48
1069.68	3152.80
1071.30	3175.82
1072.91	3154.90
1074.53	3148.62
1076.14	3160.13
1077.76	3150.71
1079.37	3151.76
1080.98	3131.88
1082.60	3151.76
1084.21	3159.08
1085.83	3144.43
1087.44	3160.13
1089.05	3131.88
1090.67	3136.06
1092.28	3129.78
1093.89	3144.43
1095.50	3139.20
1097.12	3133.97
1098.73	3141.29
1100.34	3127.69
1101.95	3142.34
1103.57	3146.53
1105.18	3138.15
1106.79	3128.74
1108.40	3147.57
1110.01	3141.29
1111.63	3144.43
1113.24	3146.53
1114.85	3141.29
1116.46	3146.53
1118.07	3153.85
1119.68	3142.34
1121.29	3139.20
1122.90	3127.69
1124.51	3137.11
1126.12	3148.62
1127.73	3150.71
1129.34	3149.66
1130.95	3149.66
1132.56	3156.99
1134.17	3131.88
1135.78	3144.43
1137.39	3138.15
1139.00	3123.50
1140.61	3128.74
1142.22	3137.11
1143.83	3124.55
1145.44	3138.15
1147.05	3137.11
1148.65	3138.15
1150.26	3126.64
1151.87	3120.37
1153.48	3129.78
1155.09	3148.62
1156.69	3136.06
1158.30	3118.27
1159.91	3120.37
1161.52	3135.02
1163.12	3137.11
1164.73	3128.74
1166.34	3145.48
1167.94	3132.92
1169.55	3138.15
1171.16	3133.97
1172.76	3137.11
1174.37	3147.57
1175.97	3151.76
1177.58	3126.64
1179.19	3147.57
1180.79	3131.88
1182.40	3143.39
1184.00	3138.15
1185.61	3149.66
1187.21	3147.57
1188.82	3137.11
1190.42	3139.20
1192.02	3128.74
1193.63	3128.74
1195.23	3143.39
1196.84	3143.39
1198.44	3137.11
1200.04	3145.48
1201.65	3145.48
1203.25	3141.29
1204.85	3148.62
1206.46	3125.60
1208.06	3124.55
1209.66	3123.50
1211.26	3132.92
1212.87	3152.80
1214.47	3127.69
1216.07	3133.97
1217.67	3128.74
1219.27	3125.60
1220.87	3126.64
1222.48	3130.83
1224.08	3116.18
1225.68	3128.74
1227.28	3119.32
1228.88	3127.69
1230.48	3135.02
1232.08	3119.32
1233.68	3124.55
1235.28	3133.97
1236.88	3115.13
1238.48	3114.09
1240.08	3133.97
1241.68	3099.44
1243.28	3106.76
1244.87	3105.72
1246.47	3097.34
1248.07	3093.16
1249.67	3105.72
1251.27	3122.46
1252.87	3102.58
1254.46	3093.16
1256.06	3092.11
1257.66	3099.44
1259.26	3088.97
1260.85	3093.16
1262.45	3083.74
1264.05	3094.21
1265.64	3082.70
1267.24	3085.83
1268.83	3093.16
1270.43	3079.56
1272.03	3099.44
1273.62	3086.88
1275.22	3076.42
1276.81	3084.79
1278.41	3075.37
1280.00	3083.74
1281.60	3077.46
1283.19	3073.28
1284.79	3078.51
1286.38	3076.42
1287.97	3078.51
1289.57	3074.32
1291.16	3068.05
1292.75	3061.77
1294.35	3074.32
1295.94	3070.14
1297.53	3074.32
1299.12	3053.40
1300.72	3071.18
1302.31	3053.40
1303.90	3067.00
1305.49	3068.05
1307.08	3056.54
1308.68	3055.49
1310.27	3053.40
1311.86	3054.44
1313.45	3050.26
1315.04	3042.93
1316.63	3042.93
1318.22	3052.35
1319.81	3036.65
1321.40	3049.21
1322.99	3035.61
1324.58	3020.96
1326.17	3028.28
1327.75	3024.10
1329.34	3020.96
1330.93	3018.86
1332.52	3013.63
1334.11	3015.73
1335.70	3017.82
1337.28	3013.63
1338.87	3017.82
1340.46	3013.63
1342.05	3003.17
1343.63	3001.08
1345.22	2996.89
1346.81	3009.45
1348.39	2998.98
1349.98	3000.03
1351.56	2988.52
1353.15	2987.47
1354.73	2991.66
1356.32	2982.24
1357.90	2969.68
1359.49	2982.24
1361.07	2965.50
1362.66	2965.50
1364.24	2961.31
1365.82	2958.17
1367.41	2966.54
1368.99	2948.76
1370.57	2938.29
1372.16	2943.52
1373.74	2942.48
1375.32	2945.62
1376.91	2937.25
1378.49	2919.46
1380.07	2897.48
1381.65	2901.67
1383.23	2889.11
1384.81	2876.55
1386.39	2873.42
1387.97	2889.11
1389.55	2872.37
1391.14	2862.95
1392.72	2854.58
1394.29	2852.49
1395.87	2847.26
1397.45	2833.65
1399.03	2837.84
1400.61	2831.56
1402.19	2819.00
1403.77	2812.72
1405.35	2828.42
1406.92	2816.91
1408.50	2811.68
1410.08	2817.96
1411.66	2807.49
1413.23	2811.68
1414.81	2811.68
1416.39	2793.89
1417.96	2806.45
1419.54	2802.26
1421.12	2800.17
1422.69	2810.63
1424.27	2800.17
1425.84	2816.91
1427.42	2800.17
1428.99	2793.89
1430.57	2792.84
1432.14	2791.80
1433.71	2797.03
1435.29	2803.31
1436.86	2805.40
1438.43	2799.12
1440.01	2791.80
1441.58	2675.65
1443.15	2792.84
1444.72	2797.03
1446.30	2791.80
1447.87	2811.68
1449.44	2789.70
1451.01	2776.10
1452.58	2792.84
1454.15	2793.89
1455.72	2788.66
1457.29	2790.75
1458.86	2801.21
1460.43	2790.75
1462.00	2808.54
1463.57	2792.84
1465.14	2798.07
1466.71	2788.66
1468.28	2790.75
1469.85	2792.84
1471.41	2803.31
1472.98	2789.70
1474.55	2801.21
1476.12	2794.94
1477.68	2792.84
1479.25	2806.45
1480.82	2791.80
1482.38	2800.17
1483.95	2798.07
1485.51	2811.68
1487.08	2816.91
1488.64	2807.49
1490.21	2810.63
1491.77	2792.84
1493.34	2806.45
1494.90	2800.17
1496.46	2801.21
1498.03	2811.68
1499.59	2811.68
1501.15	2810.63
1502.72	2811.68
1504.28	2815.86
1505.84	2808.54
1507.40	2805.40
1508.97	2819.00
1510.53	2814.82
1512.09	2823.19
1513.65	2821.10
1515.21	2817.96
1516.77	2811.68
1518.33	2831.56
1519.89	2820.05
1521.45	2809.58
1523.01	2807.49
1524.57	2819.00
1526.13	2816.91
1527.68	2827.37
1529.24	2833.65
1530.80	2826.33
1532.36	2839.93
1533.92	2826.33
1535.47	2808.54
1537.03	2815.86
1538.59	2816.91
1540.14	2812.72
1541.70	2814.82
1543.25	2832.61
1544.81	2830.51
1546.36	2828.42
1547.92	2808.54
1549.47	2813.77
1551.03	2812.72
1552.58	2810.63
1554.13	2812.72
1555.69	2823.19
1557.24	2808.54
1558.79	2808.54
1560.35	2806.45
1561.90	2817.96
1563.45	2814.82
1565.00	2815.86
1566.55	2807.49
1568.10	2805.40
1569.66	2801.21
1571.21	2813.77
1572.76	2811.68
1574.31	2807.49
1575.86	2803.31
1577.40	2798.07
1578.95	2810.63
1580.50	2806.45
1582.05	2792.84
1583.60	2789.70
1585.15	2786.56
1586.69	2799.12
1588.24	2797.03
1589.79	2806.45
1591.34	2787.61
1592.88	2812.72
1594.43	2777.15
1595.97	2793.89
1597.52	2801.21
1599.06	2795.98
1600.61	2781.33
1602.15	2801.21
1603.70	2793.89
1605.24	2789.70
1606.79	2792.84
1608.33	2778.19
1609.87	2778.19
1611.41	2781.33
1612.96	2791.80
1614.50	2777.15
1616.04	2770.87
1617.58	2782.38
1619.12	2775.05
1620.67	2786.56
1622.21	2756.22
1623.75	2782.38
1625.29	2759.36
1626.83	2770.87
1628.37	2787.61
1629.90	2758.31
1631.44	2764.59
1632.98	2768.78
1634.52	2757.26
1636.06	2744.71
1637.59	2757.26
1639.13	2743.66
1640.67	2746.80
1642.21	2742.62
1643.74	2732.15
1645.28	2715.41
1646.81	2718.55
1648.35	2727.97
1649.88	2709.13
1651.42	2712.27
1652.95	2691.34
1654.49	2709.13
1656.02	2691.34
1657.55	2698.67
1659.09	2679.83
1660.62	2695.53
1662.15	2682.97
1663.68	2687.16
1665.22	2680.88
1666.75	2680.88
1668.28	2672.51
1669.81	2695.53
1671.34	2682.97
1672.87	2674.60
1674.40	2676.69
1675.93	2677.74
1677.46	2664.13
1678.99	2665.18
1680.52	2661.00
1682.04	2673.55
1683.57	2665.18
1685.10	2672.51
1686.63	2655.76
1688.15	2668.32
1689.68	2649.49
1691.21	2650.53
1692.73	2655.76
1694.26	2658.90
1695.78	2651.58
1697.31	2658.90
1698.83	2648.44
1700.36	2649.49
1701.88	2640.07
1703.40	2651.58
1704.93	2643.21
1706.45	2647.39
