896.35	3074.32
897.98	3087.93
899.60	3091.07
901.22	3118.27
902.85	3107.81
904.47	3126.64
906.10	3129.78
907.72	3145.48
909.34	3153.85
910.97	3181.06
912.59	3195.71
914.21	3233.38
915.84	3254.30
917.46	3310.81
919.08	3335.92
920.71	3368.36
922.33	3378.83
923.95	3403.94
925.58	3422.78
927.20	3428.01
928.82	3435.33
930.44	3464.63
932.07	3444.75
933.69	3456.26
935.31	3455.21
936.93	3486.61
938.56	3479.28
940.18	3506.49
941.80	3485.56
943.42	3498.12
945.05	3503.35
946.67	3508.58
948.29	3507.53
949.91	3507.53
951.53	3513.81
953.16	3522.18
954.78	3514.86
956.40	3509.63
958.02	3497.07
959.64	3508.58
961.26	3504.39
962.88	3518.00
964.51	3501.26
966.13	3532.65
967.75	3519.04
969.37	3512.77
970.99	3507.53
972.61	3520.09
974.23	3514.86
975.85	3526.37
977.47	3518.00
979.09	3523.23
980.71	3513.81
982.33	3522.18
983.95	3525.32
985.57	3545.20
987.19	3525.32
988.81	3544.16
990.43	3525.32
992.05	3545.20
993.67	3551.48
995.29	3564.04
996.91	3535.79
998.53	3583.92
1000.15	3576.60
1001.77	3589.15
1003.39	3578.69
1005.01	3595.43
1006.63	3593.34
1008.25	3611.13
1009.86	3612.17
1011.48	3618.45
1013.10	3606.94
1014.72	3627.87
1016.34	3625.78
1017.96	3648.80
1019.58	3625.78
1021.19	3644.61
1022.81	3640.43
1024.43	3666.59
1026.05	3646.70
1027.66	3669.73
1029.28	3652.98
1030.90	3669.73
1032.52	3648.80
1034.13	3676.00
1035.75	3669.73
1037.37	3688.56
1038.98	3688.56
1040.60	3694.84
1042.22	3667.63
1043.83	3688.56
1045.45	3678.10
1047.07	3694.84
1048.68	3689.61
1050.30	3700.07
1051.92	3695.89
1053.53	3697.98
1055.15	3689.61
1056.76	3697.98
1058.38	3682.28
1059.99	3705.30
1061.61	3681.24
1063.22	3683.33
1064.84	3672.86
1066.46	3690.65
1068.07	3676.00
1069.68	3688.56
1071.30	3686.47
1072.91	3682.28
1074.53	3662.40
1076.14	3694.84
1077.76	3674.96
1079.37	3686.47
1080.98	3628.92
1082.60	3668.68
1084.21	3668.68
1085.83	3683.33
1087.44	3660.31
1089.05	3654.03
1090.67	3645.66
1092.28	3661.35
1093.89	3660.31
1095.50	3666.59
1097.12	3645.66
1098.73	3666.59
1100.34	3620.54
1101.95	3659.26
1103.57	3646.70
1105.18	3645.66
1106.79	3628.92
1108.40	3650.89
1110.01	3637.29
1111.63	3657.17
1113.24	3649.84
1114.85	3663.45
1116.46	3637.29
1118.07	3655.08
1119.68	3637.29
1121.29	3665.54
1122.90	3647.75
1124.51	3650.89
1126.12	3647.75
1127.73	3661.35
1129.34	3651.94
1130.95	3667.63
1132.56	3662.40
1134.17	3643.57
1135.78	3634.15
1137.39	3658.22
1139.00	3641.47
1140.61	3657.17
1142.22	3648.80
1143.83	3657.17
1145.44	3649.84
1147.05	3651.94
1148.65	3645.66
1150.26	3639.38
1151.87	3627.87
1153.48	3654.03
1155.09	3661.35
1156.69	3655.08
1158.30	3623.68
1159.91	3638.33
1161.52	3651.94
1163.12	3657.17
1164.73	3643.57
1166.34	3668.68
1167.94	3643.57
1169.55	3662.40
1171.16	3647.75
1172.76	3679.14
1174.37	3657.17
1175.97	3677.05
1177.58	3639.38
1179.19	3666.59
1180.79	3641.47
1182.40	3659.26
1184.00	3644.61
1185.61	3669.73
1187.21	3652.98
1188.82	3659.26
1190.42	3649.84
1192.02	3656.12
1193.63	3646.70
1195.23	3661.35
1196.84	3647.75
1198.44	3666.59
1200.04	3655.08
1201.65	3669.73
1203.25	3654.03
1204.85	3662.40
1206.46	3631.01
1208.06	3646.70
1209.66	3631.01
1211.26	3655.08
1212.87	3651.94
1214.47	3635.19
1216.07	3627.87
1217.67	3648.80
1219.27	3627.87
1220.87	3635.19
1222.48	3628.92
1224.08	3636.24
1225.68	3618.45
1227.28	3627.87
1228.88	3607.99
1230.48	3626.82
1232.08	3610.08
1233.68	3619.50
1235.28	3603.80
1236.88	3601.71
1238.48	3589.15
1240.08	3631.01
1241.68	3583.92
1243.28	3600.66
1244.87	3583.92
1246.47	3589.15
1248.07	3572.41
1249.67	3582.87
1251.27	3584.97
1252.87	3578.69
1254.46	3554.62
1256.06	3558.81
1257.66	3557.76
1259.26	3558.81
1260.85	3553.58
1262.45	3557.76
1264.05	3545.20
1265.64	3548.34
1267.24	3542.06
1268.83	3557.76
1270.43	3541.02
1272.03	3562.99
1273.62	3538.93
1275.22	3526.37
1276.81	3535.79
1278.41	3538.93
1280.00	3532.65
1281.60	3531.60
1283.19	3521.14
1284.79	3527.42
1286.38	3515.90
1287.97	3520.09
1289.57	3502.30
1291.16	3515.90
1292.75	3497.07
1294.35	3515.90
1295.94	3499.16
1297.53	3512.77
1299.12	3492.88
1300.72	3513.81
1302.31	3475.10
1303.90	3496.02
1305.49	3485.56
1307.08	3476.14
1308.68	3471.96
1310.27	3478.23
1311.86	3468.82
1313.45	3465.68
1315.04	3462.54
1316.63	3461.49
1318.22	3453.12
1319.81	3444.75
1321.40	3437.42
1322.99	3447.89
1324.58	3426.96
1326.17	3437.42
1327.75	3421.73
1329.34	3430.10
1330.93	3415.45
1332.52	3423.82
1334.11	3401.85
1335.70	3406.03
1337.28	3394.52
1338.87	3417.54
1340.46	3394.52
1342.05	3393.48
1343.63	3378.83
1345.22	3386.15
1346.81	3385.10
1348.39	3373.59
1349.98	3354.76
1351.56	3353.71
1353.15	3340.11
1354.73	3332.78
1356.32	3316.04
1357.90	3326.51
1359.49	3319.18
1361.07	3301.39
1362.66	3283.60
1364.24	3296.16
1365.82	3298.25
1367.41	3290.93
1368.99	3258.49
1370.57	3262.68
1372.16	3259.54
1373.74	3257.44
1375.32	3245.93
1376.91	3238.61
1378.49	3197.80
1380.07	3165.36
1381.65	3146.53
1383.23	3131.88
1384.81	3131.88
1386.39	3128.74
1387.97	3113.04
1389.55	3106.76
1391.14	3091.07
1392.72	3069.09
1394.29	3062.81
1395.87	3063.86
1397.45	3043.98
1399.03	3045.02
1400.61	3022.00
1402.19	3017.82
1403.77	2996.89
1405.35	3015.73
1406.92	2992.70
1408.50	2998.98
1410.08	2990.61
1411.66	2986.43
1413.23	2990.61
1414.81	2980.15
1416.39	2961.31
1417.96	2980.15
1419.54	2959.22
1421.12	2980.15
1422.69	2977.01
1424.27	2960.27
1425.84	2965.50
1427.42	2957.13
1428.99	2963.41
1430.57	2966.54
1432.14	2947.71
1433.71	2956.08
1435.29	2958.17
1436.86	2956.08
1438.43	2955.03
1440.01	2948.76
1441.58	2827.37
1443.15	2949.80
1444.72	2950.85
1446.30	2961.31
1447.87	2951.90
1449.44	2934.11
1451.01	2930.97
1452.58	2957.13
1454.15	2944.57
1455.72	2940.38
1457.29	2939.34
1458.86	2951.90
1460.43	2927.83
1462.00	2956.08
1463.57	2942.48
1465.14	2940.38
1466.71	2932.01
1468.28	2944.57
1469.85	2944.57
1471.41	2945.62
1472.98	2939.34
1474.55	2952.94
1476.12	2930.97
1477.68	2935.15
1479.25	2948.76
1480.82	2943.52
1482.38	2951.90
1483.95	2937.25
1485.51	2948.76
1487.08	2970.73
1488.64	2960.27
1490.21	2967.59
1491.77	2949.80
1493.34	2969.68
1494.90	2955.03
1496.46	2952.94
1498.03	2958.17
1499.59	2977.01
1501.15	2967.59
1502.72	2961.31
1504.28	2964.45
1505.84	2969.68
1507.40	2967.59
1508.97	2978.06
1510.53	2975.96
1512.09	2984.33
1513.65	2982.24
1515.21	2983.29
1516.77	2969.68
1518.33	3001.08
1519.89	2981.19
1521.45	2983.29
1523.01	2983.29
1524.57	2994.80
1526.13	2985.38
1527.68	2994.80
1529.24	2997.94
1530.80	2994.80
1532.36	3000.03
1533.92	3002.12
1535.47	2983.29
1537.03	2990.61
1538.59	2994.80
1540.14	2991.66
1541.70	2985.38
1543.25	3009.45
1544.81	2987.47
1546.36	2995.84
1547.92	2975.96
1549.47	2988.52
1551.03	2992.70
1552.58	2977.01
1554.13	2972.82
1555.69	2993.75
1557.24	2983.29
1558.79	2985.38
1560.35	2979.10
1561.90	2985.38
1563.45	2974.92
1565.00	2979.10
1566.55	2973.87
1568.10	2970.73
1569.66	2960.27
1571.21	2974.92
1572.76	2974.92
1574.31	2979.10
1575.86	2973.87
1577.40	2968.64
1578.95	2959.22
1580.50	2962.36
1582.05	2961.31
1583.60	2968.64
1585.15	2947.71
1586.69	2962.36
1588.24	2956.08
1589.79	2964.45
1591.34	2928.87
1592.88	2957.13
1594.43	2940.38
1595.97	2948.76
1597.52	2953.99
1599.06	2953.99
1600.61	2935.15
1602.15	2958.17
1603.70	2939.34
1605.24	2944.57
1606.79	2942.48
1608.33	2938.29
1609.87	2934.11
1611.41	2940.38
1612.96	2932.01
1614.50	2926.78
1616.04	2921.55
1617.58	2938.29
1619.12	2927.83
1620.67	2937.25
1622.21	2898.53
1623.75	2927.83
1625.29	2910.04
1626.83	2913.18
1628.37	2920.50
1629.90	2892.25
1631.44	2887.02
1632.98	2893.30
1634.52	2862.95
1636.06	2871.32
1637.59	2871.32
1639.13	2857.72
1640.67	2846.21
1642.21	2833.65
1643.74	2824.23
1645.28	2798.07
1646.81	2786.56
1648.35	2792.84
1649.88	2766.68
1651.42	2775.05
1652.95	2738.43
1654.49	2759.36
1656.02	2745.75
1657.55	2746.80
1659.09	2726.92
1660.62	2735.29
1662.15	2718.55
1663.68	2725.87
1665.22	2715.41
1666.75	2711.22
1668.28	2708.08
1669.81	2724.83
1671.34	2709.13
1672.87	2710.18
1674.40	2724.83
1675.93	2707.04
1677.46	2676.69
1678.99	2691.34
1680.52	2691.34
1682.04	2698.67
1683.57	2688.20
1685.10	2693.43
1686.63	2685.06
1688.15	2690.29
1689.68	2674.60
1691.21	2680.88
1692.73	2687.16
1694.26	2687.16
1695.78	2679.83
1697.31	2678.78
1698.83	2673.55
1700.36	2672.51
1701.88	2665.18
1703.40	2685.06
1704.93	2670.41
1706.45	2679.83
