896.35	2823.19
897.98	2828.42
899.60	2834.70
901.22	2853.53
902.85	2844.12
904.47	2848.30
906.10	2858.77
907.72	2855.63
909.34	2868.18
910.97	2873.42
912.59	2895.39
914.21	2899.58
915.84	2916.32
917.46	2936.20
919.08	2960.27
920.71	2958.17
922.33	2977.01
923.95	2980.15
925.58	3005.26
927.20	2988.52
928.82	3000.03
930.44	3011.54
932.07	2996.89
933.69	2986.43
935.31	3005.26
936.93	3011.54
938.56	3014.68
940.18	3013.63
941.80	3019.91
943.42	3030.38
945.05	3042.93
946.67	3017.82
948.29	3022.00
949.91	3019.91
951.53	3042.93
953.16	3038.75
954.78	3038.75
956.40	3022.00
958.02	3026.19
959.64	3035.61
961.26	3032.47
962.88	3028.28
964.51	3026.19
966.13	3037.70
967.75	3046.07
969.37	3032.47
970.99	3034.56
972.61	3029.33
974.23	3035.61
975.85	3029.33
977.47	3039.79
979.09	3036.65
980.71	3035.61
982.33	3036.65
983.95	3046.07
985.57	3049.21
987.19	3042.93
988.81	3053.40
990.43	3050.26
992.05	3045.02
993.67	3063.86
995.29	3049.21
996.91	3043.98
998.53	3065.95
1000.15	3070.14
1001.77	3069.09
1003.39	3074.32
1005.01	3061.77
1006.63	3078.51
1008.25	3071.18
1009.86	3078.51
1011.48	3074.32
1013.10	3080.60
1014.72	3093.16
1016.34	3091.07
1017.96	3105.72
1019.58	3088.97
1021.19	3084.79
1022.81	3099.44
1024.43	3108.86
1026.05	3107.81
1027.66	3110.95
1029.28	3105.72
1030.90	3094.21
1032.52	3093.16
1034.13	3100.48
1035.75	3120.37
1037.37	3115.13
1038.98	3121.41
1040.60	3113.04
1042.22	3099.44
1043.83	3103.62
1045.45	3118.27
1047.07	3114.09
1048.68	3127.69
1050.30	3115.13
1051.92	3122.46
1053.53	3115.13
1055.15	3125.60
1056.76	3113.04
1058.38	3124.55
1059.99	3128.74
1061.61	3125.60
1063.22	3099.44
1064.84	3116.18
1066.46	3109.90
1068.07	3110.95
1069.68	3104.67
1071.30	3123.50
1072.91	3109.90
1074.53	3113.04
1076.14	3126.64
1077.76	3119.32
1079.37	3111.99
1080.98	3088.97
1082.60	3104.67
1084.21	3104.67
1085.83	3098.39
1087.44	3114.09
1089.05	3099.44
1090.67	3104.67
1092.28	3101.53
1093.89	3107.81
1095.50	3104.67
1097.12	3095.25
1098.73	3102.58
1100.34	3082.70
1101.95	3098.39
1103.57	3097.34
1105.18	3087.93
1106.79	3094.21
1108.40	3098.39
1110.01	3102.58
1111.63	3104.67
1113.24	3107.81
1114.85	3096.30
1116.46	3099.44
1118.07	3104.67
1119.68	3101.53
1121.29	3104.67
1122.90	3103.62
1124.51	3094.21
1126.12	3101.53
1127.73	3102.58
1129.34	3107.81
1130.95	3106.76
1132.56	3111.99
1134.17	3084.79
1135.78	3092.11
1137.39	3103.62
1139.00	3092.11
1140.61	3097.34
1142.22	3111.99
1143.83	3092.11
1145.44	3098.39
1147.05	3094.21
1148.65	3109.90
1150.26	3086.88
1151.87	3088.97
1153.48	3084.79
1155.09	3097.34
1156.69	3096.30
1158.30	3093.16
1159.91	3090.02
1161.52	3110.95
1163.12	3100.48
1164.73	3100.48
1166.34	3108.86
1167.94	3101.53
1169.55	3099.44
1171.16	3101.53
1172.76	3104.67
1174.37	3100.48
1175.97	3108.86
1177.58	3085.83
1179.19	3109.90
1180.79	3094.21
1182.40	3099.44
1184.00	3096.30
1185.61	3103.62
1187.21	3104.67
1188.82	3103.62
1190.42	3108.86
1192.02	3101.53
1193.63	3092.11
1195.23	3104.67
1196.84	3107.81
1198.44	3099.44
1200.04	3106.76
1201.65	3101.53
1203.25	3105.72
1204.85	3105.72
1206.46	3086.88
1208.06	3094.21
1209.66	3085.83
1211.26	3080.60
1212.87	3109.90
1214.47	3099.44
1216.07	3101.53
1217.67	3100.48
1219.27	3092.11
1220.87	3096.30
1222.48	3096.30
1224.08	3082.70
1225.68	3095.25
1227.28	3096.30
1228.88	3084.79
1230.48	3085.83
1232.08	3072.23
1233.68	3092.11
1235.28	3098.39
1236.88	3081.65
1238.48	3080.60
1240.08	3098.39
1241.68	3067.00
1243.28	3063.86
1244.87	3073.28
1246.47	3070.14
1248.07	3068.05
1249.67	3065.95
1251.27	3078.51
1252.87	3063.86
1254.46	3072.23
1256.06	3059.67
1257.66	3067.00
1259.26	3051.30
1260.85	3064.91
1262.45	3057.58
1264.05	3067.00
1265.64	3052.35
1267.24	3052.35
1268.83	3048.16
1270.43	3053.40
1272.03	3064.91
1273.62	3059.67
1275.22	3042.93
1276.81	3055.49
1278.41	3049.21
1280.00	3053.40
1281.60	3046.07
1283.19	3039.79
1284.79	3045.02
1286.38	3049.21
1287.97	3053.40
1289.57	3035.61
1291.16	3028.28
1292.75	3025.14
1294.35	3034.56
1295.94	3033.51
1297.53	3042.93
1299.12	3029.33
1300.72	3045.02
1302.31	3011.54
1303.90	3034.56
1305.49	3038.75
1307.08	3030.38
1308.68	3030.38
1310.27	3022.00
1311.86	3017.82
1313.45	3016.77
1315.04	3018.86
1316.63	3015.73
1318.22	3017.82
1319.81	3009.45
1321.40	3010.49
1322.99	3017.82
1324.58	3003.17
1326.17	2996.89
1327.75	2991.66
1329.34	3005.26
1330.93	2993.75
1332.52	2986.43
1334.11	2982.24
1335.70	2986.43
1337.28	2980.15
1338.87	2978.06
1340.46	2982.24
1342.05	2977.01
1343.63	2974.92
1345.22	2979.10
1346.81	2986.43
1348.39	2977.01
1349.98	2978.06
1351.56	2963.41
1353.15	2958.17
1354.73	2961.31
1356.32	2948.76
1357.90	2950.85
1359.49	2957.13
1361.07	2944.57
1362.66	2944.57
1364.24	2938.29
1365.82	2941.43
1367.41	2945.62
1368.99	2925.74
1370.57	2919.46
1372.16	2921.55
1373.74	2923.64
1375.32	2926.78
1376.91	2919.46
1378.49	2901.67
1380.07	2881.79
1381.65	2887.02
1383.23	2872.37
1384.81	2870.28
1386.39	2860.86
1387.97	2868.18
1389.55	2854.58
1391.14	2853.53
1392.72	2842.02
1394.29	2836.79
1395.87	2834.70
1397.45	2824.23
1399.03	2829.47
1400.61	2823.19
1402.19	2810.63
1403.77	2808.54
1405.35	2824.23
1406.92	2812.72
1408.50	2807.49
1410.08	2808.54
1411.66	2801.21
1413.23	2801.21
1414.81	2803.31
1416.39	2787.61
1417.96	2805.40
1419.54	2790.75
1421.12	2793.89
1422.69	2798.07
1424.27	2782.38
1425.84	2799.12
1427.42	2792.84
1428.99	2797.03
1430.57	2790.75
1432.14	2786.56
1433.71	2785.52
1435.29	2797.03
1436.86	2797.03
1438.43	2795.98
1440.01	2781.33
1441.58	2655.76
1443.15	2785.52
1444.72	2791.80
1446.30	2784.47
1447.87	2789.70
1449.44	2781.33
1451.01	2774.01
1452.58	2792.84
1454.15	2797.03
1455.72	2781.33
1457.29	2774.01
1458.86	2782.38
1460.43	2781.33
1462.00	2801.21
1463.57	2795.98
1465.14	2790.75
1466.71	2776.10
1468.28	2782.38
1469.85	2787.61
1471.41	2794.94
1472.98	2784.47
1474.55	2793.89
1476.12	2781.33
1477.68	2783.42
1479.25	2804.35
1480.82	2787.61
1482.38	2788.66
1483.95	2782.38
1485.51	2798.07
1487.08	2807.49
1488.64	2798.07
1490.21	2807.49
1491.77	2795.98
1493.34	2807.49
1494.90	2788.66
1496.46	2793.89
1498.03	2802.26
1499.59	2802.26
1501.15	2799.12
1502.72	2802.26
1504.28	2809.58
1505.84	2791.80
1507.40	2788.66
1508.97	2802.26
1510.53	2802.26
1512.09	2808.54
1513.65	2816.91
1515.21	2807.49
1516.77	2798.07
1518.33	2821.10
1519.89	2810.63
1521.45	2807.49
1523.01	2812.72
1524.57	2810.63
1526.13	2808.54
1527.68	2810.63
1529.24	2821.10
1530.80	2808.54
1532.36	2811.68
1533.92	2807.49
1535.47	2794.94
1537.03	2804.35
1538.59	2807.49
1540.14	2800.17
1541.70	2804.35
1543.25	2824.23
1544.81	2814.82
1546.36	2821.10
1547.92	2800.17
1549.47	2814.82
1551.03	2809.58
1552.58	2808.54
1554.13	2805.40
1555.69	2819.00
1557.24	2801.21
1558.79	2797.03
1560.35	2797.03
1561.90	2806.45
1563.45	2803.31
1565.00	2809.58
1566.55	2802.26
1568.10	2797.03
1569.66	2788.66
1571.21	2804.35
1572.76	2801.21
1574.31	2811.68
1575.86	2805.40
1577.40	2794.94
1578.95	2802.26
1580.50	2795.98
1582.05	2779.24
1583.60	2781.33
1585.15	2777.15
1586.69	2787.61
1588.24	2787.61
1589.79	2792.84
1591.34	2771.91
1592.88	2798.07
1594.43	2771.91
1595.97	2781.33
1597.52	2784.47
1599.06	2783.42
1600.61	2779.24
1602.15	2795.98
1603.70	2777.15
1605.24	2778.19
1606.79	2780.29
1608.33	2765.64
1609.87	2766.68
1611.41	2782.38
1612.96	2787.61
1614.50	2777.15
1616.04	2775.05
1617.58	2779.24
1619.12	2777.15
1620.67	2784.47
1622.21	2757.26
1623.75	2772.96
1625.29	2754.13
1626.83	2758.31
1628.37	2774.01
1629.90	2746.80
1631.44	2747.85
1632.98	2753.08
1634.52	2742.62
1636.06	2752.03
1637.59	2755.17
1639.13	2739.48
1640.67	2731.10
1642.21	2732.15
1643.74	2740.52
1645.28	2716.45
1646.81	2705.99
1648.35	2714.36
1649.88	2695.53
1651.42	2700.76
1652.95	2689.25
1654.49	2713.32
1656.02	2689.25
1657.55	2691.34
1659.09	2677.74
1660.62	2692.39
1662.15	2672.51
1663.68	2678.78
1665.22	2680.88
1666.75	2679.83
1668.28	2670.41
1669.81	2693.43
1671.34	2672.51
1672.87	2675.65
1674.40	2678.78
1675.93	2672.51
1677.46	2649.49
1678.99	2662.04
1680.52	2658.90
1682.04	2677.74
1683.57	2655.76
1685.10	2662.04
1686.63	2658.90
1688.15	2656.81
1689.68	2649.49
1691.21	2652.62
1692.73	2653.67
1694.26	2655.76
1695.78	2640.07
1697.31	2647.39
1698.83	2640.07
1700.36	2653.67
1701.88	2647.39
1703.40	2654.72
1704.93	2641.11
1706.45	2641.11
