896.35	3165.36
897.98	3174.78
899.60	3167.45
901.22	3203.03
902.85	3194.66
904.47	3221.87
906.10	3222.91
907.72	3241.75
909.34	3245.93
910.97	3278.37
912.59	3296.16
914.21	3347.43
915.84	3381.97
917.46	3446.84
919.08	3474.05
920.71	3500.21
922.33	3516.95
923.95	3550.44
925.58	3567.18
927.20	3573.46
928.82	3582.87
930.44	3624.73
932.07	3605.90
933.69	3613.22
935.31	3617.41
936.93	3639.38
938.56	3642.52
940.18	3662.40
941.80	3656.12
943.42	3683.33
945.05	3681.24
946.67	3684.38
948.29	3677.05
949.91	3684.38
951.53	3691.70
953.16	3707.40
954.78	3695.89
956.40	3690.65
958.02	3677.05
959.64	3699.02
961.26	3682.28
962.88	3700.07
964.51	3681.24
966.13	3714.72
967.75	3696.93
969.37	3696.93
970.99	3680.19
972.61	3696.93
974.23	3688.56
975.85	3712.63
977.47	3703.21
979.09	3716.81
980.71	3692.75
982.33	3718.91
983.95	3708.44
985.57	3732.51
987.19	3705.30
988.81	3732.51
990.43	3715.77
992.05	3728.32
993.67	3725.18
995.29	3750.30
996.91	3731.46
998.53	3764.95
1000.15	3762.86
1001.77	3785.88
1003.39	3775.41
1005.01	3798.43
1006.63	3782.74
1008.25	3805.76
1009.86	3805.76
1011.48	3809.94
1013.10	3802.62
1014.72	3838.20
1016.34	3814.13
1017.96	3848.66
1019.58	3829.82
1021.19	3844.47
1022.81	3842.38
1024.43	3873.77
1026.05	3855.98
1027.66	3879.01
1029.28	3869.59
1030.90	3880.05
1032.52	3861.22
1034.13	3886.33
1035.75	3876.91
1037.37	3891.56
1038.98	3891.56
1040.60	3904.12
1042.22	3865.40
1043.83	3893.66
1045.45	3891.56
1047.07	3907.26
1048.68	3887.38
1050.30	3889.47
1051.92	3895.75
1053.53	3898.89
1055.15	3890.52
1056.76	3902.03
1058.38	3884.24
1059.99	3912.49
1061.61	3886.33
1063.22	3904.12
1064.84	3894.70
1066.46	3902.03
1068.07	3890.52
1069.68	3894.70
1071.30	3880.05
1072.91	3883.19
1074.53	3861.22
1076.14	3890.52
1077.76	3867.50
1079.37	3886.33
1080.98	3842.38
1082.60	3873.77
1084.21	3853.89
1085.83	3868.54
1087.44	3855.98
1089.05	3862.26
1090.67	3844.47
1092.28	3852.85
1093.89	3848.66
1095.50	3866.45
1097.12	3848.66
1098.73	3861.22
1100.34	3824.59
1101.95	3858.08
1103.57	3848.66
1105.18	3845.52
1106.79	3829.82
1108.40	3858.08
1110.01	3846.57
1111.63	3854.94
1113.24	3851.80
1114.85	3864.36
1116.46	3849.71
1118.07	3882.14
1119.68	3838.20
1121.29	3866.45
1122.90	3835.06
1124.51	3863.31
1126.12	3862.26
1127.73	3890.52
1129.34	3864.36
1130.95	3882.14
1132.56	3876.91
1134.17	3867.50
1135.78	3868.54
1137.39	3898.89
1139.00	3873.77
1140.61	3886.33
1142.22	3888.42
1143.83	3892.61
1145.44	3891.56
1147.05	3908.30
1148.65	3904.12
1150.26	3896.79
1151.87	3886.33
1153.48	3916.68
1155.09	3919.82
1156.69	3928.19
1158.30	3894.70
1159.91	3913.54
1161.52	3915.63
1163.12	3929.23
1164.73	3913.54
1166.34	3944.93
1167.94	3927.14
1169.55	3945.98
1171.16	3937.60
1172.76	3939.70
1174.37	3927.14
1175.97	3941.79
1177.58	3912.49
1179.19	3945.98
1180.79	3922.95
1182.40	3945.98
1184.00	3924.00
1185.61	3950.16
1187.21	3927.14
1188.82	3938.65
1190.42	3920.86
1192.02	3929.23
1193.63	3911.44
1195.23	3952.25
1196.84	3931.33
1198.44	3937.60
1200.04	3932.37
1201.65	3941.79
1203.25	3926.09
1204.85	3943.88
1206.46	3912.49
1208.06	3939.70
1209.66	3922.95
1211.26	3924.00
1212.87	3940.74
1214.47	3928.19
1216.07	3911.44
1217.67	3928.19
1219.27	3899.93
1220.87	3924.00
1222.48	3909.35
1224.08	3921.91
1225.68	3890.52
1227.28	3898.89
1228.88	3881.10
1230.48	3902.03
1232.08	3871.68
1233.68	3900.98
1235.28	3887.38
1236.88	3877.96
1238.48	3844.47
1240.08	3881.10
1241.68	3837.15
1243.28	3859.12
1244.87	3828.78
1246.47	3829.82
1248.07	3817.27
1249.67	3837.15
1251.27	3824.59
1252.87	3818.31
1254.46	3799.48
1256.06	3807.85
1257.66	3791.11
1259.26	3806.80
1260.85	3807.85
1262.45	3798.43
1264.05	3784.83
1265.64	3799.48
1267.24	3791.11
1268.83	3793.20
1270.43	3763.90
1272.03	3793.20
1273.62	3771.23
1275.22	3774.37
1276.81	3769.13
1278.41	3780.64
1280.00	3771.23
1281.60	3768.09
1283.19	3753.44
1284.79	3771.23
1286.38	3753.44
1287.97	3781.69
1289.57	3767.04
1291.16	3761.81
1292.75	3735.65
1294.35	3755.53
1295.94	3737.74
1297.53	3757.62
1299.12	3730.42
1300.72	3762.86
1302.31	3721.00
1303.90	3745.07
1305.49	3736.70
1307.08	3734.60
1308.68	3713.67
1310.27	3731.46
1311.86	3718.91
1313.45	3723.09
1315.04	3723.09
1316.63	3727.28
1318.22	3710.54
1319.81	3712.63
1321.40	3713.67
1322.99	3726.23
1324.58	3686.47
1326.17	3704.26
1327.75	3683.33
1329.34	3700.07
1330.93	3687.51
1332.52	3695.89
1334.11	3691.70
1335.70	3700.07
1337.28	3677.05
1338.87	3686.47
1340.46	3680.19
1342.05	3682.28
1343.63	3671.82
1345.22	3679.14
1346.81	3678.10
1348.39	3678.10
1349.98	3662.40
1351.56	3662.40
1353.15	3649.84
1354.73	3652.98
1356.32	3623.68
1357.90	3632.06
1359.49	3612.17
1361.07	3593.34
1362.66	3571.36
1364.24	3596.48
1365.82	3588.11
1367.41	3604.85
1368.99	3571.36
1370.57	3582.87
1372.16	3568.22
1373.74	3583.92
1375.32	3568.22
1376.91	3565.09
1378.49	3518.00
1380.07	3488.70
1381.65	3462.54
1383.23	3451.03
1384.81	3464.63
1386.39	3474.05
1387.97	3464.63
1389.55	3480.33
1391.14	3477.19
1392.72	3466.72
1394.29	3460.45
1395.87	3471.96
1397.45	3476.14
1399.03	3487.65
1400.61	3457.31
1402.19	3493.93
1403.77	3478.23
1405.35	3506.49
1406.92	3497.07
1408.50	3510.67
1410.08	3512.77
1411.66	3533.69
1413.23	3519.04
1414.81	3535.79
1416.39	3515.90
1417.96	3531.60
1419.54	3518.00
1421.12	3545.20
1422.69	3534.74
1424.27	3523.23
1425.84	3520.09
1427.42	3532.65
1428.99	3510.67
1430.57	3525.32
1432.14	3508.58
1433.71	3529.51
1435.29	3520.09
1436.86	3535.79
1438.43	3518.00
1440.01	3528.46
1441.58	3380.92
1443.15	3521.14
1444.72	3500.21
1446.30	3502.30
1447.87	3501.26
1449.44	3502.30
1451.01	3476.14
1452.58	3492.88
1454.15	3482.42
1455.72	3477.19
1457.29	3467.77
1458.86	3483.47
1460.43	3460.45
1462.00	3481.37
1463.57	3443.70
1465.14	3452.07
1466.71	3428.01
1468.28	3439.52
1469.85	3422.78
1471.41	3437.42
1472.98	3417.54
1474.55	3439.52
1476.12	3403.94
1477.68	3400.80
1479.25	3395.57
1480.82	3406.03
1482.38	3399.75
1483.95	3388.24
1485.51	3385.10
1487.08	3403.94
1488.64	3404.99
1490.21	3414.40
1491.77	3383.01
1493.34	3400.80
1494.90	3367.32
1496.46	3366.27
1498.03	3363.13
1499.59	3375.69
1501.15	3367.32
1502.72	3364.18
1504.28	3359.99
1505.84	3352.67
1507.40	3340.11
1508.97	3359.99
1510.53	3345.34
1512.09	3362.08
1513.65	3356.85
1515.21	3351.62
1516.77	3330.69
1518.33	3342.20
1519.89	3322.32
1521.45	3324.41
1523.01	3324.41
1524.57	3339.06
1526.13	3312.90
1527.68	3322.32
1529.24	3313.95
1530.80	3317.09
1532.36	3311.86
1533.92	3316.04
1535.47	3296.16
1537.03	3300.35
1538.59	3293.02
1540.14	3282.56
1541.70	3258.49
1543.25	3290.93
1544.81	3264.77
1546.36	3280.46
1547.92	3258.49
1549.47	3268.95
1551.03	3254.30
1552.58	3244.89
1554.13	3237.56
1555.69	3262.68
1557.24	3252.21
1558.79	3244.89
1560.35	3228.14
1561.90	3233.38
1563.45	3218.73
1565.00	3218.73
1566.55	3209.31
1568.10	3220.82
1569.66	3189.43
1571.21	3214.54
1572.76	3205.12
1574.31	3219.77
1575.86	3194.66
1577.40	3184.20
1578.95	3169.55
1580.50	3177.92
1582.05	3150.71
1583.60	3167.45
1585.15	3147.57
1586.69	3150.71
1588.24	3149.66
1589.79	3160.13
1591.34	3132.92
1592.88	3170.59
1594.43	3141.29
1595.97	3152.80
1597.52	3136.06
1599.06	3143.39
1600.61	3128.74
1602.15	3147.57
1603.70	3123.50
1605.24	3129.78
1606.79	3128.74
1608.33	3123.50
1609.87	3110.95
1611.41	3114.09
1612.96	3114.09
1614.50	3105.72
1616.04	3094.21
1617.58	3108.86
1619.12	3092.11
1620.67	3100.48
1622.21	3069.09
1623.75	3097.34
1625.29	3067.00
1626.83	3058.63
1628.37	3077.46
1629.90	3048.16
1631.44	3040.84
1632.98	3035.61
1634.52	3008.40
1636.06	2993.75
1637.59	2992.70
1639.13	2967.59
1640.67	2949.80
1642.21	2932.01
1643.74	2914.22
1645.28	2880.74
1646.81	2861.90
1648.35	2865.04
1649.88	2825.28
1651.42	2824.23
1652.95	2794.94
1654.49	2816.91
1656.02	2785.52
1657.55	2785.52
1659.09	2764.59
1660.62	2783.42
1662.15	2756.22
1663.68	2760.40
1665.22	2748.89
1666.75	2745.75
1668.28	2734.24
1669.81	2756.22
1671.34	2730.06
1672.87	2734.24
1674.40	2736.34
1675.93	2734.24
1677.46	2716.45
1678.99	2710.18
1680.52	2708.08
1682.04	2716.45
1683.57	2710.18
1685.10	2713.32
1686.63	2700.76
1688.15	2708.08
1689.68	2695.53
1691.21	2691.34
1692.73	2691.34
1694.26	2712.27
1695.78	2692.39
1697.31	2697.62
1698.83	2689.25
1700.36	2694.48
1701.88	2692.39
1703.40	2699.71
1704.93	2684.02
1706.45	2682.97
