896.35	3356.85
897.98	3381.97
899.60	3383.01
901.22	3424.87
902.85	3400.80
904.47	3437.42
906.10	3439.52
907.72	3461.49
909.34	3479.28
910.97	3518.00
912.59	3551.48
914.21	3618.45
915.84	3655.08
917.46	3741.93
919.08	3772.27
920.71	3830.87
922.33	3857.03
923.95	3894.70
925.58	3900.98
927.20	3930.28
928.82	3929.23
930.44	3986.78
932.07	3972.14
933.69	4000.39
935.31	3987.83
936.93	4027.59
938.56	4007.71
940.18	4046.43
941.80	4024.46
943.42	4071.54
945.05	4057.94
946.67	4073.64
948.29	4061.08
949.91	4079.91
951.53	4076.78
953.16	4102.94
954.78	4073.64
956.40	4091.42
958.02	4072.59
959.64	4103.98
961.26	4082.01
962.88	4099.80
964.51	4060.03
966.13	4101.89
967.75	4080.96
969.37	4093.52
970.99	4075.73
972.61	4096.66
974.23	4086.19
975.85	4109.21
977.47	4099.80
979.09	4118.63
980.71	4079.91
982.33	4119.68
983.95	4099.80
985.57	4130.14
987.19	4102.94
988.81	4141.65
990.43	4117.58
992.05	4143.74
993.67	4132.23
995.29	4156.30
996.91	4139.56
998.53	4192.93
1000.15	4184.55
1001.77	4201.30
1003.39	4177.23
1005.01	4225.36
1006.63	4212.81
1008.25	4246.29
1009.86	4229.55
1011.48	4252.57
1013.10	4233.74
1014.72	4279.78
1016.34	4258.85
1017.96	4298.61
1019.58	4264.08
1021.19	4292.33
1022.81	4266.17
1024.43	4321.63
1026.05	4294.43
1027.66	4327.91
1029.28	4308.03
1030.90	4339.42
1032.52	4308.03
1034.13	4356.16
1035.75	4335.24
1037.37	4367.67
1038.98	4347.79
1040.60	4362.44
1042.22	4332.10
1043.83	4358.26
1045.45	4344.65
1047.07	4369.77
1048.68	4347.79
1050.30	4371.86
1051.92	4355.12
1053.53	4387.56
1055.15	4354.07
1056.76	4369.77
1058.38	4354.07
1059.99	4388.60
1061.61	4355.12
1063.22	4373.95
1064.84	4355.12
1066.46	4369.77
1068.07	4351.98
1069.68	4365.58
1071.30	4348.84
1072.91	4357.21
1074.53	4332.10
1076.14	4358.26
1077.76	4321.63
1079.37	4350.93
1080.98	4282.92
1082.60	4322.68
1084.21	4309.08
1085.83	4333.14
1087.44	4301.75
1089.05	4314.31
1090.67	4289.19
1092.28	4317.45
1093.89	4303.84
1095.50	4325.82
1097.12	4298.61
1098.73	4330.00
1100.34	4283.96
1101.95	4326.86
1103.57	4295.47
1105.18	4308.03
1106.79	4277.68
1108.40	4309.08
1110.01	4287.10
1111.63	4313.26
1113.24	4304.89
1114.85	4318.49
1116.46	4294.43
1118.07	4321.63
1119.68	4296.52
1121.29	4322.68
1122.90	4291.29
1124.51	4321.63
1126.12	4316.40
1127.73	4341.51
1129.34	4323.73
1130.95	4351.98
1132.56	4330.00
1134.17	4332.10
1135.78	4324.77
1137.39	4366.63
1139.00	4339.42
1140.61	4366.63
1142.22	4361.40
1143.83	4365.58
1145.44	4349.89
1147.05	4385.46
1148.65	4371.86
1150.26	4388.60
1151.87	4359.30
1153.48	4403.25
1155.09	4386.51
1156.69	4403.25
1158.30	4380.23
1159.91	4415.81
1161.52	4405.34
1163.12	4428.37
1164.73	4395.93
1166.34	4435.69
1167.94	4406.39
1169.55	4431.50
1171.16	4413.72
1172.76	4430.46
1174.37	4401.16
1175.97	4431.50
1177.58	4394.88
1179.19	4441.97
1180.79	4406.39
1182.40	4444.06
1184.00	4413.72
1185.61	4452.43
1187.21	4428.37
1188.82	4448.25
1190.42	4433.60
1192.02	4444.06
1193.63	4404.30
1195.23	4440.92
1196.84	4410.58
1198.44	4437.78
1200.04	4424.18
1201.65	4432.55
1203.25	4411.62
1204.85	4437.78
1206.46	4402.21
1208.06	4429.41
1209.66	4401.16
1211.26	4423.13
1212.87	4408.48
1214.47	4418.95
1216.07	4392.79
1217.67	4410.58
1219.27	4375.00
1220.87	4398.02
1222.48	4373.95
1224.08	4375.00
1225.68	4357.21
1227.28	4373.95
1228.88	4350.93
1230.48	4366.63
1232.08	4323.73
1233.68	4364.54
1235.28	4340.47
1236.88	4346.75
1238.48	4309.08
1240.08	4345.70
1241.68	4276.64
1243.28	4313.26
1244.87	4287.10
1246.47	4294.43
1248.07	4267.22
1249.67	4286.06
1251.27	4276.64
1252.87	4277.68
1254.46	4233.74
1256.06	4247.34
1257.66	4221.18
1259.26	4247.34
1260.85	4237.92
1262.45	4257.80
1264.05	4232.69
1265.64	4227.46
1267.24	4215.95
1268.83	4235.83
1270.43	4207.58
1272.03	4243.15
1273.62	4206.53
1275.22	4210.71
1276.81	4200.25
1278.41	4203.39
1280.00	4190.83
1281.60	4213.85
1283.19	4178.28
1284.79	4203.39
1286.38	4166.77
1287.97	4201.30
1289.57	4174.09
1291.16	4198.16
1292.75	4165.72
1294.35	4193.97
1295.94	4168.86
1297.53	4189.79
1299.12	4146.88
1300.72	4169.90
1302.31	4128.05
1303.90	4180.37
1305.49	4157.35
1307.08	4145.84
1308.68	4118.63
1310.27	4148.98
1311.86	4137.47
1313.45	4155.26
1315.04	4127.00
1316.63	4131.19
1318.22	4114.45
1319.81	4132.23
1321.40	4110.26
1322.99	4129.10
1324.58	4090.38
1326.17	4106.07
1327.75	4074.68
1329.34	4101.89
1330.93	4076.78
1332.52	4094.56
1334.11	4079.91
1335.70	4083.05
1337.28	4061.08
1338.87	4097.70
1340.46	4086.19
1342.05	4085.15
1343.63	4067.36
1345.22	4084.10
1346.81	4079.91
1348.39	4074.68
1349.98	4051.66
1351.56	4055.85
1353.15	4025.50
1354.73	4038.06
1356.32	3989.92
1357.90	4005.62
1359.49	3980.51
1361.07	3956.44
1362.66	3927.14
1364.24	3960.62
1365.82	3951.21
1367.41	3974.23
1368.99	3934.46
1370.57	3935.51
1372.16	3931.33
1373.74	3951.21
1375.32	3917.72
1376.91	3891.56
1378.49	3832.96
1380.07	3809.94
1381.65	3780.64
1383.23	3772.27
1384.81	3775.41
1386.39	3798.43
1387.97	3774.37
1389.55	3804.71
1391.14	3796.34
1392.72	3790.06
1394.29	3776.46
1395.87	3773.32
1397.45	3776.46
1399.03	3808.90
1400.61	3781.69
1402.19	3820.41
1403.77	3797.39
1405.35	3815.18
1406.92	3808.90
1408.50	3843.43
1410.08	3821.45
1411.66	3846.57
1413.23	3831.92
1414.81	3859.12
1416.39	3831.92
1417.96	3876.91
1419.54	3838.20
1421.12	3875.87
1422.69	3870.63
1424.27	3864.36
1425.84	3858.08
1427.42	3879.01
1428.99	3864.36
1430.57	3891.56
1432.14	3862.26
1433.71	3883.19
1435.29	3872.73
1436.86	3877.96
1438.43	3852.85
1440.01	3851.80
1441.58	3711.58
1443.15	3859.12
1444.72	3843.43
1446.30	3847.61
1447.87	3838.20
1449.44	3829.82
1451.01	3800.53
1452.58	3828.78
1454.15	3806.80
1455.72	3795.29
1457.29	3771.23
1458.86	3805.76
1460.43	3777.50
1462.00	3800.53
1463.57	3760.76
1465.14	3772.27
1466.71	3744.02
1468.28	3763.90
1469.85	3744.02
1471.41	3758.67
1472.98	3718.91
1474.55	3728.32
1476.12	3686.47
1477.68	3694.84
1479.25	3690.65
1480.82	3691.70
1482.38	3688.56
1483.95	3680.19
1485.51	3674.96
1487.08	3695.89
1488.64	3683.33
1490.21	3697.98
1491.77	3668.68
1493.34	3692.75
1494.90	3641.47
1496.46	3652.98
1498.03	3631.01
1499.59	3642.52
1501.15	3632.06
1502.72	3645.66
1504.28	3623.68
1505.84	3635.19
1507.40	3612.17
1508.97	3621.59
1510.53	3607.99
1512.09	3625.78
1513.65	3611.13
1515.21	3616.36
1516.77	3586.01
1518.33	3607.99
1519.89	3576.60
1521.45	3588.11
1523.01	3590.20
1524.57	3592.29
1526.13	3561.95
1527.68	3584.97
1529.24	3572.41
1530.80	3564.04
1532.36	3555.67
1533.92	3558.81
1535.47	3534.74
1537.03	3543.11
1538.59	3537.88
1540.14	3543.11
1541.70	3515.90
1543.25	3545.20
1544.81	3519.04
1546.36	3524.28
1547.92	3498.12
1549.47	3504.39
1551.03	3489.74
1552.58	3491.84
1554.13	3476.14
1555.69	3491.84
1557.24	3461.49
1558.79	3468.82
1560.35	3458.35
1561.90	3462.54
1563.45	3439.52
1565.00	3441.61
1566.55	3416.50
1568.10	3432.19
1569.66	3412.31
1571.21	3426.96
1572.76	3410.22
1574.31	3410.22
1575.86	3393.48
1577.40	3385.10
1578.95	3393.48
1580.50	3389.29
1582.05	3371.50
1583.60	3371.50
1585.15	3354.76
1586.69	3361.04
1588.24	3365.22
1589.79	3362.08
1591.34	3333.83
1592.88	3366.27
1594.43	3333.83
1595.97	3353.71
1597.52	3331.74
1599.06	3344.30
1600.61	3326.51
1602.15	3350.57
1603.70	3323.37
1605.24	3326.51
1606.79	3315.00
1608.33	3309.76
1609.87	3305.58
1611.41	3310.81
1612.96	3294.07
1614.50	3277.33
1616.04	3277.33
1617.58	3286.74
1619.12	3270.00
1620.67	3282.56
1622.21	3243.84
1623.75	3261.63
1625.29	3239.66
1626.83	3244.89
1628.37	3231.28
1629.90	3209.31
1631.44	3190.47
1632.98	3180.01
1634.52	3144.43
1636.06	3130.83
1637.59	3117.23
1639.13	3088.97
1640.67	3060.72
1642.21	3031.42
1643.74	3005.26
1645.28	2973.87
1646.81	2938.29
1648.35	2939.34
1649.88	2895.39
1651.42	2887.02
1652.95	2860.86
1654.49	2877.60
1656.02	2848.30
1657.55	2846.21
1659.09	2813.77
1660.62	2829.47
1662.15	2802.26
1663.68	2807.49
1665.22	2790.75
1666.75	2787.61
1668.28	2779.24
1669.81	2792.84
1671.34	2763.54
1672.87	2767.73
1674.40	2770.87
1675.93	2761.45
1677.46	2748.89
1678.99	2738.43
1680.52	2744.71
1682.04	2753.08
1683.57	2735.29
1685.10	2742.62
1686.63	2732.15
1688.15	2729.01
1689.68	2721.69
1691.21	2726.92
1692.73	2730.06
1694.26	2731.10
1695.78	2719.59
1697.31	2727.97
1698.83	2712.27
1700.36	2720.64
1701.88	2714.36
1703.40	2730.06
1704.93	2708.08
1706.45	2713.32
