896.35	2946.66
897.98	2958.17
899.60	2966.54
901.22	2982.24
902.85	2972.82
904.47	2989.57
906.10	2990.61
907.72	2996.89
909.34	3007.35
910.97	3020.96
912.59	3049.21
914.21	3067.00
915.84	3081.65
917.46	3119.32
919.08	3142.34
920.71	3151.76
922.33	3182.10
923.95	3191.52
925.58	3207.22
927.20	3199.89
928.82	3204.08
930.44	3235.47
932.07	3226.05
933.69	3219.77
935.31	3238.61
936.93	3243.84
938.56	3245.93
940.18	3255.35
941.80	3244.89
943.42	3266.86
945.05	3267.91
946.67	3262.68
948.29	3266.86
949.91	3270.00
951.53	3285.70
953.16	3277.33
954.78	3277.33
956.40	3268.95
958.02	3272.09
959.64	3270.00
961.26	3267.91
962.88	3268.95
964.51	3252.21
966.13	3281.51
967.75	3284.65
969.37	3273.14
970.99	3271.05
972.61	3266.86
974.23	3275.23
975.85	3271.05
977.47	3277.33
979.09	3278.37
980.71	3274.19
982.33	3284.65
983.95	3285.70
985.57	3297.21
987.19	3287.79
988.81	3296.16
990.43	3282.56
992.05	3287.79
993.67	3301.39
995.29	3296.16
996.91	3284.65
998.53	3323.37
1000.15	3328.60
1001.77	3325.46
1003.39	3329.65
1005.01	3334.88
1006.63	3335.92
1008.25	3344.30
1009.86	3350.57
1011.48	3342.20
1013.10	3345.34
1014.72	3349.53
1016.34	3354.76
1017.96	3367.32
1019.58	3358.94
1021.19	3355.81
1022.81	3364.18
1024.43	3379.87
1026.05	3375.69
1027.66	3381.97
1029.28	3377.78
1030.90	3379.87
1032.52	3380.92
1034.13	3396.62
1035.75	3394.52
1037.37	3389.29
1038.98	3398.71
1040.60	3395.57
1042.22	3386.15
1043.83	3396.62
1045.45	3404.99
1047.07	3407.08
1048.68	3410.22
1050.30	3404.99
1051.92	3416.50
1053.53	3397.66
1055.15	3392.43
1056.76	3400.80
1058.38	3401.85
1059.99	3409.17
1061.61	3399.75
1063.22	3396.62
1064.84	3403.94
1066.46	3393.48
1068.07	3395.57
1069.68	3399.75
1071.30	3410.22
1072.91	3406.03
1074.53	3389.29
1076.14	3403.94
1077.76	3393.48
1079.37	3401.85
1080.98	3368.36
1082.60	3390.34
1084.21	3386.15
1085.83	3386.15
1087.44	3392.43
1089.05	3377.78
1090.67	3367.32
1092.28	3361.04
1093.89	3381.97
1095.50	3381.97
1097.12	3369.41
1098.73	3385.10
1100.34	3361.04
1101.95	3379.87
1103.57	3375.69
1105.18	3364.18
1106.79	3359.99
1108.40	3374.64
1110.01	3376.73
1111.63	3376.73
1113.24	3383.01
1114.85	3377.78
1116.46	3373.59
1118.07	3379.87
1119.68	3369.41
1121.29	3380.92
1122.90	3375.69
1124.51	3379.87
1126.12	3386.15
1127.73	3385.10
1129.34	3393.48
1130.95	3386.15
1132.56	3383.01
1134.17	3357.90
1135.78	3362.08
1137.39	3378.83
1139.00	3359.99
1140.61	3367.32
1142.22	3366.27
1143.83	3363.13
1145.44	3370.46
1147.05	3374.64
1148.65	3374.64
1150.26	3359.99
1151.87	3358.94
1153.48	3366.27
1155.09	3375.69
1156.69	3371.50
1158.30	3357.90
1159.91	3364.18
1161.52	3371.50
1163.12	3374.64
1164.73	3368.36
1166.34	3389.29
1167.94	3375.69
1169.55	3381.97
1171.16	3384.06
1172.76	3392.43
1174.37	3384.06
1175.97	3391.38
1177.58	3367.32
1179.19	3383.01
1180.79	3368.36
1182.40	3372.55
1184.00	3364.18
1185.61	3389.29
1187.21	3386.15
1188.82	3380.92
1190.42	3371.50
1192.02	3367.32
1193.63	3364.18
1195.23	3376.73
1196.84	3373.59
1198.44	3383.01
1200.04	3389.29
1201.65	3392.43
1203.25	3381.97
1204.85	3389.29
1206.46	3367.32
1208.06	3378.83
1209.66	3370.46
1211.26	3375.69
1212.87	3394.52
1214.47	3377.78
1216.07	3374.64
1217.67	3372.55
1219.27	3366.27
1220.87	3361.04
1222.48	3362.08
1224.08	3358.94
1225.68	3367.32
1227.28	3369.41
1228.88	3354.76
1230.48	3362.08
1232.08	3349.53
1233.68	3353.71
1235.28	3352.67
1236.88	3335.92
1238.48	3331.74
1240.08	3362.08
1241.68	3335.92
1243.28	3332.78
1244.87	3319.18
1246.47	3322.32
1248.07	3308.72
1249.67	3313.95
1251.27	3318.14
1252.87	3308.72
1254.46	3306.62
1256.06	3311.86
1257.66	3312.90
1259.26	3302.44
1260.85	3316.04
1262.45	3307.67
1264.05	3302.44
1265.64	3302.44
1267.24	3298.25
1268.83	3311.86
1270.43	3298.25
1272.03	3316.04
1273.62	3300.35
1275.22	3278.37
1276.81	3288.84
1278.41	3294.07
1280.00	3286.74
1281.60	3286.74
1283.19	3279.42
1284.79	3280.46
1286.38	3280.46
1287.97	3281.51
1289.57	3271.05
1291.16	3277.33
1292.75	3258.49
1294.35	3272.09
1295.94	3266.86
1297.53	3275.23
1299.12	3261.63
1300.72	3283.60
1302.31	3243.84
1303.90	3268.95
1305.49	3267.91
1307.08	3255.35
1308.68	3244.89
1310.27	3251.17
1311.86	3248.03
1313.45	3244.89
1315.04	3243.84
1316.63	3241.75
1318.22	3231.28
1319.81	3220.82
1321.40	3223.96
1322.99	3226.05
1324.58	3210.36
1326.17	3225.01
1327.75	3211.40
1329.34	3218.73
1330.93	3205.12
1332.52	3203.03
1334.11	3196.75
1335.70	3196.75
1337.28	3186.29
1338.87	3198.85
1340.46	3194.66
1342.05	3186.29
1343.63	3187.34
1345.22	3181.06
1346.81	3178.96
1348.39	3169.55
1349.98	3174.78
1351.56	3161.18
1353.15	3150.71
1354.73	3148.62
1356.32	3129.78
1357.90	3128.74
1359.49	3131.88
1361.07	3119.32
1362.66	3118.27
1364.24	3116.18
1365.82	3121.41
1367.41	3115.13
1368.99	3094.21
1370.57	3088.97
1372.16	3088.97
1373.74	3086.88
1375.32	3081.65
1376.91	3077.46
1378.49	3056.54
1380.07	3024.10
1381.65	3011.54
1383.23	2994.80
1384.81	2998.98
1386.39	2990.61
1387.97	3000.03
1389.55	2990.61
1391.14	2980.15
1392.72	2961.31
1394.29	2962.36
1395.87	2953.99
1397.45	2934.11
1399.03	2939.34
1400.61	2922.60
1402.19	2919.46
1403.77	2911.09
1405.35	2922.60
1406.92	2908.99
1408.50	2905.85
1410.08	2906.90
1411.66	2895.39
1413.23	2897.48
1414.81	2896.44
1416.39	2883.88
1417.96	2900.62
1419.54	2885.97
1421.12	2887.02
1422.69	2897.48
1424.27	2878.65
1425.84	2890.16
1427.42	2882.83
1428.99	2883.88
1430.57	2885.97
1432.14	2878.65
1433.71	2883.88
1435.29	2896.44
1436.86	2885.97
1438.43	2878.65
1440.01	2870.28
1441.58	2754.13
1443.15	2875.51
1444.72	2881.79
1446.30	2878.65
1447.87	2884.93
1449.44	2867.14
1451.01	2859.81
1452.58	2873.42
1454.15	2871.32
1455.72	2860.86
1457.29	2871.32
1458.86	2881.79
1460.43	2867.14
1462.00	2885.97
1463.57	2873.42
1465.14	2872.37
1466.71	2866.09
1468.28	2866.09
1469.85	2876.55
1471.41	2872.37
1472.98	2871.32
1474.55	2870.28
1476.12	2858.77
1477.68	2868.18
1479.25	2882.83
1480.82	2873.42
1482.38	2873.42
1483.95	2868.18
1485.51	2879.69
1487.08	2888.06
1488.64	2889.11
1490.21	2892.25
1491.77	2874.46
1493.34	2880.74
1494.90	2865.04
1496.46	2879.69
1498.03	2889.11
1499.59	2894.34
1501.15	2884.93
1502.72	2883.88
1504.28	2887.02
1505.84	2877.60
1507.40	2877.60
1508.97	2899.58
1510.53	2899.58
1512.09	2907.95
1513.65	2905.85
1515.21	2895.39
1516.77	2884.93
1518.33	2901.67
1519.89	2898.53
1521.45	2896.44
1523.01	2902.71
1524.57	2899.58
1526.13	2892.25
1527.68	2907.95
1529.24	2915.27
1530.80	2902.71
1532.36	2905.85
1533.92	2905.85
1535.47	2889.11
1537.03	2894.34
1538.59	2903.76
1540.14	2898.53
1541.70	2888.06
1543.25	2908.99
1544.81	2899.58
1546.36	2913.18
1547.92	2897.48
1549.47	2900.62
1551.03	2901.67
1552.58	2894.34
1554.13	2894.34
1555.69	2900.62
1557.24	2889.11
1558.79	2893.30
1560.35	2891.20
1561.90	2901.67
1563.45	2892.25
1565.00	2900.62
1566.55	2883.88
1568.10	2878.65
1569.66	2874.46
1571.21	2892.25
1572.76	2888.06
1574.31	2890.16
1575.86	2883.88
1577.40	2878.65
1578.95	2889.11
1580.50	2883.88
1582.05	2867.14
1583.60	2871.32
1585.15	2866.09
1586.69	2872.37
1588.24	2875.51
1589.79	2891.20
1591.34	2862.95
1592.88	2877.60
1594.43	2854.58
1595.97	2871.32
1597.52	2862.95
1599.06	2870.28
1600.61	2870.28
1602.15	2875.51
1603.70	2859.81
1605.24	2864.00
1606.79	2865.04
1608.33	2850.39
1609.87	2855.63
1611.41	2866.09
1612.96	2858.77
1614.50	2845.16
1616.04	2847.26
1617.58	2857.72
1619.12	2845.16
1620.67	2854.58
1622.21	2827.37
1623.75	2853.53
1625.29	2832.61
1626.83	2837.84
1628.37	2847.26
1629.90	2822.14
1631.44	2822.14
1632.98	2824.23
1634.52	2811.68
1636.06	2807.49
1637.59	2820.05
1639.13	2799.12
1640.67	2798.07
1642.21	2783.42
1643.74	2783.42
1645.28	2764.59
1646.81	2748.89
1648.35	2761.45
1649.88	2731.10
1651.42	2745.75
1652.95	2718.55
1654.49	2737.38
1656.02	2712.27
1657.55	2720.64
1659.09	2695.53
1660.62	2712.27
1662.15	2704.94
1663.68	2714.36
1665.22	2698.67
1666.75	2695.53
1668.28	2685.06
1669.81	2701.81
1671.34	2696.57
1672.87	2702.85
1674.40	2698.67
1675.93	2687.16
1677.46	2677.74
1678.99	2680.88
1680.52	2674.60
1682.04	2689.25
1683.57	2671.46
1685.10	2682.97
1686.63	2674.60
1688.15	2670.41
1689.68	2654.72
1691.21	2668.32
1692.73	2676.69
1694.26	2673.55
1695.78	2667.27
1697.31	2665.18
1698.83	2656.81
1700.36	2663.09
1701.88	2658.90
1703.40	2662.04
1704.93	2658.90
1706.45	2651.58
