896.35	2655.76
897.98	2646.35
899.60	2653.67
901.22	2667.27
902.85	2667.27
904.47	2663.09
906.10	2675.65
907.72	2657.86
909.34	2679.83
910.97	2676.69
912.59	2675.65
914.21	2663.09
915.84	2669.37
917.46	2675.65
919.08	2686.11
920.71	2670.41
922.33	2696.57
923.95	2676.69
925.58	2707.04
927.20	2671.46
928.82	2689.25
930.44	2688.20
932.07	2699.71
933.69	2663.09
935.31	2679.83
936.93	2677.74
938.56	2689.25
940.18	2684.02
941.80	2689.25
943.42	2690.29
945.05	2712.27
946.67	2684.02
948.29	2698.67
949.91	2682.97
951.53	2709.13
953.16	2701.81
954.78	2716.45
956.40	2685.06
958.02	2703.90
959.64	2689.25
961.26	2709.13
962.88	2695.53
964.51	2699.71
966.13	2702.85
967.75	2718.55
969.37	2685.06
970.99	2703.90
972.61	2693.43
974.23	2699.71
975.85	2685.06
977.47	2711.22
979.09	2698.67
980.71	2695.53
982.33	2696.57
983.95	2714.36
985.57	2711.22
987.19	2712.27
988.81	2705.99
990.43	2713.32
992.05	2698.67
993.67	2731.10
995.29	2699.71
996.91	2693.43
998.53	2700.76
1000.15	2715.41
1001.77	2699.71
1003.39	2714.36
1005.01	2703.90
1006.63	2716.45
1008.25	2702.85
1009.86	2724.83
1011.48	2702.85
1013.10	2724.83
1014.72	2705.99
1016.34	2718.55
1017.96	2712.27
1019.58	2714.36
1021.19	2696.57
1022.81	2710.18
1024.43	2712.27
1026.05	2720.64
1027.66	2716.45
1029.28	2725.87
1030.90	2701.81
1032.52	2699.71
1034.13	2699.71
1035.75	2733.20
1037.37	2717.50
1038.98	2730.06
1040.60	2699.71
1042.22	2704.94
1043.83	2703.90
1045.45	2715.41
1047.07	2701.81
1048.68	2722.73
1050.30	2697.62
1051.92	2724.83
1053.53	2714.36
1055.15	2725.87
1056.76	2699.71
1058.38	2720.64
1059.99	2718.55
1061.61	2726.92
1063.22	2701.81
1064.84	2725.87
1066.46	2710.18
1068.07	2716.45
1069.68	2705.99
1071.30	2724.83
1072.91	2705.99
1074.53	2711.22
1076.14	2714.36
1077.76	2720.64
1079.37	2711.22
1080.98	2701.81
1082.60	2710.18
1084.21	2727.97
1085.83	2707.04
1087.44	2726.92
1089.05	2705.99
1090.67	2724.83
1092.28	2700.76
1093.89	2725.87
1095.50	2712.27
1097.12	2720.64
1098.73	2716.45
1100.34	2712.27
1101.95	2714.36
1103.57	2727.97
1105.18	2709.13
1106.79	2717.50
1108.40	2712.27
1110.01	2718.55
1111.63	2712.27
1113.24	2726.92
1114.85	2710.18
1116.46	2725.87
1118.07	2719.59
1119.68	2719.59
1121.29	2720.64
1122.90	2719.59
1124.51	2703.90
1126.12	2736.34
1127.73	2729.01
1129.34	2729.01
1130.95	2723.78
1132.56	2735.29
1134.17	2701.81
1135.78	2718.55
1137.39	2715.41
1139.00	2715.41
1140.61	2714.36
1142.22	2731.10
1143.83	2711.22
1145.44	2727.97
1147.05	2717.50
1148.65	2732.15
1150.26	2697.62
1151.87	2712.27
1153.48	2705.99
1155.09	2729.01
1156.69	2719.59
1158.30	2715.41
1159.91	2704.94
1161.52	2726.92
1163.12	2718.55
1164.73	2726.92
1166.34	2720.64
1167.94	2717.50
1169.55	2712.27
1171.16	2727.97
1172.76	2716.45
1174.37	2731.10
1175.97	2729.01
1177.58	2711.22
1179.19	2722.73
1180.79	2708.08
1182.40	2707.04
1184.00	2715.41
1185.61	2721.69
1187.21	2732.15
1188.82	2717.50
1190.42	2724.83
1192.02	2708.08
1193.63	2710.18
1195.23	2715.41
1196.84	2724.83
1198.44	2718.55
1200.04	2733.20
1201.65	2729.01
1203.25	2732.15
1204.85	2718.55
1206.46	2707.04
1208.06	2712.27
1209.66	2712.27
1211.26	2702.85
1212.87	2736.34
1214.47	2712.27
1216.07	2729.01
1217.67	2725.87
1219.27	2716.45
1220.87	2712.27
1222.48	2721.69
1224.08	2707.04
1225.68	2724.83
1227.28	2714.36
1228.88	2718.55
1230.48	2718.55
1232.08	2714.36
1233.68	2720.64
1235.28	2737.38
1236.88	2719.59
1238.48	2717.50
1240.08	2735.29
1241.68	2710.18
1243.28	2713.32
1244.87	2719.59
1246.47	2713.32
1248.07	2722.73
1249.67	2727.97
1251.27	2754.13
1252.87	2709.13
1254.46	2715.41
1256.06	2715.41
1257.66	2729.01
1259.26	2704.94
1260.85	2726.92
1262.45	2710.18
1264.05	2722.73
1265.64	2710.18
1267.24	2717.50
1268.83	2718.55
1270.43	2725.87
1272.03	2725.87
1273.62	2726.92
1275.22	2704.94
1276.81	2729.01
1278.41	2716.45
1280.00	2720.64
1281.60	2709.13
1283.19	2712.27
1284.79	2715.41
1286.38	2719.59
1287.97	2718.55
1289.57	2718.55
1291.16	2714.36
1292.75	2710.18
1294.35	2715.41
1295.94	2725.87
1297.53	2719.59
1299.12	2715.41
1300.72	2732.15
1302.31	2712.27
1303.90	2730.06
1305.49	2737.38
1307.08	2713.32
1308.68	2718.55
1310.27	2718.55
1311.86	2725.87
1313.45	2702.85
1315.04	2710.18
1316.63	2705.99
1318.22	2715.41
1319.81	2700.76
1321.40	2715.41
1322.99	2709.13
1324.58	2701.81
1326.17	2703.90
1327.75	2702.85
1329.34	2709.13
1330.93	2705.99
1332.52	2708.08
1334.11	2708.08
1335.70	2705.99
1337.28	2705.99
1338.87	2704.94
1340.46	2708.08
1342.05	2702.85
1343.63	2700.76
1345.22	2700.76
1346.81	2717.50
1348.39	2714.36
1349.98	2720.64
1351.56	2703.90
1353.15	2698.67
1354.73	2704.94
1356.32	2703.90
1357.90	2698.67
1359.49	2711.22
1361.07	2704.94
1362.66	2716.45
1364.24	2708.08
1365.82	2714.36
1367.41	2711.22
1368.99	2694.48
1370.57	2697.62
1372.16	2712.27
1373.74	2705.99
1375.32	2715.41
1376.91	2710.18
1378.49	2704.94
1380.07	2695.53
1381.65	2712.27
1383.23	2696.57
1384.81	2699.71
1386.39	2687.16
1387.97	2716.45
1389.55	2701.81
1391.14	2708.08
1392.72	2689.25
1394.29	2708.08
1395.87	2704.94
1397.45	2695.53
1399.03	2697.62
1400.61	2701.81
1402.19	2690.29
1403.77	2691.34
1405.35	2716.45
1406.92	2695.53
1408.50	2708.08
1410.08	2716.45
1411.66	2702.85
1413.23	2708.08
1414.81	2711.22
1416.39	2697.62
1417.96	2708.08
1419.54	2710.18
1421.12	2705.99
1422.69	2705.99
1424.27	2689.25
1425.84	2708.08
1427.42	2702.85
1428.99	2710.18
1430.57	2701.81
1432.14	2700.76
1433.71	2701.81
1435.29	2710.18
1436.86	2703.90
1438.43	2703.90
1440.01	2701.81
1441.58	2589.84
1443.15	2702.85
1444.72	2713.32
1446.30	2704.94
1447.87	2709.13
1449.44	2702.85
1451.01	2687.16
1452.58	2704.94
1454.15	2703.90
1455.72	2693.43
1457.29	2695.53
1458.86	2701.81
1460.43	2697.62
1462.00	2724.83
1463.57	2705.99
1465.14	2713.32
1466.71	2695.53
1468.28	2705.99
1469.85	2712.27
1471.41	2715.41
1472.98	2712.27
1474.55	2715.41
1476.12	2702.85
1477.68	2691.34
1479.25	2712.27
1480.82	2703.90
1482.38	2712.27
1483.95	2696.57
1485.51	2705.99
1487.08	2717.50
1488.64	2708.08
1490.21	2702.85
1491.77	2696.57
1493.34	2707.04
1494.90	2700.76
1496.46	2703.90
1498.03	2697.62
1499.59	2698.67
1501.15	2703.90
1502.72	2692.39
1504.28	2698.67
1505.84	2697.62
1507.40	2693.43
1508.97	2704.94
1510.53	2700.76
1512.09	2709.13
1513.65	2716.45
1515.21	2703.90
1516.77	2691.34
1518.33	2710.18
1519.89	2703.90
1521.45	2699.71
1523.01	2704.94
1524.57	2703.90
1526.13	2691.34
1527.68	2705.99
1529.24	2710.18
1530.80	2705.99
1532.36	2711.22
1533.92	2698.67
1535.47	2690.29
1537.03	2694.48
1538.59	2705.99
1540.14	2699.71
1541.70	2691.34
1543.25	2704.94
1544.81	2700.76
1546.36	2697.62
1547.92	2684.02
1549.47	2694.48
1551.03	2697.62
1552.58	2684.02
1554.13	2689.25
1555.69	2697.62
1557.24	2687.16
1558.79	2688.20
1560.35	2682.97
1561.90	2689.25
1563.45	2681.92
1565.00	2688.20
1566.55	2688.20
1568.10	2685.06
1569.66	2681.92
1571.21	2687.16
1572.76	2687.16
1574.31	2686.11
1575.86	2685.06
1577.40	2676.69
1578.95	2686.11
1580.50	2678.78
1582.05	2674.60
1583.60	2677.74
1585.15	2658.90
1586.69	2667.27
1588.24	2684.02
1589.79	2684.02
1591.34	2666.23
1592.88	2682.97
1594.43	2659.95
1595.97	2672.51
1597.52	2682.97
1599.06	2681.92
1600.61	2667.27
1602.15	2681.92
1603.70	2674.60
1605.24	2669.37
1606.79	2676.69
1608.33	2663.09
1609.87	2662.04
1611.41	2677.74
1612.96	2668.32
1614.50	2651.58
1616.04	2657.86
1617.58	2665.18
1619.12	2666.23
1620.67	2675.65
1622.21	2650.53
1623.75	2664.13
1625.29	2654.72
1626.83	2661.00
1628.37	2678.78
1629.90	2654.72
1631.44	2648.44
1632.98	2655.76
1634.52	2647.39
1636.06	2662.04
1637.59	2680.88
1639.13	2668.32
1640.67	2666.23
1642.21	2658.90
1643.74	2664.13
1645.28	2650.53
1646.81	2650.53
1648.35	2665.18
1649.88	2646.35
1651.42	2658.90
1652.95	2648.44
1654.49	2678.78
1656.02	2650.53
1657.55	2647.39
1659.09	2635.88
1660.62	2655.76
1662.15	2646.35
1663.68	2648.44
1665.22	2642.16
1666.75	2644.25
1668.28	2643.21
1669.81	2657.86
1671.34	2655.76
1672.87	2654.72
1674.40	2654.72
1675.93	2649.49
1677.46	2631.70
1678.99	2627.51
1680.52	2633.79
1682.04	2647.39
1683.57	2639.02
1685.10	2647.39
1686.63	2630.65
1688.15	2634.84
1689.68	2616.00
1691.21	2627.51
1692.73	2628.56
1694.26	2636.93
1695.78	2623.33
1697.31	2628.56
1698.83	2619.14
1700.36	2622.28
1701.88	2616.00
1703.40	2628.56
1704.93	2617.05
1706.45	2622.28
