896.35	3048.16
897.98	3057.58
899.60	3053.40
901.22	3087.93
902.85	3073.28
904.47	3099.44
906.10	3104.67
907.72	3110.95
909.34	3118.27
910.97	3146.53
912.59	3167.45
914.21	3197.80
915.84	3228.14
917.46	3282.56
919.08	3296.16
920.71	3319.18
922.33	3330.69
923.95	3348.48
925.58	3377.78
927.20	3383.01
928.82	3390.34
930.44	3420.68
932.07	3402.89
933.69	3399.75
935.31	3409.17
936.93	3436.38
938.56	3426.96
940.18	3445.80
941.80	3435.33
943.42	3460.45
945.05	3458.35
946.67	3453.12
948.29	3444.75
949.91	3459.40
951.53	3467.77
953.16	3474.05
954.78	3460.45
956.40	3460.45
958.02	3453.12
959.64	3461.49
961.26	3448.94
962.88	3456.26
964.51	3444.75
966.13	3475.10
967.75	3457.31
969.37	3455.21
970.99	3463.58
972.61	3462.54
974.23	3444.75
975.85	3464.63
977.47	3464.63
979.09	3468.82
980.71	3445.80
982.33	3474.05
983.95	3471.96
985.57	3493.93
987.19	3469.86
988.81	3493.93
990.43	3480.33
992.05	3493.93
993.67	3496.02
995.29	3494.98
996.91	3487.65
998.53	3524.28
1000.15	3518.00
1001.77	3527.42
1003.39	3532.65
1005.01	3534.74
1006.63	3534.74
1008.25	3549.39
1009.86	3542.06
1011.48	3555.67
1013.10	3551.48
1014.72	3573.46
1016.34	3560.90
1017.96	3589.15
1019.58	3560.90
1021.19	3572.41
1022.81	3586.01
1024.43	3598.57
1026.05	3579.74
1027.66	3609.03
1029.28	3598.57
1030.90	3615.31
1032.52	3593.34
1034.13	3617.41
1035.75	3612.17
1037.37	3619.50
1038.98	3620.54
1040.60	3632.06
1042.22	3614.27
1043.83	3634.15
1045.45	3617.41
1047.07	3626.82
1048.68	3625.78
1050.30	3625.78
1051.92	3628.92
1053.53	3633.10
1055.15	3626.82
1056.76	3637.29
1058.38	3623.68
1059.99	3643.57
1061.61	3628.92
1063.22	3626.82
1064.84	3633.10
1066.46	3632.06
1068.07	3618.45
1069.68	3636.24
1071.30	3631.01
1072.91	3622.64
1074.53	3607.99
1076.14	3629.96
1077.76	3610.08
1079.37	3616.36
1080.98	3576.60
1082.60	3606.94
1084.21	3602.76
1085.83	3609.03
1087.44	3606.94
1089.05	3596.48
1090.67	3588.11
1092.28	3587.06
1093.89	3595.43
1095.50	3600.66
1097.12	3589.15
1098.73	3604.85
1100.34	3568.22
1101.95	3596.48
1103.57	3594.38
1105.18	3594.38
1106.79	3564.04
1108.40	3579.74
1110.01	3574.50
1111.63	3589.15
1113.24	3584.97
1114.85	3595.43
1116.46	3584.97
1118.07	3600.66
1119.68	3578.69
1121.29	3595.43
1122.90	3574.50
1124.51	3588.11
1126.12	3589.15
1127.73	3598.57
1129.34	3591.25
1130.95	3599.62
1132.56	3605.90
1134.17	3581.83
1135.78	3571.36
1137.39	3602.76
1139.00	3582.87
1140.61	3595.43
1142.22	3582.87
1143.83	3579.74
1145.44	3578.69
1147.05	3595.43
1148.65	3583.92
1150.26	3577.64
1151.87	3573.46
1153.48	3578.69
1155.09	3582.87
1156.69	3593.34
1158.30	3573.46
1159.91	3587.06
1161.52	3578.69
1163.12	3583.92
1164.73	3571.36
1166.34	3601.71
1167.94	3583.92
1169.55	3591.25
1171.16	3584.97
1172.76	3599.62
1174.37	3587.06
1175.97	3609.03
1177.58	3581.83
1179.19	3604.85
1180.79	3586.01
1182.40	3598.57
1184.00	3574.50
1185.61	3592.29
1187.21	3589.15
1188.82	3589.15
1190.42	3587.06
1192.02	3593.34
1193.63	3569.27
1195.23	3593.34
1196.84	3586.01
1198.44	3593.34
1200.04	3586.01
1201.65	3591.25
1203.25	3582.87
1204.85	3589.15
1206.46	3560.90
1208.06	3580.78
1209.66	3564.04
1211.26	3574.50
1212.87	3586.01
1214.47	3571.36
1216.07	3570.32
1217.67	3577.64
1219.27	3557.76
1220.87	3567.18
1222.48	3559.85
1224.08	3566.13
1225.68	3561.95
1227.28	3555.67
1228.88	3550.44
1230.48	3561.95
1232.08	3533.69
1233.68	3554.62
1235.28	3552.53
1236.88	3545.20
1238.48	3530.55
1240.08	3566.13
1241.68	3525.32
1243.28	3534.74
1244.87	3527.42
1246.47	3527.42
1248.07	3507.53
1249.67	3518.00
1251.27	3510.67
1252.87	3501.26
1254.46	3483.47
1256.06	3487.65
1257.66	3486.61
1259.26	3499.16
1260.85	3492.88
1262.45	3493.93
1264.05	3481.37
1265.64	3492.88
1267.24	3483.47
1268.83	3492.88
1270.43	3475.10
1272.03	3499.16
1273.62	3484.51
1275.22	3469.86
1276.81	3469.86
1278.41	3464.63
1280.00	3471.96
1281.60	3467.77
1283.19	3457.31
1284.79	3463.58
1286.38	3448.94
1287.97	3464.63
1289.57	3451.03
1291.16	3456.26
1292.75	3437.42
1294.35	3454.17
1295.94	3447.89
1297.53	3451.03
1299.12	3420.68
1300.72	3454.17
1302.31	3421.73
1303.90	3448.94
1305.49	3435.33
1307.08	3420.68
1308.68	3402.89
1310.27	3414.40
1311.86	3406.03
1313.45	3406.03
1315.04	3394.52
1316.63	3409.17
1318.22	3401.85
1319.81	3392.43
1321.40	3393.48
1322.99	3395.57
1324.58	3372.55
1326.17	3381.97
1327.75	3373.59
1329.34	3378.83
1330.93	3370.46
1332.52	3353.71
1334.11	3340.11
1335.70	3351.62
1337.28	3331.74
1338.87	3344.30
1340.46	3333.83
1342.05	3335.92
1343.63	3325.46
1345.22	3327.55
1346.81	3325.46
1348.39	3323.37
1349.98	3306.62
1351.56	3296.16
1353.15	3289.88
1354.73	3291.98
1356.32	3260.58
1357.90	3262.68
1359.49	3258.49
1361.07	3242.79
1362.66	3225.01
1364.24	3243.84
1365.82	3241.75
1367.41	3242.79
1368.99	3214.54
1370.57	3207.22
1372.16	3196.75
1373.74	3206.17
1375.32	3198.85
1376.91	3184.20
1378.49	3143.39
1380.07	3113.04
1381.65	3098.39
1383.23	3084.79
1384.81	3080.60
1386.39	3075.37
1387.97	3073.28
1389.55	3070.14
1391.14	3052.35
1392.72	3028.28
1394.29	3019.91
1395.87	3008.40
1397.45	2993.75
1399.03	2987.47
1400.61	2970.73
1402.19	2964.45
1403.77	2949.80
1405.35	2972.82
1406.92	2950.85
1408.50	2952.94
1410.08	2947.71
1411.66	2938.29
1413.23	2941.43
1414.81	2936.20
1416.39	2922.60
1417.96	2929.92
1419.54	2916.32
1421.12	2928.87
1422.69	2930.97
1424.27	2913.18
1425.84	2919.46
1427.42	2918.41
1428.99	2918.41
1430.57	2911.09
1432.14	2903.76
1433.71	2911.09
1435.29	2920.50
1436.86	2912.13
1438.43	2901.67
1440.01	2897.48
1441.58	2779.24
1443.15	2902.71
1444.72	2904.81
1446.30	2898.53
1447.87	2910.04
1449.44	2890.16
1451.01	2884.93
1452.58	2903.76
1454.15	2904.81
1455.72	2893.30
1457.29	2898.53
1458.86	2902.71
1460.43	2892.25
1462.00	2912.13
1463.57	2898.53
1465.14	2898.53
1466.71	2887.02
1468.28	2895.39
1469.85	2891.20
1471.41	2904.81
1472.98	2902.71
1474.55	2915.27
1476.12	2898.53
1477.68	2899.58
1479.25	2913.18
1480.82	2908.99
1482.38	2910.04
1483.95	2897.48
1485.51	2911.09
1487.08	2921.55
1488.64	2910.04
1490.21	2923.64
1491.77	2910.04
1493.34	2918.41
1494.90	2904.81
1496.46	2914.22
1498.03	2920.50
1499.59	2924.69
1501.15	2921.55
1502.72	2929.92
1504.28	2936.20
1505.84	2928.87
1507.40	2928.87
1508.97	2941.43
1510.53	2926.78
1512.09	2940.38
1513.65	2948.76
1515.21	2949.80
1516.77	2929.92
1518.33	2948.76
1519.89	2943.52
1521.45	2945.62
1523.01	2940.38
1524.57	2950.85
1526.13	2943.52
1527.68	2955.03
1529.24	2961.31
1530.80	2942.48
1532.36	2951.90
1533.92	2959.22
1535.47	2939.34
1537.03	2953.99
1538.59	2950.85
1540.14	2947.71
1541.70	2942.48
1543.25	2962.36
1544.81	2956.08
1546.36	2965.50
1547.92	2946.66
1549.47	2952.94
1551.03	2955.03
1552.58	2946.66
1554.13	2938.29
1555.69	2951.90
1557.24	2941.43
1558.79	2943.52
1560.35	2941.43
1561.90	2945.62
1563.45	2933.06
1565.00	2942.48
1566.55	2928.87
1568.10	2944.57
1569.66	2939.34
1571.21	2943.52
1572.76	2944.57
1574.31	2937.25
1575.86	2932.01
1577.40	2929.92
1578.95	2929.92
1580.50	2932.01
1582.05	2925.74
1583.60	2926.78
1585.15	2906.90
1586.69	2922.60
1588.24	2924.69
1589.79	2934.11
1591.34	2917.36
1592.88	2942.48
1594.43	2905.85
1595.97	2922.60
1597.52	2920.50
1599.06	2918.41
1600.61	2915.27
1602.15	2924.69
1603.70	2906.90
1605.24	2913.18
1606.79	2914.22
1608.33	2908.99
1609.87	2910.04
1611.41	2924.69
1612.96	2915.27
1614.50	2907.95
1616.04	2903.76
1617.58	2910.04
1619.12	2895.39
1620.67	2912.13
1622.21	2885.97
1623.75	2903.76
1625.29	2880.74
1626.83	2876.55
1628.37	2895.39
1629.90	2870.28
1631.44	2870.28
1632.98	2868.18
1634.52	2852.49
1636.06	2850.39
1637.59	2855.63
1639.13	2839.93
1640.67	2831.56
1642.21	2819.00
1643.74	2808.54
1645.28	2797.03
1646.81	2783.42
1648.35	2783.42
1649.88	2753.08
1651.42	2755.17
1652.95	2732.15
1654.49	2760.40
1656.02	2738.43
1657.55	2745.75
1659.09	2714.36
1660.62	2733.20
1662.15	2716.45
1663.68	2725.87
1665.22	2710.18
1666.75	2707.04
1668.28	2710.18
1669.81	2722.73
1671.34	2708.08
1672.87	2712.27
1674.40	2716.45
1675.93	2695.53
1677.46	2685.06
1678.99	2687.16
1680.52	2687.16
1682.04	2709.13
1683.57	2688.20
1685.10	2693.43
1686.63	2679.83
1688.15	2685.06
1689.68	2670.41
1691.21	2686.11
1692.73	2688.20
1694.26	2686.11
1695.78	2685.06
1697.31	2686.11
1698.83	2669.37
1700.36	2674.60
1701.88	2663.09
1703.40	2677.74
1704.93	2669.37
1706.45	2675.65
