896.35	3049.21
897.98	3070.14
899.60	3068.05
901.22	3097.34
902.85	3086.88
904.47	3107.81
906.10	3109.90
907.72	3114.09
909.34	3119.32
910.97	3144.43
912.59	3169.55
914.21	3199.89
915.84	3227.10
917.46	3281.51
919.08	3302.44
920.71	3322.32
922.33	3340.11
923.95	3356.85
925.58	3380.92
927.20	3393.48
928.82	3390.34
930.44	3423.82
932.07	3408.13
933.69	3419.64
935.31	3416.50
936.93	3434.29
938.56	3435.33
940.18	3452.07
941.80	3446.84
943.42	3464.63
945.05	3469.86
946.67	3463.58
948.29	3463.58
949.91	3468.82
951.53	3469.86
953.16	3484.51
954.78	3467.77
956.40	3466.72
958.02	3454.17
959.64	3471.96
961.26	3459.40
962.88	3471.96
964.51	3454.17
966.13	3485.56
967.75	3471.96
969.37	3465.68
970.99	3446.84
972.61	3463.58
974.23	3463.58
975.85	3473.00
977.47	3470.91
979.09	3476.14
980.71	3459.40
982.33	3477.19
983.95	3476.14
985.57	3502.30
987.19	3480.33
988.81	3505.44
990.43	3488.70
992.05	3490.79
993.67	3497.07
995.29	3506.49
996.91	3497.07
998.53	3533.69
1000.15	3527.42
1001.77	3543.11
1003.39	3533.69
1005.01	3545.20
1006.63	3547.30
1008.25	3557.76
1009.86	3556.71
1011.48	3561.95
1013.10	3559.85
1014.72	3580.78
1016.34	3573.46
1017.96	3601.71
1019.58	3575.55
1021.19	3593.34
1022.81	3592.29
1024.43	3605.90
1026.05	3599.62
1027.66	3621.59
1029.28	3604.85
1030.90	3615.31
1032.52	3595.43
1034.13	3617.41
1035.75	3623.68
1037.37	3626.82
1038.98	3629.96
1040.60	3638.33
1042.22	3615.31
1043.83	3643.57
1045.45	3623.68
1047.07	3639.38
1048.68	3635.19
1050.30	3633.10
1051.92	3631.01
1053.53	3633.10
1055.15	3639.38
1056.76	3646.70
1058.38	3642.52
1059.99	3650.89
1061.61	3633.10
1063.22	3635.19
1064.84	3635.19
1066.46	3644.61
1068.07	3619.50
1069.68	3625.78
1071.30	3628.92
1072.91	3635.19
1074.53	3619.50
1076.14	3641.47
1077.76	3618.45
1079.37	3632.06
1080.98	3593.34
1082.60	3613.22
1084.21	3603.80
1085.83	3619.50
1087.44	3614.27
1089.05	3607.99
1090.67	3599.62
1092.28	3601.71
1093.89	3596.48
1095.50	3611.13
1097.12	3592.29
1098.73	3606.94
1100.34	3581.83
1101.95	3609.03
1103.57	3598.57
1105.18	3593.34
1106.79	3582.87
1108.40	3605.90
1110.01	3593.34
1111.63	3606.94
1113.24	3599.62
1114.85	3602.76
1116.46	3588.11
1118.07	3601.71
1119.68	3580.78
1121.29	3606.94
1122.90	3591.25
1124.51	3602.76
1126.12	3597.52
1127.73	3615.31
1129.34	3600.66
1130.95	3613.22
1132.56	3603.80
1134.17	3589.15
1135.78	3586.01
1137.39	3604.85
1139.00	3579.74
1140.61	3595.43
1142.22	3604.85
1143.83	3600.66
1145.44	3582.87
1147.05	3589.15
1148.65	3586.01
1150.26	3587.06
1151.87	3582.87
1153.48	3593.34
1155.09	3595.43
1156.69	3595.43
1158.30	3582.87
1159.91	3597.52
1161.52	3584.97
1163.12	3601.71
1164.73	3584.97
1166.34	3588.11
1167.94	3576.60
1169.55	3600.66
1171.16	3596.48
1172.76	3603.80
1174.37	3590.20
1175.97	3606.94
1177.58	3579.74
1179.19	3610.08
1180.79	3588.11
1182.40	3596.48
1184.00	3591.25
1185.61	3602.76
1187.21	3586.01
1188.82	3595.43
1190.42	3592.29
1192.02	3599.62
1193.63	3577.64
1195.23	3602.76
1196.84	3597.52
1198.44	3609.03
1200.04	3597.52
1201.65	3596.48
1203.25	3593.34
1204.85	3601.71
1206.46	3584.97
1208.06	3584.97
1209.66	3570.32
1211.26	3577.64
1212.87	3599.62
1214.47	3579.74
1216.07	3576.60
1217.67	3574.50
1219.27	3565.09
1220.87	3582.87
1222.48	3573.46
1224.08	3572.41
1225.68	3566.13
1227.28	3581.83
1228.88	3564.04
1230.48	3582.87
1232.08	3543.11
1233.68	3558.81
1235.28	3557.76
1236.88	3545.20
1238.48	3534.74
1240.08	3573.46
1241.68	3531.60
1243.28	3543.11
1244.87	3535.79
1246.47	3530.55
1248.07	3519.04
1249.67	3528.46
1251.27	3527.42
1252.87	3510.67
1254.46	3494.98
1256.06	3501.26
1257.66	3500.21
1259.26	3507.53
1260.85	3491.84
1262.45	3497.07
1264.05	3490.79
1265.64	3499.16
1267.24	3491.84
1268.83	3494.98
1270.43	3483.47
1272.03	3509.63
1273.62	3493.93
1275.22	3478.23
1276.81	3482.42
1278.41	3483.47
1280.00	3479.28
1281.60	3476.14
1283.19	3461.49
1284.79	3470.91
1286.38	3465.68
1287.97	3482.42
1289.57	3457.31
1291.16	3457.31
1292.75	3447.89
1294.35	3465.68
1295.94	3448.94
1297.53	3461.49
1299.12	3426.96
1300.72	3448.94
1302.31	3413.36
1303.90	3453.12
1305.49	3440.56
1307.08	3436.38
1308.68	3411.26
1310.27	3421.73
1311.86	3418.59
1313.45	3421.73
1315.04	3412.31
1316.63	3421.73
1318.22	3413.36
1319.81	3403.94
1321.40	3391.38
1322.99	3411.26
1324.58	3383.01
1326.17	3394.52
1327.75	3369.41
1329.34	3387.20
1330.93	3365.22
1332.52	3367.32
1334.11	3367.32
1335.70	3361.04
1337.28	3349.53
1338.87	3353.71
1340.46	3336.97
1342.05	3338.02
1343.63	3340.11
1345.22	3336.97
1346.81	3335.92
1348.39	3327.55
1349.98	3319.18
1351.56	3302.44
1353.15	3291.98
1354.73	3293.02
1356.32	3263.72
1357.90	3264.77
1359.49	3258.49
1361.07	3233.38
1362.66	3228.14
1364.24	3240.70
1365.82	3243.84
1367.41	3249.07
1368.99	3218.73
1370.57	3213.50
1372.16	3216.63
1373.74	3213.50
1375.32	3205.12
1376.91	3193.61
1378.49	3156.99
1380.07	3124.55
1381.65	3109.90
1383.23	3092.11
1384.81	3090.02
1386.39	3086.88
1387.97	3079.56
1389.55	3068.05
1391.14	3053.40
1392.72	3026.19
1394.29	3019.91
1395.87	3010.49
1397.45	2993.75
1399.03	3001.08
1400.61	2984.33
1402.19	2980.15
1403.77	2966.54
1405.35	2974.92
1406.92	2950.85
1408.50	2947.71
1410.08	2955.03
1411.66	2940.38
1413.23	2932.01
1414.81	2937.25
1416.39	2920.50
1417.96	2937.25
1419.54	2925.74
1421.12	2927.83
1422.69	2935.15
1424.27	2917.36
1425.84	2919.46
1427.42	2922.60
1428.99	2915.27
1430.57	2915.27
1432.14	2904.81
1433.71	2913.18
1435.29	2917.36
1436.86	2912.13
1438.43	2900.62
1440.01	2902.71
1441.58	2785.52
1443.15	2911.09
1444.72	2908.99
1446.30	2905.85
1447.87	2912.13
1449.44	2902.71
1451.01	2889.11
1452.58	2903.76
1454.15	2898.53
1455.72	2896.44
1457.29	2891.20
1458.86	2904.81
1460.43	2897.48
1462.00	2922.60
1463.57	2906.90
1465.14	2911.09
1466.71	2895.39
1468.28	2900.62
1469.85	2901.67
1471.41	2910.04
1472.98	2900.62
1474.55	2919.46
1476.12	2902.71
1477.68	2910.04
1479.25	2924.69
1480.82	2913.18
1482.38	2916.32
1483.95	2916.32
1485.51	2919.46
1487.08	2935.15
1488.64	2925.74
1490.21	2934.11
1491.77	2918.41
1493.34	2929.92
1494.90	2919.46
1496.46	2922.60
1498.03	2928.87
1499.59	2930.97
1501.15	2932.01
1502.72	2929.92
1504.28	2938.29
1505.84	2936.20
1507.40	2927.83
1508.97	2942.48
1510.53	2932.01
1512.09	2947.71
1513.65	2947.71
1515.21	2949.80
1516.77	2927.83
1518.33	2952.94
1519.89	2944.57
1521.45	2955.03
1523.01	2946.66
1524.57	2963.41
1526.13	2950.85
1527.68	2960.27
1529.24	2963.41
1530.80	2960.27
1532.36	2964.45
1533.92	2959.22
1535.47	2946.66
1537.03	2951.90
1538.59	2959.22
1540.14	2950.85
1541.70	2948.76
1543.25	2963.41
1544.81	2960.27
1546.36	2960.27
1547.92	2953.99
1549.47	2965.50
1551.03	2956.08
1552.58	2948.76
1554.13	2946.66
1555.69	2956.08
1557.24	2943.52
1558.79	2958.17
1560.35	2947.71
1561.90	2956.08
1563.45	2935.15
1565.00	2950.85
1566.55	2946.66
1568.10	2939.34
1569.66	2939.34
1571.21	2948.76
1572.76	2945.62
1574.31	2944.57
1575.86	2933.06
1577.40	2934.11
1578.95	2938.29
1580.50	2943.52
1582.05	2929.92
1583.60	2933.06
1585.15	2926.78
1586.69	2934.11
1588.24	2932.01
1589.79	2940.38
1591.34	2915.27
1592.88	2937.25
1594.43	2912.13
1595.97	2924.69
1597.52	2923.64
1599.06	2925.74
1600.61	2916.32
1602.15	2934.11
1603.70	2918.41
1605.24	2925.74
1606.79	2919.46
1608.33	2905.85
1609.87	2911.09
1611.41	2925.74
1612.96	2922.60
1614.50	2912.13
1616.04	2905.85
1617.58	2913.18
1619.12	2900.62
1620.67	2906.90
1622.21	2876.55
1623.75	2902.71
1625.29	2881.79
1626.83	2889.11
1628.37	2903.76
1629.90	2881.79
1631.44	2869.23
1632.98	2874.46
1634.52	2846.21
1636.06	2849.35
1637.59	2854.58
1639.13	2846.21
1640.67	2839.93
1642.21	2824.23
1643.74	2820.05
1645.28	2787.61
1646.81	2787.61
1648.35	2793.89
1649.88	2762.50
1651.42	2762.50
1652.95	2737.38
1654.49	2761.45
1656.02	2737.38
1657.55	2738.43
1659.09	2715.41
1660.62	2732.15
1662.15	2717.50
1663.68	2726.92
1665.22	2709.13
1666.75	2714.36
1668.28	2705.99
1669.81	2722.73
1671.34	2703.90
1672.87	2713.32
1674.40	2712.27
1675.93	2704.94
1677.46	2690.29
1678.99	2695.53
1680.52	2696.57
1682.04	2700.76
1683.57	2680.88
1685.10	2696.57
1686.63	2697.62
1688.15	2693.43
1689.68	2674.60
1691.21	2676.69
1692.73	2682.97
1694.26	2696.57
1695.78	2684.02
1697.31	2686.11
1698.83	2673.55
1700.36	2684.02
1701.88	2664.13
1703.40	2682.97
1704.93	2673.55
1706.45	2681.92
