896.35	3056.54
897.98	3078.51
899.60	3075.37
901.22	3108.86
902.85	3090.02
904.47	3113.04
906.10	3108.86
907.72	3124.55
909.34	3131.88
910.97	3160.13
912.59	3177.92
914.21	3207.22
915.84	3235.47
917.46	3296.16
919.08	3319.18
920.71	3348.48
922.33	3361.04
923.95	3378.83
925.58	3402.89
927.20	3407.08
928.82	3403.94
930.44	3441.61
932.07	3420.68
933.69	3439.52
935.31	3429.05
936.93	3449.98
938.56	3451.03
940.18	3466.72
941.80	3458.35
943.42	3490.79
945.05	3486.61
946.67	3488.70
948.29	3490.79
949.91	3491.84
951.53	3496.02
953.16	3512.77
954.78	3502.30
956.40	3487.65
958.02	3475.10
959.64	3497.07
961.26	3492.88
962.88	3497.07
964.51	3470.91
966.13	3509.63
967.75	3498.12
969.37	3492.88
970.99	3483.47
972.61	3501.26
974.23	3493.93
975.85	3508.58
977.47	3500.21
979.09	3508.58
980.71	3488.70
982.33	3515.90
983.95	3496.02
985.57	3527.42
987.19	3507.53
988.81	3529.51
990.43	3507.53
992.05	3530.55
993.67	3536.83
995.29	3542.06
996.91	3508.58
998.53	3555.67
1000.15	3545.20
1001.77	3564.04
1003.39	3559.85
1005.01	3573.46
1006.63	3575.55
1008.25	3593.34
1009.86	3588.11
1011.48	3600.66
1013.10	3579.74
1014.72	3607.99
1016.34	3596.48
1017.96	3628.92
1019.58	3611.13
1021.19	3618.45
1022.81	3617.41
1024.43	3636.24
1026.05	3622.64
1027.66	3652.98
1029.28	3634.15
1030.90	3646.70
1032.52	3634.15
1034.13	3659.26
1035.75	3656.12
1037.37	3666.59
1038.98	3660.31
1040.60	3676.00
1042.22	3654.03
1043.83	3673.91
1045.45	3654.03
1047.07	3673.91
1048.68	3667.63
1050.30	3666.59
1051.92	3666.59
1053.53	3678.10
1055.15	3665.54
1056.76	3681.24
1058.38	3667.63
1059.99	3687.51
1061.61	3669.73
1063.22	3672.86
1064.84	3669.73
1066.46	3666.59
1068.07	3664.49
1069.68	3663.45
1071.30	3666.59
1072.91	3667.63
1074.53	3650.89
1076.14	3673.91
1077.76	3652.98
1079.37	3667.63
1080.98	3627.87
1082.60	3654.03
1084.21	3637.29
1085.83	3645.66
1087.44	3645.66
1089.05	3643.57
1090.67	3625.78
1092.28	3644.61
1093.89	3641.47
1095.50	3646.70
1097.12	3634.15
1098.73	3643.57
1100.34	3611.13
1101.95	3642.52
1103.57	3635.19
1105.18	3629.96
1106.79	3623.68
1108.40	3642.52
1110.01	3625.78
1111.63	3634.15
1113.24	3637.29
1114.85	3652.98
1116.46	3628.92
1118.07	3643.57
1119.68	3624.73
1121.29	3646.70
1122.90	3619.50
1124.51	3629.96
1126.12	3634.15
1127.73	3646.70
1129.34	3644.61
1130.95	3657.17
1132.56	3646.70
1134.17	3627.87
1135.78	3620.54
1137.39	3639.38
1139.00	3617.41
1140.61	3641.47
1142.22	3635.19
1143.83	3640.43
1145.44	3628.92
1147.05	3640.43
1148.65	3635.19
1150.26	3637.29
1151.87	3622.64
1153.48	3642.52
1155.09	3634.15
1156.69	3647.75
1158.30	3622.64
1159.91	3631.01
1161.52	3638.33
1163.12	3659.26
1164.73	3631.01
1166.34	3654.03
1167.94	3646.70
1169.55	3656.12
1171.16	3644.61
1172.76	3652.98
1174.37	3650.89
1175.97	3668.68
1177.58	3626.82
1179.19	3663.45
1180.79	3631.01
1182.40	3642.52
1184.00	3627.87
1185.61	3663.45
1187.21	3648.80
1188.82	3649.84
1190.42	3645.66
1192.02	3646.70
1193.63	3631.01
1195.23	3656.12
1196.84	3637.29
1198.44	3651.94
1200.04	3638.33
1201.65	3650.89
1203.25	3633.10
1204.85	3647.75
1206.46	3619.50
1208.06	3636.24
1209.66	3620.54
1211.26	3639.38
1212.87	3648.80
1214.47	3634.15
1216.07	3632.06
1217.67	3637.29
1219.27	3619.50
1220.87	3629.96
1222.48	3615.31
1224.08	3619.50
1225.68	3604.85
1227.28	3618.45
1228.88	3596.48
1230.48	3627.87
1232.08	3590.20
1233.68	3609.03
1235.28	3606.94
1236.88	3602.76
1238.48	3583.92
1240.08	3614.27
1241.68	3574.50
1243.28	3588.11
1244.87	3569.27
1246.47	3574.50
1248.07	3556.71
1249.67	3570.32
1251.27	3573.46
1252.87	3555.67
1254.46	3536.83
1256.06	3546.25
1257.66	3542.06
1259.26	3543.11
1260.85	3543.11
1262.45	3542.06
1264.05	3531.60
1265.64	3530.55
1267.24	3520.09
1268.83	3536.83
1270.43	3509.63
1272.03	3545.20
1273.62	3513.81
1275.22	3515.90
1276.81	3518.00
1278.41	3523.23
1280.00	3522.18
1281.60	3524.28
1283.19	3504.39
1284.79	3511.72
1286.38	3500.21
1287.97	3511.72
1289.57	3489.74
1291.16	3499.16
1292.75	3479.28
1294.35	3499.16
1295.94	3486.61
1297.53	3508.58
1299.12	3474.05
1300.72	3500.21
1302.31	3461.49
1303.90	3496.02
1305.49	3484.51
1307.08	3471.96
1308.68	3464.63
1310.27	3470.91
1311.86	3465.68
1313.45	3468.82
1315.04	3452.07
1316.63	3461.49
1318.22	3454.17
1319.81	3441.61
1321.40	3433.24
1322.99	3447.89
1324.58	3416.50
1326.17	3424.87
1327.75	3410.22
1329.34	3426.96
1330.93	3418.59
1332.52	3418.59
1334.11	3402.89
1335.70	3404.99
1337.28	3389.29
1338.87	3407.08
1340.46	3394.52
1342.05	3391.38
1343.63	3378.83
1345.22	3379.87
1346.81	3381.97
1348.39	3372.55
1349.98	3367.32
1351.56	3357.90
1353.15	3342.20
1354.73	3341.16
1356.32	3316.04
1357.90	3328.60
1359.49	3323.37
1361.07	3306.62
1362.66	3289.88
1364.24	3295.11
1365.82	3286.74
1367.41	3297.21
1368.99	3272.09
1370.57	3272.09
1372.16	3268.95
1373.74	3267.91
1375.32	3256.40
1376.91	3252.21
1378.49	3203.03
1380.07	3177.92
1381.65	3161.18
1383.23	3144.43
1384.81	3145.48
1386.39	3138.15
1387.97	3126.64
1389.55	3132.92
1391.14	3121.41
1392.72	3096.30
1394.29	3092.11
1395.87	3080.60
1397.45	3063.86
1399.03	3067.00
1400.61	3050.26
1402.19	3037.70
1403.77	3025.14
1405.35	3038.75
1406.92	3012.59
1408.50	3013.63
1410.08	3000.03
1411.66	2997.94
1413.23	3000.03
1414.81	3002.12
1416.39	2980.15
1417.96	2990.61
1419.54	2980.15
1421.12	2979.10
1422.69	2986.43
1424.27	2968.64
1425.84	2967.59
1427.42	2967.59
1428.99	2959.22
1430.57	2968.64
1432.14	2957.13
1433.71	2956.08
1435.29	2961.31
1436.86	2962.36
1438.43	2955.03
1440.01	2944.57
1441.58	2831.56
1443.15	2951.90
1444.72	2949.80
1446.30	2946.66
1447.87	2956.08
1449.44	2951.90
1451.01	2940.38
1452.58	2953.99
1454.15	2948.76
1455.72	2941.43
1457.29	2946.66
1458.86	2946.66
1460.43	2938.29
1462.00	2969.68
1463.57	2949.80
1465.14	2955.03
1466.71	2941.43
1468.28	2945.62
1469.85	2945.62
1471.41	2950.85
1472.98	2941.43
1474.55	2959.22
1476.12	2938.29
1477.68	2939.34
1479.25	2946.66
1480.82	2951.90
1482.38	2953.99
1483.95	2944.57
1485.51	2959.22
1487.08	2966.54
1488.64	2965.50
1490.21	2972.82
1491.77	2955.03
1493.34	2970.73
1494.90	2947.71
1496.46	2960.27
1498.03	2966.54
1499.59	2961.31
1501.15	2963.41
1502.72	2968.64
1504.28	2969.68
1505.84	2969.68
1507.40	2962.36
1508.97	2987.47
1510.53	2985.38
1512.09	2993.75
1513.65	2983.29
1515.21	2983.29
1516.77	2975.96
1518.33	2996.89
1519.89	2984.33
1521.45	2984.33
1523.01	2991.66
1524.57	2993.75
1526.13	2997.94
1527.68	3002.12
1529.24	3000.03
1530.80	2995.84
1532.36	2992.70
1533.92	2993.75
1535.47	2975.96
1537.03	2985.38
1538.59	2990.61
1540.14	2989.57
1541.70	2983.29
1543.25	3005.26
1544.81	2989.57
1546.36	3000.03
1547.92	2972.82
1549.47	2998.98
1551.03	2992.70
1552.58	2982.24
1554.13	2986.43
1555.69	2989.57
1557.24	2975.96
1558.79	2979.10
1560.35	2980.15
1561.90	2992.70
1563.45	2987.47
1565.00	2979.10
1566.55	2969.68
1568.10	2971.78
1569.66	2961.31
1571.21	2978.06
1572.76	2980.15
1574.31	2975.96
1575.86	2974.92
1577.40	2966.54
1578.95	2967.59
1580.50	2963.41
1582.05	2950.85
1583.60	2948.76
1585.15	2943.52
1586.69	2956.08
1588.24	2956.08
1589.79	2961.31
1591.34	2944.57
1592.88	2970.73
1594.43	2940.38
1595.97	2953.99
1597.52	2946.66
1599.06	2947.71
1600.61	2933.06
1602.15	2955.03
1603.70	2944.57
1605.24	2952.94
1606.79	2945.62
1608.33	2937.25
1609.87	2935.15
1611.41	2944.57
1612.96	2943.52
1614.50	2925.74
1616.04	2920.50
1617.58	2923.64
1619.12	2924.69
1620.67	2928.87
1622.21	2899.58
1623.75	2924.69
1625.29	2904.81
1626.83	2904.81
1628.37	2917.36
1629.90	2893.30
1631.44	2891.20
1632.98	2899.58
1634.52	2870.28
1636.06	2864.00
1637.59	2871.32
1639.13	2860.86
1640.67	2846.21
1642.21	2831.56
1643.74	2816.91
1645.28	2798.07
1646.81	2793.89
1648.35	2795.98
1649.88	2767.73
1651.42	2768.78
1652.95	2741.57
1654.49	2759.36
1656.02	2741.57
1657.55	2742.62
1659.09	2724.83
1660.62	2734.24
1662.15	2723.78
1663.68	2731.10
1665.22	2719.59
1666.75	2722.73
1668.28	2708.08
1669.81	2733.20
1671.34	2711.22
1672.87	2709.13
1674.40	2717.50
1675.93	2707.04
1677.46	2691.34
1678.99	2688.20
1680.52	2690.29
1682.04	2693.43
1683.57	2684.02
1685.10	2696.57
1686.63	2685.06
1688.15	2692.39
1689.68	2675.65
1691.21	2678.78
1692.73	2681.92
1694.26	2690.29
1695.78	2679.83
1697.31	2680.88
1698.83	2677.74
1700.36	2681.92
1701.88	2674.60
1703.40	2689.25
1704.93	2666.23
1706.45	2677.74
