896.35	2951.90
897.98	2960.27
899.60	2963.41
901.22	2988.52
902.85	2979.10
904.47	2992.70
906.10	3002.12
907.72	3000.03
909.34	3010.49
910.97	3027.24
912.59	3037.70
914.21	3071.18
915.84	3088.97
917.46	3127.69
919.08	3149.66
920.71	3162.22
922.33	3180.01
923.95	3190.47
925.58	3213.50
927.20	3214.54
928.82	3231.28
930.44	3241.75
932.07	3225.01
933.69	3227.10
935.31	3237.56
936.93	3241.75
938.56	3257.44
940.18	3265.82
941.80	3261.63
943.42	3268.95
945.05	3274.19
946.67	3275.23
948.29	3282.56
949.91	3275.23
951.53	3282.56
953.16	3285.70
954.78	3283.60
956.40	3275.23
958.02	3274.19
959.64	3278.37
961.26	3277.33
962.88	3280.46
964.51	3271.05
966.13	3290.93
967.75	3286.74
969.37	3282.56
970.99	3281.51
972.61	3282.56
974.23	3280.46
975.85	3284.65
977.47	3285.70
979.09	3287.79
980.71	3289.88
982.33	3294.07
983.95	3295.11
985.57	3301.39
987.19	3291.98
988.81	3307.67
990.43	3300.35
992.05	3298.25
993.67	3318.14
995.29	3318.14
996.91	3301.39
998.53	3334.88
1000.15	3336.97
1001.77	3340.11
1003.39	3326.51
1005.01	3338.02
1006.63	3347.43
1008.25	3350.57
1009.86	3368.36
1011.48	3354.76
1013.10	3349.53
1014.72	3366.27
1016.34	3366.27
1017.96	3389.29
1019.58	3374.64
1021.19	3380.92
1022.81	3379.87
1024.43	3385.10
1026.05	3374.64
1027.66	3399.75
1029.28	3387.20
1030.90	3390.34
1032.52	3381.97
1034.13	3396.62
1035.75	3406.03
1037.37	3404.99
1038.98	3412.31
1040.60	3408.13
1042.22	3400.80
1043.83	3410.22
1045.45	3410.22
1047.07	3403.94
1048.68	3414.40
1050.30	3408.13
1051.92	3414.40
1053.53	3411.26
1055.15	3420.68
1056.76	3412.31
1058.38	3415.45
1059.99	3425.91
1061.61	3408.13
1063.22	3399.75
1064.84	3414.40
1066.46	3408.13
1068.07	3397.66
1069.68	3406.03
1071.30	3416.50
1072.91	3401.85
1074.53	3399.75
1076.14	3410.22
1077.76	3406.03
1079.37	3411.26
1080.98	3377.78
1082.60	3386.15
1084.21	3390.34
1085.83	3396.62
1087.44	3397.66
1089.05	3390.34
1090.67	3384.06
1092.28	3388.24
1093.89	3394.52
1095.50	3386.15
1097.12	3373.59
1098.73	3393.48
1100.34	3375.69
1101.95	3392.43
1103.57	3379.87
1105.18	3367.32
1106.79	3363.13
1108.40	3378.83
1110.01	3376.73
1111.63	3386.15
1113.24	3391.38
1114.85	3387.20
1116.46	3379.87
1118.07	3396.62
1119.68	3375.69
1121.29	3385.10
1122.90	3368.36
1124.51	3386.15
1126.12	3391.38
1127.73	3398.71
1129.34	3389.29
1130.95	3395.57
1132.56	3399.75
1134.17	3381.97
1135.78	3370.46
1137.39	3381.97
1139.00	3380.92
1140.61	3389.29
1142.22	3392.43
1143.83	3387.20
1145.44	3390.34
1147.05	3389.29
1148.65	3393.48
1150.26	3379.87
1151.87	3372.55
1153.48	3373.59
1155.09	3383.01
1156.69	3391.38
1158.30	3378.83
1159.91	3374.64
1161.52	3385.10
1163.12	3392.43
1164.73	3383.01
1166.34	3397.66
1167.94	3381.97
1169.55	3399.75
1171.16	3383.01
1172.76	3396.62
1174.37	3395.57
1175.97	3406.03
1177.58	3377.78
1179.19	3398.71
1180.79	3389.29
1182.40	3392.43
1184.00	3380.92
1185.61	3400.80
1187.21	3398.71
1188.82	3395.57
1190.42	3380.92
1192.02	3387.20
1193.63	3381.97
1195.23	3392.43
1196.84	3381.97
1198.44	3390.34
1200.04	3396.62
1201.65	3391.38
1203.25	3387.20
1204.85	3395.57
1206.46	3373.59
1208.06	3381.97
1209.66	3372.55
1211.26	3370.46
1212.87	3394.52
1214.47	3375.69
1216.07	3373.59
1217.67	3378.83
1219.27	3365.22
1220.87	3372.55
1222.48	3368.36
1224.08	3371.50
1225.68	3363.13
1227.28	3364.18
1228.88	3357.90
1230.48	3369.41
1232.08	3346.39
1233.68	3367.32
1235.28	3368.36
1236.88	3358.94
1238.48	3349.53
1240.08	3374.64
1241.68	3331.74
1243.28	3338.02
1244.87	3329.65
1246.47	3332.78
1248.07	3326.51
1249.67	3335.92
1251.27	3333.83
1252.87	3316.04
1254.46	3307.67
1256.06	3305.58
1257.66	3308.72
1259.26	3308.72
1260.85	3309.76
1262.45	3311.86
1264.05	3308.72
1265.64	3309.76
1267.24	3311.86
1268.83	3313.95
1270.43	3311.86
1272.03	3318.14
1273.62	3294.07
1275.22	3291.98
1276.81	3306.62
1278.41	3300.35
1280.00	3295.11
1281.60	3297.21
1283.19	3288.84
1284.79	3291.98
1286.38	3276.28
1287.97	3283.60
1289.57	3278.37
1291.16	3278.37
1292.75	3277.33
1294.35	3284.65
1295.94	3266.86
1297.53	3279.42
1299.12	3267.91
1300.72	3285.70
1302.31	3252.21
1303.90	3283.60
1305.49	3277.33
1307.08	3265.82
1308.68	3255.35
1310.27	3254.30
1311.86	3253.26
1313.45	3253.26
1315.04	3248.03
1316.63	3243.84
1318.22	3242.79
1319.81	3236.52
1321.40	3235.47
1322.99	3238.61
1324.58	3212.45
1326.17	3220.82
1327.75	3215.59
1329.34	3219.77
1330.93	3211.40
1332.52	3209.31
1334.11	3206.17
1335.70	3208.26
1337.28	3189.43
1338.87	3200.94
1340.46	3199.89
1342.05	3192.57
1343.63	3188.38
1345.22	3188.38
1346.81	3191.52
1348.39	3186.29
1349.98	3177.92
1351.56	3172.69
1353.15	3163.27
1354.73	3170.59
1356.32	3151.76
1357.90	3151.76
1359.49	3158.04
1361.07	3136.06
1362.66	3119.32
1364.24	3129.78
1365.82	3125.60
1367.41	3133.97
1368.99	3113.04
1370.57	3104.67
1372.16	3107.81
1373.74	3101.53
1375.32	3102.58
1376.91	3087.93
1378.49	3061.77
1380.07	3048.16
1381.65	3035.61
1383.23	3012.59
1384.81	3008.40
1386.39	3002.12
1387.97	3006.31
1389.55	3002.12
1391.14	2987.47
1392.72	2970.73
1394.29	2981.19
1395.87	2972.82
1397.45	2956.08
1399.03	2957.13
1400.61	2946.66
1402.19	2927.83
1403.77	2917.36
1405.35	2942.48
1406.92	2921.55
1408.50	2918.41
1410.08	2915.27
1411.66	2912.13
1413.23	2914.22
1414.81	2915.27
1416.39	2890.16
1417.96	2902.71
1419.54	2880.74
1421.12	2896.44
1422.69	2892.25
1424.27	2888.06
1425.84	2895.39
1427.42	2879.69
1428.99	2893.30
1430.57	2887.02
1432.14	2887.02
1433.71	2887.02
1435.29	2900.62
1436.86	2880.74
1438.43	2878.65
1440.01	2884.93
1441.58	2762.50
1443.15	2883.88
1444.72	2884.93
1446.30	2876.55
1447.87	2881.79
1449.44	2871.32
1451.01	2855.63
1452.58	2881.79
1454.15	2880.74
1455.72	2872.37
1457.29	2869.23
1458.86	2866.09
1460.43	2861.90
1462.00	2887.02
1463.57	2869.23
1465.14	2875.51
1466.71	2871.32
1468.28	2870.28
1469.85	2873.42
1471.41	2879.69
1472.98	2871.32
1474.55	2892.25
1476.12	2872.37
1477.68	2875.51
1479.25	2874.46
1480.82	2876.55
1482.38	2880.74
1483.95	2872.37
1485.51	2879.69
1487.08	2894.34
1488.64	2893.30
1490.21	2891.20
1491.77	2872.37
1493.34	2889.11
1494.90	2885.97
1496.46	2891.20
1498.03	2880.74
1499.59	2888.06
1501.15	2891.20
1502.72	2882.83
1504.28	2891.20
1505.84	2890.16
1507.40	2885.97
1508.97	2903.76
1510.53	2897.48
1512.09	2904.81
1513.65	2905.85
1515.21	2910.04
1516.77	2897.48
1518.33	2908.99
1519.89	2894.34
1521.45	2901.67
1523.01	2901.67
1524.57	2906.90
1526.13	2897.48
1527.68	2913.18
1529.24	2920.50
1530.80	2902.71
1532.36	2916.32
1533.92	2905.85
1535.47	2907.95
1537.03	2902.71
1538.59	2910.04
1540.14	2897.48
1541.70	2893.30
1543.25	2913.18
1544.81	2904.81
1546.36	2907.95
1547.92	2899.58
1549.47	2906.90
1551.03	2906.90
1552.58	2903.76
1554.13	2902.71
1555.69	2907.95
1557.24	2896.44
1558.79	2899.58
1560.35	2899.58
1561.90	2898.53
1563.45	2890.16
1565.00	2901.67
1566.55	2884.93
1568.10	2882.83
1569.66	2879.69
1571.21	2894.34
1572.76	2889.11
1574.31	2890.16
1575.86	2893.30
1577.40	2878.65
1578.95	2881.79
1580.50	2876.55
1582.05	2870.28
1583.60	2874.46
1585.15	2868.18
1586.69	2873.42
1588.24	2882.83
1589.79	2889.11
1591.34	2865.04
1592.88	2884.93
1594.43	2861.90
1595.97	2870.28
1597.52	2872.37
1599.06	2875.51
1600.61	2859.81
1602.15	2879.69
1603.70	2868.18
1605.24	2865.04
1606.79	2864.00
1608.33	2855.63
1609.87	2854.58
1611.41	2865.04
1612.96	2861.90
1614.50	2853.53
1616.04	2845.16
1617.58	2858.77
1619.12	2845.16
1620.67	2850.39
1622.21	2834.70
1623.75	2852.49
1625.29	2833.65
1626.83	2839.93
1628.37	2859.81
1629.90	2823.19
1631.44	2823.19
1632.98	2824.23
1634.52	2809.58
1636.06	2811.68
1637.59	2826.33
1639.13	2806.45
1640.67	2794.94
1642.21	2779.24
1643.74	2779.24
1645.28	2759.36
1646.81	2750.99
1648.35	2762.50
1649.88	2735.29
1651.42	2741.57
1652.95	2721.69
1654.49	2735.29
1656.02	2711.22
1657.55	2723.78
1659.09	2702.85
1660.62	2721.69
1662.15	2704.94
1663.68	2708.08
1665.22	2698.67
1666.75	2697.62
1668.28	2690.29
1669.81	2709.13
1671.34	2694.48
1672.87	2697.62
1674.40	2698.67
1675.93	2689.25
1677.46	2672.51
1678.99	2676.69
1680.52	2677.74
1682.04	2690.29
1683.57	2677.74
1685.10	2677.74
1686.63	2668.32
1688.15	2679.83
1689.68	2663.09
1691.21	2672.51
1692.73	2677.74
1694.26	2680.88
1695.78	2657.86
1697.31	2667.27
1698.83	2662.04
1700.36	2661.00
1701.88	2656.81
1703.40	2665.18
1704.93	2656.81
1706.45	2662.04
