896.35	2893.30
897.98	2903.76
899.60	2906.90
901.22	2925.74
902.85	2917.36
904.47	2930.97
906.10	2933.06
907.72	2934.11
909.34	2943.52
910.97	2956.08
912.59	2970.73
914.21	2991.66
915.84	3003.17
917.46	3038.75
919.08	3055.49
920.71	3063.86
922.33	3085.83
923.95	3095.25
925.58	3120.37
927.20	3107.81
928.82	3114.09
930.44	3128.74
932.07	3121.41
933.69	3111.99
935.31	3128.74
936.93	3135.02
938.56	3142.34
940.18	3148.62
941.80	3144.43
943.42	3160.13
945.05	3170.59
946.67	3156.99
948.29	3155.94
949.91	3153.85
951.53	3176.87
953.16	3175.82
954.78	3171.64
956.40	3167.45
958.02	3167.45
959.64	3165.36
961.26	3162.22
962.88	3165.36
964.51	3159.08
966.13	3183.15
967.75	3174.78
969.37	3159.08
970.99	3177.92
972.61	3166.41
974.23	3167.45
975.85	3166.41
977.47	3174.78
979.09	3169.55
980.71	3166.41
982.33	3170.59
983.95	3182.10
985.57	3190.47
987.19	3176.87
988.81	3189.43
990.43	3181.06
992.05	3180.01
993.67	3204.08
995.29	3190.47
996.91	3182.10
998.53	3204.08
1000.15	3211.40
1001.77	3206.17
1003.39	3211.40
1005.01	3213.50
1006.63	3215.59
1008.25	3217.68
1009.86	3231.28
1011.48	3225.01
1013.10	3238.61
1014.72	3236.52
1016.34	3231.28
1017.96	3254.30
1019.58	3236.52
1021.19	3242.79
1022.81	3245.93
1024.43	3260.58
1026.05	3251.17
1027.66	3261.63
1029.28	3254.30
1030.90	3257.44
1032.52	3254.30
1034.13	3263.72
1035.75	3272.09
1037.37	3265.82
1038.98	3276.28
1040.60	3261.63
1042.22	3252.21
1043.83	3261.63
1045.45	3270.00
1047.07	3271.05
1048.68	3279.42
1050.30	3259.54
1051.92	3277.33
1053.53	3268.95
1055.15	3279.42
1056.76	3277.33
1058.38	3273.14
1059.99	3283.60
1061.61	3279.42
1063.22	3261.63
1064.84	3268.95
1066.46	3273.14
1068.07	3267.91
1069.68	3267.91
1071.30	3277.33
1072.91	3268.95
1074.53	3266.86
1076.14	3276.28
1077.76	3263.72
1079.37	3265.82
1080.98	3231.28
1082.60	3252.21
1084.21	3260.58
1085.83	3254.30
1087.44	3257.44
1089.05	3243.84
1090.67	3246.98
1092.28	3242.79
1093.89	3254.30
1095.50	3254.30
1097.12	3245.93
1098.73	3261.63
1100.34	3239.66
1101.95	3261.63
1103.57	3255.35
1105.18	3244.89
1106.79	3248.03
1108.40	3248.03
1110.01	3241.75
1111.63	3241.75
1113.24	3252.21
1114.85	3254.30
1116.46	3248.03
1118.07	3257.44
1119.68	3241.75
1121.29	3256.40
1122.90	3244.89
1124.51	3248.03
1126.12	3252.21
1127.73	3264.77
1129.34	3258.49
1130.95	3256.40
1132.56	3264.77
1134.17	3249.07
1135.78	3255.35
1137.39	3260.58
1139.00	3246.98
1140.61	3253.26
1142.22	3260.58
1143.83	3261.63
1145.44	3258.49
1147.05	3260.58
1148.65	3253.26
1150.26	3235.47
1151.87	3236.52
1153.48	3245.93
1155.09	3257.44
1156.69	3258.49
1158.30	3252.21
1159.91	3253.26
1161.52	3268.95
1163.12	3263.72
1164.73	3254.30
1166.34	3265.82
1167.94	3254.30
1169.55	3258.49
1171.16	3260.58
1172.76	3258.49
1174.37	3253.26
1175.97	3265.82
1177.58	3248.03
1179.19	3270.00
1180.79	3258.49
1182.40	3265.82
1184.00	3253.26
1185.61	3263.72
1187.21	3259.54
1188.82	3255.35
1190.42	3259.54
1192.02	3252.21
1193.63	3243.84
1195.23	3262.68
1196.84	3266.86
1198.44	3263.72
1200.04	3255.35
1201.65	3255.35
1203.25	3258.49
1204.85	3267.91
1206.46	3248.03
1208.06	3253.26
1209.66	3249.07
1211.26	3252.21
1212.87	3272.09
1214.47	3255.35
1216.07	3253.26
1217.67	3249.07
1219.27	3240.70
1220.87	3242.79
1222.48	3244.89
1224.08	3244.89
1225.68	3245.93
1227.28	3248.03
1228.88	3234.42
1230.48	3244.89
1232.08	3226.05
1233.68	3249.07
1235.28	3251.17
1236.88	3236.52
1238.48	3222.91
1240.08	3249.07
1241.68	3215.59
1243.28	3228.14
1244.87	3215.59
1246.47	3215.59
1248.07	3200.94
1249.67	3207.22
1251.27	3227.10
1252.87	3210.36
1254.46	3193.61
1256.06	3194.66
1257.66	3204.08
1259.26	3193.61
1260.85	3200.94
1262.45	3191.52
1264.05	3198.85
1265.64	3191.52
1267.24	3186.29
1268.83	3198.85
1270.43	3194.66
1272.03	3206.17
1273.62	3189.43
1275.22	3175.82
1276.81	3194.66
1278.41	3189.43
1280.00	3192.57
1281.60	3180.01
1283.19	3175.82
1284.79	3178.96
1286.38	3173.73
1287.97	3178.96
1289.57	3167.45
1291.16	3165.36
1292.75	3160.13
1294.35	3174.78
1295.94	3166.41
1297.53	3168.50
1299.12	3164.31
1300.72	3180.01
1302.31	3154.90
1303.90	3183.15
1305.49	3171.64
1307.08	3153.85
1308.68	3145.48
1310.27	3152.80
1311.86	3153.85
1313.45	3149.66
1315.04	3144.43
1316.63	3154.90
1318.22	3150.71
1319.81	3150.71
1321.40	3143.39
1322.99	3147.57
1324.58	3127.69
1326.17	3141.29
1327.75	3122.46
1329.34	3125.60
1330.93	3124.55
1332.52	3118.27
1334.11	3124.55
1335.70	3124.55
1337.28	3113.04
1338.87	3119.32
1340.46	3119.32
1342.05	3103.62
1343.63	3099.44
1345.22	3101.53
1346.81	3105.72
1348.39	3096.30
1349.98	3095.25
1351.56	3084.79
1353.15	3087.93
1354.73	3088.97
1356.32	3070.14
1357.90	3070.14
1359.49	3070.14
1361.07	3054.44
1362.66	3053.40
1364.24	3058.63
1365.82	3062.81
1367.41	3065.95
1368.99	3046.07
1370.57	3039.79
1372.16	3038.75
1373.74	3043.98
1375.32	3035.61
1376.91	3039.79
1378.49	3002.12
1380.07	2982.24
1381.65	2977.01
1383.23	2967.59
1384.81	2965.50
1386.39	2971.78
1387.97	2971.78
1389.55	2961.31
1391.14	2960.27
1392.72	2937.25
1394.29	2941.43
1395.87	2927.83
1397.45	2921.55
1399.03	2923.64
1400.61	2918.41
1402.19	2907.95
1403.77	2900.62
1405.35	2918.41
1406.92	2905.85
1408.50	2904.81
1410.08	2895.39
1411.66	2888.06
1413.23	2890.16
1414.81	2905.85
1416.39	2882.83
1417.96	2899.58
1419.54	2881.79
1421.12	2890.16
1422.69	2893.30
1424.27	2881.79
1425.84	2889.11
1427.42	2880.74
1428.99	2876.55
1430.57	2874.46
1432.14	2862.95
1433.71	2875.51
1435.29	2881.79
1436.86	2885.97
1438.43	2880.74
1440.01	2872.37
1441.58	2752.03
1443.15	2875.51
1444.72	2867.14
1446.30	2869.23
1447.87	2878.65
1449.44	2873.42
1451.01	2860.86
1452.58	2874.46
1454.15	2871.32
1455.72	2864.00
1457.29	2868.18
1458.86	2875.51
1460.43	2865.04
1462.00	2887.02
1463.57	2870.28
1465.14	2868.18
1466.71	2853.53
1468.28	2862.95
1469.85	2860.86
1471.41	2866.09
1472.98	2859.81
1474.55	2879.69
1476.12	2860.86
1477.68	2857.72
1479.25	2873.42
1480.82	2867.14
1482.38	2868.18
1483.95	2856.67
1485.51	2858.77
1487.08	2876.55
1488.64	2873.42
1490.21	2880.74
1491.77	2864.00
1493.34	2877.60
1494.90	2865.04
1496.46	2865.04
1498.03	2871.32
1499.59	2872.37
1501.15	2873.42
1502.72	2873.42
1504.28	2878.65
1505.84	2868.18
1507.40	2868.18
1508.97	2883.88
1510.53	2869.23
1512.09	2882.83
1513.65	2881.79
1515.21	2878.65
1516.77	2868.18
1518.33	2893.30
1519.89	2887.02
1521.45	2879.69
1523.01	2883.88
1524.57	2884.93
1526.13	2881.79
1527.68	2889.11
1529.24	2892.25
1530.80	2887.02
1532.36	2883.88
1533.92	2881.79
1535.47	2871.32
1537.03	2879.69
1538.59	2882.83
1540.14	2877.60
1541.70	2876.55
1543.25	2895.39
1544.81	2881.79
1546.36	2878.65
1547.92	2867.14
1549.47	2872.37
1551.03	2867.14
1552.58	2874.46
1554.13	2872.37
1555.69	2881.79
1557.24	2868.18
1558.79	2861.90
1560.35	2856.67
1561.90	2868.18
1563.45	2864.00
1565.00	2868.18
1566.55	2854.58
1568.10	2857.72
1569.66	2843.07
1571.21	2869.23
1572.76	2859.81
1574.31	2871.32
1575.86	2855.63
1577.40	2845.16
1578.95	2847.26
1580.50	2855.63
1582.05	2843.07
1583.60	2850.39
1585.15	2842.02
1586.69	2848.30
1588.24	2842.02
1589.79	2850.39
1591.34	2835.74
1592.88	2849.35
1594.43	2827.37
1595.97	2839.93
1597.52	2847.26
1599.06	2846.21
1600.61	2836.79
1602.15	2850.39
1603.70	2833.65
1605.24	2838.88
1606.79	2835.74
1608.33	2827.37
1609.87	2826.33
1611.41	2845.16
1612.96	2839.93
1614.50	2822.14
1616.04	2820.05
1617.58	2828.42
1619.12	2816.91
1620.67	2830.51
1622.21	2801.21
1623.75	2825.28
1625.29	2804.35
1626.83	2808.54
1628.37	2828.42
1629.90	2804.35
1631.44	2799.12
1632.98	2803.31
1634.52	2788.66
1636.06	2784.47
1637.59	2791.80
1639.13	2778.19
1640.67	2774.01
1642.21	2758.31
1643.74	2763.54
1645.28	2748.89
1646.81	2737.38
1648.35	2750.99
1649.88	2712.27
1651.42	2723.78
1652.95	2701.81
1654.49	2725.87
1656.02	2710.18
1657.55	2711.22
1659.09	2685.06
1660.62	2702.85
1662.15	2686.11
1663.68	2693.43
1665.22	2692.39
1666.75	2696.57
1668.28	2686.11
1669.81	2693.43
1671.34	2678.78
1672.87	2687.16
1674.40	2692.39
1675.93	2686.11
1677.46	2667.27
1678.99	2664.13
1680.52	2658.90
1682.04	2677.74
1683.57	2671.46
1685.10	2684.02
1686.63	2664.13
1688.15	2668.32
1689.68	2648.44
1691.21	2658.90
1692.73	2665.18
1694.26	2668.32
1695.78	2661.00
1697.31	2665.18
1698.83	2651.58
1700.36	2653.67
1701.88	2643.21
1703.40	2658.90
1704.93	2647.39
1706.45	2649.49
