896.35	2652.62
897.98	2645.30
899.60	2659.95
901.22	2670.41
902.85	2659.95
904.47	2662.04
906.10	2670.41
907.72	2659.95
909.34	2677.74
910.97	2675.65
912.59	2678.78
914.21	2667.27
915.84	2676.69
917.46	2675.65
919.08	2679.83
920.71	2665.18
922.33	2694.48
923.95	2681.92
925.58	2705.99
927.20	2672.51
928.82	2682.97
930.44	2687.16
932.07	2687.16
933.69	2669.37
935.31	2681.92
936.93	2673.55
938.56	2687.16
940.18	2679.83
941.80	2686.11
943.42	2688.20
945.05	2707.04
946.67	2684.02
948.29	2712.27
949.91	2688.20
951.53	2714.36
953.16	2705.99
954.78	2713.32
956.40	2684.02
958.02	2712.27
959.64	2695.53
961.26	2709.13
962.88	2695.53
964.51	2691.34
966.13	2704.94
967.75	2715.41
969.37	2685.06
970.99	2704.94
972.61	2691.34
974.23	2708.08
975.85	2698.67
977.47	2715.41
979.09	2696.57
980.71	2696.57
982.33	2694.48
983.95	2710.18
985.57	2712.27
987.19	2722.73
988.81	2713.32
990.43	2713.32
992.05	2691.34
993.67	2722.73
995.29	2701.81
996.91	2697.62
998.53	2709.13
1000.15	2720.64
1001.77	2707.04
1003.39	2721.69
1005.01	2704.94
1006.63	2721.69
1008.25	2704.94
1009.86	2721.69
1011.48	2711.22
1013.10	2717.50
1014.72	2711.22
1016.34	2730.06
1017.96	2726.92
1019.58	2725.87
1021.19	2710.18
1022.81	2714.36
1024.43	2714.36
1026.05	2719.59
1027.66	2718.55
1029.28	2722.73
1030.90	2711.22
1032.52	2712.27
1034.13	2708.08
1035.75	2731.10
1037.37	2712.27
1038.98	2741.57
1040.60	2719.59
1042.22	2712.27
1043.83	2698.67
1045.45	2716.45
1047.07	2703.90
1048.68	2725.87
1050.30	2701.81
1051.92	2724.83
1053.53	2703.90
1055.15	2726.92
1056.76	2709.13
1058.38	2733.20
1059.99	2717.50
1061.61	2720.64
1063.22	2703.90
1064.84	2723.78
1066.46	2707.04
1068.07	2719.59
1069.68	2710.18
1071.30	2739.48
1072.91	2709.13
1074.53	2717.50
1076.14	2720.64
1077.76	2738.43
1079.37	2718.55
1080.98	2710.18
1082.60	2713.32
1084.21	2730.06
1085.83	2712.27
1087.44	2734.24
1089.05	2711.22
1090.67	2722.73
1092.28	2712.27
1093.89	2733.20
1095.50	2720.64
1097.12	2721.69
1098.73	2719.59
1100.34	2713.32
1101.95	2716.45
1103.57	2724.83
1105.18	2709.13
1106.79	2712.27
1108.40	2711.22
1110.01	2731.10
1111.63	2718.55
1113.24	2730.06
1114.85	2715.41
1116.46	2725.87
1118.07	2724.83
1119.68	2720.64
1121.29	2725.87
1122.90	2729.01
1124.51	2709.13
1126.12	2736.34
1127.73	2732.15
1129.34	2739.48
1130.95	2733.20
1132.56	2745.75
1134.17	2711.22
1135.78	2720.64
1137.39	2718.55
1139.00	2726.92
1140.61	2707.04
1142.22	2724.83
1143.83	2712.27
1145.44	2723.78
1147.05	2721.69
1148.65	2737.38
1150.26	2707.04
1151.87	2717.50
1153.48	2710.18
1155.09	2731.10
1156.69	2723.78
1158.30	2716.45
1159.91	2707.04
1161.52	2727.97
1163.12	2713.32
1164.73	2719.59
1166.34	2721.69
1167.94	2723.78
1169.55	2713.32
1171.16	2717.50
1172.76	2713.32
1174.37	2720.64
1175.97	2721.69
1177.58	2718.55
1179.19	2718.55
1180.79	2720.64
1182.40	2717.50
1184.00	2723.78
1185.61	2723.78
1187.21	2729.01
1188.82	2718.55
1190.42	2737.38
1192.02	2718.55
1193.63	2718.55
1195.23	2722.73
1196.84	2729.01
1198.44	2717.50
1200.04	2736.34
1201.65	2714.36
1203.25	2721.69
1204.85	2723.78
1206.46	2726.92
1208.06	2716.45
1209.66	2714.36
1211.26	2712.27
1212.87	2740.52
1214.47	2712.27
1216.07	2729.01
1217.67	2721.69
1219.27	2727.97
1220.87	2722.73
1222.48	2723.78
1224.08	2714.36
1225.68	2734.24
1227.28	2717.50
1228.88	2718.55
1230.48	2723.78
1232.08	2718.55
1233.68	2725.87
1235.28	2743.66
1236.88	2718.55
1238.48	2725.87
1240.08	2740.52
1241.68	2719.59
1243.28	2720.64
1244.87	2726.92
1246.47	2721.69
1248.07	2720.64
1249.67	2724.83
1251.27	2742.62
1252.87	2713.32
1254.46	2723.78
1256.06	2718.55
1257.66	2735.29
1259.26	2712.27
1260.85	2718.55
1262.45	2712.27
1264.05	2722.73
1265.64	2711.22
1267.24	2722.73
1268.83	2716.45
1270.43	2725.87
1272.03	2735.29
1273.62	2730.06
1275.22	2715.41
1276.81	2729.01
1278.41	2715.41
1280.00	2738.43
1281.60	2717.50
1283.19	2725.87
1284.79	2722.73
1286.38	2721.69
1287.97	2723.78
1289.57	2717.50
1291.16	2713.32
1292.75	2715.41
1294.35	2721.69
1295.94	2722.73
1297.53	2716.45
1299.12	2725.87
1300.72	2733.20
1302.31	2704.94
1303.90	2722.73
1305.49	2731.10
1307.08	2705.99
1308.68	2713.32
1310.27	2710.18
1311.86	2722.73
1313.45	2710.18
1315.04	2718.55
1316.63	2714.36
1318.22	2720.64
1319.81	2709.13
1321.40	2725.87
1322.99	2719.59
1324.58	2709.13
1326.17	2709.13
1327.75	2710.18
1329.34	2711.22
1330.93	2712.27
1332.52	2701.81
1334.11	2711.22
1335.70	2692.39
1337.28	2698.67
1338.87	2704.94
1340.46	2716.45
1342.05	2700.76
1343.63	2709.13
1345.22	2698.67
1346.81	2721.69
1348.39	2708.08
1349.98	2714.36
1351.56	2697.62
1353.15	2707.04
1354.73	2715.41
1356.32	2710.18
1357.90	2700.76
1359.49	2717.50
1361.07	2710.18
1362.66	2721.69
1364.24	2703.90
1365.82	2713.32
1367.41	2714.36
1368.99	2701.81
1370.57	2691.34
1372.16	2712.27
1373.74	2714.36
1375.32	2719.59
1376.91	2708.08
1378.49	2705.99
1380.07	2698.67
1381.65	2713.32
1383.23	2698.67
1384.81	2702.85
1386.39	2691.34
1387.97	2712.27
1389.55	2698.67
1391.14	2700.76
1392.72	2697.62
1394.29	2702.85
1395.87	2704.94
1397.45	2699.71
1399.03	2701.81
1400.61	2710.18
1402.19	2700.76
1403.77	2694.48
1405.35	2710.18
1406.92	2705.99
1408.50	2710.18
1410.08	2712.27
1411.66	2698.67
1413.23	2710.18
1414.81	2703.90
1416.39	2694.48
1417.96	2701.81
1419.54	2703.90
1421.12	2704.94
1422.69	2715.41
1424.27	2697.62
1425.84	2709.13
1427.42	2702.85
1428.99	2704.94
1430.57	2698.67
1432.14	2698.67
1433.71	2702.85
1435.29	2714.36
1436.86	2708.08
1438.43	2700.76
1440.01	2698.67
1441.58	2580.42
1443.15	2705.99
1444.72	2707.04
1446.30	2707.04
1447.87	2713.32
1449.44	2701.81
1451.01	2697.62
1452.58	2710.18
1454.15	2715.41
1455.72	2698.67
1457.29	2702.85
1458.86	2712.27
1460.43	2716.45
1462.00	2720.64
1463.57	2701.81
1465.14	2707.04
1466.71	2704.94
1468.28	2708.08
1469.85	2708.08
1471.41	2707.04
1472.98	2700.76
1474.55	2712.27
1476.12	2693.43
1477.68	2692.39
1479.25	2712.27
1480.82	2712.27
1482.38	2713.32
1483.95	2694.48
1485.51	2704.94
1487.08	2713.32
1488.64	2709.13
1490.21	2711.22
1491.77	2693.43
1493.34	2711.22
1494.90	2696.57
1496.46	2698.67
1498.03	2704.94
1499.59	2700.76
1501.15	2696.57
1502.72	2704.94
1504.28	2703.90
1505.84	2696.57
1507.40	2697.62
1508.97	2710.18
1510.53	2703.90
1512.09	2711.22
1513.65	2712.27
1515.21	2700.76
1516.77	2692.39
1518.33	2713.32
1519.89	2707.04
1521.45	2701.81
1523.01	2705.99
1524.57	2705.99
1526.13	2695.53
1527.68	2705.99
1529.24	2714.36
1530.80	2701.81
1532.36	2705.99
1533.92	2699.71
1535.47	2687.16
1537.03	2693.43
1538.59	2702.85
1540.14	2693.43
1541.70	2698.67
1543.25	2708.08
1544.81	2701.81
1546.36	2703.90
1547.92	2695.53
1549.47	2698.67
1551.03	2702.85
1552.58	2691.34
1554.13	2696.57
1555.69	2699.71
1557.24	2693.43
1558.79	2684.02
1560.35	2691.34
1561.90	2698.67
1563.45	2684.02
1565.00	2687.16
1566.55	2689.25
1568.10	2688.20
1569.66	2684.02
1571.21	2695.53
1572.76	2691.34
1574.31	2691.34
1575.86	2697.62
1577.40	2685.06
1578.95	2689.25
1580.50	2684.02
1582.05	2676.69
1583.60	2675.65
1585.15	2676.69
1586.69	2675.65
1588.24	2679.83
1589.79	2684.02
1591.34	2671.46
1592.88	2695.53
1594.43	2671.46
1595.97	2678.78
1597.52	2674.60
1599.06	2677.74
1600.61	2676.69
1602.15	2688.20
1603.70	2679.83
1605.24	2678.78
1606.79	2668.32
1608.33	2663.09
1609.87	2670.41
1611.41	2677.74
1612.96	2682.97
1614.50	2661.00
1616.04	2665.18
1617.58	2678.78
1619.12	2672.51
1620.67	2676.69
1622.21	2650.53
1623.75	2674.60
1625.29	2656.81
1626.83	2662.04
1628.37	2672.51
1629.90	2656.81
1631.44	2662.04
1632.98	2664.13
1634.52	2662.04
1636.06	2662.04
1637.59	2678.78
1639.13	2658.90
1640.67	2664.13
1642.21	2661.00
1643.74	2664.13
1645.28	2663.09
1646.81	2652.62
1648.35	2664.13
1649.88	2643.21
1651.42	2663.09
1652.95	2654.72
1654.49	2666.23
1656.02	2650.53
1657.55	2651.58
1659.09	2640.07
1660.62	2652.62
1662.15	2647.39
1663.68	2653.67
1665.22	2645.30
1666.75	2648.44
1668.28	2636.93
1669.81	2658.90
1671.34	2643.21
1672.87	2650.53
1674.40	2658.90
1675.93	2640.07
1677.46	2640.07
1678.99	2632.74
1680.52	2642.16
1682.04	2645.30
1683.57	2637.97
1685.10	2640.07
1686.63	2635.88
1688.15	2640.07
1689.68	2621.23
1691.21	2627.51
1692.73	2626.46
1694.26	2636.93
1695.78	2632.74
1697.31	2634.84
1698.83	2628.56
1700.36	2633.79
1701.88	2621.23
1703.40	2633.79
1704.93	2619.14
1706.45	2623.33
