896.35	2669.37
897.98	2661.00
899.60	2672.51
901.22	2680.88
902.85	2672.51
904.47	2674.60
906.10	2680.88
907.72	2667.27
909.34	2689.25
910.97	2676.69
912.59	2682.97
914.21	2670.41
915.84	2682.97
917.46	2680.88
919.08	2696.57
920.71	2678.78
922.33	2701.81
923.95	2687.16
925.58	2705.99
927.20	2681.92
928.82	2689.25
930.44	2699.71
932.07	2699.71
933.69	2680.88
935.31	2693.43
936.93	2682.97
938.56	2698.67
940.18	2689.25
941.80	2705.99
943.42	2704.94
945.05	2722.73
946.67	2689.25
948.29	2718.55
949.91	2690.29
951.53	2714.36
953.16	2701.81
954.78	2717.50
956.40	2692.39
958.02	2710.18
959.64	2697.62
961.26	2711.22
962.88	2703.90
964.51	2702.85
966.13	2716.45
967.75	2720.64
969.37	2690.29
970.99	2714.36
972.61	2704.94
974.23	2716.45
975.85	2697.62
977.47	2719.59
979.09	2703.90
980.71	2712.27
982.33	2707.04
983.95	2721.69
985.57	2714.36
987.19	2718.55
988.81	2715.41
990.43	2716.45
992.05	2709.13
993.67	2732.15
995.29	2707.04
996.91	2703.90
998.53	2725.87
1000.15	2727.97
1001.77	2713.32
1003.39	2718.55
1005.01	2704.94
1006.63	2724.83
1008.25	2719.59
1009.86	2725.87
1011.48	2711.22
1013.10	2723.78
1014.72	2718.55
1016.34	2733.20
1017.96	2726.92
1019.58	2726.92
1021.19	2712.27
1022.81	2722.73
1024.43	2725.87
1026.05	2732.15
1027.66	2724.83
1029.28	2724.83
1030.90	2717.50
1032.52	2718.55
1034.13	2720.64
1035.75	2737.38
1037.37	2719.59
1038.98	2743.66
1040.60	2715.41
1042.22	2718.55
1043.83	2710.18
1045.45	2727.97
1047.07	2713.32
1048.68	2737.38
1050.30	2707.04
1051.92	2734.24
1053.53	2714.36
1055.15	2736.34
1056.76	2713.32
1058.38	2727.97
1059.99	2726.92
1061.61	2731.10
1063.22	2703.90
1064.84	2730.06
1066.46	2720.64
1068.07	2726.92
1069.68	2719.59
1071.30	2741.57
1072.91	2718.55
1074.53	2726.92
1076.14	2732.15
1077.76	2736.34
1079.37	2723.78
1080.98	2715.41
1082.60	2720.64
1084.21	2739.48
1085.83	2726.92
1087.44	2732.15
1089.05	2709.13
1090.67	2720.64
1092.28	2711.22
1093.89	2738.43
1095.50	2727.97
1097.12	2729.01
1098.73	2727.97
1100.34	2721.69
1101.95	2724.83
1103.57	2741.57
1105.18	2714.36
1106.79	2724.83
1108.40	2709.13
1110.01	2726.92
1111.63	2722.73
1113.24	2744.71
1114.85	2729.01
1116.46	2737.38
1118.07	2732.15
1119.68	2726.92
1121.29	2730.06
1122.90	2733.20
1124.51	2732.15
1126.12	2737.38
1127.73	2721.69
1129.34	2743.66
1130.95	2739.48
1132.56	2752.03
1134.17	2710.18
1135.78	2731.10
1137.39	2726.92
1139.00	2727.97
1140.61	2729.01
1142.22	2738.43
1143.83	2709.13
1145.44	2731.10
1147.05	2729.01
1148.65	2745.75
1150.26	2721.69
1151.87	2725.87
1153.48	2723.78
1155.09	2743.66
1156.69	2723.78
1158.30	2723.78
1159.91	2712.27
1161.52	2739.48
1163.12	2726.92
1164.73	2725.87
1166.34	2723.78
1167.94	2729.01
1169.55	2723.78
1171.16	2733.20
1172.76	2718.55
1174.37	2725.87
1175.97	2726.92
1177.58	2723.78
1179.19	2735.29
1180.79	2724.83
1182.40	2717.50
1184.00	2719.59
1185.61	2726.92
1187.21	2733.20
1188.82	2719.59
1190.42	2741.57
1192.02	2726.92
1193.63	2720.64
1195.23	2727.97
1196.84	2736.34
1198.44	2726.92
1200.04	2744.71
1201.65	2721.69
1203.25	2733.20
1204.85	2727.97
1206.46	2733.20
1208.06	2725.87
1209.66	2732.15
1211.26	2719.59
1212.87	2749.94
1214.47	2723.78
1216.07	2737.38
1217.67	2724.83
1219.27	2727.97
1220.87	2726.92
1222.48	2731.10
1224.08	2719.59
1225.68	2739.48
1227.28	2733.20
1228.88	2732.15
1230.48	2724.83
1232.08	2718.55
1233.68	2725.87
1235.28	2746.80
1236.88	2726.92
1238.48	2725.87
1240.08	2741.57
1241.68	2723.78
1243.28	2730.06
1244.87	2732.15
1246.47	2723.78
1248.07	2735.29
1249.67	2725.87
1251.27	2741.57
1252.87	2721.69
1254.46	2725.87
1256.06	2716.45
1257.66	2725.87
1259.26	2712.27
1260.85	2729.01
1262.45	2719.59
1264.05	2739.48
1265.64	2722.73
1267.24	2735.29
1268.83	2729.01
1270.43	2733.20
1272.03	2739.48
1273.62	2738.43
1275.22	2714.36
1276.81	2737.38
1278.41	2730.06
1280.00	2737.38
1281.60	2713.32
1283.19	2721.69
1284.79	2726.92
1286.38	2722.73
1287.97	2723.78
1289.57	2729.01
1291.16	2719.59
1292.75	2718.55
1294.35	2724.83
1295.94	2725.87
1297.53	2724.83
1299.12	2719.59
1300.72	2729.01
1302.31	2720.64
1303.90	2735.29
1305.49	2744.71
1307.08	2716.45
1308.68	2715.41
1310.27	2713.32
1311.86	2724.83
1313.45	2723.78
1315.04	2724.83
1316.63	2724.83
1318.22	2734.24
1319.81	2713.32
1321.40	2729.01
1322.99	2731.10
1324.58	2715.41
1326.17	2716.45
1327.75	2715.41
1329.34	2722.73
1330.93	2724.83
1332.52	2710.18
1334.11	2717.50
1335.70	2708.08
1337.28	2704.94
1338.87	2704.94
1340.46	2719.59
1342.05	2712.27
1343.63	2707.04
1345.22	2709.13
1346.81	2723.78
1348.39	2715.41
1349.98	2718.55
1351.56	2714.36
1353.15	2720.64
1354.73	2725.87
1356.32	2717.50
1357.90	2705.99
1359.49	2729.01
1361.07	2718.55
1362.66	2721.69
1364.24	2718.55
1365.82	2723.78
1367.41	2725.87
1368.99	2716.45
1370.57	2707.04
1372.16	2716.45
1373.74	2709.13
1375.32	2720.64
1376.91	2714.36
1378.49	2715.41
1380.07	2709.13
1381.65	2722.73
1383.23	2710.18
1384.81	2718.55
1386.39	2700.76
1387.97	2712.27
1389.55	2707.04
1391.14	2710.18
1392.72	2708.08
1394.29	2718.55
1395.87	2711.22
1397.45	2702.85
1399.03	2711.22
1400.61	2719.59
1402.19	2707.04
1403.77	2705.99
1405.35	2723.78
1406.92	2717.50
1408.50	2718.55
1410.08	2707.04
1411.66	2699.71
1413.23	2717.50
1414.81	2720.64
1416.39	2700.76
1417.96	2709.13
1419.54	2704.94
1421.12	2713.32
1422.69	2721.69
1424.27	2708.08
1425.84	2723.78
1427.42	2714.36
1428.99	2717.50
1430.57	2716.45
1432.14	2714.36
1433.71	2717.50
1435.29	2722.73
1436.86	2717.50
1438.43	2715.41
1440.01	2711.22
1441.58	2596.12
1443.15	2720.64
1444.72	2716.45
1446.30	2705.99
1447.87	2716.45
1449.44	2705.99
1451.01	2701.81
1452.58	2710.18
1454.15	2718.55
1455.72	2707.04
1457.29	2702.85
1458.86	2710.18
1460.43	2703.90
1462.00	2726.92
1463.57	2712.27
1465.14	2718.55
1466.71	2715.41
1468.28	2716.45
1469.85	2718.55
1471.41	2712.27
1472.98	2713.32
1474.55	2717.50
1476.12	2711.22
1477.68	2710.18
1479.25	2717.50
1480.82	2705.99
1482.38	2718.55
1483.95	2707.04
1485.51	2721.69
1487.08	2725.87
1488.64	2710.18
1490.21	2717.50
1491.77	2699.71
1493.34	2717.50
1494.90	2711.22
1496.46	2710.18
1498.03	2711.22
1499.59	2716.45
1501.15	2713.32
1502.72	2712.27
1504.28	2710.18
1505.84	2697.62
1507.40	2698.67
1508.97	2722.73
1510.53	2713.32
1512.09	2724.83
1513.65	2716.45
1515.21	2716.45
1516.77	2699.71
1518.33	2712.27
1519.89	2711.22
1521.45	2708.08
1523.01	2711.22
1524.57	2712.27
1526.13	2708.08
1527.68	2712.27
1529.24	2723.78
1530.80	2707.04
1532.36	2715.41
1533.92	2700.76
1535.47	2690.29
1537.03	2695.53
1538.59	2711.22
1540.14	2695.53
1541.70	2698.67
1543.25	2707.04
1544.81	2708.08
1546.36	2714.36
1547.92	2701.81
1549.47	2704.94
1551.03	2701.81
1552.58	2694.48
1554.13	2695.53
1555.69	2699.71
1557.24	2693.43
1558.79	2686.11
1560.35	2685.06
1561.90	2698.67
1563.45	2695.53
1565.00	2698.67
1566.55	2693.43
1568.10	2690.29
1569.66	2684.02
1571.21	2702.85
1572.76	2705.99
1574.31	2692.39
1575.86	2698.67
1577.40	2689.25
1578.95	2687.16
1580.50	2687.16
1582.05	2679.83
1583.60	2691.34
1585.15	2689.25
1586.69	2688.20
1588.24	2691.34
1589.79	2699.71
1591.34	2674.60
1592.88	2689.25
1594.43	2675.65
1595.97	2684.02
1597.52	2680.88
1599.06	2674.60
1600.61	2672.51
1602.15	2694.48
1603.70	2681.92
1605.24	2682.97
1606.79	2688.20
1608.33	2671.46
1609.87	2669.37
1611.41	2679.83
1612.96	2689.25
1614.50	2672.51
1616.04	2671.46
1617.58	2677.74
1619.12	2672.51
1620.67	2680.88
1622.21	2662.04
1623.75	2681.92
1625.29	2671.46
1626.83	2668.32
1628.37	2691.34
1629.90	2664.13
1631.44	2672.51
1632.98	2676.69
1634.52	2665.18
1636.06	2662.04
1637.59	2687.16
1639.13	2675.65
1640.67	2679.83
1642.21	2676.69
1643.74	2678.78
1645.28	2664.13
1646.81	2657.86
1648.35	2673.55
1649.88	2653.67
1651.42	2661.00
1652.95	2652.62
1654.49	2679.83
1656.02	2667.27
1657.55	2667.27
1659.09	2648.44
1660.62	2664.13
1662.15	2661.00
1663.68	2653.67
1665.22	2646.35
1666.75	2649.49
1668.28	2645.30
1669.81	2665.18
1671.34	2655.76
1672.87	2656.81
1674.40	2659.95
1675.93	2656.81
1677.46	2637.97
1678.99	2643.21
1680.52	2640.07
1682.04	2659.95
1683.57	2645.30
1685.10	2647.39
1686.63	2641.11
1688.15	2645.30
1689.68	2639.02
1691.21	2640.07
1692.73	2642.16
1694.26	2645.30
1695.78	2635.88
1697.31	2630.65
1698.83	2627.51
1700.36	2635.88
1701.88	2631.70
1703.40	2642.16
1704.93	2626.46
1706.45	2623.33
