896.35	2653.67
897.98	2652.62
899.60	2656.81
901.22	2670.41
902.85	2651.58
904.47	2652.62
906.10	2665.18
907.72	2655.76
909.34	2673.55
910.97	2670.41
912.59	2675.65
914.21	2663.09
915.84	2673.55
917.46	2669.37
919.08	2682.97
920.71	2673.55
922.33	2689.25
923.95	2673.55
925.58	2697.62
927.20	2666.23
928.82	2690.29
930.44	2695.53
932.07	2690.29
933.69	2668.32
935.31	2692.39
936.93	2672.51
938.56	2688.20
940.18	2681.92
941.80	2694.48
943.42	2688.20
945.05	2709.13
946.67	2677.74
948.29	2700.76
949.91	2685.06
951.53	2703.90
953.16	2699.71
954.78	2702.85
956.40	2678.78
958.02	2696.57
959.64	2687.16
961.26	2693.43
962.88	2687.16
964.51	2691.34
966.13	2701.81
967.75	2716.45
969.37	2688.20
970.99	2708.08
972.61	2693.43
974.23	2707.04
975.85	2693.43
977.47	2713.32
979.09	2684.02
980.71	2691.34
982.33	2694.48
983.95	2712.27
985.57	2709.13
987.19	2710.18
988.81	2703.90
990.43	2708.08
992.05	2691.34
993.67	2713.32
995.29	2693.43
996.91	2697.62
998.53	2711.22
1000.15	2720.64
1001.77	2704.94
1003.39	2709.13
1005.01	2699.71
1006.63	2712.27
1008.25	2700.76
1009.86	2720.64
1011.48	2699.71
1013.10	2712.27
1014.72	2704.94
1016.34	2730.06
1017.96	2725.87
1019.58	2712.27
1021.19	2695.53
1022.81	2711.22
1024.43	2709.13
1026.05	2717.50
1027.66	2713.32
1029.28	2720.64
1030.90	2697.62
1032.52	2700.76
1034.13	2705.99
1035.75	2729.01
1037.37	2715.41
1038.98	2726.92
1040.60	2707.04
1042.22	2710.18
1043.83	2701.81
1045.45	2718.55
1047.07	2702.85
1048.68	2722.73
1050.30	2697.62
1051.92	2730.06
1053.53	2713.32
1055.15	2722.73
1056.76	2701.81
1058.38	2720.64
1059.99	2708.08
1061.61	2720.64
1063.22	2698.67
1064.84	2723.78
1066.46	2705.99
1068.07	2719.59
1069.68	2700.76
1071.30	2722.73
1072.91	2705.99
1074.53	2717.50
1076.14	2716.45
1077.76	2724.83
1079.37	2716.45
1080.98	2705.99
1082.60	2708.08
1084.21	2722.73
1085.83	2714.36
1087.44	2724.83
1089.05	2699.71
1090.67	2718.55
1092.28	2711.22
1093.89	2727.97
1095.50	2711.22
1097.12	2718.55
1098.73	2718.55
1100.34	2714.36
1101.95	2714.36
1103.57	2725.87
1105.18	2697.62
1106.79	2712.27
1108.40	2711.22
1110.01	2714.36
1111.63	2712.27
1113.24	2733.20
1114.85	2713.32
1116.46	2719.59
1118.07	2717.50
1119.68	2716.45
1121.29	2715.41
1122.90	2719.59
1124.51	2705.99
1126.12	2723.78
1127.73	2718.55
1129.34	2737.38
1130.95	2725.87
1132.56	2734.24
1134.17	2696.57
1135.78	2715.41
1137.39	2711.22
1139.00	2711.22
1140.61	2714.36
1142.22	2733.20
1143.83	2715.41
1145.44	2713.32
1147.05	2708.08
1148.65	2727.97
1150.26	2709.13
1151.87	2719.59
1153.48	2713.32
1155.09	2721.69
1156.69	2713.32
1158.30	2710.18
1159.91	2709.13
1161.52	2729.01
1163.12	2709.13
1164.73	2710.18
1166.34	2711.22
1167.94	2712.27
1169.55	2710.18
1171.16	2722.73
1172.76	2709.13
1174.37	2714.36
1175.97	2713.32
1177.58	2712.27
1179.19	2714.36
1180.79	2715.41
1182.40	2711.22
1184.00	2723.78
1185.61	2722.73
1187.21	2726.92
1188.82	2717.50
1190.42	2721.69
1192.02	2712.27
1193.63	2708.08
1195.23	2714.36
1196.84	2721.69
1198.44	2719.59
1200.04	2732.15
1201.65	2711.22
1203.25	2717.50
1204.85	2713.32
1206.46	2710.18
1208.06	2715.41
1209.66	2718.55
1211.26	2710.18
1212.87	2738.43
1214.47	2708.08
1216.07	2725.87
1217.67	2713.32
1219.27	2719.59
1220.87	2716.45
1222.48	2727.97
1224.08	2716.45
1225.68	2727.97
1227.28	2708.08
1228.88	2724.83
1230.48	2724.83
1232.08	2714.36
1233.68	2722.73
1235.28	2733.20
1236.88	2718.55
1238.48	2722.73
1240.08	2732.15
1241.68	2712.27
1243.28	2715.41
1244.87	2729.01
1246.47	2717.50
1248.07	2716.45
1249.67	2716.45
1251.27	2739.48
1252.87	2715.41
1254.46	2719.59
1256.06	2714.36
1257.66	2725.87
1259.26	2708.08
1260.85	2719.59
1262.45	2700.76
1264.05	2722.73
1265.64	2712.27
1267.24	2718.55
1268.83	2720.64
1270.43	2714.36
1272.03	2731.10
1273.62	2723.78
1275.22	2707.04
1276.81	2718.55
1278.41	2712.27
1280.00	2725.87
1281.60	2705.99
1283.19	2711.22
1284.79	2717.50
1286.38	2716.45
1287.97	2721.69
1289.57	2718.55
1291.16	2714.36
1292.75	2708.08
1294.35	2719.59
1295.94	2716.45
1297.53	2714.36
1299.12	2707.04
1300.72	2724.83
1302.31	2714.36
1303.90	2723.78
1305.49	2738.43
1307.08	2707.04
1308.68	2713.32
1310.27	2713.32
1311.86	2713.32
1313.45	2707.04
1315.04	2709.13
1316.63	2702.85
1318.22	2710.18
1319.81	2699.71
1321.40	2715.41
1322.99	2722.73
1324.58	2705.99
1326.17	2700.76
1327.75	2701.81
1329.34	2700.76
1330.93	2707.04
1332.52	2701.81
1334.11	2707.04
1335.70	2709.13
1337.28	2702.85
1338.87	2691.34
1340.46	2704.94
1342.05	2704.94
1343.63	2705.99
1345.22	2696.57
1346.81	2721.69
1348.39	2710.18
1349.98	2709.13
1351.56	2703.90
1353.15	2712.27
1354.73	2711.22
1356.32	2707.04
1357.90	2697.62
1359.49	2708.08
1361.07	2699.71
1362.66	2711.22
1364.24	2699.71
1365.82	2701.81
1367.41	2708.08
1368.99	2703.90
1370.57	2698.67
1372.16	2716.45
1373.74	2698.67
1375.32	2701.81
1376.91	2704.94
1378.49	2700.76
1380.07	2693.43
1381.65	2707.04
1383.23	2698.67
1384.81	2697.62
1386.39	2689.25
1387.97	2699.71
1389.55	2694.48
1391.14	2695.53
1392.72	2691.34
1394.29	2699.71
1395.87	2700.76
1397.45	2692.39
1399.03	2697.62
1400.61	2703.90
1402.19	2693.43
1403.77	2690.29
1405.35	2704.94
1406.92	2690.29
1408.50	2700.76
1410.08	2716.45
1411.66	2696.57
1413.23	2703.90
1414.81	2704.94
1416.39	2689.25
1417.96	2704.94
1419.54	2696.57
1421.12	2702.85
1422.69	2710.18
1424.27	2690.29
1425.84	2702.85
1427.42	2696.57
1428.99	2695.53
1430.57	2699.71
1432.14	2707.04
1433.71	2698.67
1435.29	2713.32
1436.86	2701.81
1438.43	2707.04
1440.01	2700.76
1441.58	2587.75
1443.15	2707.04
1444.72	2707.04
1446.30	2692.39
1447.87	2718.55
1449.44	2704.94
1451.01	2692.39
1452.58	2703.90
1454.15	2705.99
1455.72	2698.67
1457.29	2696.57
1458.86	2701.81
1460.43	2697.62
1462.00	2712.27
1463.57	2700.76
1465.14	2709.13
1466.71	2698.67
1468.28	2707.04
1469.85	2712.27
1471.41	2712.27
1472.98	2702.85
1474.55	2714.36
1476.12	2700.76
1477.68	2694.48
1479.25	2714.36
1480.82	2701.81
1482.38	2709.13
1483.95	2699.71
1485.51	2710.18
1487.08	2711.22
1488.64	2708.08
1490.21	2707.04
1491.77	2689.25
1493.34	2703.90
1494.90	2687.16
1496.46	2693.43
1498.03	2698.67
1499.59	2704.94
1501.15	2699.71
1502.72	2694.48
1504.28	2698.67
1505.84	2697.62
1507.40	2700.76
1508.97	2709.13
1510.53	2696.57
1512.09	2704.94
1513.65	2711.22
1515.21	2708.08
1516.77	2695.53
1518.33	2707.04
1519.89	2690.29
1521.45	2684.02
1523.01	2699.71
1524.57	2707.04
1526.13	2694.48
1527.68	2704.94
1529.24	2703.90
1530.80	2696.57
1532.36	2708.08
1533.92	2694.48
1535.47	2675.65
1537.03	2687.16
1538.59	2696.57
1540.14	2689.25
1541.70	2677.74
1543.25	2693.43
1544.81	2696.57
1546.36	2694.48
1547.92	2684.02
1549.47	2687.16
1551.03	2694.48
1552.58	2684.02
1554.13	2681.92
1555.69	2690.29
1557.24	2689.25
1558.79	2687.16
1560.35	2682.97
1561.90	2689.25
1563.45	2676.69
1565.00	2686.11
1566.55	2676.69
1568.10	2682.97
1569.66	2669.37
1571.21	2692.39
1572.76	2682.97
1574.31	2677.74
1575.86	2680.88
1577.40	2676.69
1578.95	2679.83
1580.50	2679.83
1582.05	2671.46
1583.60	2667.27
1585.15	2668.32
1586.69	2673.55
1588.24	2678.78
1589.79	2684.02
1591.34	2666.23
1592.88	2682.97
1594.43	2658.90
1595.97	2667.27
1597.52	2669.37
1599.06	2679.83
1600.61	2673.55
1602.15	2675.65
1603.70	2666.23
1605.24	2678.78
1606.79	2677.74
1608.33	2667.27
1609.87	2664.13
1611.41	2673.55
1612.96	2672.51
1614.50	2664.13
1616.04	2672.51
1617.58	2676.69
1619.12	2657.86
1620.67	2672.51
1622.21	2652.62
1623.75	2674.60
1625.29	2657.86
1626.83	2658.90
1628.37	2675.65
1629.90	2656.81
1631.44	2661.00
1632.98	2663.09
1634.52	2658.90
1636.06	2655.76
1637.59	2677.74
1639.13	2663.09
1640.67	2670.41
1642.21	2663.09
1643.74	2666.23
1645.28	2656.81
1646.81	2659.95
1648.35	2675.65
1649.88	2652.62
1651.42	2661.00
1652.95	2655.76
1654.49	2673.55
1656.02	2656.81
1657.55	2658.90
1659.09	2640.07
1660.62	2664.13
1662.15	2648.44
1663.68	2650.53
1665.22	2640.07
1666.75	2642.16
1668.28	2641.11
1669.81	2659.95
1671.34	2637.97
1672.87	2651.58
1674.40	2654.72
1675.93	2649.49
1677.46	2630.65
1678.99	2631.70
1680.52	2629.60
1682.04	2632.74
1683.57	2634.84
1685.10	2645.30
1686.63	2633.79
1688.15	2640.07
1689.68	2630.65
1691.21	2631.70
1692.73	2631.70
1694.26	2636.93
1695.78	2630.65
1697.31	2633.79
1698.83	2626.46
1700.36	2621.23
1701.88	2619.14
1703.40	2631.70
1704.93	2618.09
1706.45	2621.23
