896.35	2859.81
897.98	2860.86
899.60	2870.28
901.22	2885.97
902.85	2878.65
904.47	2883.88
906.10	2897.48
907.72	2883.88
909.34	2904.81
910.97	2914.22
912.59	2936.20
914.21	2943.52
915.84	2953.99
917.46	2975.96
919.08	3001.08
920.71	3013.63
922.33	3029.33
923.95	3030.38
925.58	3051.30
927.20	3037.70
928.82	3049.21
930.44	3063.86
932.07	3058.63
933.69	3045.02
935.31	3061.77
936.93	3067.00
938.56	3074.32
940.18	3081.65
941.80	3078.51
943.42	3088.97
945.05	3105.72
946.67	3080.60
948.29	3088.97
949.91	3077.46
951.53	3100.48
953.16	3104.67
954.78	3102.58
956.40	3080.60
958.02	3098.39
959.64	3096.30
961.26	3102.58
962.88	3093.16
964.51	3084.79
966.13	3102.58
967.75	3097.34
969.37	3087.93
970.99	3093.16
972.61	3086.88
974.23	3092.11
975.85	3094.21
977.47	3102.58
979.09	3099.44
980.71	3101.53
982.33	3101.53
983.95	3118.27
985.57	3117.23
987.19	3115.13
988.81	3110.95
990.43	3107.81
992.05	3106.76
993.67	3125.60
995.29	3110.95
996.91	3104.67
998.53	3123.50
1000.15	3137.11
1001.77	3124.55
1003.39	3135.02
1005.01	3130.83
1006.63	3146.53
1008.25	3141.29
1009.86	3149.66
1011.48	3137.11
1013.10	3146.53
1014.72	3155.94
1016.34	3163.27
1017.96	3168.50
1019.58	3167.45
1021.19	3162.22
1022.81	3155.94
1024.43	3159.08
1026.05	3168.50
1027.66	3176.87
1029.28	3175.82
1030.90	3172.69
1032.52	3167.45
1034.13	3174.78
1035.75	3187.34
1037.37	3174.78
1038.98	3190.47
1040.60	3176.87
1042.22	3164.31
1043.83	3172.69
1045.45	3187.34
1047.07	3184.20
1048.68	3192.57
1050.30	3170.59
1051.92	3194.66
1053.53	3190.47
1055.15	3192.57
1056.76	3175.82
1058.38	3188.38
1059.99	3184.20
1061.61	3184.20
1063.22	3171.64
1064.84	3196.75
1066.46	3190.47
1068.07	3186.29
1069.68	3184.20
1071.30	3199.89
1072.91	3177.92
1074.53	3177.92
1076.14	3185.24
1077.76	3182.10
1079.37	3182.10
1080.98	3154.90
1082.60	3165.36
1084.21	3178.96
1085.83	3181.06
1087.44	3183.15
1089.05	3166.41
1090.67	3174.78
1092.28	3169.55
1093.89	3176.87
1095.50	3173.73
1097.12	3174.78
1098.73	3177.92
1100.34	3161.18
1101.95	3167.45
1103.57	3170.59
1105.18	3161.18
1106.79	3163.27
1108.40	3173.73
1110.01	3171.64
1111.63	3168.50
1113.24	3180.01
1114.85	3175.82
1116.46	3170.59
1118.07	3181.06
1119.68	3165.36
1121.29	3180.01
1122.90	3169.55
1124.51	3167.45
1126.12	3183.15
1127.73	3181.06
1129.34	3182.10
1130.95	3176.87
1132.56	3173.73
1134.17	3155.94
1135.78	3165.36
1137.39	3166.41
1139.00	3159.08
1140.61	3159.08
1142.22	3171.64
1143.83	3160.13
1145.44	3164.31
1147.05	3153.85
1148.65	3169.55
1150.26	3162.22
1151.87	3158.04
1153.48	3163.27
1155.09	3165.36
1156.69	3163.27
1158.30	3153.85
1159.91	3161.18
1161.52	3175.82
1163.12	3167.45
1164.73	3170.59
1166.34	3178.96
1167.94	3170.59
1169.55	3169.55
1171.16	3167.45
1172.76	3172.69
1174.37	3175.82
1175.97	3177.92
1177.58	3171.64
1179.19	3173.73
1180.79	3162.22
1182.40	3164.31
1184.00	3170.59
1185.61	3178.96
1187.21	3175.82
1188.82	3169.55
1190.42	3174.78
1192.02	3166.41
1193.63	3156.99
1195.23	3170.59
1196.84	3162.22
1198.44	3168.50
1200.04	3188.38
1201.65	3173.73
1203.25	3174.78
1204.85	3168.50
1206.46	3161.18
1208.06	3169.55
1209.66	3165.36
1211.26	3163.27
1212.87	3185.24
1214.47	3164.31
1216.07	3165.36
1217.67	3163.27
1219.27	3163.27
1220.87	3168.50
1222.48	3161.18
1224.08	3156.99
1225.68	3172.69
1227.28	3163.27
1228.88	3158.04
1230.48	3158.04
1232.08	3140.25
1233.68	3156.99
1235.28	3160.13
1236.88	3145.48
1238.48	3141.29
1240.08	3167.45
1241.68	3133.97
1243.28	3142.34
1244.87	3137.11
1246.47	3133.97
1248.07	3133.97
1249.67	3143.39
1251.27	3147.57
1252.87	3122.46
1254.46	3127.69
1256.06	3129.78
1257.66	3126.64
1259.26	3109.90
1260.85	3124.55
1262.45	3116.18
1264.05	3128.74
1265.64	3114.09
1267.24	3127.69
1268.83	3119.32
1270.43	3108.86
1272.03	3130.83
1273.62	3117.23
1275.22	3109.90
1276.81	3120.37
1278.41	3108.86
1280.00	3116.18
1281.60	3114.09
1283.19	3116.18
1284.79	3119.32
1286.38	3111.99
1287.97	3108.86
1289.57	3099.44
1291.16	3090.02
1292.75	3092.11
1294.35	3099.44
1295.94	3100.48
1297.53	3094.21
1299.12	3084.79
1300.72	3100.48
1302.31	3078.51
1303.90	3099.44
1305.49	3104.67
1307.08	3083.74
1308.68	3081.65
1310.27	3084.79
1311.86	3092.11
1313.45	3080.60
1315.04	3077.46
1316.63	3083.74
1318.22	3080.60
1319.81	3068.05
1321.40	3068.05
1322.99	3071.18
1324.58	3054.44
1326.17	3053.40
1327.75	3056.54
1329.34	3058.63
1330.93	3053.40
1332.52	3038.75
1334.11	3045.02
1335.70	3048.16
1337.28	3038.75
1338.87	3038.75
1340.46	3046.07
1342.05	3038.75
1343.63	3034.56
1345.22	3031.42
1346.81	3045.02
1348.39	3032.47
1349.98	3033.51
1351.56	3016.77
1353.15	3016.77
1354.73	3022.00
1356.32	3005.26
1357.90	3002.12
1359.49	3002.12
1361.07	2989.57
1362.66	2993.75
1364.24	2994.80
1365.82	2991.66
1367.41	2995.84
1368.99	2975.96
1370.57	2970.73
1372.16	2975.96
1373.74	2969.68
1375.32	2966.54
1376.91	2957.13
1378.49	2937.25
1380.07	2915.27
1381.65	2920.50
1383.23	2905.85
1384.81	2908.99
1386.39	2902.71
1387.97	2910.04
1389.55	2894.34
1391.14	2888.06
1392.72	2882.83
1394.29	2883.88
1395.87	2872.37
1397.45	2866.09
1399.03	2866.09
1400.61	2861.90
1402.19	2849.35
1403.77	2839.93
1405.35	2858.77
1406.92	2848.30
1408.50	2845.16
1410.08	2845.16
1411.66	2830.51
1413.23	2833.65
1414.81	2836.79
1416.39	2816.91
1417.96	2834.70
1419.54	2821.10
1421.12	2826.33
1422.69	2831.56
1424.27	2817.96
1425.84	2821.10
1427.42	2819.00
1428.99	2822.14
1430.57	2820.05
1432.14	2812.72
1433.71	2822.14
1435.29	2830.51
1436.86	2830.51
1438.43	2821.10
1440.01	2814.82
1441.58	2694.48
1443.15	2817.96
1444.72	2824.23
1446.30	2814.82
1447.87	2828.42
1449.44	2817.96
1451.01	2811.68
1452.58	2829.47
1454.15	2823.19
1455.72	2806.45
1457.29	2801.21
1458.86	2816.91
1460.43	2806.45
1462.00	2839.93
1463.57	2816.91
1465.14	2817.96
1466.71	2813.77
1468.28	2820.05
1469.85	2826.33
1471.41	2820.05
1472.98	2807.49
1474.55	2822.14
1476.12	2817.96
1477.68	2811.68
1479.25	2821.10
1480.82	2815.86
1482.38	2814.82
1483.95	2807.49
1485.51	2826.33
1487.08	2830.51
1488.64	2823.19
1490.21	2829.47
1491.77	2813.77
1493.34	2828.42
1494.90	2817.96
1496.46	2822.14
1498.03	2826.33
1499.59	2829.47
1501.15	2823.19
1502.72	2833.65
1504.28	2836.79
1505.84	2825.28
1507.40	2815.86
1508.97	2833.65
1510.53	2836.79
1512.09	2843.07
1513.65	2842.02
1515.21	2831.56
1516.77	2823.19
1518.33	2842.02
1519.89	2835.74
1521.45	2833.65
1523.01	2844.12
1524.57	2836.79
1526.13	2822.14
1527.68	2828.42
1529.24	2840.98
1530.80	2838.88
1532.36	2844.12
1533.92	2838.88
1535.47	2816.91
1537.03	2828.42
1538.59	2834.70
1540.14	2829.47
1541.70	2825.28
1543.25	2846.21
1544.81	2836.79
1546.36	2835.74
1547.92	2822.14
1549.47	2835.74
1551.03	2833.65
1552.58	2829.47
1554.13	2828.42
1555.69	2838.88
1557.24	2825.28
1558.79	2824.23
1560.35	2823.19
1561.90	2824.23
1563.45	2822.14
1565.00	2831.56
1566.55	2827.37
1568.10	2823.19
1569.66	2820.05
1571.21	2833.65
1572.76	2828.42
1574.31	2828.42
1575.86	2823.19
1577.40	2810.63
1578.95	2813.77
1580.50	2821.10
1582.05	2811.68
1583.60	2805.40
1585.15	2805.40
1586.69	2804.35
1588.24	2817.96
1589.79	2819.00
1591.34	2801.21
1592.88	2823.19
1594.43	2803.31
1595.97	2809.58
1597.52	2809.58
1599.06	2806.45
1600.61	2797.03
1602.15	2816.91
1603.70	2802.26
1605.24	2801.21
1606.79	2808.54
1608.33	2795.98
1609.87	2797.03
1611.41	2808.54
1612.96	2802.26
1614.50	2801.21
1616.04	2791.80
1617.58	2795.98
1619.12	2789.70
1620.67	2800.17
1622.21	2776.10
1623.75	2793.89
1625.29	2778.19
1626.83	2777.15
1628.37	2790.75
1629.90	2771.91
1631.44	2779.24
1632.98	2771.91
1634.52	2753.08
1636.06	2759.36
1637.59	2771.91
1639.13	2759.36
1640.67	2757.26
1642.21	2743.66
1643.74	2742.62
1645.28	2727.97
1646.81	2717.50
1648.35	2734.24
1649.88	2710.18
1651.42	2713.32
1652.95	2697.62
1654.49	2713.32
1656.02	2690.29
1657.55	2699.71
1659.09	2681.92
1660.62	2695.53
1662.15	2684.02
1663.68	2691.34
1665.22	2677.74
1666.75	2681.92
1668.28	2677.74
1669.81	2694.48
1671.34	2670.41
1672.87	2687.16
1674.40	2693.43
1675.93	2681.92
1677.46	2665.18
1678.99	2659.95
1680.52	2665.18
1682.04	2677.74
1683.57	2663.09
1685.10	2668.32
1686.63	2654.72
1688.15	2656.81
1689.68	2661.00
1691.21	2656.81
1692.73	2661.00
1694.26	2658.90
1695.78	2653.67
1697.31	2656.81
1698.83	2649.49
1700.36	2652.62
1701.88	2643.21
1703.40	2652.62
1704.93	2633.79
1706.45	2637.97
