896.35	2980.15
897.98	2982.24
899.60	2993.75
901.22	3010.49
902.85	2997.94
904.47	3012.59
906.10	3018.86
907.72	3026.19
909.34	3031.42
910.97	3051.30
912.59	3067.00
914.21	3099.44
915.84	3122.46
917.46	3163.27
919.08	3186.29
920.71	3198.85
922.33	3220.82
923.95	3230.24
925.58	3242.79
927.20	3245.93
928.82	3253.26
930.44	3279.42
932.07	3266.86
933.69	3270.00
935.31	3274.19
936.93	3284.65
938.56	3295.11
940.18	3299.30
941.80	3300.35
943.42	3316.04
945.05	3321.27
946.67	3311.86
948.29	3307.67
949.91	3311.86
951.53	3323.37
953.16	3341.16
954.78	3324.41
956.40	3316.04
958.02	3322.32
959.64	3325.46
961.26	3322.32
962.88	3326.51
964.51	3319.18
966.13	3334.88
967.75	3321.27
969.37	3319.18
970.99	3325.46
972.61	3323.37
974.23	3321.27
975.85	3327.55
977.47	3330.69
979.09	3335.92
980.71	3324.41
982.33	3331.74
983.95	3335.92
985.57	3347.43
987.19	3334.88
988.81	3351.62
990.43	3344.30
992.05	3343.25
993.67	3358.94
995.29	3359.99
996.91	3342.20
998.53	3373.59
1000.15	3366.27
1001.77	3378.83
1003.39	3381.97
1005.01	3389.29
1006.63	3393.48
1008.25	3402.89
1009.86	3406.03
1011.48	3400.80
1013.10	3395.57
1014.72	3424.87
1016.34	3420.68
1017.96	3445.80
1019.58	3417.54
1021.19	3416.50
1022.81	3421.73
1024.43	3442.66
1026.05	3436.38
1027.66	3447.89
1029.28	3439.52
1030.90	3442.66
1032.52	3431.15
1034.13	3455.21
1035.75	3454.17
1037.37	3457.31
1038.98	3466.72
1040.60	3464.63
1042.22	3438.47
1043.83	3447.89
1045.45	3453.12
1047.07	3460.45
1048.68	3460.45
1050.30	3452.07
1051.92	3461.49
1053.53	3459.40
1055.15	3461.49
1056.76	3464.63
1058.38	3462.54
1059.99	3465.68
1061.61	3455.21
1063.22	3454.17
1064.84	3463.58
1066.46	3458.35
1068.07	3455.21
1069.68	3459.40
1071.30	3460.45
1072.91	3454.17
1074.53	3441.61
1076.14	3460.45
1077.76	3444.75
1079.37	3447.89
1080.98	3419.64
1082.60	3444.75
1084.21	3442.66
1085.83	3440.56
1087.44	3437.42
1089.05	3436.38
1090.67	3420.68
1092.28	3419.64
1093.89	3431.15
1095.50	3435.33
1097.12	3430.10
1098.73	3440.56
1100.34	3419.64
1101.95	3431.15
1103.57	3425.91
1105.18	3425.91
1106.79	3408.13
1108.40	3425.91
1110.01	3424.87
1111.63	3434.29
1113.24	3426.96
1114.85	3434.29
1116.46	3426.96
1118.07	3439.52
1119.68	3435.33
1121.29	3437.42
1122.90	3416.50
1124.51	3432.19
1126.12	3443.70
1127.73	3442.66
1129.34	3444.75
1130.95	3452.07
1132.56	3454.17
1134.17	3431.15
1135.78	3439.52
1137.39	3451.03
1139.00	3433.24
1140.61	3442.66
1142.22	3447.89
1143.83	3447.89
1145.44	3439.52
1147.05	3444.75
1148.65	3445.80
1150.26	3442.66
1151.87	3431.15
1153.48	3446.84
1155.09	3440.56
1156.69	3444.75
1158.30	3433.24
1159.91	3433.24
1161.52	3441.61
1163.12	3443.70
1164.73	3436.38
1166.34	3462.54
1167.94	3449.98
1169.55	3455.21
1171.16	3454.17
1172.76	3453.12
1174.37	3451.03
1175.97	3470.91
1177.58	3436.38
1179.19	3462.54
1180.79	3441.61
1182.40	3449.98
1184.00	3436.38
1185.61	3464.63
1187.21	3455.21
1188.82	3454.17
1190.42	3452.07
1192.02	3444.75
1193.63	3431.15
1195.23	3449.98
1196.84	3461.49
1198.44	3456.26
1200.04	3455.21
1201.65	3455.21
1203.25	3444.75
1204.85	3457.31
1206.46	3426.96
1208.06	3444.75
1209.66	3435.33
1211.26	3439.52
1212.87	3455.21
1214.47	3446.84
1216.07	3435.33
1217.67	3441.61
1219.27	3430.10
1220.87	3432.19
1222.48	3422.78
1224.08	3433.24
1225.68	3423.82
1227.28	3429.05
1228.88	3417.54
1230.48	3419.64
1232.08	3408.13
1233.68	3428.01
1235.28	3430.10
1236.88	3414.40
1238.48	3407.08
1240.08	3424.87
1241.68	3396.62
1243.28	3398.71
1244.87	3393.48
1246.47	3400.80
1248.07	3388.24
1249.67	3393.48
1251.27	3399.75
1252.87	3373.59
1254.46	3355.81
1256.06	3376.73
1257.66	3373.59
1259.26	3362.08
1260.85	3368.36
1262.45	3374.64
1264.05	3367.32
1265.64	3369.41
1267.24	3357.90
1268.83	3362.08
1270.43	3359.99
1272.03	3375.69
1273.62	3359.99
1275.22	3341.16
1276.81	3361.04
1278.41	3351.62
1280.00	3354.76
1281.60	3353.71
1283.19	3334.88
1284.79	3349.53
1286.38	3325.46
1287.97	3346.39
1289.57	3334.88
1291.16	3345.34
1292.75	3334.88
1294.35	3340.11
1295.94	3333.83
1297.53	3338.02
1299.12	3321.27
1300.72	3330.69
1302.31	3301.39
1303.90	3326.51
1305.49	3329.65
1307.08	3308.72
1308.68	3296.16
1310.27	3308.72
1311.86	3316.04
1313.45	3304.53
1315.04	3302.44
1316.63	3298.25
1318.22	3295.11
1319.81	3287.79
1321.40	3286.74
1322.99	3306.62
1324.58	3276.28
1326.17	3289.88
1327.75	3275.23
1329.34	3270.00
1330.93	3262.68
1332.52	3265.82
1334.11	3257.44
1335.70	3261.63
1337.28	3248.03
1338.87	3253.26
1340.46	3251.17
1342.05	3248.03
1343.63	3243.84
1345.22	3250.12
1346.81	3260.58
1348.39	3240.70
1349.98	3236.52
1351.56	3233.38
1353.15	3222.91
1354.73	3225.01
1356.32	3198.85
1357.90	3201.98
1359.49	3191.52
1361.07	3189.43
1362.66	3175.82
1364.24	3191.52
1365.82	3188.38
1367.41	3186.29
1368.99	3161.18
1370.57	3159.08
1372.16	3175.82
1373.74	3165.36
1375.32	3163.27
1376.91	3148.62
1378.49	3103.62
1380.07	3092.11
1381.65	3087.93
1383.23	3078.51
1384.81	3077.46
1386.39	3067.00
1387.97	3073.28
1389.55	3071.18
1391.14	3056.54
1392.72	3035.61
1394.29	3033.51
1395.87	3034.56
1397.45	3013.63
1399.03	3017.82
1400.61	3017.82
1402.19	3014.68
1403.77	2994.80
1405.35	3008.40
1406.92	2998.98
1408.50	2993.75
1410.08	2989.57
1411.66	2987.47
1413.23	2986.43
1414.81	2992.70
1416.39	2966.54
1417.96	2975.96
1419.54	2973.87
1421.12	2979.10
1422.69	2980.15
1424.27	2962.36
1425.84	2978.06
1427.42	2969.68
1428.99	2965.50
1430.57	2966.54
1432.14	2952.94
1433.71	2957.13
1435.29	2964.45
1436.86	2960.27
1438.43	2953.99
1440.01	2956.08
1441.58	2832.61
1443.15	2956.08
1444.72	2948.76
1446.30	2950.85
1447.87	2958.17
1449.44	2945.62
1451.01	2936.20
1452.58	2951.90
1454.15	2951.90
1455.72	2943.52
1457.29	2942.48
1458.86	2946.66
1460.43	2942.48
1462.00	2966.54
1463.57	2944.57
1465.14	2947.71
1466.71	2936.20
1468.28	2948.76
1469.85	2949.80
1471.41	2947.71
1472.98	2929.92
1474.55	2951.90
1476.12	2928.87
1477.68	2930.97
1479.25	2945.62
1480.82	2938.29
1482.38	2946.66
1483.95	2942.48
1485.51	2944.57
1487.08	2956.08
1488.64	2952.94
1490.21	2953.99
1491.77	2934.11
1493.34	2957.13
1494.90	2932.01
1496.46	2940.38
1498.03	2947.71
1499.59	2947.71
1501.15	2945.62
1502.72	2949.80
1504.28	2944.57
1505.84	2943.52
1507.40	2942.48
1508.97	2951.90
1510.53	2945.62
1512.09	2958.17
1513.65	2952.94
1515.21	2959.22
1516.77	2947.71
1518.33	2969.68
1519.89	2956.08
1521.45	2955.03
1523.01	2960.27
1524.57	2970.73
1526.13	2958.17
1527.68	2962.36
1529.24	2962.36
1530.80	2952.94
1532.36	2957.13
1533.92	2956.08
1535.47	2939.34
1537.03	2951.90
1538.59	2958.17
1540.14	2952.94
1541.70	2943.52
1543.25	2966.54
1544.81	2950.85
1546.36	2950.85
1547.92	2932.01
1549.47	2949.80
1551.03	2948.76
1552.58	2938.29
1554.13	2947.71
1555.69	2947.71
1557.24	2935.15
1558.79	2935.15
1560.35	2928.87
1561.90	2934.11
1563.45	2928.87
1565.00	2937.25
1566.55	2926.78
1568.10	2930.97
1569.66	2918.41
1571.21	2934.11
1572.76	2923.64
1574.31	2927.83
1575.86	2921.55
1577.40	2915.27
1578.95	2908.99
1580.50	2906.90
1582.05	2898.53
1583.60	2914.22
1585.15	2901.67
1586.69	2906.90
1588.24	2916.32
1589.79	2926.78
1591.34	2897.48
1592.88	2914.22
1594.43	2893.30
1595.97	2906.90
1597.52	2903.76
1599.06	2904.81
1600.61	2889.11
1602.15	2912.13
1603.70	2899.58
1605.24	2901.67
1606.79	2891.20
1608.33	2884.93
1609.87	2884.93
1611.41	2904.81
1612.96	2896.44
1614.50	2877.60
1616.04	2887.02
1617.58	2894.34
1619.12	2877.60
1620.67	2880.74
1622.21	2851.44
1623.75	2870.28
1625.29	2857.72
1626.83	2866.09
1628.37	2878.65
1629.90	2864.00
1631.44	2856.67
1632.98	2862.95
1634.52	2832.61
1636.06	2831.56
1637.59	2839.93
1639.13	2826.33
1640.67	2822.14
1642.21	2806.45
1643.74	2794.94
1645.28	2767.73
1646.81	2759.36
1648.35	2771.91
1649.88	2739.48
1651.42	2739.48
1652.95	2724.83
1654.49	2746.80
1656.02	2721.69
1657.55	2717.50
1659.09	2700.76
1660.62	2716.45
1662.15	2710.18
1663.68	2716.45
1665.22	2697.62
1666.75	2707.04
1668.28	2693.43
1669.81	2711.22
1671.34	2699.71
1672.87	2699.71
1674.40	2707.04
1675.93	2693.43
1677.46	2676.69
1678.99	2675.65
1680.52	2678.78
1682.04	2689.25
1683.57	2678.78
1685.10	2680.88
1686.63	2676.69
1688.15	2678.78
1689.68	2662.04
1691.21	2668.32
1692.73	2669.37
1694.26	2676.69
1695.78	2656.81
1697.31	2663.09
1698.83	2656.81
1700.36	2664.13
1701.88	2651.58
1703.40	2672.51
1704.93	2649.49
1706.45	2657.86
