896.35	2935.15
897.98	2935.15
899.60	2940.38
901.22	2967.59
902.85	2950.85
904.47	2965.50
906.10	2982.24
907.72	2978.06
909.34	2980.15
910.97	2998.98
912.59	3018.86
914.21	3039.79
915.84	3062.81
917.46	3100.48
919.08	3118.27
920.71	3136.06
922.33	3156.99
923.95	3162.22
925.58	3183.15
927.20	3177.92
928.82	3184.20
930.44	3203.03
932.07	3195.71
933.69	3195.71
935.31	3201.98
936.93	3212.45
938.56	3220.82
940.18	3222.91
941.80	3220.82
943.42	3241.75
945.05	3252.21
946.67	3236.52
948.29	3240.70
949.91	3237.56
951.53	3240.70
953.16	3251.17
954.78	3248.03
956.40	3243.84
958.02	3245.93
959.64	3246.98
961.26	3240.70
962.88	3248.03
964.51	3228.14
966.13	3255.35
967.75	3248.03
969.37	3249.07
970.99	3243.84
972.61	3245.93
974.23	3241.75
975.85	3243.84
977.47	3252.21
979.09	3243.84
980.71	3239.66
982.33	3249.07
983.95	3252.21
985.57	3272.09
987.19	3266.86
988.81	3271.05
990.43	3257.44
992.05	3264.77
993.67	3279.42
995.29	3274.19
996.91	3261.63
998.53	3287.79
1000.15	3286.74
1001.77	3290.93
1003.39	3295.11
1005.01	3291.98
1006.63	3291.98
1008.25	3304.53
1009.86	3322.32
1011.48	3317.09
1013.10	3324.41
1014.72	3324.41
1016.34	3333.83
1017.96	3346.39
1019.58	3330.69
1021.19	3329.65
1022.81	3338.02
1024.43	3351.62
1026.05	3334.88
1027.66	3350.57
1029.28	3350.57
1030.90	3354.76
1032.52	3345.34
1034.13	3362.08
1035.75	3368.36
1037.37	3375.69
1038.98	3377.78
1040.60	3372.55
1042.22	3354.76
1043.83	3364.18
1045.45	3367.32
1047.07	3372.55
1048.68	3372.55
1050.30	3367.32
1051.92	3373.59
1053.53	3364.18
1055.15	3378.83
1056.76	3377.78
1058.38	3374.64
1059.99	3374.64
1061.61	3368.36
1063.22	3362.08
1064.84	3377.78
1066.46	3366.27
1068.07	3364.18
1069.68	3373.59
1071.30	3376.73
1072.91	3368.36
1074.53	3355.81
1076.14	3367.32
1077.76	3362.08
1079.37	3374.64
1080.98	3336.97
1082.60	3357.90
1084.21	3355.81
1085.83	3351.62
1087.44	3352.67
1089.05	3342.20
1090.67	3344.30
1092.28	3341.16
1093.89	3347.43
1095.50	3345.34
1097.12	3340.11
1098.73	3355.81
1100.34	3335.92
1101.95	3354.76
1103.57	3342.20
1105.18	3332.78
1106.79	3329.65
1108.40	3344.30
1110.01	3345.34
1111.63	3348.48
1113.24	3345.34
1114.85	3343.25
1116.46	3348.48
1118.07	3359.99
1119.68	3343.25
1121.29	3356.85
1122.90	3343.25
1124.51	3345.34
1126.12	3354.76
1127.73	3355.81
1129.34	3350.57
1130.95	3353.71
1132.56	3356.85
1134.17	3328.60
1135.78	3348.48
1137.39	3365.22
1139.00	3348.48
1140.61	3353.71
1142.22	3362.08
1143.83	3359.99
1145.44	3352.67
1147.05	3355.81
1148.65	3351.62
1150.26	3343.25
1151.87	3345.34
1153.48	3351.62
1155.09	3361.04
1156.69	3366.27
1158.30	3344.30
1159.91	3349.53
1161.52	3352.67
1163.12	3363.13
1164.73	3357.90
1166.34	3374.64
1167.94	3368.36
1169.55	3364.18
1171.16	3364.18
1172.76	3376.73
1174.37	3366.27
1175.97	3384.06
1177.58	3355.81
1179.19	3381.97
1180.79	3373.59
1182.40	3375.69
1184.00	3356.85
1185.61	3378.83
1187.21	3377.78
1188.82	3370.46
1190.42	3370.46
1192.02	3364.18
1193.63	3347.43
1195.23	3364.18
1196.84	3365.22
1198.44	3369.41
1200.04	3369.41
1201.65	3361.04
1203.25	3362.08
1204.85	3369.41
1206.46	3347.43
1208.06	3366.27
1209.66	3346.39
1211.26	3357.90
1212.87	3363.13
1214.47	3347.43
1216.07	3355.81
1217.67	3362.08
1219.27	3348.48
1220.87	3345.34
1222.48	3349.53
1224.08	3356.85
1225.68	3353.71
1227.28	3352.67
1228.88	3341.16
1230.48	3347.43
1232.08	3336.97
1233.68	3354.76
1235.28	3364.18
1236.88	3347.43
1238.48	3333.83
1240.08	3357.90
1241.68	3318.14
1243.28	3330.69
1244.87	3318.14
1246.47	3318.14
1248.07	3307.67
1249.67	3318.14
1251.27	3326.51
1252.87	3312.90
1254.46	3296.16
1256.06	3298.25
1257.66	3297.21
1259.26	3293.02
1260.85	3296.16
1262.45	3289.88
1264.05	3301.39
1265.64	3303.49
1267.24	3293.02
1268.83	3287.79
1270.43	3280.46
1272.03	3301.39
1273.62	3279.42
1275.22	3274.19
1276.81	3282.56
1278.41	3283.60
1280.00	3290.93
1281.60	3275.23
1283.19	3266.86
1284.79	3280.46
1286.38	3265.82
1287.97	3282.56
1289.57	3271.05
1291.16	3271.05
1292.75	3259.54
1294.35	3274.19
1295.94	3261.63
1297.53	3265.82
1299.12	3254.30
1300.72	3272.09
1302.31	3239.66
1303.90	3256.40
1305.49	3274.19
1307.08	3258.49
1308.68	3238.61
1310.27	3245.93
1311.86	3239.66
1313.45	3235.47
1315.04	3234.42
1316.63	3252.21
1318.22	3237.56
1319.81	3234.42
1321.40	3233.38
1322.99	3239.66
1324.58	3223.96
1326.17	3219.77
1327.75	3217.68
1329.34	3220.82
1330.93	3210.36
1332.52	3206.17
1334.11	3209.31
1335.70	3206.17
1337.28	3196.75
1338.87	3197.80
1340.46	3195.71
1342.05	3193.61
1343.63	3201.98
1345.22	3196.75
1346.81	3194.66
1348.39	3183.15
1349.98	3186.29
1351.56	3182.10
1353.15	3174.78
1354.73	3174.78
1356.32	3150.71
1357.90	3154.90
1359.49	3145.48
1361.07	3136.06
1362.66	3139.20
1364.24	3141.29
1365.82	3138.15
1367.41	3141.29
1368.99	3125.60
1370.57	3120.37
1372.16	3121.41
1373.74	3124.55
1375.32	3117.23
1376.91	3101.53
1378.49	3086.88
1380.07	3067.00
1381.65	3063.86
1383.23	3045.02
1384.81	3046.07
1386.39	3032.47
1387.97	3036.65
1389.55	3034.56
1391.14	3022.00
1392.72	3009.45
1394.29	3004.22
1395.87	2997.94
1397.45	2986.43
1399.03	2989.57
1400.61	2989.57
1402.19	2979.10
1403.77	2969.68
1405.35	2982.24
1406.92	2971.78
1408.50	2969.68
1410.08	2975.96
1411.66	2962.36
1413.23	2961.31
1414.81	2961.31
1416.39	2941.43
1417.96	2950.85
1419.54	2948.76
1421.12	2952.94
1422.69	2956.08
1424.27	2944.57
1425.84	2950.85
1427.42	2945.62
1428.99	2947.71
1430.57	2940.38
1432.14	2929.92
1433.71	2938.29
1435.29	2951.90
1436.86	2946.66
1438.43	2941.43
1440.01	2938.29
1441.58	2817.96
1443.15	2939.34
1444.72	2940.38
1446.30	2925.74
1447.87	2935.15
1449.44	2921.55
1451.01	2913.18
1452.58	2932.01
1454.15	2933.06
1455.72	2925.74
1457.29	2928.87
1458.86	2937.25
1460.43	2915.27
1462.00	2946.66
1463.57	2919.46
1465.14	2924.69
1466.71	2912.13
1468.28	2921.55
1469.85	2925.74
1471.41	2934.11
1472.98	2917.36
1474.55	2930.97
1476.12	2917.36
1477.68	2906.90
1479.25	2926.78
1480.82	2924.69
1482.38	2927.83
1483.95	2915.27
1485.51	2923.64
1487.08	2935.15
1488.64	2924.69
1490.21	2935.15
1491.77	2913.18
1493.34	2937.25
1494.90	2912.13
1496.46	2920.50
1498.03	2921.55
1499.59	2926.78
1501.15	2923.64
1502.72	2934.11
1504.28	2944.57
1505.84	2928.87
1507.40	2928.87
1508.97	2945.62
1510.53	2934.11
1512.09	2941.43
1513.65	2943.52
1515.21	2938.29
1516.77	2920.50
1518.33	2945.62
1519.89	2932.01
1521.45	2937.25
1523.01	2942.48
1524.57	2950.85
1526.13	2938.29
1527.68	2941.43
1529.24	2947.71
1530.80	2940.38
1532.36	2947.71
1533.92	2935.15
1535.47	2925.74
1537.03	2923.64
1538.59	2934.11
1540.14	2932.01
1541.70	2922.60
1543.25	2949.80
1544.81	2938.29
1546.36	2937.25
1547.92	2920.50
1549.47	2928.87
1551.03	2926.78
1552.58	2918.41
1554.13	2919.46
1555.69	2932.01
1557.24	2911.09
1558.79	2921.55
1560.35	2907.95
1561.90	2925.74
1563.45	2911.09
1565.00	2924.69
1566.55	2923.64
1568.10	2914.22
1569.66	2897.48
1571.21	2916.32
1572.76	2916.32
1574.31	2917.36
1575.86	2912.13
1577.40	2905.85
1578.95	2900.62
1580.50	2896.44
1582.05	2883.88
1583.60	2897.48
1585.15	2880.74
1586.69	2893.30
1588.24	2894.34
1589.79	2903.76
1591.34	2883.88
1592.88	2903.76
1594.43	2883.88
1595.97	2888.06
1597.52	2885.97
1599.06	2888.06
1600.61	2880.74
1602.15	2905.85
1603.70	2881.79
1605.24	2882.83
1606.79	2876.55
1608.33	2868.18
1609.87	2866.09
1611.41	2879.69
1612.96	2879.69
1614.50	2874.46
1616.04	2870.28
1617.58	2868.18
1619.12	2856.67
1620.67	2868.18
1622.21	2836.79
1623.75	2869.23
1625.29	2849.35
1626.83	2849.35
1628.37	2871.32
1629.90	2847.26
1631.44	2842.02
1632.98	2850.39
1634.52	2815.86
1636.06	2809.58
1637.59	2820.05
1639.13	2803.31
1640.67	2805.40
1642.21	2788.66
1643.74	2786.56
1645.28	2762.50
1646.81	2752.03
1648.35	2761.45
1649.88	2739.48
1651.42	2743.66
1652.95	2718.55
1654.49	2734.24
1656.02	2716.45
1657.55	2722.73
1659.09	2696.57
1660.62	2717.50
1662.15	2702.85
1663.68	2712.27
1665.22	2704.94
1666.75	2702.85
1668.28	2696.57
1669.81	2711.22
1671.34	2693.43
1672.87	2698.67
1674.40	2703.90
1675.93	2685.06
1677.46	2674.60
1678.99	2680.88
1680.52	2675.65
1682.04	2685.06
1683.57	2677.74
1685.10	2675.65
1686.63	2667.27
1688.15	2673.55
1689.68	2665.18
1691.21	2666.23
1692.73	2667.27
1694.26	2670.41
1695.78	2663.09
1697.31	2661.00
1698.83	2652.62
1700.36	2670.41
1701.88	2654.72
1703.40	2659.95
1704.93	2645.30
1706.45	2655.76
