896.35	2981.19
897.98	2987.47
899.60	2994.80
901.22	3015.73
902.85	3011.54
904.47	3023.05
906.10	3032.47
907.72	3036.65
909.34	3042.93
910.97	3064.91
912.59	3081.65
914.21	3113.04
915.84	3127.69
917.46	3177.92
919.08	3190.47
920.71	3208.26
922.33	3228.14
923.95	3240.70
925.58	3270.00
927.20	3262.68
928.82	3272.09
930.44	3287.79
932.07	3276.28
933.69	3275.23
935.31	3285.70
936.93	3299.30
938.56	3312.90
940.18	3327.55
941.80	3308.72
943.42	3326.51
945.05	3333.83
946.67	3331.74
948.29	3334.88
949.91	3326.51
951.53	3334.88
953.16	3347.43
954.78	3351.62
956.40	3334.88
958.02	3331.74
959.64	3328.60
961.26	3331.74
962.88	3336.97
964.51	3327.55
966.13	3353.71
967.75	3347.43
969.37	3334.88
970.99	3332.78
972.61	3333.83
974.23	3327.55
975.85	3341.16
977.47	3351.62
979.09	3351.62
980.71	3336.97
982.33	3350.57
983.95	3354.76
985.57	3361.04
987.19	3345.34
988.81	3370.46
990.43	3354.76
992.05	3363.13
993.67	3370.46
995.29	3374.64
996.91	3364.18
998.53	3395.57
1000.15	3392.43
1001.77	3389.29
1003.39	3395.57
1005.01	3395.57
1006.63	3404.99
1008.25	3416.50
1009.86	3416.50
1011.48	3411.26
1013.10	3407.08
1014.72	3424.87
1016.34	3424.87
1017.96	3449.98
1019.58	3437.42
1021.19	3435.33
1022.81	3436.38
1024.43	3447.89
1026.05	3435.33
1027.66	3460.45
1029.28	3461.49
1030.90	3464.63
1032.52	3444.75
1034.13	3454.17
1035.75	3474.05
1037.37	3467.77
1038.98	3479.28
1040.60	3469.86
1042.22	3461.49
1043.83	3466.72
1045.45	3468.82
1047.07	3470.91
1048.68	3470.91
1050.30	3473.00
1051.92	3488.70
1053.53	3476.14
1055.15	3479.28
1056.76	3476.14
1058.38	3477.19
1059.99	3479.28
1061.61	3478.23
1063.22	3466.72
1064.84	3485.56
1066.46	3477.19
1068.07	3467.77
1069.68	3464.63
1071.30	3475.10
1072.91	3457.31
1074.53	3452.07
1076.14	3467.77
1077.76	3460.45
1079.37	3465.68
1080.98	3426.96
1082.60	3446.84
1084.21	3448.94
1085.83	3455.21
1087.44	3454.17
1089.05	3445.80
1090.67	3437.42
1092.28	3453.12
1093.89	3455.21
1095.50	3447.89
1097.12	3451.03
1098.73	3455.21
1100.34	3436.38
1101.95	3443.70
1103.57	3436.38
1105.18	3425.91
1106.79	3426.96
1108.40	3435.33
1110.01	3437.42
1111.63	3451.03
1113.24	3453.12
1114.85	3448.94
1116.46	3442.66
1118.07	3451.03
1119.68	3437.42
1121.29	3445.80
1122.90	3428.01
1124.51	3443.70
1126.12	3453.12
1127.73	3458.35
1129.34	3460.45
1130.95	3458.35
1132.56	3461.49
1134.17	3433.24
1135.78	3451.03
1137.39	3454.17
1139.00	3441.61
1140.61	3447.89
1142.22	3456.26
1143.83	3447.89
1145.44	3452.07
1147.05	3453.12
1148.65	3449.98
1150.26	3439.52
1151.87	3439.52
1153.48	3452.07
1155.09	3458.35
1156.69	3464.63
1158.30	3443.70
1159.91	3452.07
1161.52	3452.07
1163.12	3455.21
1164.73	3446.84
1166.34	3464.63
1167.94	3451.03
1169.55	3461.49
1171.16	3448.94
1172.76	3454.17
1174.37	3460.45
1175.97	3476.14
1177.58	3455.21
1179.19	3471.96
1180.79	3456.26
1182.40	3459.40
1184.00	3446.84
1185.61	3467.77
1187.21	3458.35
1188.82	3462.54
1190.42	3465.68
1192.02	3461.49
1193.63	3440.56
1195.23	3460.45
1196.84	3463.58
1198.44	3467.77
1200.04	3461.49
1201.65	3461.49
1203.25	3457.31
1204.85	3459.40
1206.46	3454.17
1208.06	3457.31
1209.66	3451.03
1211.26	3447.89
1212.87	3461.49
1214.47	3448.94
1216.07	3452.07
1217.67	3448.94
1219.27	3437.42
1220.87	3443.70
1222.48	3440.56
1224.08	3435.33
1225.68	3440.56
1227.28	3434.29
1228.88	3431.15
1230.48	3441.61
1232.08	3420.68
1233.68	3435.33
1235.28	3432.19
1236.88	3420.68
1238.48	3418.59
1240.08	3437.42
1241.68	3402.89
1243.28	3411.26
1244.87	3400.80
1246.47	3400.80
1248.07	3391.38
1249.67	3400.80
1251.27	3402.89
1252.87	3394.52
1254.46	3370.46
1256.06	3372.55
1257.66	3378.83
1259.26	3378.83
1260.85	3381.97
1262.45	3381.97
1264.05	3378.83
1265.64	3374.64
1267.24	3369.41
1268.83	3376.73
1270.43	3363.13
1272.03	3383.01
1273.62	3358.94
1275.22	3352.67
1276.81	3362.08
1278.41	3362.08
1280.00	3361.04
1281.60	3357.90
1283.19	3352.67
1284.79	3355.81
1286.38	3342.20
1287.97	3349.53
1289.57	3345.34
1291.16	3349.53
1292.75	3332.78
1294.35	3347.43
1295.94	3334.88
1297.53	3341.16
1299.12	3317.09
1300.72	3349.53
1302.31	3308.72
1303.90	3343.25
1305.49	3344.30
1307.08	3320.23
1308.68	3310.81
1310.27	3319.18
1311.86	3318.14
1313.45	3313.95
1315.04	3305.58
1316.63	3304.53
1318.22	3299.30
1319.81	3299.30
1321.40	3296.16
1322.99	3309.76
1324.58	3283.60
1326.17	3296.16
1327.75	3286.74
1329.34	3296.16
1330.93	3280.46
1332.52	3285.70
1334.11	3281.51
1335.70	3275.23
1337.28	3268.95
1338.87	3274.19
1340.46	3264.77
1342.05	3264.77
1343.63	3260.58
1345.22	3252.21
1346.81	3253.26
1348.39	3250.12
1349.98	3242.79
1351.56	3228.14
1353.15	3231.28
1354.73	3232.33
1356.32	3207.22
1357.90	3212.45
1359.49	3208.26
1361.07	3195.71
1362.66	3184.20
1364.24	3197.80
1365.82	3197.80
1367.41	3203.03
1368.99	3178.96
1370.57	3173.73
1372.16	3186.29
1373.74	3177.92
1375.32	3169.55
1376.91	3156.99
1378.49	3126.64
1380.07	3111.99
1381.65	3093.16
1383.23	3075.37
1384.81	3076.42
1386.39	3078.51
1387.97	3077.46
1389.55	3076.42
1391.14	3075.37
1392.72	3055.49
1394.29	3048.16
1395.87	3046.07
1397.45	3028.28
1399.03	3032.47
1400.61	3030.38
1402.19	3027.24
1403.77	3007.35
1405.35	3018.86
1406.92	3012.59
1408.50	3011.54
1410.08	3007.35
1411.66	2996.89
1413.23	3006.31
1414.81	3006.31
1416.39	2985.38
1417.96	2995.84
1419.54	2984.33
1421.12	2995.84
1422.69	2992.70
1424.27	2979.10
1425.84	2990.61
1427.42	2977.01
1428.99	2985.38
1430.57	2985.38
1432.14	2978.06
1433.71	2974.92
1435.29	2982.24
1436.86	2983.29
1438.43	2974.92
1440.01	2964.45
1441.58	2847.26
1443.15	2968.64
1444.72	2968.64
1446.30	2970.73
1447.87	2977.01
1449.44	2962.36
1451.01	2948.76
1452.58	2964.45
1454.15	2966.54
1455.72	2951.90
1457.29	2952.94
1458.86	2970.73
1460.43	2952.94
1462.00	2973.87
1463.57	2953.99
1465.14	2957.13
1466.71	2941.43
1468.28	2959.22
1469.85	2957.13
1471.41	2973.87
1472.98	2958.17
1474.55	2969.68
1476.12	2942.48
1477.68	2942.48
1479.25	2952.94
1480.82	2959.22
1482.38	2956.08
1483.95	2951.90
1485.51	2956.08
1487.08	2962.36
1488.64	2960.27
1490.21	2963.41
1491.77	2947.71
1493.34	2965.50
1494.90	2952.94
1496.46	2949.80
1498.03	2955.03
1499.59	2957.13
1501.15	2955.03
1502.72	2966.54
1504.28	2966.54
1505.84	2965.50
1507.40	2955.03
1508.97	2966.54
1510.53	2964.45
1512.09	2974.92
1513.65	2974.92
1515.21	2977.01
1516.77	2958.17
1518.33	2981.19
1519.89	2967.59
1521.45	2963.41
1523.01	2964.45
1524.57	2970.73
1526.13	2964.45
1527.68	2967.59
1529.24	2977.01
1530.80	2966.54
1532.36	2970.73
1533.92	2970.73
1535.47	2957.13
1537.03	2961.31
1538.59	2963.41
1540.14	2965.50
1541.70	2962.36
1543.25	2971.78
1544.81	2965.50
1546.36	2969.68
1547.92	2952.94
1549.47	2961.31
1551.03	2958.17
1552.58	2945.62
1554.13	2943.52
1555.69	2947.71
1557.24	2947.71
1558.79	2958.17
1560.35	2945.62
1561.90	2944.57
1563.45	2939.34
1565.00	2946.66
1566.55	2940.38
1568.10	2936.20
1569.66	2925.74
1571.21	2939.34
1572.76	2938.29
1574.31	2933.06
1575.86	2930.97
1577.40	2924.69
1578.95	2933.06
1580.50	2930.97
1582.05	2917.36
1583.60	2924.69
1585.15	2910.04
1586.69	2906.90
1588.24	2913.18
1589.79	2920.50
1591.34	2898.53
1592.88	2919.46
1594.43	2894.34
1595.97	2905.85
1597.52	2910.04
1599.06	2911.09
1600.61	2902.71
1602.15	2918.41
1603.70	2898.53
1605.24	2910.04
1606.79	2902.71
1608.33	2899.58
1609.87	2901.67
1611.41	2910.04
1612.96	2896.44
1614.50	2887.02
1616.04	2882.83
1617.58	2895.39
1619.12	2881.79
1620.67	2889.11
1622.21	2870.28
1623.75	2890.16
1625.29	2864.00
1626.83	2869.23
1628.37	2880.74
1629.90	2867.14
1631.44	2860.86
1632.98	2852.49
1634.52	2833.65
1636.06	2837.84
1637.59	2840.98
1639.13	2824.23
1640.67	2810.63
1642.21	2804.35
1643.74	2797.03
1645.28	2777.15
1646.81	2772.96
1648.35	2771.91
1649.88	2754.13
1651.42	2758.31
1652.95	2736.34
1654.49	2750.99
1656.02	2732.15
1657.55	2732.15
1659.09	2716.45
1660.62	2726.92
1662.15	2721.69
1663.68	2717.50
1665.22	2701.81
1666.75	2703.90
1668.28	2697.62
1669.81	2717.50
1671.34	2703.90
1672.87	2703.90
1674.40	2712.27
1675.93	2700.76
1677.46	2686.11
1678.99	2667.27
1680.52	2669.37
1682.04	2697.62
1683.57	2690.29
1685.10	2691.34
1686.63	2676.69
1688.15	2682.97
1689.68	2674.60
1691.21	2674.60
1692.73	2680.88
1694.26	2679.83
1695.78	2681.92
1697.31	2675.65
1698.83	2658.90
1700.36	2672.51
1701.88	2665.18
1703.40	2682.97
1704.93	2664.13
1706.45	2665.18
