896.35	2852.49
897.98	2858.77
899.60	2861.90
901.22	2882.83
902.85	2873.42
904.47	2876.55
906.10	2883.88
907.72	2883.88
909.34	2897.48
910.97	2914.22
912.59	2919.46
914.21	2936.20
915.84	2951.90
917.46	2978.06
919.08	2996.89
920.71	3003.17
922.33	3028.28
923.95	3022.00
925.58	3042.93
927.20	3020.96
928.82	3045.02
930.44	3061.77
932.07	3051.30
933.69	3037.70
935.31	3050.26
936.93	3058.63
938.56	3063.86
940.18	3064.91
941.80	3070.14
943.42	3085.83
945.05	3082.70
946.67	3060.72
948.29	3080.60
949.91	3076.42
951.53	3085.83
953.16	3093.16
954.78	3090.02
956.40	3078.51
958.02	3085.83
959.64	3084.79
961.26	3083.74
962.88	3086.88
964.51	3079.56
966.13	3102.58
967.75	3093.16
969.37	3076.42
970.99	3091.07
972.61	3083.74
974.23	3084.79
975.85	3076.42
977.47	3091.07
979.09	3083.74
980.71	3083.74
982.33	3084.79
983.95	3100.48
985.57	3105.72
987.19	3097.34
988.81	3094.21
990.43	3095.25
992.05	3087.93
993.67	3110.95
995.29	3106.76
996.91	3096.30
998.53	3119.32
1000.15	3118.27
1001.77	3119.32
1003.39	3118.27
1005.01	3119.32
1006.63	3125.60
1008.25	3128.74
1009.86	3139.20
1011.48	3128.74
1013.10	3133.97
1014.72	3147.57
1016.34	3147.57
1017.96	3154.90
1019.58	3148.62
1021.19	3141.29
1022.81	3144.43
1024.43	3158.04
1026.05	3151.76
1027.66	3164.31
1029.28	3158.04
1030.90	3159.08
1032.52	3155.94
1034.13	3163.27
1035.75	3169.55
1037.37	3172.69
1038.98	3178.96
1040.60	3170.59
1042.22	3156.99
1043.83	3154.90
1045.45	3169.55
1047.07	3169.55
1048.68	3172.69
1050.30	3170.59
1051.92	3182.10
1053.53	3165.36
1055.15	3182.10
1056.76	3172.69
1058.38	3168.50
1059.99	3173.73
1061.61	3175.82
1063.22	3160.13
1064.84	3174.78
1066.46	3170.59
1068.07	3168.50
1069.68	3166.41
1071.30	3182.10
1072.91	3166.41
1074.53	3162.22
1076.14	3176.87
1077.76	3162.22
1079.37	3158.04
1080.98	3138.15
1082.60	3153.85
1084.21	3164.31
1085.83	3156.99
1087.44	3158.04
1089.05	3141.29
1090.67	3149.66
1092.28	3151.76
1093.89	3164.31
1095.50	3160.13
1097.12	3141.29
1098.73	3154.90
1100.34	3140.25
1101.95	3161.18
1103.57	3159.08
1105.18	3141.29
1106.79	3141.29
1108.40	3151.76
1110.01	3152.80
1111.63	3154.90
1113.24	3161.18
1114.85	3149.66
1116.46	3151.76
1118.07	3161.18
1119.68	3147.57
1121.29	3152.80
1122.90	3147.57
1124.51	3145.48
1126.12	3155.94
1127.73	3164.31
1129.34	3165.36
1130.95	3162.22
1132.56	3160.13
1134.17	3135.02
1135.78	3145.48
1137.39	3159.08
1139.00	3160.13
1140.61	3148.62
1142.22	3156.99
1143.83	3146.53
1145.44	3153.85
1147.05	3143.39
1148.65	3158.04
1150.26	3143.39
1151.87	3142.34
1153.48	3152.80
1155.09	3161.18
1156.69	3151.76
1158.30	3137.11
1159.91	3142.34
1161.52	3161.18
1163.12	3152.80
1164.73	3150.71
1166.34	3152.80
1167.94	3152.80
1169.55	3151.76
1171.16	3148.62
1172.76	3155.94
1174.37	3155.94
1175.97	3167.45
1177.58	3142.34
1179.19	3159.08
1180.79	3149.66
1182.40	3153.85
1184.00	3146.53
1185.61	3160.13
1187.21	3160.13
1188.82	3147.57
1190.42	3155.94
1192.02	3156.99
1193.63	3139.20
1195.23	3153.85
1196.84	3161.18
1198.44	3153.85
1200.04	3161.18
1201.65	3155.94
1203.25	3159.08
1204.85	3152.80
1206.46	3130.83
1208.06	3147.57
1209.66	3151.76
1211.26	3137.11
1212.87	3155.94
1214.47	3142.34
1216.07	3148.62
1217.67	3152.80
1219.27	3149.66
1220.87	3147.57
1222.48	3144.43
1224.08	3146.53
1225.68	3141.29
1227.28	3140.25
1228.88	3137.11
1230.48	3156.99
1232.08	3129.78
1233.68	3136.06
1235.28	3144.43
1236.88	3133.97
1238.48	3125.60
1240.08	3148.62
1241.68	3120.37
1243.28	3125.60
1244.87	3118.27
1246.47	3127.69
1248.07	3105.72
1249.67	3109.90
1251.27	3121.41
1252.87	3107.81
1254.46	3104.67
1256.06	3102.58
1257.66	3109.90
1259.26	3103.62
1260.85	3104.67
1262.45	3103.62
1264.05	3108.86
1265.64	3100.48
1267.24	3095.25
1268.83	3098.39
1270.43	3103.62
1272.03	3117.23
1273.62	3099.44
1275.22	3088.97
1276.81	3096.30
1278.41	3088.97
1280.00	3100.48
1281.60	3086.88
1283.19	3079.56
1284.79	3088.97
1286.38	3086.88
1287.97	3096.30
1289.57	3094.21
1291.16	3084.79
1292.75	3073.28
1294.35	3083.74
1295.94	3081.65
1297.53	3086.88
1299.12	3072.23
1300.72	3093.16
1302.31	3070.14
1303.90	3085.83
1305.49	3087.93
1307.08	3062.81
1308.68	3062.81
1310.27	3055.49
1311.86	3061.77
1313.45	3058.63
1315.04	3061.77
1316.63	3061.77
1318.22	3058.63
1319.81	3046.07
1321.40	3048.16
1322.99	3063.86
1324.58	3046.07
1326.17	3039.79
1327.75	3035.61
1329.34	3040.84
1330.93	3034.56
1332.52	3030.38
1334.11	3022.00
1335.70	3034.56
1337.28	3024.10
1338.87	3034.56
1340.46	3022.00
1342.05	3015.73
1343.63	3006.31
1345.22	3007.35
1346.81	3016.77
1348.39	3011.54
1349.98	3011.54
1351.56	3005.26
1353.15	3001.08
1354.73	3001.08
1356.32	2989.57
1357.90	2988.52
1359.49	2990.61
1361.07	2969.68
1362.66	2981.19
1364.24	2973.87
1365.82	2978.06
1367.41	2979.10
1368.99	2963.41
1370.57	2960.27
1372.16	2964.45
1373.74	2962.36
1375.32	2964.45
1376.91	2947.71
1378.49	2922.60
1380.07	2911.09
1381.65	2918.41
1383.23	2899.58
1384.81	2896.44
1386.39	2894.34
1387.97	2895.39
1389.55	2888.06
1391.14	2877.60
1392.72	2856.67
1394.29	2856.67
1395.87	2856.67
1397.45	2851.44
1399.03	2852.49
1400.61	2860.86
1402.19	2843.07
1403.77	2825.28
1405.35	2846.21
1406.92	2835.74
1408.50	2831.56
1410.08	2834.70
1411.66	2823.19
1413.23	2825.28
1414.81	2831.56
1416.39	2817.96
1417.96	2828.42
1419.54	2823.19
1421.12	2820.05
1422.69	2823.19
1424.27	2810.63
1425.84	2821.10
1427.42	2812.72
1428.99	2816.91
1430.57	2816.91
1432.14	2812.72
1433.71	2812.72
1435.29	2827.37
1436.86	2813.77
1438.43	2805.40
1440.01	2803.31
1441.58	2685.06
1443.15	2813.77
1444.72	2814.82
1446.30	2804.35
1447.87	2812.72
1449.44	2794.94
1451.01	2786.56
1452.58	2811.68
1454.15	2814.82
1455.72	2802.26
1457.29	2803.31
1458.86	2810.63
1460.43	2802.26
1462.00	2820.05
1463.57	2812.72
1465.14	2810.63
1466.71	2793.89
1468.28	2805.40
1469.85	2815.86
1471.41	2821.10
1472.98	2802.26
1474.55	2821.10
1476.12	2806.45
1477.68	2800.17
1479.25	2819.00
1480.82	2810.63
1482.38	2814.82
1483.95	2802.26
1485.51	2823.19
1487.08	2828.42
1488.64	2813.77
1490.21	2808.54
1491.77	2801.21
1493.34	2821.10
1494.90	2809.58
1496.46	2813.77
1498.03	2820.05
1499.59	2821.10
1501.15	2811.68
1502.72	2817.96
1504.28	2824.23
1505.84	2817.96
1507.40	2808.54
1508.97	2827.37
1510.53	2822.14
1512.09	2834.70
1513.65	2837.84
1515.21	2830.51
1516.77	2815.86
1518.33	2831.56
1519.89	2830.51
1521.45	2833.65
1523.01	2824.23
1524.57	2825.28
1526.13	2821.10
1527.68	2829.47
1529.24	2835.74
1530.80	2829.47
1532.36	2838.88
1533.92	2830.51
1535.47	2822.14
1537.03	2829.47
1538.59	2834.70
1540.14	2828.42
1541.70	2813.77
1543.25	2842.02
1544.81	2833.65
1546.36	2846.21
1547.92	2820.05
1549.47	2827.37
1551.03	2828.42
1552.58	2825.28
1554.13	2823.19
1555.69	2833.65
1557.24	2820.05
1558.79	2821.10
1560.35	2820.05
1561.90	2829.47
1563.45	2823.19
1565.00	2824.23
1566.55	2812.72
1568.10	2813.77
1569.66	2811.68
1571.21	2830.51
1572.76	2829.47
1574.31	2825.28
1575.86	2821.10
1577.40	2809.58
1578.95	2808.54
1580.50	2808.54
1582.05	2802.26
1583.60	2805.40
1585.15	2799.12
1586.69	2800.17
1588.24	2804.35
1589.79	2812.72
1591.34	2806.45
1592.88	2813.77
1594.43	2785.52
1595.97	2802.26
1597.52	2806.45
1599.06	2808.54
1600.61	2798.07
1602.15	2810.63
1603.70	2800.17
1605.24	2799.12
1606.79	2798.07
1608.33	2791.80
1609.87	2789.70
1611.41	2797.03
1612.96	2793.89
1614.50	2785.52
1616.04	2783.42
1617.58	2784.47
1619.12	2781.33
1620.67	2785.52
1622.21	2764.59
1623.75	2782.38
1625.29	2766.68
1626.83	2777.15
1628.37	2794.94
1629.90	2770.87
1631.44	2766.68
1632.98	2770.87
1634.52	2746.80
1636.06	2758.31
1637.59	2766.68
1639.13	2754.13
1640.67	2753.08
1642.21	2742.62
1643.74	2748.89
1645.28	2721.69
1646.81	2711.22
1648.35	2721.69
1649.88	2701.81
1651.42	2710.18
1652.95	2691.34
1654.49	2721.69
1656.02	2693.43
1657.55	2701.81
1659.09	2685.06
1660.62	2699.71
1662.15	2682.97
1663.68	2682.97
1665.22	2682.97
1666.75	2681.92
1668.28	2673.55
1669.81	2695.53
1671.34	2677.74
1672.87	2686.11
1674.40	2687.16
1675.93	2675.65
1677.46	2665.18
1678.99	2659.95
1680.52	2656.81
1682.04	2680.88
1683.57	2670.41
1685.10	2670.41
1686.63	2664.13
1688.15	2676.69
1689.68	2656.81
1691.21	2656.81
1692.73	2654.72
1694.26	2662.04
1695.78	2656.81
1697.31	2658.90
1698.83	2647.39
1700.36	2653.67
1701.88	2641.11
1703.40	2659.95
1704.93	2650.53
1706.45	2650.53
