896.35	2659.95
897.98	2651.58
899.60	2662.04
901.22	2677.74
902.85	2662.04
904.47	2666.23
906.10	2679.83
907.72	2661.00
909.34	2679.83
910.97	2673.55
912.59	2695.53
914.21	2669.37
915.84	2672.51
917.46	2677.74
919.08	2680.88
920.71	2676.69
922.33	2695.53
923.95	2687.16
925.58	2713.32
927.20	2684.02
928.82	2689.25
930.44	2691.34
932.07	2699.71
933.69	2671.46
935.31	2690.29
936.93	2678.78
938.56	2695.53
940.18	2687.16
941.80	2698.67
943.42	2699.71
945.05	2727.97
946.67	2690.29
948.29	2700.76
949.91	2687.16
951.53	2718.55
953.16	2701.81
954.78	2712.27
956.40	2686.11
958.02	2703.90
959.64	2693.43
961.26	2702.85
962.88	2693.43
964.51	2699.71
966.13	2712.27
967.75	2726.92
969.37	2695.53
970.99	2710.18
972.61	2697.62
974.23	2718.55
975.85	2697.62
977.47	2714.36
979.09	2701.81
980.71	2715.41
982.33	2707.04
983.95	2722.73
985.57	2720.64
987.19	2714.36
988.81	2704.94
990.43	2714.36
992.05	2701.81
993.67	2730.06
995.29	2704.94
996.91	2713.32
998.53	2717.50
1000.15	2722.73
1001.77	2709.13
1003.39	2720.64
1005.01	2700.76
1006.63	2721.69
1008.25	2717.50
1009.86	2729.01
1011.48	2711.22
1013.10	2722.73
1014.72	2717.50
1016.34	2733.20
1017.96	2732.15
1019.58	2721.69
1021.19	2699.71
1022.81	2716.45
1024.43	2718.55
1026.05	2729.01
1027.66	2707.04
1029.28	2721.69
1030.90	2710.18
1032.52	2716.45
1034.13	2708.08
1035.75	2733.20
1037.37	2709.13
1038.98	2734.24
1040.60	2717.50
1042.22	2710.18
1043.83	2709.13
1045.45	2729.01
1047.07	2715.41
1048.68	2733.20
1050.30	2708.08
1051.92	2726.92
1053.53	2712.27
1055.15	2733.20
1056.76	2713.32
1058.38	2734.24
1059.99	2716.45
1061.61	2723.78
1063.22	2700.76
1064.84	2727.97
1066.46	2710.18
1068.07	2721.69
1069.68	2714.36
1071.30	2736.34
1072.91	2715.41
1074.53	2724.83
1076.14	2729.01
1077.76	2736.34
1079.37	2726.92
1080.98	2705.99
1082.60	2709.13
1084.21	2731.10
1085.83	2718.55
1087.44	2731.10
1089.05	2703.90
1090.67	2722.73
1092.28	2711.22
1093.89	2732.15
1095.50	2717.50
1097.12	2729.01
1098.73	2726.92
1100.34	2710.18
1101.95	2711.22
1103.57	2738.43
1105.18	2716.45
1106.79	2716.45
1108.40	2717.50
1110.01	2731.10
1111.63	2724.83
1113.24	2734.24
1114.85	2722.73
1116.46	2724.83
1118.07	2722.73
1119.68	2734.24
1121.29	2727.97
1122.90	2729.01
1124.51	2709.13
1126.12	2734.24
1127.73	2729.01
1129.34	2741.57
1130.95	2733.20
1132.56	2740.52
1134.17	2703.90
1135.78	2719.59
1137.39	2722.73
1139.00	2729.01
1140.61	2731.10
1142.22	2738.43
1143.83	2712.27
1145.44	2725.87
1147.05	2722.73
1148.65	2739.48
1150.26	2712.27
1151.87	2719.59
1153.48	2718.55
1155.09	2740.52
1156.69	2729.01
1158.30	2723.78
1159.91	2709.13
1161.52	2731.10
1163.12	2714.36
1164.73	2715.41
1166.34	2724.83
1167.94	2729.01
1169.55	2723.78
1171.16	2735.29
1172.76	2729.01
1174.37	2731.10
1175.97	2724.83
1177.58	2713.32
1179.19	2723.78
1180.79	2722.73
1182.40	2723.78
1184.00	2729.01
1185.61	2722.73
1187.21	2729.01
1188.82	2722.73
1190.42	2734.24
1192.02	2718.55
1193.63	2714.36
1195.23	2721.69
1196.84	2731.10
1198.44	2724.83
1200.04	2737.38
1201.65	2723.78
1203.25	2733.20
1204.85	2731.10
1206.46	2722.73
1208.06	2715.41
1209.66	2714.36
1211.26	2712.27
1212.87	2737.38
1214.47	2712.27
1216.07	2729.01
1217.67	2729.01
1219.27	2725.87
1220.87	2713.32
1222.48	2722.73
1224.08	2714.36
1225.68	2733.20
1227.28	2729.01
1228.88	2726.92
1230.48	2730.06
1232.08	2723.78
1233.68	2726.92
1235.28	2745.75
1236.88	2722.73
1238.48	2724.83
1240.08	2741.57
1241.68	2714.36
1243.28	2717.50
1244.87	2722.73
1246.47	2724.83
1248.07	2724.83
1249.67	2719.59
1251.27	2734.24
1252.87	2715.41
1254.46	2716.45
1256.06	2712.27
1257.66	2722.73
1259.26	2710.18
1260.85	2733.20
1262.45	2716.45
1264.05	2733.20
1265.64	2722.73
1267.24	2735.29
1268.83	2735.29
1270.43	2727.97
1272.03	2732.15
1273.62	2724.83
1275.22	2710.18
1276.81	2729.01
1278.41	2714.36
1280.00	2729.01
1281.60	2720.64
1283.19	2731.10
1284.79	2723.78
1286.38	2726.92
1287.97	2729.01
1289.57	2721.69
1291.16	2719.59
1292.75	2717.50
1294.35	2724.83
1295.94	2722.73
1297.53	2719.59
1299.12	2719.59
1300.72	2734.24
1302.31	2715.41
1303.90	2724.83
1305.49	2734.24
1307.08	2718.55
1308.68	2721.69
1310.27	2717.50
1311.86	2724.83
1313.45	2721.69
1315.04	2723.78
1316.63	2720.64
1318.22	2720.64
1319.81	2703.90
1321.40	2716.45
1322.99	2726.92
1324.58	2712.27
1326.17	2702.85
1327.75	2707.04
1329.34	2714.36
1330.93	2714.36
1332.52	2705.99
1334.11	2712.27
1335.70	2712.27
1337.28	2710.18
1338.87	2715.41
1340.46	2724.83
1342.05	2708.08
1343.63	2708.08
1345.22	2703.90
1346.81	2724.83
1348.39	2714.36
1349.98	2724.83
1351.56	2705.99
1353.15	2710.18
1354.73	2712.27
1356.32	2712.27
1357.90	2707.04
1359.49	2716.45
1361.07	2709.13
1362.66	2720.64
1364.24	2715.41
1365.82	2718.55
1367.41	2719.59
1368.99	2708.08
1370.57	2700.76
1372.16	2714.36
1373.74	2705.99
1375.32	2715.41
1376.91	2712.27
1378.49	2713.32
1380.07	2711.22
1381.65	2715.41
1383.23	2710.18
1384.81	2704.94
1386.39	2695.53
1387.97	2713.32
1389.55	2700.76
1391.14	2704.94
1392.72	2701.81
1394.29	2702.85
1395.87	2704.94
1397.45	2693.43
1399.03	2700.76
1400.61	2711.22
1402.19	2703.90
1403.77	2693.43
1405.35	2715.41
1406.92	2709.13
1408.50	2710.18
1410.08	2708.08
1411.66	2701.81
1413.23	2710.18
1414.81	2708.08
1416.39	2697.62
1417.96	2707.04
1419.54	2697.62
1421.12	2715.41
1422.69	2725.87
1424.27	2701.81
1425.84	2713.32
1427.42	2705.99
1428.99	2713.32
1430.57	2705.99
1432.14	2700.76
1433.71	2701.81
1435.29	2713.32
1436.86	2714.36
1438.43	2710.18
1440.01	2698.67
1441.58	2584.61
1443.15	2710.18
1444.72	2716.45
1446.30	2712.27
1447.87	2718.55
1449.44	2695.53
1451.01	2701.81
1452.58	2710.18
1454.15	2716.45
1455.72	2699.71
1457.29	2710.18
1458.86	2720.64
1460.43	2707.04
1462.00	2722.73
1463.57	2714.36
1465.14	2719.59
1466.71	2709.13
1468.28	2712.27
1469.85	2719.59
1471.41	2716.45
1472.98	2712.27
1474.55	2722.73
1476.12	2705.99
1477.68	2700.76
1479.25	2712.27
1480.82	2707.04
1482.38	2714.36
1483.95	2699.71
1485.51	2715.41
1487.08	2725.87
1488.64	2714.36
1490.21	2714.36
1491.77	2692.39
1493.34	2707.04
1494.90	2696.57
1496.46	2701.81
1498.03	2712.27
1499.59	2703.90
1501.15	2704.94
1502.72	2705.99
1504.28	2709.13
1505.84	2696.57
1507.40	2698.67
1508.97	2704.94
1510.53	2704.94
1512.09	2721.69
1513.65	2722.73
1515.21	2705.99
1516.77	2692.39
1518.33	2704.94
1519.89	2705.99
1521.45	2703.90
1523.01	2707.04
1524.57	2704.94
1526.13	2697.62
1527.68	2701.81
1529.24	2707.04
1530.80	2708.08
1532.36	2722.73
1533.92	2695.53
1535.47	2694.48
1537.03	2692.39
1538.59	2704.94
1540.14	2694.48
1541.70	2687.16
1543.25	2700.76
1544.81	2704.94
1546.36	2703.90
1547.92	2681.92
1549.47	2703.90
1551.03	2702.85
1552.58	2693.43
1554.13	2693.43
1555.69	2703.90
1557.24	2695.53
1558.79	2690.29
1560.35	2687.16
1561.90	2708.08
1563.45	2691.34
1565.00	2691.34
1566.55	2687.16
1568.10	2677.74
1569.66	2682.97
1571.21	2697.62
1572.76	2700.76
1574.31	2695.53
1575.86	2692.39
1577.40	2682.97
1578.95	2684.02
1580.50	2686.11
1582.05	2684.02
1583.60	2688.20
1585.15	2675.65
1586.69	2687.16
1588.24	2685.06
1589.79	2691.34
1591.34	2671.46
1592.88	2690.29
1594.43	2678.78
1595.97	2680.88
1597.52	2682.97
1599.06	2681.92
1600.61	2666.23
1602.15	2684.02
1603.70	2674.60
1605.24	2677.74
1606.79	2678.78
1608.33	2670.41
1609.87	2674.60
1611.41	2680.88
1612.96	2684.02
1614.50	2667.27
1616.04	2671.46
1617.58	2672.51
1619.12	2663.09
1620.67	2675.65
1622.21	2654.72
1623.75	2673.55
1625.29	2658.90
1626.83	2661.00
1628.37	2687.16
1629.90	2658.90
1631.44	2673.55
1632.98	2670.41
1634.52	2648.44
1636.06	2663.09
1637.59	2689.25
1639.13	2672.51
1640.67	2675.65
1642.21	2670.41
1643.74	2675.65
1645.28	2665.18
1646.81	2661.00
1648.35	2672.51
1649.88	2658.90
1651.42	2671.46
1652.95	2653.67
1654.49	2682.97
1656.02	2658.90
1657.55	2663.09
1659.09	2647.39
1660.62	2661.00
1662.15	2651.58
1663.68	2657.86
1665.22	2650.53
1666.75	2658.90
1668.28	2658.90
1669.81	2667.27
1671.34	2647.39
1672.87	2651.58
1674.40	2653.67
1675.93	2651.58
1677.46	2637.97
1678.99	2637.97
1680.52	2639.02
1682.04	2652.62
1683.57	2645.30
1685.10	2650.53
1686.63	2640.07
1688.15	2641.11
1689.68	2629.60
1691.21	2632.74
1692.73	2634.84
1694.26	2634.84
1695.78	2627.51
1697.31	2632.74
1698.83	2625.42
1700.36	2629.60
1701.88	2628.56
1703.40	2635.88
1704.93	2624.37
1706.45	2627.51
