896.35	2919.46
897.98	2924.69
899.60	2939.34
901.22	2953.99
902.85	2942.48
904.47	2955.03
906.10	2966.54
907.72	2963.41
909.34	2974.92
910.97	2990.61
912.59	3011.54
914.21	3034.56
915.84	3048.16
917.46	3078.51
919.08	3110.95
920.71	3119.32
922.33	3135.02
923.95	3137.11
925.58	3161.18
927.20	3153.85
928.82	3161.18
930.44	3175.82
932.07	3171.64
933.69	3166.41
935.31	3178.96
936.93	3191.52
938.56	3191.52
940.18	3196.75
941.80	3199.89
943.42	3205.12
945.05	3216.63
946.67	3206.17
948.29	3206.17
949.91	3203.03
951.53	3220.82
953.16	3230.24
954.78	3220.82
956.40	3209.31
958.02	3213.50
959.64	3219.77
961.26	3219.77
962.88	3211.40
964.51	3208.26
966.13	3233.38
967.75	3235.47
969.37	3212.45
970.99	3218.73
972.61	3218.73
974.23	3222.91
975.85	3226.05
977.47	3221.87
979.09	3214.54
980.71	3216.63
982.33	3225.01
983.95	3230.24
985.57	3239.66
987.19	3232.33
988.81	3240.70
990.43	3232.33
992.05	3236.52
993.67	3255.35
995.29	3239.66
996.91	3242.79
998.53	3268.95
1000.15	3265.82
1001.77	3260.58
1003.39	3263.72
1005.01	3273.14
1006.63	3279.42
1008.25	3279.42
1009.86	3285.70
1011.48	3277.33
1013.10	3281.51
1014.72	3289.88
1016.34	3296.16
1017.96	3316.04
1019.58	3301.39
1021.19	3299.30
1022.81	3305.58
1024.43	3308.72
1026.05	3312.90
1027.66	3317.09
1029.28	3318.14
1030.90	3310.81
1032.52	3305.58
1034.13	3324.41
1035.75	3338.02
1037.37	3328.60
1038.98	3325.46
1040.60	3327.55
1042.22	3319.18
1043.83	3325.46
1045.45	3323.37
1047.07	3334.88
1048.68	3335.92
1050.30	3321.27
1051.92	3338.02
1053.53	3324.41
1055.15	3332.78
1056.76	3332.78
1058.38	3340.11
1059.99	3340.11
1061.61	3338.02
1063.22	3321.27
1064.84	3333.83
1066.46	3324.41
1068.07	3315.00
1069.68	3321.27
1071.30	3335.92
1072.91	3317.09
1074.53	3322.32
1076.14	3336.97
1077.76	3316.04
1079.37	3320.23
1080.98	3302.44
1082.60	3319.18
1084.21	3315.00
1085.83	3309.76
1087.44	3320.23
1089.05	3304.53
1090.67	3308.72
1092.28	3308.72
1093.89	3319.18
1095.50	3309.76
1097.12	3301.39
1098.73	3309.76
1100.34	3297.21
1101.95	3308.72
1103.57	3311.86
1105.18	3296.16
1106.79	3294.07
1108.40	3304.53
1110.01	3297.21
1111.63	3308.72
1113.24	3312.90
1114.85	3308.72
1116.46	3299.30
1118.07	3307.67
1119.68	3298.25
1121.29	3315.00
1122.90	3304.53
1124.51	3299.30
1126.12	3311.86
1127.73	3310.81
1129.34	3317.09
1130.95	3312.90
1132.56	3316.04
1134.17	3291.98
1135.78	3299.30
1137.39	3303.49
1139.00	3296.16
1140.61	3302.44
1142.22	3307.67
1143.83	3302.44
1145.44	3299.30
1147.05	3298.25
1148.65	3305.58
1150.26	3291.98
1151.87	3290.93
1153.48	3293.02
1155.09	3302.44
1156.69	3294.07
1158.30	3294.07
1159.91	3293.02
1161.52	3304.53
1163.12	3307.67
1164.73	3296.16
1166.34	3311.86
1167.94	3304.53
1169.55	3309.76
1171.16	3307.67
1172.76	3310.81
1174.37	3312.90
1175.97	3313.95
1177.58	3287.79
1179.19	3310.81
1180.79	3302.44
1182.40	3306.62
1184.00	3302.44
1185.61	3312.90
1187.21	3304.53
1188.82	3305.58
1190.42	3304.53
1192.02	3298.25
1193.63	3291.98
1195.23	3300.35
1196.84	3307.67
1198.44	3306.62
1200.04	3315.00
1201.65	3310.81
1203.25	3299.30
1204.85	3311.86
1206.46	3298.25
1208.06	3301.39
1209.66	3288.84
1211.26	3293.02
1212.87	3319.18
1214.47	3301.39
1216.07	3298.25
1217.67	3297.21
1219.27	3287.79
1220.87	3287.79
1222.48	3298.25
1224.08	3288.84
1225.68	3288.84
1227.28	3294.07
1228.88	3283.60
1230.48	3291.98
1232.08	3275.23
1233.68	3284.65
1235.28	3283.60
1236.88	3273.14
1238.48	3262.68
1240.08	3286.74
1241.68	3259.54
1243.28	3268.95
1244.87	3264.77
1246.47	3258.49
1248.07	3252.21
1249.67	3258.49
1251.27	3265.82
1252.87	3248.03
1254.46	3246.98
1256.06	3246.98
1257.66	3244.89
1259.26	3232.33
1260.85	3244.89
1262.45	3234.42
1264.05	3238.61
1265.64	3238.61
1267.24	3235.47
1268.83	3232.33
1270.43	3227.10
1272.03	3257.44
1273.62	3236.52
1275.22	3212.45
1276.81	3217.68
1278.41	3219.77
1280.00	3227.10
1281.60	3218.73
1283.19	3213.50
1284.79	3220.82
1286.38	3216.63
1287.97	3218.73
1289.57	3208.26
1291.16	3212.45
1292.75	3200.94
1294.35	3205.12
1295.94	3199.89
1297.53	3204.08
1299.12	3193.61
1300.72	3212.45
1302.31	3180.01
1303.90	3204.08
1305.49	3205.12
1307.08	3187.34
1308.68	3187.34
1310.27	3186.29
1311.86	3189.43
1313.45	3180.01
1315.04	3180.01
1316.63	3183.15
1318.22	3161.18
1319.81	3160.13
1321.40	3175.82
1322.99	3173.73
1324.58	3150.71
1326.17	3159.08
1327.75	3152.80
1329.34	3155.94
1330.93	3153.85
1332.52	3149.66
1334.11	3147.57
1335.70	3145.48
1337.28	3131.88
1338.87	3136.06
1340.46	3137.11
1342.05	3135.02
1343.63	3126.64
1345.22	3120.37
1346.81	3131.88
1348.39	3124.55
1349.98	3121.41
1351.56	3103.62
1353.15	3101.53
1354.73	3105.72
1356.32	3091.07
1357.90	3094.21
1359.49	3100.48
1361.07	3082.70
1362.66	3074.32
1364.24	3075.37
1365.82	3076.42
1367.41	3075.37
1368.99	3058.63
1370.57	3051.30
1372.16	3053.40
1373.74	3056.54
1375.32	3053.40
1376.91	3041.89
1378.49	3018.86
1380.07	2992.70
1381.65	2982.24
1383.23	2970.73
1384.81	2983.29
1386.39	2969.68
1387.97	2971.78
1389.55	2967.59
1391.14	2958.17
1392.72	2944.57
1394.29	2939.34
1395.87	2935.15
1397.45	2918.41
1399.03	2928.87
1400.61	2920.50
1402.19	2908.99
1403.77	2902.71
1405.35	2916.32
1406.92	2906.90
1408.50	2899.58
1410.08	2899.58
1411.66	2889.11
1413.23	2901.67
1414.81	2903.76
1416.39	2880.74
1417.96	2890.16
1419.54	2872.37
1421.12	2885.97
1422.69	2897.48
1424.27	2881.79
1425.84	2884.93
1427.42	2882.83
1428.99	2882.83
1430.57	2881.79
1432.14	2881.79
1433.71	2879.69
1435.29	2880.74
1436.86	2885.97
1438.43	2876.55
1440.01	2865.04
1441.58	2753.08
1443.15	2876.55
1444.72	2875.51
1446.30	2873.42
1447.87	2878.65
1449.44	2871.32
1451.01	2857.72
1452.58	2871.32
1454.15	2869.23
1455.72	2859.81
1457.29	2857.72
1458.86	2866.09
1460.43	2861.90
1462.00	2887.02
1463.57	2865.04
1465.14	2871.32
1466.71	2862.95
1468.28	2868.18
1469.85	2875.51
1471.41	2871.32
1472.98	2859.81
1474.55	2874.46
1476.12	2860.86
1477.68	2857.72
1479.25	2876.55
1480.82	2860.86
1482.38	2871.32
1483.95	2861.90
1485.51	2881.79
1487.08	2880.74
1488.64	2869.23
1490.21	2884.93
1491.77	2869.23
1493.34	2880.74
1494.90	2857.72
1496.46	2870.28
1498.03	2865.04
1499.59	2877.60
1501.15	2875.51
1502.72	2875.51
1504.28	2876.55
1505.84	2871.32
1507.40	2872.37
1508.97	2892.25
1510.53	2883.88
1512.09	2883.88
1513.65	2884.93
1515.21	2882.83
1516.77	2873.42
1518.33	2897.48
1519.89	2889.11
1521.45	2887.02
1523.01	2884.93
1524.57	2892.25
1526.13	2891.20
1527.68	2895.39
1529.24	2903.76
1530.80	2889.11
1532.36	2899.58
1533.92	2884.93
1535.47	2876.55
1537.03	2891.20
1538.59	2889.11
1540.14	2873.42
1541.70	2874.46
1543.25	2890.16
1544.81	2889.11
1546.36	2894.34
1547.92	2881.79
1549.47	2890.16
1551.03	2882.83
1552.58	2872.37
1554.13	2876.55
1555.69	2884.93
1557.24	2866.09
1558.79	2873.42
1560.35	2867.14
1561.90	2877.60
1563.45	2872.37
1565.00	2883.88
1566.55	2871.32
1568.10	2870.28
1569.66	2862.95
1571.21	2875.51
1572.76	2874.46
1574.31	2873.42
1575.86	2865.04
1577.40	2857.72
1578.95	2865.04
1580.50	2856.67
1582.05	2846.21
1583.60	2849.35
1585.15	2847.26
1586.69	2862.95
1588.24	2866.09
1589.79	2865.04
1591.34	2848.30
1592.88	2859.81
1594.43	2832.61
1595.97	2850.39
1597.52	2851.44
1599.06	2856.67
1600.61	2847.26
1602.15	2858.77
1603.70	2842.02
1605.24	2845.16
1606.79	2852.49
1608.33	2836.79
1609.87	2834.70
1611.41	2850.39
1612.96	2848.30
1614.50	2833.65
1616.04	2833.65
1617.58	2836.79
1619.12	2823.19
1620.67	2834.70
1622.21	2814.82
1623.75	2833.65
1625.29	2817.96
1626.83	2822.14
1628.37	2833.65
1629.90	2807.49
1631.44	2803.31
1632.98	2812.72
1634.52	2801.21
1636.06	2798.07
1637.59	2807.49
1639.13	2778.19
1640.67	2780.29
1642.21	2770.87
1643.74	2760.40
1645.28	2746.80
1646.81	2737.38
1648.35	2749.94
1649.88	2721.69
1651.42	2727.97
1652.95	2710.18
1654.49	2738.43
1656.02	2721.69
1657.55	2722.73
1659.09	2692.39
1660.62	2710.18
1662.15	2696.57
1663.68	2703.90
1665.22	2697.62
1666.75	2698.67
1668.28	2693.43
1669.81	2708.08
1671.34	2695.53
1672.87	2701.81
1674.40	2699.71
1675.93	2688.20
1677.46	2677.74
1678.99	2670.41
1680.52	2671.46
1682.04	2680.88
1683.57	2672.51
1685.10	2685.06
1686.63	2674.60
1688.15	2677.74
1689.68	2667.27
1691.21	2668.32
1692.73	2672.51
1694.26	2676.69
1695.78	2658.90
1697.31	2665.18
1698.83	2657.86
1700.36	2659.95
1701.88	2658.90
1703.40	2682.97
1704.93	2657.86
1706.45	2659.95
