896.35	3085.83
897.98	3099.44
899.60	3099.44
901.22	3129.78
902.85	3113.04
904.47	3130.83
906.10	3135.02
907.72	3151.76
909.34	3159.08
910.97	3188.38
912.59	3205.12
914.21	3248.03
915.84	3271.05
917.46	3331.74
919.08	3346.39
920.71	3377.78
922.33	3393.48
923.95	3415.45
925.58	3435.33
927.20	3440.56
928.82	3440.56
930.44	3482.42
932.07	3465.68
933.69	3469.86
935.31	3474.05
936.93	3494.98
938.56	3499.16
940.18	3512.77
941.80	3490.79
943.42	3522.18
945.05	3530.55
946.67	3528.46
948.29	3527.42
949.91	3527.42
951.53	3529.51
953.16	3548.34
954.78	3527.42
956.40	3521.14
958.02	3512.77
959.64	3529.51
961.26	3524.28
962.88	3534.74
964.51	3524.28
966.13	3550.44
967.75	3533.69
969.37	3519.04
970.99	3521.14
972.61	3530.55
974.23	3523.23
975.85	3536.83
977.47	3524.28
979.09	3546.25
980.71	3526.37
982.33	3546.25
983.95	3549.39
985.57	3566.13
987.19	3546.25
988.81	3570.32
990.43	3547.30
992.05	3556.71
993.67	3568.22
995.29	3574.50
996.91	3555.67
998.53	3594.38
1000.15	3590.20
1001.77	3606.94
1003.39	3602.76
1005.01	3618.45
1006.63	3616.36
1008.25	3632.06
1009.86	3632.06
1011.48	3644.61
1013.10	3631.01
1014.72	3655.08
1016.34	3635.19
1017.96	3672.86
1019.58	3646.70
1021.19	3664.49
1022.81	3655.08
1024.43	3683.33
1026.05	3664.49
1027.66	3686.47
1029.28	3673.91
1030.90	3692.75
1032.52	3674.96
1034.13	3703.21
1035.75	3704.26
1037.37	3713.67
1038.98	3707.40
1040.60	3708.44
1042.22	3682.28
1043.83	3704.26
1045.45	3694.84
1047.07	3716.81
1048.68	3709.49
1050.30	3718.91
1051.92	3703.21
1053.53	3721.00
1055.15	3708.44
1056.76	3716.81
1058.38	3699.02
1059.99	3726.23
1061.61	3702.16
1063.22	3706.35
1064.84	3702.16
1066.46	3708.44
1068.07	3695.89
1069.68	3707.40
1071.30	3702.16
1072.91	3706.35
1074.53	3679.14
1076.14	3706.35
1077.76	3673.91
1079.37	3692.75
1080.98	3663.45
1082.60	3699.02
1084.21	3681.24
1085.83	3688.56
1087.44	3667.63
1089.05	3673.91
1090.67	3661.35
1092.28	3666.59
1093.89	3667.63
1095.50	3671.82
1097.12	3662.40
1098.73	3687.51
1100.34	3652.98
1101.95	3673.91
1103.57	3655.08
1105.18	3666.59
1106.79	3645.66
1108.40	3672.86
1110.01	3655.08
1111.63	3672.86
1113.24	3671.82
1114.85	3676.00
1116.46	3649.84
1118.07	3674.96
1119.68	3657.17
1121.29	3673.91
1122.90	3652.98
1124.51	3669.73
1126.12	3665.54
1127.73	3683.33
1129.34	3679.14
1130.95	3690.65
1132.56	3676.00
1134.17	3660.31
1135.78	3659.26
1137.39	3677.05
1139.00	3656.12
1140.61	3674.96
1142.22	3668.68
1143.83	3677.05
1145.44	3664.49
1147.05	3671.82
1148.65	3664.49
1150.26	3661.35
1151.87	3645.66
1153.48	3667.63
1155.09	3665.54
1156.69	3682.28
1158.30	3660.31
1159.91	3681.24
1161.52	3674.96
1163.12	3682.28
1164.73	3667.63
1166.34	3695.89
1167.94	3674.96
1169.55	3688.56
1171.16	3674.96
1172.76	3691.70
1174.37	3673.91
1175.97	3686.47
1177.58	3651.94
1179.19	3683.33
1180.79	3667.63
1182.40	3689.61
1184.00	3670.77
1185.61	3692.75
1187.21	3678.10
1188.82	3690.65
1190.42	3683.33
1192.02	3693.79
1193.63	3666.59
1195.23	3690.65
1196.84	3681.24
1198.44	3691.70
1200.04	3687.51
1201.65	3688.56
1203.25	3670.77
1204.85	3688.56
1206.46	3647.75
1208.06	3667.63
1209.66	3652.98
1211.26	3661.35
1212.87	3670.77
1214.47	3659.26
1216.07	3656.12
1217.67	3669.73
1219.27	3650.89
1220.87	3662.40
1222.48	3651.94
1224.08	3650.89
1225.68	3641.47
1227.28	3652.98
1228.88	3639.38
1230.48	3654.03
1232.08	3631.01
1233.68	3663.45
1235.28	3642.52
1236.88	3638.33
1238.48	3620.54
1240.08	3651.94
1241.68	3591.25
1243.28	3617.41
1244.87	3601.71
1246.47	3602.76
1248.07	3576.60
1249.67	3595.43
1251.27	3597.52
1252.87	3584.97
1254.46	3573.46
1256.06	3579.74
1257.66	3570.32
1259.26	3576.60
1260.85	3576.60
1262.45	3589.15
1264.05	3576.60
1265.64	3574.50
1267.24	3557.76
1268.83	3576.60
1270.43	3554.62
1272.03	3574.50
1273.62	3554.62
1275.22	3551.48
1276.81	3548.34
1278.41	3553.58
1280.00	3543.11
1281.60	3547.30
1283.19	3526.37
1284.79	3538.93
1286.38	3534.74
1287.97	3553.58
1289.57	3525.32
1291.16	3528.46
1292.75	3505.44
1294.35	3526.37
1295.94	3521.14
1297.53	3531.60
1299.12	3506.49
1300.72	3523.23
1302.31	3492.88
1303.90	3524.28
1305.49	3504.39
1307.08	3499.16
1308.68	3477.19
1310.27	3497.07
1311.86	3490.79
1313.45	3491.84
1315.04	3482.42
1316.63	3482.42
1318.22	3473.00
1319.81	3479.28
1321.40	3463.58
1322.99	3471.96
1324.58	3439.52
1326.17	3447.89
1327.75	3441.61
1329.34	3448.94
1330.93	3425.91
1332.52	3433.24
1334.11	3421.73
1335.70	3424.87
1337.28	3414.40
1338.87	3423.82
1340.46	3408.13
1342.05	3413.36
1343.63	3400.80
1345.22	3407.08
1346.81	3402.89
1348.39	3395.57
1349.98	3391.38
1351.56	3375.69
1353.15	3361.04
1354.73	3358.94
1356.32	3335.92
1357.90	3351.62
1359.49	3348.48
1361.07	3313.95
1362.66	3303.49
1364.24	3319.18
1365.82	3316.04
1367.41	3320.23
1368.99	3288.84
1370.57	3291.98
1372.16	3294.07
1373.74	3285.70
1375.32	3272.09
1376.91	3254.30
1378.49	3215.59
1380.07	3183.15
1381.65	3169.55
1383.23	3151.76
1384.81	3154.90
1386.39	3149.66
1387.97	3148.62
1389.55	3142.34
1391.14	3130.83
1392.72	3107.81
1394.29	3092.11
1395.87	3074.32
1397.45	3063.86
1399.03	3073.28
1400.61	3053.40
1402.19	3055.49
1403.77	3027.24
1405.35	3046.07
1406.92	3033.51
1408.50	3038.75
1410.08	3023.05
1411.66	3018.86
1413.23	3007.35
1414.81	3014.68
1416.39	2998.98
1417.96	3011.54
1419.54	3002.12
1421.12	3009.45
1422.69	3004.22
1424.27	2998.98
1425.84	3002.12
1427.42	2998.98
1428.99	3000.03
1430.57	2997.94
1432.14	2980.15
1433.71	2988.52
1435.29	3001.08
1436.86	3000.03
1438.43	2988.52
1440.01	2984.33
1441.58	2868.18
1443.15	2984.33
1444.72	2978.06
1446.30	2975.96
1447.87	2981.19
1449.44	2981.19
1451.01	2955.03
1452.58	2973.87
1454.15	2972.82
1455.72	2973.87
1457.29	2971.78
1458.86	2982.24
1460.43	2971.78
1462.00	2991.66
1463.57	2973.87
1465.14	2982.24
1466.71	2964.45
1468.28	2971.78
1469.85	2965.50
1471.41	2987.47
1472.98	2974.92
1474.55	2985.38
1476.12	2965.50
1477.68	2964.45
1479.25	2981.19
1480.82	2975.96
1482.38	2981.19
1483.95	2970.73
1485.51	2973.87
1487.08	2991.66
1488.64	2984.33
1490.21	2988.52
1491.77	2972.82
1493.34	2995.84
1494.90	2977.01
1496.46	2979.10
1498.03	2979.10
1499.59	2989.57
1501.15	2983.29
1502.72	2990.61
1504.28	3000.03
1505.84	2994.80
1507.40	2990.61
1508.97	3007.35
1510.53	2996.89
1512.09	3008.40
1513.65	3006.31
1515.21	3005.26
1516.77	2993.75
1518.33	3018.86
1519.89	3007.35
1521.45	3008.40
1523.01	3006.31
1524.57	3019.91
1526.13	3014.68
1527.68	3022.00
1529.24	3023.05
1530.80	3015.73
1532.36	3023.05
1533.92	3015.73
1535.47	3001.08
1537.03	3013.63
1538.59	3015.73
1540.14	3011.54
1541.70	2997.94
1543.25	3023.05
1544.81	3013.63
1546.36	3015.73
1547.92	3001.08
1549.47	3011.54
1551.03	2998.98
1552.58	3001.08
1554.13	3002.12
1555.69	3015.73
1557.24	2989.57
1558.79	2995.84
1560.35	2993.75
1561.90	3010.49
1563.45	2993.75
1565.00	3004.22
1566.55	2989.57
1568.10	2988.52
1569.66	2971.78
1571.21	2991.66
1572.76	2988.52
1574.31	2991.66
1575.86	2987.47
1577.40	2985.38
1578.95	2982.24
1580.50	2980.15
1582.05	2963.41
1583.60	2981.19
1585.15	2970.73
1586.69	2973.87
1588.24	2980.15
1589.79	2988.52
1591.34	2962.36
1592.88	2978.06
1594.43	2957.13
1595.97	2965.50
1597.52	2968.64
1599.06	2971.78
1600.61	2965.50
1602.15	2975.96
1603.70	2961.31
1605.24	2962.36
1606.79	2957.13
1608.33	2949.80
1609.87	2948.76
1611.41	2961.31
1612.96	2961.31
1614.50	2941.43
1616.04	2934.11
1617.58	2946.66
1619.12	2941.43
1620.67	2950.85
1622.21	2919.46
1623.75	2939.34
1625.29	2920.50
1626.83	2927.83
1628.37	2935.15
1629.90	2913.18
1631.44	2897.48
1632.98	2905.85
1634.52	2871.32
1636.06	2878.65
1637.59	2889.11
1639.13	2866.09
1640.67	2852.49
1642.21	2839.93
1643.74	2837.84
1645.28	2813.77
1646.81	2803.31
1648.35	2804.35
1649.88	2762.50
1651.42	2776.10
1652.95	2760.40
1654.49	2770.87
1656.02	2753.08
1657.55	2754.13
1659.09	2722.73
1660.62	2743.66
1662.15	2729.01
1663.68	2738.43
1665.22	2720.64
1666.75	2717.50
1668.28	2722.73
1669.81	2739.48
1671.34	2714.36
1672.87	2709.13
1674.40	2720.64
1675.93	2711.22
1677.46	2695.53
1678.99	2697.62
1680.52	2693.43
1682.04	2708.08
1683.57	2693.43
1685.10	2693.43
1686.63	2682.97
1688.15	2699.71
1689.68	2679.83
1691.21	2685.06
1692.73	2687.16
1694.26	2687.16
1695.78	2684.02
1697.31	2684.02
1698.83	2674.60
1700.36	2680.88
1701.88	2673.55
1703.40	2685.06
1704.93	2675.65
1706.45	2674.60
