896.35	2956.08
897.98	2969.68
899.60	2978.06
901.22	2995.84
902.85	2983.29
904.47	2997.94
906.10	3001.08
907.72	3007.35
909.34	3015.73
910.97	3032.47
912.59	3055.49
914.21	3075.37
915.84	3091.07
917.46	3142.34
919.08	3158.04
920.71	3171.64
922.33	3189.43
923.95	3197.80
925.58	3229.19
927.20	3219.77
928.82	3238.61
930.44	3256.40
932.07	3232.33
933.69	3236.52
935.31	3253.26
936.93	3266.86
938.56	3267.91
940.18	3270.00
941.80	3270.00
943.42	3278.37
945.05	3291.98
946.67	3274.19
948.29	3283.60
949.91	3278.37
951.53	3304.53
953.16	3299.30
954.78	3298.25
956.40	3280.46
958.02	3281.51
959.64	3290.93
961.26	3290.93
962.88	3291.98
964.51	3273.14
966.13	3302.44
967.75	3299.30
969.37	3291.98
970.99	3287.79
972.61	3282.56
974.23	3286.74
975.85	3287.79
977.47	3298.25
979.09	3294.07
980.71	3283.60
982.33	3301.39
983.95	3305.58
985.57	3322.32
987.19	3305.58
988.81	3303.49
990.43	3303.49
992.05	3317.09
993.67	3328.60
995.29	3317.09
996.91	3311.86
998.53	3341.16
1000.15	3336.97
1001.77	3348.48
1003.39	3344.30
1005.01	3353.71
1006.63	3355.81
1008.25	3363.13
1009.86	3365.22
1011.48	3357.90
1013.10	3357.90
1014.72	3369.41
1016.34	3372.55
1017.96	3392.43
1019.58	3377.78
1021.19	3376.73
1022.81	3388.24
1024.43	3394.52
1026.05	3397.66
1027.66	3412.31
1029.28	3397.66
1030.90	3399.75
1032.52	3388.24
1034.13	3408.13
1035.75	3408.13
1037.37	3418.59
1038.98	3432.19
1040.60	3413.36
1042.22	3403.94
1043.83	3415.45
1045.45	3426.96
1047.07	3424.87
1048.68	3419.64
1050.30	3406.03
1051.92	3417.54
1053.53	3425.91
1055.15	3423.82
1056.76	3424.87
1058.38	3424.87
1059.99	3429.05
1061.61	3419.64
1063.22	3414.40
1064.84	3418.59
1066.46	3409.17
1068.07	3410.22
1069.68	3426.96
1071.30	3421.73
1072.91	3416.50
1074.53	3408.13
1076.14	3420.68
1077.76	3416.50
1079.37	3410.22
1080.98	3379.87
1082.60	3403.94
1084.21	3402.89
1085.83	3408.13
1087.44	3404.99
1089.05	3396.62
1090.67	3394.52
1092.28	3388.24
1093.89	3396.62
1095.50	3395.57
1097.12	3387.20
1098.73	3406.03
1100.34	3379.87
1101.95	3398.71
1103.57	3399.75
1105.18	3379.87
1106.79	3377.78
1108.40	3393.48
1110.01	3391.38
1111.63	3389.29
1113.24	3396.62
1114.85	3394.52
1116.46	3396.62
1118.07	3402.89
1119.68	3383.01
1121.29	3393.48
1122.90	3386.15
1124.51	3388.24
1126.12	3406.03
1127.73	3416.50
1129.34	3407.08
1130.95	3409.17
1132.56	3407.08
1134.17	3378.83
1135.78	3383.01
1137.39	3393.48
1139.00	3387.20
1140.61	3389.29
1142.22	3395.57
1143.83	3387.20
1145.44	3392.43
1147.05	3383.01
1148.65	3384.06
1150.26	3378.83
1151.87	3379.87
1153.48	3393.48
1155.09	3390.34
1156.69	3394.52
1158.30	3379.87
1159.91	3391.38
1161.52	3396.62
1163.12	3396.62
1164.73	3378.83
1166.34	3387.20
1167.94	3386.15
1169.55	3394.52
1171.16	3391.38
1172.76	3400.80
1174.37	3390.34
1175.97	3401.85
1177.58	3377.78
1179.19	3407.08
1180.79	3386.15
1182.40	3391.38
1184.00	3395.57
1185.61	3407.08
1187.21	3406.03
1188.82	3402.89
1190.42	3397.66
1192.02	3398.71
1193.63	3378.83
1195.23	3396.62
1196.84	3397.66
1198.44	3397.66
1200.04	3399.75
1201.65	3397.66
1203.25	3395.57
1204.85	3397.66
1206.46	3372.55
1208.06	3383.01
1209.66	3376.73
1211.26	3385.10
1212.87	3401.85
1214.47	3380.92
1216.07	3386.15
1217.67	3385.10
1219.27	3370.46
1220.87	3381.97
1222.48	3383.01
1224.08	3379.87
1225.68	3378.83
1227.28	3372.55
1228.88	3368.36
1230.48	3378.83
1232.08	3362.08
1233.68	3370.46
1235.28	3373.59
1236.88	3361.04
1238.48	3348.48
1240.08	3363.13
1241.68	3339.06
1243.28	3348.48
1244.87	3349.53
1246.47	3343.25
1248.07	3339.06
1249.67	3344.30
1251.27	3346.39
1252.87	3327.55
1254.46	3323.37
1256.06	3332.78
1257.66	3332.78
1259.26	3325.46
1260.85	3321.27
1262.45	3318.14
1264.05	3318.14
1265.64	3312.90
1267.24	3317.09
1268.83	3311.86
1270.43	3310.81
1272.03	3326.51
1273.62	3304.53
1275.22	3296.16
1276.81	3302.44
1278.41	3298.25
1280.00	3305.58
1281.60	3302.44
1283.19	3298.25
1284.79	3308.72
1286.38	3294.07
1287.97	3309.76
1289.57	3297.21
1291.16	3294.07
1292.75	3273.14
1294.35	3284.65
1295.94	3278.37
1297.53	3282.56
1299.12	3273.14
1300.72	3289.88
1302.31	3255.35
1303.90	3278.37
1305.49	3276.28
1307.08	3258.49
1308.68	3260.58
1310.27	3264.77
1311.86	3257.44
1313.45	3256.40
1315.04	3246.98
1316.63	3252.21
1318.22	3252.21
1319.81	3248.03
1321.40	3243.84
1322.99	3246.98
1324.58	3219.77
1326.17	3233.38
1327.75	3213.50
1329.34	3221.87
1330.93	3212.45
1332.52	3210.36
1334.11	3201.98
1335.70	3205.12
1337.28	3201.98
1338.87	3207.22
1340.46	3199.89
1342.05	3196.75
1343.63	3189.43
1345.22	3193.61
1346.81	3201.98
1348.39	3188.38
1349.98	3183.15
1351.56	3181.06
1353.15	3169.55
1354.73	3167.45
1356.32	3151.76
1357.90	3149.66
1359.49	3143.39
1361.07	3127.69
1362.66	3127.69
1364.24	3129.78
1365.82	3135.02
1367.41	3137.11
1368.99	3100.48
1370.57	3100.48
1372.16	3115.13
1373.74	3106.76
1375.32	3095.25
1376.91	3082.70
1378.49	3056.54
1380.07	3038.75
1381.65	3027.24
1383.23	3015.73
1384.81	3015.73
1386.39	3004.22
1387.97	3002.12
1389.55	2984.33
1391.14	2982.24
1392.72	2968.64
1394.29	2964.45
1395.87	2956.08
1397.45	2949.80
1399.03	2948.76
1400.61	2940.38
1402.19	2933.06
1403.77	2913.18
1405.35	2926.78
1406.92	2918.41
1408.50	2914.22
1410.08	2911.09
1411.66	2905.85
1413.23	2911.09
1414.81	2914.22
1416.39	2904.81
1417.96	2912.13
1419.54	2900.62
1421.12	2899.58
1422.69	2896.44
1424.27	2891.20
1425.84	2904.81
1427.42	2889.11
1428.99	2894.34
1430.57	2893.30
1432.14	2890.16
1433.71	2884.93
1435.29	2896.44
1436.86	2888.06
1438.43	2890.16
1440.01	2892.25
1441.58	2768.78
1443.15	2879.69
1444.72	2887.02
1446.30	2892.25
1447.87	2896.44
1449.44	2883.88
1451.01	2868.18
1452.58	2891.20
1454.15	2885.97
1455.72	2876.55
1457.29	2877.60
1458.86	2887.02
1460.43	2870.28
1462.00	2890.16
1463.57	2875.51
1465.14	2885.97
1466.71	2878.65
1468.28	2877.60
1469.85	2874.46
1471.41	2884.93
1472.98	2877.60
1474.55	2895.39
1476.12	2884.93
1477.68	2879.69
1479.25	2879.69
1480.82	2875.51
1482.38	2888.06
1483.95	2880.74
1485.51	2893.30
1487.08	2898.53
1488.64	2893.30
1490.21	2893.30
1491.77	2885.97
1493.34	2910.04
1494.90	2894.34
1496.46	2896.44
1498.03	2888.06
1499.59	2890.16
1501.15	2891.20
1502.72	2896.44
1504.28	2896.44
1505.84	2893.30
1507.40	2890.16
1508.97	2904.81
1510.53	2902.71
1512.09	2911.09
1513.65	2913.18
1515.21	2904.81
1516.77	2882.83
1518.33	2911.09
1519.89	2913.18
1521.45	2903.76
1523.01	2906.90
1524.57	2912.13
1526.13	2910.04
1527.68	2914.22
1529.24	2922.60
1530.80	2905.85
1532.36	2919.46
1533.92	2916.32
1535.47	2901.67
1537.03	2898.53
1538.59	2912.13
1540.14	2904.81
1541.70	2897.48
1543.25	2921.55
1544.81	2913.18
1546.36	2913.18
1547.92	2900.62
1549.47	2908.99
1551.03	2907.95
1552.58	2907.95
1554.13	2902.71
1555.69	2908.99
1557.24	2903.76
1558.79	2892.25
1560.35	2899.58
1561.90	2906.90
1563.45	2895.39
1565.00	2902.71
1566.55	2891.20
1568.10	2885.97
1569.66	2883.88
1571.21	2902.71
1572.76	2889.11
1574.31	2894.34
1575.86	2892.25
1577.40	2884.93
1578.95	2890.16
1580.50	2890.16
1582.05	2871.32
1583.60	2879.69
1585.15	2876.55
1586.69	2875.51
1588.24	2876.55
1589.79	2885.97
1591.34	2868.18
1592.88	2880.74
1594.43	2856.67
1595.97	2874.46
1597.52	2872.37
1599.06	2872.37
1600.61	2869.23
1602.15	2888.06
1603.70	2870.28
1605.24	2884.93
1606.79	2869.23
1608.33	2860.86
1609.87	2856.67
1611.41	2869.23
1612.96	2870.28
1614.50	2857.72
1616.04	2862.95
1617.58	2870.28
1619.12	2847.26
1620.67	2854.58
1622.21	2839.93
1623.75	2854.58
1625.29	2840.98
1626.83	2844.12
1628.37	2854.58
1629.90	2835.74
1631.44	2827.37
1632.98	2832.61
1634.52	2812.72
1636.06	2822.14
1637.59	2828.42
1639.13	2798.07
1640.67	2798.07
1642.21	2791.80
1643.74	2786.56
1645.28	2766.68
1646.81	2754.13
1648.35	2762.50
1649.88	2735.29
1651.42	2744.71
1652.95	2722.73
1654.49	2741.57
1656.02	2718.55
1657.55	2717.50
1659.09	2694.48
1660.62	2716.45
1662.15	2711.22
1663.68	2710.18
1665.22	2703.90
1666.75	2708.08
1668.28	2689.25
1669.81	2711.22
1671.34	2695.53
1672.87	2695.53
1674.40	2699.71
1675.93	2682.97
1677.46	2674.60
1678.99	2676.69
1680.52	2682.97
1682.04	2689.25
1683.57	2678.78
1685.10	2685.06
1686.63	2670.41
1688.15	2673.55
1689.68	2669.37
1691.21	2675.65
1692.73	2679.83
1694.26	2680.88
1695.78	2667.27
1697.31	2672.51
1698.83	2657.86
1700.36	2673.55
1701.88	2664.13
1703.40	2671.46
1704.93	2658.90
1706.45	2666.23
