896.35	2903.76
897.98	2907.95
899.60	2908.99
901.22	2925.74
902.85	2922.60
904.47	2927.83
906.10	2933.06
907.72	2942.48
909.34	2956.08
910.97	2967.59
912.59	2980.15
914.21	2997.94
915.84	3016.77
917.46	3051.30
919.08	3061.77
920.71	3074.32
922.33	3099.44
923.95	3104.67
925.58	3131.88
927.20	3119.32
928.82	3123.50
930.44	3137.11
932.07	3132.92
933.69	3122.46
935.31	3131.88
936.93	3145.48
938.56	3150.71
940.18	3149.66
941.80	3155.94
943.42	3170.59
945.05	3180.01
946.67	3164.31
948.29	3175.82
949.91	3173.73
951.53	3186.29
953.16	3187.34
954.78	3181.06
956.40	3164.31
958.02	3170.59
959.64	3168.50
961.26	3178.96
962.88	3174.78
964.51	3163.27
966.13	3187.34
967.75	3175.82
969.37	3163.27
970.99	3175.82
972.61	3170.59
974.23	3180.01
975.85	3172.69
977.47	3180.01
979.09	3171.64
980.71	3177.92
982.33	3181.06
983.95	3187.34
985.57	3200.94
987.19	3197.80
988.81	3201.98
990.43	3195.71
992.05	3192.57
993.67	3203.03
995.29	3197.80
996.91	3196.75
998.53	3216.63
1000.15	3221.87
1001.77	3220.82
1003.39	3219.77
1005.01	3222.91
1006.63	3222.91
1008.25	3231.28
1009.86	3241.75
1011.48	3238.61
1013.10	3239.66
1014.72	3242.79
1016.34	3239.66
1017.96	3262.68
1019.58	3245.93
1021.19	3252.21
1022.81	3251.17
1024.43	3259.54
1026.05	3259.54
1027.66	3272.09
1029.28	3268.95
1030.90	3268.95
1032.52	3263.72
1034.13	3268.95
1035.75	3281.51
1037.37	3280.46
1038.98	3288.84
1040.60	3270.00
1042.22	3268.95
1043.83	3273.14
1045.45	3289.88
1047.07	3284.65
1048.68	3287.79
1050.30	3277.33
1051.92	3281.51
1053.53	3276.28
1055.15	3277.33
1056.76	3282.56
1058.38	3289.88
1059.99	3295.11
1061.61	3287.79
1063.22	3281.51
1064.84	3290.93
1066.46	3277.33
1068.07	3270.00
1069.68	3268.95
1071.30	3299.30
1072.91	3281.51
1074.53	3270.00
1076.14	3284.65
1077.76	3273.14
1079.37	3274.19
1080.98	3253.26
1082.60	3268.95
1084.21	3271.05
1085.83	3264.77
1087.44	3275.23
1089.05	3259.54
1090.67	3255.35
1092.28	3260.58
1093.89	3273.14
1095.50	3267.91
1097.12	3261.63
1098.73	3272.09
1100.34	3249.07
1101.95	3265.82
1103.57	3268.95
1105.18	3251.17
1106.79	3246.98
1108.40	3254.30
1110.01	3257.44
1111.63	3271.05
1113.24	3270.00
1114.85	3263.72
1116.46	3265.82
1118.07	3268.95
1119.68	3252.21
1121.29	3268.95
1122.90	3252.21
1124.51	3255.35
1126.12	3268.95
1127.73	3273.14
1129.34	3272.09
1130.95	3272.09
1132.56	3272.09
1134.17	3251.17
1135.78	3264.77
1137.39	3260.58
1139.00	3249.07
1140.61	3252.21
1142.22	3258.49
1143.83	3253.26
1145.44	3260.58
1147.05	3262.68
1148.65	3264.77
1150.26	3250.12
1151.87	3244.89
1153.48	3258.49
1155.09	3266.86
1156.69	3259.54
1158.30	3248.03
1159.91	3250.12
1161.52	3261.63
1163.12	3263.72
1164.73	3258.49
1166.34	3267.91
1167.94	3253.26
1169.55	3264.77
1171.16	3265.82
1172.76	3266.86
1174.37	3264.77
1175.97	3271.05
1177.58	3254.30
1179.19	3274.19
1180.79	3261.63
1182.40	3268.95
1184.00	3265.82
1185.61	3277.33
1187.21	3264.77
1188.82	3259.54
1190.42	3263.72
1192.02	3259.54
1193.63	3252.21
1195.23	3270.00
1196.84	3266.86
1198.44	3265.82
1200.04	3266.86
1201.65	3262.68
1203.25	3270.00
1204.85	3261.63
1206.46	3246.98
1208.06	3255.35
1209.66	3254.30
1211.26	3256.40
1212.87	3276.28
1214.47	3254.30
1216.07	3254.30
1217.67	3261.63
1219.27	3250.12
1220.87	3251.17
1222.48	3258.49
1224.08	3252.21
1225.68	3255.35
1227.28	3243.84
1228.88	3245.93
1230.48	3239.66
1232.08	3230.24
1233.68	3245.93
1235.28	3253.26
1236.88	3238.61
1238.48	3237.56
1240.08	3252.21
1241.68	3233.38
1243.28	3223.96
1244.87	3213.50
1246.47	3221.87
1248.07	3219.77
1249.67	3217.68
1251.27	3227.10
1252.87	3209.31
1254.46	3196.75
1256.06	3201.98
1257.66	3208.26
1259.26	3207.22
1260.85	3208.26
1262.45	3200.94
1264.05	3199.89
1265.64	3196.75
1267.24	3203.03
1268.83	3204.08
1270.43	3193.61
1272.03	3215.59
1273.62	3194.66
1275.22	3187.34
1276.81	3189.43
1278.41	3183.15
1280.00	3199.89
1281.60	3190.47
1283.19	3173.73
1284.79	3181.06
1286.38	3180.01
1287.97	3187.34
1289.57	3176.87
1291.16	3180.01
1292.75	3171.64
1294.35	3181.06
1295.94	3178.96
1297.53	3184.20
1299.12	3166.41
1300.72	3173.73
1302.31	3147.57
1303.90	3187.34
1305.49	3178.96
1307.08	3154.90
1308.68	3152.80
1310.27	3163.27
1311.86	3162.22
1313.45	3151.76
1315.04	3149.66
1316.63	3148.62
1318.22	3144.43
1319.81	3137.11
1321.40	3138.15
1322.99	3142.34
1324.58	3116.18
1326.17	3118.27
1327.75	3120.37
1329.34	3124.55
1330.93	3118.27
1332.52	3115.13
1334.11	3119.32
1335.70	3111.99
1337.28	3099.44
1338.87	3113.04
1340.46	3104.67
1342.05	3101.53
1343.63	3106.76
1345.22	3097.34
1346.81	3103.62
1348.39	3095.25
1349.98	3095.25
1351.56	3083.74
1353.15	3079.56
1354.73	3078.51
1356.32	3051.30
1357.90	3053.40
1359.49	3077.46
1361.07	3055.49
1362.66	3048.16
1364.24	3045.02
1365.82	3043.98
1367.41	3047.12
1368.99	3031.42
1370.57	3027.24
1372.16	3034.56
1373.74	3032.47
1375.32	3027.24
1376.91	3007.35
1378.49	2990.61
1380.07	2972.82
1381.65	2973.87
1383.23	2956.08
1384.81	2951.90
1386.39	2944.57
1387.97	2947.71
1389.55	2942.48
1391.14	2941.43
1392.72	2917.36
1394.29	2923.64
1395.87	2911.09
1397.45	2900.62
1399.03	2901.67
1400.61	2901.67
1402.19	2891.20
1403.77	2877.60
1405.35	2893.30
1406.92	2879.69
1408.50	2889.11
1410.08	2882.83
1411.66	2875.51
1413.23	2873.42
1414.81	2870.28
1416.39	2853.53
1417.96	2870.28
1419.54	2864.00
1421.12	2871.32
1422.69	2870.28
1424.27	2859.81
1425.84	2873.42
1427.42	2860.86
1428.99	2867.14
1430.57	2853.53
1432.14	2854.58
1433.71	2852.49
1435.29	2866.09
1436.86	2854.58
1438.43	2855.63
1440.01	2851.44
1441.58	2731.10
1443.15	2853.53
1444.72	2861.90
1446.30	2851.44
1447.87	2859.81
1449.44	2848.30
1451.01	2838.88
1452.58	2856.67
1454.15	2854.58
1455.72	2845.16
1457.29	2845.16
1458.86	2844.12
1460.43	2846.21
1462.00	2860.86
1463.57	2843.07
1465.14	2849.35
1466.71	2847.26
1468.28	2849.35
1469.85	2846.21
1471.41	2851.44
1472.98	2842.02
1474.55	2860.86
1476.12	2833.65
1477.68	2838.88
1479.25	2857.72
1480.82	2860.86
1482.38	2858.77
1483.95	2835.74
1485.51	2850.39
1487.08	2865.04
1488.64	2859.81
1490.21	2864.00
1491.77	2847.26
1493.34	2867.14
1494.90	2851.44
1496.46	2852.49
1498.03	2860.86
1499.59	2865.04
1501.15	2867.14
1502.72	2858.77
1504.28	2853.53
1505.84	2852.49
1507.40	2850.39
1508.97	2870.28
1510.53	2864.00
1512.09	2876.55
1513.65	2871.32
1515.21	2876.55
1516.77	2864.00
1518.33	2878.65
1519.89	2867.14
1521.45	2858.77
1523.01	2877.60
1524.57	2879.69
1526.13	2873.42
1527.68	2879.69
1529.24	2882.83
1530.80	2871.32
1532.36	2879.69
1533.92	2870.28
1535.47	2861.90
1537.03	2870.28
1538.59	2882.83
1540.14	2871.32
1541.70	2865.04
1543.25	2873.42
1544.81	2875.51
1546.36	2887.02
1547.92	2865.04
1549.47	2873.42
1551.03	2870.28
1552.58	2856.67
1554.13	2864.00
1555.69	2874.46
1557.24	2868.18
1558.79	2856.67
1560.35	2856.67
1561.90	2864.00
1563.45	2852.49
1565.00	2864.00
1566.55	2860.86
1568.10	2857.72
1569.66	2847.26
1571.21	2866.09
1572.76	2872.37
1574.31	2865.04
1575.86	2862.95
1577.40	2842.02
1578.95	2850.39
1580.50	2847.26
1582.05	2837.84
1583.60	2844.12
1585.15	2834.70
1586.69	2842.02
1588.24	2847.26
1589.79	2851.44
1591.34	2828.42
1592.88	2857.72
1594.43	2832.61
1595.97	2849.35
1597.52	2835.74
1599.06	2832.61
1600.61	2827.37
1602.15	2849.35
1603.70	2832.61
1605.24	2830.51
1606.79	2833.65
1608.33	2825.28
1609.87	2829.47
1611.41	2831.56
1612.96	2832.61
1614.50	2808.54
1616.04	2823.19
1617.58	2832.61
1619.12	2821.10
1620.67	2819.00
1622.21	2798.07
1623.75	2817.96
1625.29	2805.40
1626.83	2800.17
1628.37	2824.23
1629.90	2802.26
1631.44	2794.94
1632.98	2795.98
1634.52	2778.19
1636.06	2787.61
1637.59	2795.98
1639.13	2781.33
1640.67	2772.96
1642.21	2761.45
1643.74	2762.50
1645.28	2739.48
1646.81	2733.20
1648.35	2740.52
1649.88	2719.59
1651.42	2722.73
1652.95	2716.45
1654.49	2730.06
1656.02	2705.99
1657.55	2708.08
1659.09	2681.92
1660.62	2711.22
1662.15	2695.53
1663.68	2702.85
1665.22	2685.06
1666.75	2695.53
1668.28	2686.11
1669.81	2704.94
1671.34	2689.25
1672.87	2689.25
1674.40	2694.48
1675.93	2689.25
1677.46	2674.60
1678.99	2664.13
1680.52	2661.00
1682.04	2673.55
1683.57	2669.37
1685.10	2675.65
1686.63	2666.23
1688.15	2672.51
1689.68	2665.18
1691.21	2667.27
1692.73	2664.13
1694.26	2669.37
1695.78	2657.86
1697.31	2663.09
1698.83	2653.67
1700.36	2653.67
1701.88	2644.25
1703.40	2667.27
1704.93	2653.67
1706.45	2662.04
