896.35	3078.51
897.98	3099.44
899.60	3101.53
901.22	3132.92
902.85	3119.32
904.47	3138.15
906.10	3128.74
907.72	3139.20
909.34	3160.13
910.97	3185.24
912.59	3201.98
914.21	3242.79
915.84	3271.05
917.46	3323.37
919.08	3348.48
920.71	3376.73
922.33	3385.10
923.95	3423.82
925.58	3440.56
927.20	3444.75
928.82	3440.56
930.44	3483.47
932.07	3465.68
933.69	3473.00
935.31	3476.14
936.93	3497.07
938.56	3494.98
940.18	3519.04
941.80	3504.39
943.42	3529.51
945.05	3532.65
946.67	3533.69
948.29	3518.00
949.91	3525.32
951.53	3529.51
953.16	3548.34
954.78	3526.37
956.40	3532.65
958.02	3523.23
959.64	3541.02
961.26	3523.23
962.88	3534.74
964.51	3515.90
966.13	3551.48
967.75	3544.16
969.37	3536.83
970.99	3527.42
972.61	3541.02
974.23	3526.37
975.85	3536.83
977.47	3536.83
979.09	3550.44
980.71	3533.69
982.33	3555.67
983.95	3538.93
985.57	3566.13
987.19	3543.11
988.81	3570.32
990.43	3546.25
992.05	3569.27
993.67	3566.13
995.29	3575.55
996.91	3553.58
998.53	3599.62
1000.15	3581.83
1001.77	3609.03
1003.39	3597.52
1005.01	3615.31
1006.63	3610.08
1008.25	3631.01
1009.86	3641.47
1011.48	3644.61
1013.10	3628.92
1014.72	3646.70
1016.34	3640.43
1017.96	3666.59
1019.58	3657.17
1021.19	3677.05
1022.81	3650.89
1024.43	3687.51
1026.05	3674.96
1027.66	3693.79
1029.28	3680.19
1030.90	3688.56
1032.52	3676.00
1034.13	3703.21
1035.75	3701.12
1037.37	3724.14
1038.98	3711.58
1040.60	3713.67
1042.22	3685.42
1043.83	3706.35
1045.45	3705.30
1047.07	3721.00
1048.68	3711.58
1050.30	3717.86
1051.92	3707.40
1053.53	3716.81
1055.15	3709.49
1056.76	3727.28
1058.38	3710.54
1059.99	3735.65
1061.61	3703.21
1063.22	3710.54
1064.84	3703.21
1066.46	3717.86
1068.07	3693.79
1069.68	3718.91
1071.30	3708.44
1072.91	3703.21
1074.53	3684.38
1076.14	3717.86
1077.76	3686.47
1079.37	3699.02
1080.98	3657.17
1082.60	3685.42
1084.21	3683.33
1085.83	3691.70
1087.44	3672.86
1089.05	3672.86
1090.67	3660.31
1092.28	3674.96
1093.89	3672.86
1095.50	3684.38
1097.12	3665.54
1098.73	3687.51
1100.34	3657.17
1101.95	3683.33
1103.57	3669.73
1105.18	3668.68
1106.79	3659.26
1108.40	3668.68
1110.01	3659.26
1111.63	3677.05
1113.24	3670.77
1114.85	3679.14
1116.46	3670.77
1118.07	3679.14
1119.68	3651.94
1121.29	3680.19
1122.90	3652.98
1124.51	3676.00
1126.12	3677.05
1127.73	3694.84
1129.34	3687.51
1130.95	3695.89
1132.56	3678.10
1134.17	3664.49
1135.78	3663.45
1137.39	3686.47
1139.00	3672.86
1140.61	3681.24
1142.22	3672.86
1143.83	3677.05
1145.44	3663.45
1147.05	3669.73
1148.65	3670.77
1150.26	3670.77
1151.87	3652.98
1153.48	3674.96
1155.09	3670.77
1156.69	3681.24
1158.30	3656.12
1159.91	3676.00
1161.52	3672.86
1163.12	3685.42
1164.73	3668.68
1166.34	3693.79
1167.94	3677.05
1169.55	3686.47
1171.16	3665.54
1172.76	3683.33
1174.37	3682.28
1175.97	3694.84
1177.58	3666.59
1179.19	3690.65
1180.79	3669.73
1182.40	3686.47
1184.00	3673.91
1185.61	3690.65
1187.21	3686.47
1188.82	3687.51
1190.42	3666.59
1192.02	3686.47
1193.63	3683.33
1195.23	3687.51
1196.84	3667.63
1198.44	3679.14
1200.04	3680.19
1201.65	3686.47
1203.25	3683.33
1204.85	3682.28
1206.46	3656.12
1208.06	3664.49
1209.66	3655.08
1211.26	3667.63
1212.87	3676.00
1214.47	3663.45
1216.07	3655.08
1217.67	3671.82
1219.27	3649.84
1220.87	3665.54
1222.48	3638.33
1224.08	3658.22
1225.68	3647.75
1227.28	3665.54
1228.88	3632.06
1230.48	3649.84
1232.08	3614.27
1233.68	3650.89
1235.28	3641.47
1236.88	3633.10
1238.48	3616.36
1240.08	3652.98
1241.68	3605.90
1243.28	3625.78
1244.87	3609.03
1246.47	3612.17
1248.07	3595.43
1249.67	3605.90
1251.27	3601.71
1252.87	3610.08
1254.46	3575.55
1256.06	3587.06
1257.66	3576.60
1259.26	3568.22
1260.85	3577.64
1262.45	3575.55
1264.05	3572.41
1265.64	3572.41
1267.24	3566.13
1268.83	3575.55
1270.43	3549.39
1272.03	3587.06
1273.62	3566.13
1275.22	3555.67
1276.81	3556.71
1278.41	3556.71
1280.00	3551.48
1281.60	3555.67
1283.19	3538.93
1284.79	3552.53
1286.38	3530.55
1287.97	3549.39
1289.57	3524.28
1291.16	3531.60
1292.75	3518.00
1294.35	3537.88
1295.94	3523.23
1297.53	3520.09
1299.12	3507.53
1300.72	3529.51
1302.31	3501.26
1303.90	3527.42
1305.49	3520.09
1307.08	3504.39
1308.68	3494.98
1310.27	3497.07
1311.86	3486.61
1313.45	3486.61
1315.04	3474.05
1316.63	3484.51
1318.22	3476.14
1319.81	3477.19
1321.40	3466.72
1322.99	3491.84
1324.58	3454.17
1326.17	3465.68
1327.75	3439.52
1329.34	3447.89
1330.93	3437.42
1332.52	3442.66
1334.11	3431.15
1335.70	3434.29
1337.28	3421.73
1338.87	3431.15
1340.46	3419.64
1342.05	3416.50
1343.63	3401.85
1345.22	3398.71
1346.81	3397.66
1348.39	3399.75
1349.98	3385.10
1351.56	3379.87
1353.15	3358.94
1354.73	3366.27
1356.32	3343.25
1357.90	3349.53
1359.49	3334.88
1361.07	3324.41
1362.66	3312.90
1364.24	3318.14
1365.82	3318.14
1367.41	3323.37
1368.99	3289.88
1370.57	3286.74
1372.16	3294.07
1373.74	3285.70
1375.32	3277.33
1376.91	3256.40
1378.49	3225.01
1380.07	3189.43
1381.65	3163.27
1383.23	3153.85
1384.81	3154.90
1386.39	3158.04
1387.97	3147.57
1389.55	3146.53
1391.14	3129.78
1392.72	3104.67
1394.29	3094.21
1395.87	3081.65
1397.45	3078.51
1399.03	3063.86
1400.61	3051.30
1402.19	3043.98
1403.77	3032.47
1405.35	3042.93
1406.92	3026.19
1408.50	3029.33
1410.08	3023.05
1411.66	3018.86
1413.23	3008.40
1414.81	3019.91
1416.39	2993.75
1417.96	3023.05
1419.54	3004.22
1421.12	3004.22
1422.69	3001.08
1424.27	2992.70
1425.84	2995.84
1427.42	2990.61
1428.99	2992.70
1430.57	2990.61
1432.14	2987.47
1433.71	2985.38
1435.29	2993.75
1436.86	2995.84
1438.43	2994.80
1440.01	2984.33
1441.58	2865.04
1443.15	2986.43
1444.72	2982.24
1446.30	2981.19
1447.87	2985.38
1449.44	2977.01
1451.01	2965.50
1452.58	2986.43
1454.15	2972.82
1455.72	2962.36
1457.29	2972.82
1458.86	2981.19
1460.43	2971.78
1462.00	2995.84
1463.57	2978.06
1465.14	2982.24
1466.71	2965.50
1468.28	2971.78
1469.85	2971.78
1471.41	2988.52
1472.98	2973.87
1474.55	2988.52
1476.12	2958.17
1477.68	2972.82
1479.25	2973.87
1480.82	2973.87
1482.38	2980.15
1483.95	2966.54
1485.51	2979.10
1487.08	3002.12
1488.64	2990.61
1490.21	2988.52
1491.77	2968.64
1493.34	3001.08
1494.90	2987.47
1496.46	2985.38
1498.03	2992.70
1499.59	2996.89
1501.15	2989.57
1502.72	2996.89
1504.28	2990.61
1505.84	2986.43
1507.40	2994.80
1508.97	3008.40
1510.53	2997.94
1512.09	3008.40
1513.65	3009.45
1515.21	3007.35
1516.77	2991.66
1518.33	3014.68
1519.89	3013.63
1521.45	3003.17
1523.01	3008.40
1524.57	3016.77
1526.13	3003.17
1527.68	3008.40
1529.24	3018.86
1530.80	3010.49
1532.36	3022.00
1533.92	3011.54
1535.47	2990.61
1537.03	3005.26
1538.59	3006.31
1540.14	3007.35
1541.70	2995.84
1543.25	3017.82
1544.81	3003.17
1546.36	3010.49
1547.92	3003.17
1549.47	3013.63
1551.03	3003.17
1552.58	3001.08
1554.13	2993.75
1555.69	3001.08
1557.24	2987.47
1558.79	2996.89
1560.35	3001.08
1561.90	3014.68
1563.45	2995.84
1565.00	2997.94
1566.55	2987.47
1568.10	2993.75
1569.66	2987.47
1571.21	2997.94
1572.76	2984.33
1574.31	2987.47
1575.86	2987.47
1577.40	2977.01
1578.95	2984.33
1580.50	2986.43
1582.05	2965.50
1583.60	2969.68
1585.15	2962.36
1586.69	2972.82
1588.24	2970.73
1589.79	2982.24
1591.34	2960.27
1592.88	2979.10
1594.43	2960.27
1595.97	2972.82
1597.52	2971.78
1599.06	2964.45
1600.61	2955.03
1602.15	2981.19
1603.70	2960.27
1605.24	2970.73
1606.79	2958.17
1608.33	2949.80
1609.87	2946.66
1611.41	2959.22
1612.96	2948.76
1614.50	2938.29
1616.04	2932.01
1617.58	2943.52
1619.12	2938.29
1620.67	2949.80
1622.21	2917.36
1623.75	2938.29
1625.29	2918.41
1626.83	2923.64
1628.37	2934.11
1629.90	2912.13
1631.44	2898.53
1632.98	2898.53
1634.52	2876.55
1636.06	2882.83
1637.59	2879.69
1639.13	2867.14
1640.67	2858.77
1642.21	2840.98
1643.74	2838.88
1645.28	2811.68
1646.81	2801.21
1648.35	2795.98
1649.88	2762.50
1651.42	2775.05
1652.95	2762.50
1654.49	2771.91
1656.02	2748.89
1657.55	2750.99
1659.09	2725.87
1660.62	2740.52
1662.15	2726.92
1663.68	2726.92
1665.22	2717.50
1666.75	2726.92
1668.28	2716.45
1669.81	2735.29
1671.34	2711.22
1672.87	2713.32
1674.40	2714.36
1675.93	2709.13
1677.46	2692.39
1678.99	2694.48
1680.52	2691.34
1682.04	2704.94
1683.57	2698.67
1685.10	2702.85
1686.63	2695.53
1688.15	2691.34
1689.68	2682.97
1691.21	2684.02
1692.73	2688.20
1694.26	2696.57
1695.78	2677.74
1697.31	2682.97
1698.83	2676.69
1700.36	2688.20
1701.88	2672.51
1703.40	2682.97
1704.93	2680.88
1706.45	2672.51
