896.35	2945.62
897.98	2946.66
899.60	2956.08
901.22	2984.33
902.85	2967.59
904.47	2988.52
906.10	2988.52
907.72	2991.66
909.34	3003.17
910.97	3018.86
912.59	3047.12
914.21	3059.67
915.84	3078.51
917.46	3117.23
919.08	3136.06
920.71	3153.85
922.33	3172.69
923.95	3176.87
925.58	3201.98
927.20	3193.61
928.82	3199.89
930.44	3220.82
932.07	3214.54
933.69	3211.40
935.31	3228.14
936.93	3240.70
938.56	3234.42
940.18	3248.03
941.80	3250.12
943.42	3256.40
945.05	3257.44
946.67	3251.17
948.29	3258.49
949.91	3252.21
951.53	3268.95
953.16	3272.09
954.78	3265.82
956.40	3254.30
958.02	3266.86
959.64	3265.82
961.26	3260.58
962.88	3258.49
964.51	3252.21
966.13	3275.23
967.75	3268.95
969.37	3259.54
970.99	3258.49
972.61	3262.68
974.23	3264.77
975.85	3268.95
977.47	3272.09
979.09	3279.42
980.71	3254.30
982.33	3266.86
983.95	3276.28
985.57	3289.88
987.19	3277.33
988.81	3283.60
990.43	3282.56
992.05	3282.56
993.67	3299.30
995.29	3295.11
996.91	3291.98
998.53	3318.14
1000.15	3304.53
1001.77	3310.81
1003.39	3317.09
1005.01	3323.37
1006.63	3327.55
1008.25	3332.78
1009.86	3334.88
1011.48	3330.69
1013.10	3333.83
1014.72	3349.53
1016.34	3354.76
1017.96	3369.41
1019.58	3352.67
1021.19	3349.53
1022.81	3363.13
1024.43	3364.18
1026.05	3359.99
1027.66	3376.73
1029.28	3376.73
1030.90	3376.73
1032.52	3362.08
1034.13	3375.69
1035.75	3379.87
1037.37	3386.15
1038.98	3398.71
1040.60	3392.43
1042.22	3372.55
1043.83	3381.97
1045.45	3385.10
1047.07	3387.20
1048.68	3397.66
1050.30	3386.15
1051.92	3396.62
1053.53	3390.34
1055.15	3393.48
1056.76	3385.10
1058.38	3386.15
1059.99	3393.48
1061.61	3394.52
1063.22	3387.20
1064.84	3394.52
1066.46	3393.48
1068.07	3387.20
1069.68	3389.29
1071.30	3398.71
1072.91	3385.10
1074.53	3372.55
1076.14	3391.38
1077.76	3379.87
1079.37	3379.87
1080.98	3355.81
1082.60	3373.59
1084.21	3373.59
1085.83	3371.50
1087.44	3377.78
1089.05	3368.36
1090.67	3367.32
1092.28	3370.46
1093.89	3371.50
1095.50	3370.46
1097.12	3356.85
1098.73	3371.50
1100.34	3345.34
1101.95	3368.36
1103.57	3365.22
1105.18	3355.81
1106.79	3348.48
1108.40	3364.18
1110.01	3357.90
1111.63	3371.50
1113.24	3371.50
1114.85	3370.46
1116.46	3366.27
1118.07	3367.32
1119.68	3354.76
1121.29	3369.41
1122.90	3361.04
1124.51	3368.36
1126.12	3380.92
1127.73	3376.73
1129.34	3379.87
1130.95	3383.01
1132.56	3377.78
1134.17	3353.71
1135.78	3352.67
1137.39	3363.13
1139.00	3356.85
1140.61	3364.18
1142.22	3371.50
1143.83	3358.94
1145.44	3363.13
1147.05	3364.18
1148.65	3375.69
1150.26	3363.13
1151.87	3358.94
1153.48	3354.76
1155.09	3361.04
1156.69	3366.27
1158.30	3366.27
1159.91	3367.32
1161.52	3365.22
1163.12	3373.59
1164.73	3369.41
1166.34	3376.73
1167.94	3366.27
1169.55	3378.83
1171.16	3376.73
1172.76	3373.59
1174.37	3380.92
1175.97	3376.73
1177.58	3346.39
1179.19	3374.64
1180.79	3357.90
1182.40	3367.32
1184.00	3363.13
1185.61	3384.06
1187.21	3384.06
1188.82	3369.41
1190.42	3369.41
1192.02	3362.08
1193.63	3358.94
1195.23	3374.64
1196.84	3377.78
1198.44	3379.87
1200.04	3384.06
1201.65	3379.87
1203.25	3368.36
1204.85	3368.36
1206.46	3353.71
1208.06	3362.08
1209.66	3355.81
1211.26	3363.13
1212.87	3380.92
1214.47	3359.99
1216.07	3361.04
1217.67	3366.27
1219.27	3350.57
1220.87	3353.71
1222.48	3354.76
1224.08	3357.90
1225.68	3356.85
1227.28	3356.85
1228.88	3342.20
1230.48	3365.22
1232.08	3332.78
1233.68	3339.06
1235.28	3344.30
1236.88	3340.11
1238.48	3328.60
1240.08	3359.99
1241.68	3321.27
1243.28	3333.83
1244.87	3322.32
1246.47	3319.18
1248.07	3306.62
1249.67	3319.18
1251.27	3329.65
1252.87	3303.49
1254.46	3288.84
1256.06	3299.30
1257.66	3301.39
1259.26	3291.98
1260.85	3297.21
1262.45	3295.11
1264.05	3289.88
1265.64	3293.02
1267.24	3295.11
1268.83	3299.30
1270.43	3287.79
1272.03	3302.44
1273.62	3291.98
1275.22	3283.60
1276.81	3293.02
1278.41	3274.19
1280.00	3288.84
1281.60	3283.60
1283.19	3275.23
1284.79	3277.33
1286.38	3274.19
1287.97	3274.19
1289.57	3264.77
1291.16	3273.14
1292.75	3251.17
1294.35	3256.40
1295.94	3253.26
1297.53	3267.91
1299.12	3253.26
1300.72	3265.82
1302.31	3233.38
1303.90	3257.44
1305.49	3265.82
1307.08	3245.93
1308.68	3241.75
1310.27	3243.84
1311.86	3235.47
1313.45	3237.56
1315.04	3228.14
1316.63	3234.42
1318.22	3235.47
1319.81	3221.87
1321.40	3223.96
1322.99	3230.24
1324.58	3208.26
1326.17	3216.63
1327.75	3207.22
1329.34	3209.31
1330.93	3197.80
1332.52	3196.75
1334.11	3197.80
1335.70	3197.80
1337.28	3191.52
1338.87	3193.61
1340.46	3186.29
1342.05	3176.87
1343.63	3168.50
1345.22	3165.36
1346.81	3172.69
1348.39	3166.41
1349.98	3171.64
1351.56	3159.08
1353.15	3153.85
1354.73	3152.80
1356.32	3135.02
1357.90	3133.97
1359.49	3132.92
1361.07	3116.18
1362.66	3113.04
1364.24	3116.18
1365.82	3109.90
1367.41	3117.23
1368.99	3090.02
1370.57	3092.11
1372.16	3100.48
1373.74	3092.11
1375.32	3086.88
1376.91	3078.51
1378.49	3051.30
1380.07	3022.00
1381.65	3025.14
1383.23	3005.26
1384.81	3003.17
1386.39	3001.08
1387.97	2996.89
1389.55	2994.80
1391.14	2981.19
1392.72	2965.50
1394.29	2958.17
1395.87	2952.94
1397.45	2936.20
1399.03	2936.20
1400.61	2936.20
1402.19	2930.97
1403.77	2914.22
1405.35	2933.06
1406.92	2917.36
1408.50	2917.36
1410.08	2904.81
1411.66	2896.44
1413.23	2900.62
1414.81	2903.76
1416.39	2881.79
1417.96	2898.53
1419.54	2890.16
1421.12	2892.25
1422.69	2901.67
1424.27	2883.88
1425.84	2892.25
1427.42	2888.06
1428.99	2891.20
1430.57	2882.83
1432.14	2873.42
1433.71	2875.51
1435.29	2887.02
1436.86	2884.93
1438.43	2879.69
1440.01	2874.46
1441.58	2753.08
1443.15	2877.60
1444.72	2884.93
1446.30	2876.55
1447.87	2885.97
1449.44	2878.65
1451.01	2869.23
1452.58	2868.18
1454.15	2877.60
1455.72	2861.90
1457.29	2866.09
1458.86	2876.55
1460.43	2866.09
1462.00	2893.30
1463.57	2867.14
1465.14	2876.55
1466.71	2870.28
1468.28	2872.37
1469.85	2879.69
1471.41	2881.79
1472.98	2870.28
1474.55	2885.97
1476.12	2867.14
1477.68	2860.86
1479.25	2876.55
1480.82	2871.32
1482.38	2879.69
1483.95	2871.32
1485.51	2881.79
1487.08	2898.53
1488.64	2890.16
1490.21	2888.06
1491.77	2869.23
1493.34	2894.34
1494.90	2883.88
1496.46	2877.60
1498.03	2892.25
1499.59	2888.06
1501.15	2877.60
1502.72	2884.93
1504.28	2897.48
1505.84	2890.16
1507.40	2877.60
1508.97	2892.25
1510.53	2889.11
1512.09	2902.71
1513.65	2902.71
1515.21	2897.48
1516.77	2882.83
1518.33	2907.95
1519.89	2904.81
1521.45	2890.16
1523.01	2897.48
1524.57	2911.09
1526.13	2898.53
1527.68	2896.44
1529.24	2905.85
1530.80	2905.85
1532.36	2910.04
1533.92	2904.81
1535.47	2891.20
1537.03	2895.39
1538.59	2898.53
1540.14	2890.16
1541.70	2885.97
1543.25	2914.22
1544.81	2908.99
1546.36	2897.48
1547.92	2884.93
1549.47	2898.53
1551.03	2900.62
1552.58	2891.20
1554.13	2885.97
1555.69	2899.58
1557.24	2890.16
1558.79	2896.44
1560.35	2887.02
1561.90	2896.44
1563.45	2872.37
1565.00	2890.16
1566.55	2885.97
1568.10	2881.79
1569.66	2871.32
1571.21	2890.16
1572.76	2891.20
1574.31	2887.02
1575.86	2881.79
1577.40	2871.32
1578.95	2875.51
1580.50	2878.65
1582.05	2874.46
1583.60	2874.46
1585.15	2869.23
1586.69	2871.32
1588.24	2871.32
1589.79	2882.83
1591.34	2860.86
1592.88	2879.69
1594.43	2854.58
1595.97	2871.32
1597.52	2868.18
1599.06	2868.18
1600.61	2861.90
1602.15	2874.46
1603.70	2859.81
1605.24	2860.86
1606.79	2862.95
1608.33	2851.44
1609.87	2852.49
1611.41	2865.04
1612.96	2866.09
1614.50	2854.58
1616.04	2855.63
1617.58	2855.63
1619.12	2848.30
1620.67	2854.58
1622.21	2831.56
1623.75	2847.26
1625.29	2833.65
1626.83	2829.47
1628.37	2847.26
1629.90	2829.47
1631.44	2826.33
1632.98	2825.28
1634.52	2799.12
1636.06	2804.35
1637.59	2817.96
1639.13	2800.17
1640.67	2797.03
1642.21	2783.42
1643.74	2779.24
1645.28	2762.50
1646.81	2756.22
1648.35	2763.54
1649.88	2734.24
1651.42	2736.34
1652.95	2720.64
1654.49	2735.29
1656.02	2718.55
1657.55	2724.83
1659.09	2695.53
1660.62	2715.41
1662.15	2707.04
1663.68	2710.18
1665.22	2696.57
1666.75	2697.62
1668.28	2692.39
1669.81	2712.27
1671.34	2698.67
1672.87	2695.53
1674.40	2698.67
1675.93	2688.20
1677.46	2673.55
1678.99	2673.55
1680.52	2670.41
1682.04	2688.20
1683.57	2678.78
1685.10	2685.06
1686.63	2680.88
1688.15	2682.97
1689.68	2659.95
1691.21	2658.90
1692.73	2666.23
1694.26	2672.51
1695.78	2667.27
1697.31	2671.46
1698.83	2658.90
1700.36	2665.18
1701.88	2657.86
1703.40	2669.37
1704.93	2649.49
1706.45	2653.67
