896.35	2656.81
897.98	2655.76
899.60	2657.86
901.22	2676.69
902.85	2680.88
904.47	2662.04
906.10	2669.37
907.72	2664.13
909.34	2682.97
910.97	2673.55
912.59	2682.97
914.21	2670.41
915.84	2676.69
917.46	2678.78
919.08	2682.97
920.71	2670.41
922.33	2694.48
923.95	2681.92
925.58	2708.08
927.20	2677.74
928.82	2690.29
930.44	2695.53
932.07	2691.34
933.69	2671.46
935.31	2693.43
936.93	2682.97
938.56	2705.99
940.18	2680.88
941.80	2693.43
943.42	2693.43
945.05	2723.78
946.67	2681.92
948.29	2707.04
949.91	2684.02
951.53	2715.41
953.16	2707.04
954.78	2719.59
956.40	2692.39
958.02	2711.22
959.64	2697.62
961.26	2704.94
962.88	2687.16
964.51	2702.85
966.13	2709.13
967.75	2718.55
969.37	2691.34
970.99	2710.18
972.61	2691.34
974.23	2709.13
975.85	2699.71
977.47	2724.83
979.09	2696.57
980.71	2707.04
982.33	2697.62
983.95	2714.36
985.57	2712.27
987.19	2715.41
988.81	2708.08
990.43	2715.41
992.05	2703.90
993.67	2730.06
995.29	2705.99
996.91	2703.90
998.53	2714.36
1000.15	2722.73
1001.77	2712.27
1003.39	2723.78
1005.01	2712.27
1006.63	2722.73
1008.25	2713.32
1009.86	2732.15
1011.48	2707.04
1013.10	2717.50
1014.72	2711.22
1016.34	2731.10
1017.96	2733.20
1019.58	2729.01
1021.19	2710.18
1022.81	2725.87
1024.43	2722.73
1026.05	2723.78
1027.66	2721.69
1029.28	2732.15
1030.90	2720.64
1032.52	2717.50
1034.13	2709.13
1035.75	2732.15
1037.37	2711.22
1038.98	2737.38
1040.60	2708.08
1042.22	2713.32
1043.83	2709.13
1045.45	2729.01
1047.07	2701.81
1048.68	2726.92
1050.30	2702.85
1051.92	2734.24
1053.53	2708.08
1055.15	2731.10
1056.76	2714.36
1058.38	2725.87
1059.99	2719.59
1061.61	2729.01
1063.22	2710.18
1064.84	2731.10
1066.46	2717.50
1068.07	2724.83
1069.68	2704.94
1071.30	2737.38
1072.91	2710.18
1074.53	2718.55
1076.14	2721.69
1077.76	2732.15
1079.37	2722.73
1080.98	2714.36
1082.60	2713.32
1084.21	2731.10
1085.83	2720.64
1087.44	2741.57
1089.05	2711.22
1090.67	2735.29
1092.28	2711.22
1093.89	2737.38
1095.50	2718.55
1097.12	2724.83
1098.73	2729.01
1100.34	2723.78
1101.95	2720.64
1103.57	2721.69
1105.18	2711.22
1106.79	2720.64
1108.40	2722.73
1110.01	2733.20
1111.63	2720.64
1113.24	2732.15
1114.85	2718.55
1116.46	2725.87
1118.07	2724.83
1119.68	2725.87
1121.29	2724.83
1122.90	2730.06
1124.51	2713.32
1126.12	2741.57
1127.73	2729.01
1129.34	2743.66
1130.95	2726.92
1132.56	2736.34
1134.17	2705.99
1135.78	2724.83
1137.39	2726.92
1139.00	2727.97
1140.61	2716.45
1142.22	2741.57
1143.83	2720.64
1145.44	2733.20
1147.05	2720.64
1148.65	2738.43
1150.26	2722.73
1151.87	2719.59
1153.48	2713.32
1155.09	2731.10
1156.69	2720.64
1158.30	2719.59
1159.91	2721.69
1161.52	2734.24
1163.12	2720.64
1164.73	2720.64
1166.34	2721.69
1167.94	2718.55
1169.55	2720.64
1171.16	2733.20
1172.76	2720.64
1174.37	2726.92
1175.97	2718.55
1177.58	2712.27
1179.19	2722.73
1180.79	2719.59
1182.40	2714.36
1184.00	2722.73
1185.61	2730.06
1187.21	2738.43
1188.82	2718.55
1190.42	2727.97
1192.02	2713.32
1193.63	2715.41
1195.23	2717.50
1196.84	2733.20
1198.44	2726.92
1200.04	2735.29
1201.65	2724.83
1203.25	2721.69
1204.85	2718.55
1206.46	2722.73
1208.06	2719.59
1209.66	2729.01
1211.26	2708.08
1212.87	2743.66
1214.47	2719.59
1216.07	2730.06
1217.67	2718.55
1219.27	2723.78
1220.87	2717.50
1222.48	2716.45
1224.08	2715.41
1225.68	2735.29
1227.28	2725.87
1228.88	2733.20
1230.48	2725.87
1232.08	2717.50
1233.68	2722.73
1235.28	2739.48
1236.88	2719.59
1238.48	2724.83
1240.08	2746.80
1241.68	2723.78
1243.28	2731.10
1244.87	2730.06
1246.47	2712.27
1248.07	2718.55
1249.67	2722.73
1251.27	2744.71
1252.87	2722.73
1254.46	2720.64
1256.06	2715.41
1257.66	2731.10
1259.26	2718.55
1260.85	2732.15
1262.45	2711.22
1264.05	2739.48
1265.64	2718.55
1267.24	2727.97
1268.83	2722.73
1270.43	2731.10
1272.03	2734.24
1273.62	2729.01
1275.22	2702.85
1276.81	2730.06
1278.41	2724.83
1280.00	2733.20
1281.60	2711.22
1283.19	2715.41
1284.79	2721.69
1286.38	2730.06
1287.97	2737.38
1289.57	2729.01
1291.16	2720.64
1292.75	2722.73
1294.35	2720.64
1295.94	2716.45
1297.53	2720.64
1299.12	2725.87
1300.72	2731.10
1302.31	2709.13
1303.90	2729.01
1305.49	2737.38
1307.08	2715.41
1308.68	2716.45
1310.27	2710.18
1311.86	2723.78
1313.45	2712.27
1315.04	2715.41
1316.63	2716.45
1318.22	2726.92
1319.81	2710.18
1321.40	2721.69
1322.99	2722.73
1324.58	2715.41
1326.17	2708.08
1327.75	2710.18
1329.34	2711.22
1330.93	2718.55
1332.52	2712.27
1334.11	2712.27
1335.70	2703.90
1337.28	2704.94
1338.87	2704.94
1340.46	2716.45
1342.05	2707.04
1343.63	2713.32
1345.22	2703.90
1346.81	2719.59
1348.39	2703.90
1349.98	2715.41
1351.56	2714.36
1353.15	2714.36
1354.73	2724.83
1356.32	2710.18
1357.90	2703.90
1359.49	2716.45
1361.07	2709.13
1362.66	2715.41
1364.24	2707.04
1365.82	2720.64
1367.41	2720.64
1368.99	2704.94
1370.57	2694.48
1372.16	2710.18
1373.74	2698.67
1375.32	2715.41
1376.91	2715.41
1378.49	2709.13
1380.07	2700.76
1381.65	2724.83
1383.23	2713.32
1384.81	2708.08
1386.39	2692.39
1387.97	2712.27
1389.55	2704.94
1391.14	2708.08
1392.72	2697.62
1394.29	2707.04
1395.87	2710.18
1397.45	2699.71
1399.03	2704.94
1400.61	2716.45
1402.19	2707.04
1403.77	2691.34
1405.35	2723.78
1406.92	2717.50
1408.50	2705.99
1410.08	2712.27
1411.66	2700.76
1413.23	2709.13
1414.81	2715.41
1416.39	2696.57
1417.96	2707.04
1419.54	2705.99
1421.12	2713.32
1422.69	2719.59
1424.27	2695.53
1425.84	2704.94
1427.42	2705.99
1428.99	2714.36
1430.57	2707.04
1432.14	2710.18
1433.71	2707.04
1435.29	2716.45
1436.86	2709.13
1438.43	2713.32
1440.01	2704.94
1441.58	2591.93
1443.15	2716.45
1444.72	2713.32
1446.30	2705.99
1447.87	2714.36
1449.44	2707.04
1451.01	2698.67
1452.58	2705.99
1454.15	2710.18
1455.72	2695.53
1457.29	2713.32
1458.86	2713.32
1460.43	2701.81
1462.00	2718.55
1463.57	2708.08
1465.14	2708.08
1466.71	2710.18
1468.28	2714.36
1469.85	2715.41
1471.41	2707.04
1472.98	2702.85
1474.55	2710.18
1476.12	2702.85
1477.68	2698.67
1479.25	2720.64
1480.82	2716.45
1482.38	2718.55
1483.95	2705.99
1485.51	2718.55
1487.08	2720.64
1488.64	2708.08
1490.21	2708.08
1491.77	2697.62
1493.34	2712.27
1494.90	2691.34
1496.46	2696.57
1498.03	2703.90
1499.59	2705.99
1501.15	2708.08
1502.72	2703.90
1504.28	2707.04
1505.84	2698.67
1507.40	2698.67
1508.97	2711.22
1510.53	2707.04
1512.09	2713.32
1513.65	2710.18
1515.21	2699.71
1516.77	2696.57
1518.33	2713.32
1519.89	2700.76
1521.45	2699.71
1523.01	2708.08
1524.57	2702.85
1526.13	2702.85
1527.68	2705.99
1529.24	2717.50
1530.80	2705.99
1532.36	2709.13
1533.92	2695.53
1535.47	2697.62
1537.03	2693.43
1538.59	2703.90
1540.14	2690.29
1541.70	2687.16
1543.25	2715.41
1544.81	2704.94
1546.36	2709.13
1547.92	2685.06
1549.47	2693.43
1551.03	2707.04
1552.58	2696.57
1554.13	2687.16
1555.69	2701.81
1557.24	2688.20
1558.79	2692.39
1560.35	2692.39
1561.90	2697.62
1563.45	2687.16
1565.00	2700.76
1566.55	2696.57
1568.10	2691.34
1569.66	2678.78
1571.21	2685.06
1572.76	2696.57
1574.31	2691.34
1575.86	2695.53
1577.40	2682.97
1578.95	2682.97
1580.50	2686.11
1582.05	2678.78
1583.60	2674.60
1585.15	2673.55
1586.69	2679.83
1588.24	2695.53
1589.79	2687.16
1591.34	2666.23
1592.88	2680.88
1594.43	2671.46
1595.97	2682.97
1597.52	2679.83
1599.06	2681.92
1600.61	2672.51
1602.15	2685.06
1603.70	2676.69
1605.24	2687.16
1606.79	2676.69
1608.33	2664.13
1609.87	2658.90
1611.41	2677.74
1612.96	2680.88
1614.50	2666.23
1616.04	2665.18
1617.58	2675.65
1619.12	2668.32
1620.67	2670.41
1622.21	2651.58
1623.75	2677.74
1625.29	2666.23
1626.83	2652.62
1628.37	2674.60
1629.90	2662.04
1631.44	2670.41
1632.98	2672.51
1634.52	2656.81
1636.06	2658.90
1637.59	2679.83
1639.13	2669.37
1640.67	2678.78
1642.21	2670.41
1643.74	2667.27
1645.28	2653.67
1646.81	2664.13
1648.35	2677.74
1649.88	2662.04
1651.42	2668.32
1652.95	2650.53
1654.49	2674.60
1656.02	2658.90
1657.55	2664.13
1659.09	2636.93
1660.62	2665.18
1662.15	2657.86
1663.68	2653.67
1665.22	2642.16
1666.75	2645.30
1668.28	2649.49
1669.81	2663.09
1671.34	2651.58
1672.87	2650.53
1674.40	2663.09
1675.93	2650.53
1677.46	2635.88
1678.99	2641.11
1680.52	2641.11
1682.04	2655.76
1683.57	2645.30
1685.10	2642.16
1686.63	2635.88
1688.15	2649.49
1689.68	2632.74
1691.21	2632.74
1692.73	2637.97
1694.26	2646.35
1695.78	2635.88
1697.31	2642.16
1698.83	2629.60
1700.36	2633.79
1701.88	2624.37
1703.40	2639.02
1704.93	2626.46
1706.45	2631.70
