896.35	3036.65
897.98	3050.26
899.60	3055.49
901.22	3088.97
902.85	3069.09
904.47	3079.56
906.10	3084.79
907.72	3097.34
909.34	3106.76
910.97	3125.60
912.59	3145.48
914.21	3182.10
915.84	3211.40
917.46	3248.03
919.08	3272.09
920.71	3294.07
922.33	3324.41
923.95	3332.78
925.58	3359.99
927.20	3351.62
928.82	3367.32
930.44	3397.66
932.07	3381.97
933.69	3380.92
935.31	3385.10
936.93	3401.85
938.56	3407.08
940.18	3415.45
941.80	3411.26
943.42	3429.05
945.05	3428.01
946.67	3419.64
948.29	3429.05
949.91	3424.87
951.53	3434.29
953.16	3446.84
954.78	3441.61
956.40	3435.33
958.02	3432.19
959.64	3441.61
961.26	3439.52
962.88	3444.75
964.51	3428.01
966.13	3447.89
967.75	3443.70
969.37	3426.96
970.99	3432.19
972.61	3432.19
974.23	3437.42
975.85	3439.52
977.47	3439.52
979.09	3439.52
980.71	3434.29
982.33	3435.33
983.95	3439.52
985.57	3461.49
987.19	3447.89
988.81	3463.58
990.43	3456.26
992.05	3463.58
993.67	3483.47
995.29	3470.91
996.91	3464.63
998.53	3485.56
1000.15	3491.84
1001.77	3503.35
1003.39	3499.16
1005.01	3496.02
1006.63	3501.26
1008.25	3510.67
1009.86	3522.18
1011.48	3516.95
1013.10	3515.90
1014.72	3525.32
1016.34	3529.51
1017.96	3550.44
1019.58	3531.60
1021.19	3539.97
1022.81	3544.16
1024.43	3559.85
1026.05	3552.53
1027.66	3569.27
1029.28	3560.90
1030.90	3577.64
1032.52	3561.95
1034.13	3565.09
1035.75	3572.41
1037.37	3582.87
1038.98	3591.25
1040.60	3588.11
1042.22	3574.50
1043.83	3579.74
1045.45	3571.36
1047.07	3581.83
1048.68	3591.25
1050.30	3582.87
1051.92	3584.97
1053.53	3584.97
1055.15	3583.92
1056.76	3576.60
1058.38	3577.64
1059.99	3587.06
1061.61	3580.78
1063.22	3583.92
1064.84	3586.01
1066.46	3573.46
1068.07	3576.60
1069.68	3582.87
1071.30	3590.20
1072.91	3577.64
1074.53	3561.95
1076.14	3577.64
1077.76	3559.85
1079.37	3566.13
1080.98	3532.65
1082.60	3555.67
1084.21	3553.58
1085.83	3553.58
1087.44	3539.97
1089.05	3536.83
1090.67	3530.55
1092.28	3541.02
1093.89	3543.11
1095.50	3553.58
1097.12	3538.93
1098.73	3552.53
1100.34	3520.09
1101.95	3543.11
1103.57	3535.79
1105.18	3529.51
1106.79	3525.32
1108.40	3533.69
1110.01	3539.97
1111.63	3551.48
1113.24	3546.25
1114.85	3531.60
1116.46	3531.60
1118.07	3541.02
1119.68	3529.51
1121.29	3545.20
1122.90	3532.65
1124.51	3534.74
1126.12	3546.25
1127.73	3549.39
1129.34	3546.25
1130.95	3545.20
1132.56	3545.20
1134.17	3527.42
1135.78	3541.02
1137.39	3536.83
1139.00	3522.18
1140.61	3533.69
1142.22	3534.74
1143.83	3535.79
1145.44	3529.51
1147.05	3537.88
1148.65	3541.02
1150.26	3539.97
1151.87	3515.90
1153.48	3532.65
1155.09	3545.20
1156.69	3541.02
1158.30	3522.18
1159.91	3531.60
1161.52	3537.88
1163.12	3535.79
1164.73	3526.37
1166.34	3541.02
1167.94	3529.51
1169.55	3541.02
1171.16	3533.69
1172.76	3541.02
1174.37	3530.55
1175.97	3537.88
1177.58	3527.42
1179.19	3555.67
1180.79	3535.79
1182.40	3539.97
1184.00	3534.74
1185.61	3545.20
1187.21	3536.83
1188.82	3541.02
1190.42	3538.93
1192.02	3524.28
1193.63	3520.09
1195.23	3541.02
1196.84	3533.69
1198.44	3538.93
1200.04	3536.83
1201.65	3528.46
1203.25	3524.28
1204.85	3537.88
1206.46	3519.04
1208.06	3518.00
1209.66	3510.67
1211.26	3513.81
1212.87	3528.46
1214.47	3522.18
1216.07	3518.00
1217.67	3514.86
1219.27	3507.53
1220.87	3518.00
1222.48	3511.72
1224.08	3502.30
1225.68	3502.30
1227.28	3510.67
1228.88	3485.56
1230.48	3504.39
1232.08	3486.61
1233.68	3502.30
1235.28	3499.16
1236.88	3476.14
1238.48	3466.72
1240.08	3500.21
1241.68	3465.68
1243.28	3476.14
1244.87	3467.77
1246.47	3459.40
1248.07	3452.07
1249.67	3449.98
1251.27	3454.17
1252.87	3446.84
1254.46	3439.52
1256.06	3440.56
1257.66	3437.42
1259.26	3430.10
1260.85	3425.91
1262.45	3428.01
1264.05	3437.42
1265.64	3423.82
1267.24	3422.78
1268.83	3429.05
1270.43	3416.50
1272.03	3430.10
1273.62	3420.68
1275.22	3410.22
1276.81	3408.13
1278.41	3409.17
1280.00	3412.31
1281.60	3406.03
1283.19	3386.15
1284.79	3406.03
1286.38	3403.94
1287.97	3406.03
1289.57	3390.34
1291.16	3393.48
1292.75	3379.87
1294.35	3391.38
1295.94	3387.20
1297.53	3386.15
1299.12	3368.36
1300.72	3387.20
1302.31	3356.85
1303.90	3379.87
1305.49	3374.64
1307.08	3355.81
1308.68	3354.76
1310.27	3363.13
1311.86	3361.04
1313.45	3355.81
1315.04	3352.67
1316.63	3347.43
1318.22	3349.53
1319.81	3341.16
1321.40	3335.92
1322.99	3341.16
1324.58	3316.04
1326.17	3318.14
1327.75	3316.04
1329.34	3321.27
1330.93	3308.72
1332.52	3308.72
1334.11	3301.39
1335.70	3300.35
1337.28	3293.02
1338.87	3286.74
1340.46	3290.93
1342.05	3277.33
1343.63	3277.33
1345.22	3275.23
1346.81	3283.60
1348.39	3270.00
1349.98	3261.63
1351.56	3259.54
1353.15	3244.89
1354.73	3256.40
1356.32	3241.75
1357.90	3239.66
1359.49	3228.14
1361.07	3201.98
1362.66	3205.12
1364.24	3211.40
1365.82	3210.36
1367.41	3215.59
1368.99	3192.57
1370.57	3180.01
1372.16	3182.10
1373.74	3172.69
1375.32	3168.50
1376.91	3162.22
1378.49	3132.92
1380.07	3103.62
1381.65	3103.62
1383.23	3082.70
1384.81	3077.46
1386.39	3071.18
1387.97	3073.28
1389.55	3065.95
1391.14	3053.40
1392.72	3036.65
1394.29	3034.56
1395.87	3030.38
1397.45	3013.63
1399.03	3007.35
1400.61	3005.26
1402.19	2994.80
1403.77	2983.29
1405.35	2998.98
1406.92	2987.47
1408.50	2981.19
1410.08	2977.01
1411.66	2966.54
1413.23	2969.68
1414.81	2968.64
1416.39	2952.94
1417.96	2970.73
1419.54	2953.99
1421.12	2960.27
1422.69	2961.31
1424.27	2957.13
1425.84	2956.08
1427.42	2952.94
1428.99	2948.76
1430.57	2946.66
1432.14	2952.94
1433.71	2950.85
1435.29	2961.31
1436.86	2955.03
1438.43	2938.29
1440.01	2941.43
1441.58	2819.00
1443.15	2947.71
1444.72	2945.62
1446.30	2946.66
1447.87	2948.76
1449.44	2927.83
1451.01	2919.46
1452.58	2942.48
1454.15	2943.52
1455.72	2935.15
1457.29	2930.97
1458.86	2942.48
1460.43	2928.87
1462.00	2949.80
1463.57	2941.43
1465.14	2940.38
1466.71	2922.60
1468.28	2930.97
1469.85	2937.25
1471.41	2945.62
1472.98	2929.92
1474.55	2941.43
1476.12	2925.74
1477.68	2928.87
1479.25	2944.57
1480.82	2938.29
1482.38	2946.66
1483.95	2926.78
1485.51	2935.15
1487.08	2945.62
1488.64	2947.71
1490.21	2947.71
1491.77	2932.01
1493.34	2947.71
1494.90	2933.06
1496.46	2938.29
1498.03	2940.38
1499.59	2939.34
1501.15	2936.20
1502.72	2948.76
1504.28	2951.90
1505.84	2945.62
1507.40	2940.38
1508.97	2953.99
1510.53	2946.66
1512.09	2953.99
1513.65	2956.08
1515.21	2952.94
1516.77	2940.38
1518.33	2950.85
1519.89	2943.52
1521.45	2944.57
1523.01	2955.03
1524.57	2950.85
1526.13	2947.71
1527.68	2961.31
1529.24	2959.22
1530.80	2955.03
1532.36	2959.22
1533.92	2951.90
1535.47	2941.43
1537.03	2945.62
1538.59	2943.52
1540.14	2942.48
1541.70	2937.25
1543.25	2963.41
1544.81	2947.71
1546.36	2952.94
1547.92	2936.20
1549.47	2941.43
1551.03	2941.43
1552.58	2933.06
1554.13	2936.20
1555.69	2946.66
1557.24	2930.97
1558.79	2929.92
1560.35	2934.11
1561.90	2952.94
1563.45	2933.06
1565.00	2934.11
1566.55	2930.97
1568.10	2926.78
1569.66	2919.46
1571.21	2934.11
1572.76	2925.74
1574.31	2924.69
1575.86	2936.20
1577.40	2917.36
1578.95	2922.60
1580.50	2911.09
1582.05	2912.13
1583.60	2919.46
1585.15	2905.85
1586.69	2915.27
1588.24	2913.18
1589.79	2917.36
1591.34	2895.39
1592.88	2919.46
1594.43	2895.39
1595.97	2913.18
1597.52	2904.81
1599.06	2903.76
1600.61	2897.48
1602.15	2912.13
1603.70	2892.25
1605.24	2897.48
1606.79	2895.39
1608.33	2890.16
1609.87	2888.06
1611.41	2889.11
1612.96	2887.02
1614.50	2880.74
1616.04	2881.79
1617.58	2884.93
1619.12	2876.55
1620.67	2881.79
1622.21	2850.39
1623.75	2880.74
1625.29	2857.72
1626.83	2851.44
1628.37	2872.37
1629.90	2845.16
1631.44	2850.39
1632.98	2856.67
1634.52	2832.61
1636.06	2830.51
1637.59	2836.79
1639.13	2826.33
1640.67	2815.86
1642.21	2804.35
1643.74	2804.35
1645.28	2781.33
1646.81	2764.59
1648.35	2768.78
1649.88	2747.85
1651.42	2745.75
1652.95	2726.92
1654.49	2746.80
1656.02	2727.97
1657.55	2727.97
1659.09	2705.99
1660.62	2718.55
1662.15	2710.18
1663.68	2709.13
1665.22	2702.85
1666.75	2705.99
1668.28	2700.76
1669.81	2713.32
1671.34	2694.48
1672.87	2700.76
1674.40	2702.85
1675.93	2693.43
1677.46	2681.92
1678.99	2679.83
1680.52	2684.02
1682.04	2698.67
1683.57	2688.20
1685.10	2692.39
1686.63	2675.65
1688.15	2680.88
1689.68	2674.60
1691.21	2680.88
1692.73	2681.92
1694.26	2682.97
1695.78	2675.65
1697.31	2673.55
1698.83	2665.18
1700.36	2674.60
1701.88	2663.09
1703.40	2673.55
1704.93	2665.18
1706.45	2663.09
