896.35	2750.99
897.98	2741.57
899.60	2757.26
901.22	2762.50
902.85	2758.31
904.47	2764.59
906.10	2774.01
907.72	2764.59
909.34	2780.29
910.97	2778.19
912.59	2797.03
914.21	2786.56
915.84	2805.40
917.46	2811.68
919.08	2831.56
920.71	2823.19
922.33	2849.35
923.95	2843.07
925.58	2864.00
927.20	2840.98
928.82	2852.49
930.44	2861.90
932.07	2858.77
933.69	2838.88
935.31	2854.58
936.93	2855.63
938.56	2868.18
940.18	2857.72
941.80	2866.09
943.42	2867.14
945.05	2885.97
946.67	2854.58
948.29	2874.46
949.91	2856.67
951.53	2887.02
953.16	2874.46
954.78	2883.88
956.40	2864.00
958.02	2876.55
959.64	2869.23
961.26	2880.74
962.88	2875.51
964.51	2872.37
966.13	2878.65
967.75	2887.02
969.37	2870.28
970.99	2876.55
972.61	2867.14
974.23	2881.79
975.85	2875.51
977.47	2891.20
979.09	2869.23
980.71	2880.74
982.33	2875.51
983.95	2888.06
985.57	2883.88
987.19	2894.34
988.81	2895.39
990.43	2897.48
992.05	2877.60
993.67	2906.90
995.29	2892.25
996.91	2877.60
998.53	2897.48
1000.15	2899.58
1001.77	2893.30
1003.39	2905.85
1005.01	2889.11
1006.63	2901.67
1008.25	2899.58
1009.86	2910.04
1011.48	2902.71
1013.10	2912.13
1014.72	2906.90
1016.34	2910.04
1017.96	2916.32
1019.58	2907.95
1021.19	2899.58
1022.81	2920.50
1024.43	2917.36
1026.05	2913.18
1027.66	2917.36
1029.28	2917.36
1030.90	2910.04
1032.52	2914.22
1034.13	2918.41
1035.75	2937.25
1037.37	2926.78
1038.98	2935.15
1040.60	2916.32
1042.22	2915.27
1043.83	2910.04
1045.45	2920.50
1047.07	2919.46
1048.68	2934.11
1050.30	2910.04
1051.92	2925.74
1053.53	2917.36
1055.15	2926.78
1056.76	2918.41
1058.38	2930.97
1059.99	2926.78
1061.61	2926.78
1063.22	2907.95
1064.84	2924.69
1066.46	2915.27
1068.07	2925.74
1069.68	2919.46
1071.30	2939.34
1072.91	2916.32
1074.53	2921.55
1076.14	2927.83
1077.76	2924.69
1079.37	2924.69
1080.98	2907.95
1082.60	2918.41
1084.21	2933.06
1085.83	2916.32
1087.44	2936.20
1089.05	2904.81
1090.67	2914.22
1092.28	2907.95
1093.89	2922.60
1095.50	2907.95
1097.12	2916.32
1098.73	2914.22
1100.34	2899.58
1101.95	2906.90
1103.57	2917.36
1105.18	2905.85
1106.79	2910.04
1108.40	2919.46
1110.01	2916.32
1111.63	2915.27
1113.24	2927.83
1114.85	2915.27
1116.46	2917.36
1118.07	2920.50
1119.68	2918.41
1121.29	2923.64
1122.90	2920.50
1124.51	2916.32
1126.12	2932.01
1127.73	2918.41
1129.34	2929.92
1130.95	2920.50
1132.56	2924.69
1134.17	2899.58
1135.78	2915.27
1137.39	2915.27
1139.00	2913.18
1140.61	2906.90
1142.22	2921.55
1143.83	2908.99
1145.44	2913.18
1147.05	2912.13
1148.65	2924.69
1150.26	2902.71
1151.87	2902.71
1153.48	2904.81
1155.09	2914.22
1156.69	2907.95
1158.30	2915.27
1159.91	2904.81
1161.52	2922.60
1163.12	2906.90
1164.73	2915.27
1166.34	2918.41
1167.94	2917.36
1169.55	2914.22
1171.16	2913.18
1172.76	2913.18
1174.37	2916.32
1175.97	2913.18
1177.58	2905.85
1179.19	2924.69
1180.79	2912.13
1182.40	2907.95
1184.00	2910.04
1185.61	2917.36
1187.21	2917.36
1188.82	2905.85
1190.42	2917.36
1192.02	2905.85
1193.63	2893.30
1195.23	2905.85
1196.84	2916.32
1198.44	2910.04
1200.04	2917.36
1201.65	2912.13
1203.25	2916.32
1204.85	2915.27
1206.46	2906.90
1208.06	2906.90
1209.66	2913.18
1211.26	2908.99
1212.87	2933.06
1214.47	2901.67
1216.07	2917.36
1217.67	2918.41
1219.27	2907.95
1220.87	2900.62
1222.48	2914.22
1224.08	2901.67
1225.68	2913.18
1227.28	2911.09
1228.88	2908.99
1230.48	2907.95
1232.08	2902.71
1233.68	2912.13
1235.28	2926.78
1236.88	2900.62
1238.48	2896.44
1240.08	2919.46
1241.68	2898.53
1243.28	2901.67
1244.87	2904.81
1246.47	2897.48
1248.07	2898.53
1249.67	2893.30
1251.27	2912.13
1252.87	2891.20
1254.46	2893.30
1256.06	2889.11
1257.66	2896.44
1259.26	2878.65
1260.85	2900.62
1262.45	2883.88
1264.05	2893.30
1265.64	2880.74
1267.24	2889.11
1268.83	2881.79
1270.43	2880.74
1272.03	2892.25
1273.62	2890.16
1275.22	2869.23
1276.81	2881.79
1278.41	2876.55
1280.00	2888.06
1281.60	2879.69
1283.19	2878.65
1284.79	2879.69
1286.38	2876.55
1287.97	2885.97
1289.57	2879.69
1291.16	2876.55
1292.75	2873.42
1294.35	2877.60
1295.94	2882.83
1297.53	2868.18
1299.12	2874.46
1300.72	2878.65
1302.31	2860.86
1303.90	2876.55
1305.49	2885.97
1307.08	2859.81
1308.68	2865.04
1310.27	2868.18
1311.86	2866.09
1313.45	2857.72
1315.04	2862.95
1316.63	2861.90
1318.22	2868.18
1319.81	2856.67
1321.40	2866.09
1322.99	2864.00
1324.58	2844.12
1326.17	2850.39
1327.75	2853.53
1329.34	2856.67
1330.93	2851.44
1332.52	2839.93
1334.11	2845.16
1335.70	2846.21
1337.28	2843.07
1338.87	2839.93
1340.46	2850.39
1342.05	2834.70
1343.63	2836.79
1345.22	2836.79
1346.81	2844.12
1348.39	2839.93
1349.98	2839.93
1351.56	2833.65
1353.15	2829.47
1354.73	2839.93
1356.32	2822.14
1357.90	2817.96
1359.49	2842.02
1361.07	2827.37
1362.66	2833.65
1364.24	2827.37
1365.82	2830.51
1367.41	2828.42
1368.99	2817.96
1370.57	2807.49
1372.16	2817.96
1373.74	2808.54
1375.32	2814.82
1376.91	2812.72
1378.49	2801.21
1380.07	2785.52
1381.65	2800.17
1383.23	2785.52
1384.81	2785.52
1386.39	2780.29
1387.97	2798.07
1389.55	2783.42
1391.14	2776.10
1392.72	2768.78
1394.29	2776.10
1395.87	2775.05
1397.45	2758.31
1399.03	2766.68
1400.61	2764.59
1402.19	2760.40
1403.77	2745.75
1405.35	2768.78
1406.92	2767.73
1408.50	2763.54
1410.08	2759.36
1411.66	2749.94
1413.23	2762.50
1414.81	2763.54
1416.39	2746.80
1417.96	2758.31
1419.54	2755.17
1421.12	2755.17
1422.69	2763.54
1424.27	2745.75
1425.84	2755.17
1427.42	2745.75
1428.99	2753.08
1430.57	2748.89
1432.14	2750.99
1433.71	2752.03
1435.29	2767.73
1436.86	2757.26
1438.43	2760.40
1440.01	2749.94
1441.58	2627.51
1443.15	2750.99
1444.72	2760.40
1446.30	2749.94
1447.87	2762.50
1449.44	2748.89
1451.01	2737.38
1452.58	2756.22
1454.15	2756.22
1455.72	2741.57
1457.29	2745.75
1458.86	2757.26
1460.43	2744.71
1462.00	2767.73
1463.57	2752.03
1465.14	2753.08
1466.71	2745.75
1468.28	2745.75
1469.85	2755.17
1471.41	2759.36
1472.98	2758.31
1474.55	2758.31
1476.12	2744.71
1477.68	2740.52
1479.25	2758.31
1480.82	2746.80
1482.38	2753.08
1483.95	2741.57
1485.51	2754.13
1487.08	2766.68
1488.64	2758.31
1490.21	2754.13
1491.77	2738.43
1493.34	2757.26
1494.90	2746.80
1496.46	2748.89
1498.03	2756.22
1499.59	2757.26
1501.15	2754.13
1502.72	2749.94
1504.28	2753.08
1505.84	2746.80
1507.40	2743.66
1508.97	2757.26
1510.53	2754.13
1512.09	2761.45
1513.65	2760.40
1515.21	2759.36
1516.77	2745.75
1518.33	2762.50
1519.89	2759.36
1521.45	2750.99
1523.01	2753.08
1524.57	2757.26
1526.13	2760.40
1527.68	2760.40
1529.24	2760.40
1530.80	2757.26
1532.36	2762.50
1533.92	2757.26
1535.47	2750.99
1537.03	2750.99
1538.59	2750.99
1540.14	2743.66
1541.70	2745.75
1543.25	2761.45
1544.81	2758.31
1546.36	2754.13
1547.92	2743.66
1549.47	2754.13
1551.03	2749.94
1552.58	2745.75
1554.13	2745.75
1555.69	2755.17
1557.24	2748.89
1558.79	2739.48
1560.35	2742.62
1561.90	2748.89
1563.45	2738.43
1565.00	2740.52
1566.55	2737.38
1568.10	2740.52
1569.66	2738.43
1571.21	2745.75
1572.76	2749.94
1574.31	2737.38
1575.86	2743.66
1577.40	2731.10
1578.95	2743.66
1580.50	2733.20
1582.05	2729.01
1583.60	2733.20
1585.15	2725.87
1586.69	2731.10
1588.24	2739.48
1589.79	2740.52
1591.34	2720.64
1592.88	2734.24
1594.43	2717.50
1595.97	2735.29
1597.52	2732.15
1599.06	2725.87
1600.61	2722.73
1602.15	2735.29
1603.70	2723.78
1605.24	2731.10
1606.79	2724.83
1608.33	2712.27
1609.87	2717.50
1611.41	2726.92
1612.96	2727.97
1614.50	2713.32
1616.04	2722.73
1617.58	2716.45
1619.12	2714.36
1620.67	2726.92
1622.21	2703.90
1623.75	2718.55
1625.29	2705.99
1626.83	2704.94
1628.37	2717.50
1629.90	2698.67
1631.44	2697.62
1632.98	2708.08
1634.52	2696.57
1636.06	2700.76
1637.59	2713.32
1639.13	2705.99
1640.67	2705.99
1642.21	2697.62
1643.74	2702.85
1645.28	2691.34
1646.81	2681.92
1648.35	2693.43
1649.88	2671.46
1651.42	2678.78
1652.95	2664.13
1654.49	2693.43
1656.02	2671.46
1657.55	2680.88
1659.09	2658.90
1660.62	2682.97
1662.15	2666.23
1663.68	2675.65
1665.22	2671.46
1666.75	2663.09
1668.28	2666.23
1669.81	2687.16
1671.34	2664.13
1672.87	2664.13
1674.40	2672.51
1675.93	2663.09
1677.46	2646.35
1678.99	2648.44
1680.52	2645.30
1682.04	2667.27
1683.57	2652.62
1685.10	2656.81
1686.63	2652.62
1688.15	2642.16
1689.68	2632.74
1691.21	2639.02
1692.73	2642.16
1694.26	2651.58
1695.78	2640.07
1697.31	2648.44
1698.83	2628.56
1700.36	2642.16
1701.88	2624.37
1703.40	2649.49
1704.93	2623.33
1706.45	2629.60
