896.35	2978.06
897.98	2985.38
899.60	2983.29
901.22	3011.54
902.85	2991.66
904.47	3016.77
906.10	3027.24
907.72	3028.28
909.34	3031.42
910.97	3052.35
912.59	3076.42
914.21	3103.62
915.84	3127.69
917.46	3162.22
919.08	3181.06
920.71	3197.80
922.33	3220.82
923.95	3234.42
925.58	3256.40
927.20	3251.17
928.82	3259.54
930.44	3282.56
932.07	3268.95
933.69	3268.95
935.31	3276.28
936.93	3290.93
938.56	3296.16
940.18	3309.76
941.80	3299.30
943.42	3317.09
945.05	3320.23
946.67	3316.04
948.29	3310.81
949.91	3309.76
951.53	3321.27
953.16	3333.83
954.78	3324.41
956.40	3316.04
958.02	3316.04
959.64	3319.18
961.26	3321.27
962.88	3328.60
964.51	3321.27
966.13	3341.16
967.75	3332.78
969.37	3319.18
970.99	3323.37
972.61	3323.37
974.23	3317.09
975.85	3324.41
977.47	3328.60
979.09	3325.46
980.71	3313.95
982.33	3327.55
983.95	3341.16
985.57	3358.94
987.19	3332.78
988.81	3338.02
990.43	3338.02
992.05	3342.20
993.67	3363.13
995.29	3354.76
996.91	3344.30
998.53	3374.64
1000.15	3374.64
1001.77	3380.92
1003.39	3381.97
1005.01	3375.69
1006.63	3385.10
1008.25	3400.80
1009.86	3406.03
1011.48	3397.66
1013.10	3398.71
1014.72	3414.40
1016.34	3416.50
1017.96	3432.19
1019.58	3413.36
1021.19	3426.96
1022.81	3422.78
1024.43	3446.84
1026.05	3435.33
1027.66	3442.66
1029.28	3436.38
1030.90	3447.89
1032.52	3429.05
1034.13	3447.89
1035.75	3455.21
1037.37	3457.31
1038.98	3467.77
1040.60	3461.49
1042.22	3449.98
1043.83	3462.54
1045.45	3453.12
1047.07	3454.17
1048.68	3460.45
1050.30	3453.12
1051.92	3460.45
1053.53	3462.54
1055.15	3469.86
1056.76	3470.91
1058.38	3469.86
1059.99	3475.10
1061.61	3464.63
1063.22	3448.94
1064.84	3459.40
1066.46	3466.72
1068.07	3452.07
1069.68	3457.31
1071.30	3462.54
1072.91	3458.35
1074.53	3451.03
1076.14	3462.54
1077.76	3445.80
1079.37	3454.17
1080.98	3432.19
1082.60	3443.70
1084.21	3439.52
1085.83	3445.80
1087.44	3443.70
1089.05	3426.96
1090.67	3429.05
1092.28	3431.15
1093.89	3433.24
1095.50	3439.52
1097.12	3431.15
1098.73	3447.89
1100.34	3426.96
1101.95	3435.33
1103.57	3433.24
1105.18	3425.91
1106.79	3420.68
1108.40	3429.05
1110.01	3431.15
1111.63	3433.24
1113.24	3434.29
1114.85	3441.61
1116.46	3436.38
1118.07	3441.61
1119.68	3431.15
1121.29	3435.33
1122.90	3423.82
1124.51	3433.24
1126.12	3435.33
1127.73	3445.80
1129.34	3436.38
1130.95	3442.66
1132.56	3437.42
1134.17	3431.15
1135.78	3435.33
1137.39	3435.33
1139.00	3419.64
1140.61	3434.29
1142.22	3433.24
1143.83	3425.91
1145.44	3431.15
1147.05	3436.38
1148.65	3442.66
1150.26	3429.05
1151.87	3418.59
1153.48	3435.33
1155.09	3438.47
1156.69	3437.42
1158.30	3418.59
1159.91	3422.78
1161.52	3432.19
1163.12	3438.47
1164.73	3424.87
1166.34	3442.66
1167.94	3436.38
1169.55	3445.80
1171.16	3439.52
1172.76	3438.47
1174.37	3436.38
1175.97	3455.21
1177.58	3426.96
1179.19	3447.89
1180.79	3429.05
1182.40	3437.42
1184.00	3426.96
1185.61	3449.98
1187.21	3437.42
1188.82	3435.33
1190.42	3441.61
1192.02	3441.61
1193.63	3424.87
1195.23	3447.89
1196.84	3438.47
1198.44	3448.94
1200.04	3452.07
1201.65	3447.89
1203.25	3434.29
1204.85	3440.56
1206.46	3414.40
1208.06	3424.87
1209.66	3421.73
1211.26	3424.87
1212.87	3447.89
1214.47	3420.68
1216.07	3428.01
1217.67	3434.29
1219.27	3420.68
1220.87	3424.87
1222.48	3419.64
1224.08	3418.59
1225.68	3420.68
1227.28	3404.99
1228.88	3401.85
1230.48	3414.40
1232.08	3399.75
1233.68	3411.26
1235.28	3415.45
1236.88	3401.85
1238.48	3394.52
1240.08	3417.54
1241.68	3385.10
1243.28	3390.34
1244.87	3376.73
1246.47	3377.78
1248.07	3367.32
1249.67	3374.64
1251.27	3381.97
1252.87	3359.99
1254.46	3354.76
1256.06	3359.99
1257.66	3359.99
1259.26	3347.43
1260.85	3362.08
1262.45	3355.81
1264.05	3353.71
1265.64	3354.76
1267.24	3350.57
1268.83	3358.94
1270.43	3338.02
1272.03	3364.18
1273.62	3348.48
1275.22	3334.88
1276.81	3340.11
1278.41	3338.02
1280.00	3344.30
1281.60	3338.02
1283.19	3323.37
1284.79	3338.02
1286.38	3334.88
1287.97	3340.11
1289.57	3333.83
1291.16	3327.55
1292.75	3310.81
1294.35	3327.55
1295.94	3317.09
1297.53	3321.27
1299.12	3301.39
1300.72	3326.51
1302.31	3298.25
1303.90	3325.46
1305.49	3313.95
1307.08	3302.44
1308.68	3293.02
1310.27	3302.44
1311.86	3287.79
1313.45	3288.84
1315.04	3286.74
1316.63	3295.11
1318.22	3288.84
1319.81	3284.65
1321.40	3279.42
1322.99	3282.56
1324.58	3262.68
1326.17	3268.95
1327.75	3259.54
1329.34	3266.86
1330.93	3256.40
1332.52	3238.61
1334.11	3239.66
1335.70	3246.98
1337.28	3237.56
1338.87	3234.42
1340.46	3232.33
1342.05	3237.56
1343.63	3219.77
1345.22	3222.91
1346.81	3228.14
1348.39	3216.63
1349.98	3212.45
1351.56	3201.98
1353.15	3194.66
1354.73	3207.22
1356.32	3173.73
1357.90	3172.69
1359.49	3182.10
1361.07	3163.27
1362.66	3153.85
1364.24	3155.94
1365.82	3159.08
1367.41	3163.27
1368.99	3137.11
1370.57	3138.15
1372.16	3145.48
1373.74	3125.60
1375.32	3126.64
1376.91	3125.60
1378.49	3084.79
1380.07	3064.91
1381.65	3049.21
1383.23	3036.65
1384.81	3038.75
1386.39	3031.42
1387.97	3027.24
1389.55	3024.10
1391.14	3011.54
1392.72	2995.84
1394.29	2990.61
1395.87	2987.47
1397.45	2968.64
1399.03	2975.96
1400.61	2962.36
1402.19	2953.99
1403.77	2938.29
1405.35	2959.22
1406.92	2939.34
1408.50	2942.48
1410.08	2945.62
1411.66	2928.87
1413.23	2933.06
1414.81	2929.92
1416.39	2911.09
1417.96	2922.60
1419.54	2918.41
1421.12	2926.78
1422.69	2924.69
1424.27	2897.48
1425.84	2908.99
1427.42	2903.76
1428.99	2901.67
1430.57	2906.90
1432.14	2907.95
1433.71	2904.81
1435.29	2914.22
1436.86	2910.04
1438.43	2902.71
1440.01	2893.30
1441.58	2774.01
1443.15	2905.85
1444.72	2906.90
1446.30	2893.30
1447.87	2904.81
1449.44	2888.06
1451.01	2881.79
1452.58	2899.58
1454.15	2902.71
1455.72	2893.30
1457.29	2888.06
1458.86	2897.48
1460.43	2878.65
1462.00	2908.99
1463.57	2895.39
1465.14	2897.48
1466.71	2879.69
1468.28	2892.25
1469.85	2893.30
1471.41	2898.53
1472.98	2884.93
1474.55	2902.71
1476.12	2882.83
1477.68	2884.93
1479.25	2911.09
1480.82	2893.30
1482.38	2900.62
1483.95	2888.06
1485.51	2897.48
1487.08	2908.99
1488.64	2901.67
1490.21	2905.85
1491.77	2891.20
1493.34	2904.81
1494.90	2890.16
1496.46	2901.67
1498.03	2910.04
1499.59	2908.99
1501.15	2906.90
1502.72	2906.90
1504.28	2905.85
1505.84	2899.58
1507.40	2901.67
1508.97	2918.41
1510.53	2908.99
1512.09	2920.50
1513.65	2916.32
1515.21	2919.46
1516.77	2904.81
1518.33	2930.97
1519.89	2917.36
1521.45	2920.50
1523.01	2915.27
1524.57	2921.55
1526.13	2912.13
1527.68	2919.46
1529.24	2932.01
1530.80	2927.83
1532.36	2933.06
1533.92	2926.78
1535.47	2912.13
1537.03	2915.27
1538.59	2919.46
1540.14	2904.81
1541.70	2910.04
1543.25	2927.83
1544.81	2917.36
1546.36	2922.60
1547.92	2903.76
1549.47	2927.83
1551.03	2930.97
1552.58	2913.18
1554.13	2910.04
1555.69	2913.18
1557.24	2908.99
1558.79	2907.95
1560.35	2901.67
1561.90	2914.22
1563.45	2901.67
1565.00	2919.46
1566.55	2906.90
1568.10	2897.48
1569.66	2885.97
1571.21	2903.76
1572.76	2907.95
1574.31	2901.67
1575.86	2903.76
1577.40	2897.48
1578.95	2897.48
1580.50	2894.34
1582.05	2885.97
1583.60	2893.30
1585.15	2882.83
1586.69	2878.65
1588.24	2887.02
1589.79	2897.48
1591.34	2872.37
1592.88	2903.76
1594.43	2878.65
1595.97	2893.30
1597.52	2887.02
1599.06	2891.20
1600.61	2883.88
1602.15	2882.83
1603.70	2867.14
1605.24	2871.32
1606.79	2872.37
1608.33	2872.37
1609.87	2868.18
1611.41	2875.51
1612.96	2880.74
1614.50	2873.42
1616.04	2876.55
1617.58	2871.32
1619.12	2866.09
1620.67	2879.69
1622.21	2846.21
1623.75	2870.28
1625.29	2851.44
1626.83	2852.49
1628.37	2858.77
1629.90	2842.02
1631.44	2831.56
1632.98	2832.61
1634.52	2817.96
1636.06	2812.72
1637.59	2829.47
1639.13	2820.05
1640.67	2805.40
1642.21	2791.80
1643.74	2784.47
1645.28	2765.64
1646.81	2755.17
1648.35	2760.40
1649.88	2735.29
1651.42	2742.62
1652.95	2723.78
1654.49	2749.94
1656.02	2720.64
1657.55	2719.59
1659.09	2700.76
1660.62	2726.92
1662.15	2708.08
1663.68	2712.27
1665.22	2695.53
1666.75	2697.62
1668.28	2692.39
1669.81	2711.22
1671.34	2696.57
1672.87	2696.57
1674.40	2697.62
1675.93	2697.62
1677.46	2680.88
1678.99	2675.65
1680.52	2679.83
1682.04	2686.11
1683.57	2678.78
1685.10	2680.88
1686.63	2671.46
1688.15	2675.65
1689.68	2664.13
1691.21	2667.27
1692.73	2678.78
1694.26	2679.83
1695.78	2667.27
1697.31	2674.60
1698.83	2658.90
1700.36	2669.37
1701.88	2661.00
1703.40	2671.46
1704.93	2661.00
1706.45	2659.95
