896.35	3050.26
897.98	3058.63
899.60	3055.49
901.22	3081.65
902.85	3075.37
904.47	3090.02
906.10	3103.62
907.72	3107.81
909.34	3115.13
910.97	3142.34
912.59	3155.94
914.21	3198.85
915.84	3218.73
917.46	3270.00
919.08	3291.98
920.71	3313.95
922.33	3342.20
923.95	3355.81
925.58	3368.36
927.20	3370.46
928.82	3376.73
930.44	3415.45
932.07	3392.43
933.69	3400.80
935.31	3400.80
936.93	3421.73
938.56	3415.45
940.18	3435.33
941.80	3426.96
943.42	3463.58
945.05	3459.40
946.67	3441.61
948.29	3441.61
949.91	3448.94
951.53	3459.40
953.16	3473.00
954.78	3459.40
956.40	3455.21
958.02	3451.03
959.64	3464.63
961.26	3452.07
962.88	3466.72
964.51	3445.80
966.13	3476.14
967.75	3460.45
969.37	3453.12
970.99	3442.66
972.61	3454.17
974.23	3448.94
975.85	3462.54
977.47	3462.54
979.09	3462.54
980.71	3447.89
982.33	3462.54
983.95	3460.45
985.57	3490.79
987.19	3471.96
988.81	3494.98
990.43	3474.05
992.05	3483.47
993.67	3496.02
995.29	3510.67
996.91	3484.51
998.53	3520.09
1000.15	3512.77
1001.77	3530.55
1003.39	3518.00
1005.01	3527.42
1006.63	3526.37
1008.25	3550.44
1009.86	3551.48
1011.48	3552.53
1013.10	3543.11
1014.72	3566.13
1016.34	3561.95
1017.96	3579.74
1019.58	3560.90
1021.19	3577.64
1022.81	3572.41
1024.43	3595.43
1026.05	3577.64
1027.66	3603.80
1029.28	3589.15
1030.90	3603.80
1032.52	3592.29
1034.13	3610.08
1035.75	3612.17
1037.37	3619.50
1038.98	3619.50
1040.60	3619.50
1042.22	3594.38
1043.83	3615.31
1045.45	3620.54
1047.07	3634.15
1048.68	3620.54
1050.30	3628.92
1051.92	3629.96
1053.53	3626.82
1055.15	3619.50
1056.76	3626.82
1058.38	3612.17
1059.99	3634.15
1061.61	3612.17
1063.22	3621.59
1064.84	3618.45
1066.46	3626.82
1068.07	3615.31
1069.68	3628.92
1071.30	3628.92
1072.91	3631.01
1074.53	3603.80
1076.14	3628.92
1077.76	3604.85
1079.37	3614.27
1080.98	3576.60
1082.60	3606.94
1084.21	3598.57
1085.83	3606.94
1087.44	3600.66
1089.05	3594.38
1090.67	3590.20
1092.28	3596.48
1093.89	3595.43
1095.50	3594.38
1097.12	3579.74
1098.73	3599.62
1100.34	3576.60
1101.95	3595.43
1103.57	3589.15
1105.18	3587.06
1106.79	3575.55
1108.40	3591.25
1110.01	3582.87
1111.63	3589.15
1113.24	3583.92
1114.85	3598.57
1116.46	3593.34
1118.07	3593.34
1119.68	3582.87
1121.29	3598.57
1122.90	3582.87
1124.51	3588.11
1126.12	3592.29
1127.73	3604.85
1129.34	3604.85
1130.95	3606.94
1132.56	3600.66
1134.17	3587.06
1135.78	3575.55
1137.39	3592.29
1139.00	3575.55
1140.61	3590.20
1142.22	3587.06
1143.83	3586.01
1145.44	3578.69
1147.05	3593.34
1148.65	3587.06
1150.26	3582.87
1151.87	3570.32
1153.48	3586.01
1155.09	3583.92
1156.69	3597.52
1158.30	3571.36
1159.91	3583.92
1161.52	3584.97
1163.12	3590.20
1164.73	3566.13
1166.34	3590.20
1167.94	3582.87
1169.55	3598.57
1171.16	3591.25
1172.76	3593.34
1174.37	3580.78
1175.97	3605.90
1177.58	3569.27
1179.19	3607.99
1180.79	3579.74
1182.40	3600.66
1184.00	3584.97
1185.61	3602.76
1187.21	3593.34
1188.82	3598.57
1190.42	3598.57
1192.02	3598.57
1193.63	3575.55
1195.23	3593.34
1196.84	3587.06
1198.44	3598.57
1200.04	3601.71
1201.65	3607.99
1203.25	3584.97
1204.85	3602.76
1206.46	3575.55
1208.06	3587.06
1209.66	3569.27
1211.26	3576.60
1212.87	3586.01
1214.47	3574.50
1216.07	3566.13
1217.67	3582.87
1219.27	3561.95
1220.87	3573.46
1222.48	3546.25
1224.08	3570.32
1225.68	3560.90
1227.28	3566.13
1228.88	3547.30
1230.48	3564.04
1232.08	3537.88
1233.68	3562.99
1235.28	3555.67
1236.88	3545.20
1238.48	3526.37
1240.08	3566.13
1241.68	3528.46
1243.28	3536.83
1244.87	3515.90
1246.47	3516.95
1248.07	3500.21
1249.67	3513.81
1251.27	3513.81
1252.87	3508.58
1254.46	3486.61
1256.06	3502.30
1257.66	3485.56
1259.26	3482.42
1260.85	3496.02
1262.45	3499.16
1264.05	3487.65
1265.64	3487.65
1267.24	3484.51
1268.83	3491.84
1270.43	3471.96
1272.03	3503.35
1273.62	3481.37
1275.22	3474.05
1276.81	3466.72
1278.41	3471.96
1280.00	3477.19
1281.60	3475.10
1283.19	3453.12
1284.79	3470.91
1286.38	3455.21
1287.97	3467.77
1289.57	3456.26
1291.16	3459.40
1292.75	3439.52
1294.35	3456.26
1295.94	3439.52
1297.53	3452.07
1299.12	3429.05
1300.72	3444.75
1302.31	3414.40
1303.90	3453.12
1305.49	3444.75
1307.08	3432.19
1308.68	3419.64
1310.27	3421.73
1311.86	3415.45
1313.45	3419.64
1315.04	3407.08
1316.63	3414.40
1318.22	3400.80
1319.81	3393.48
1321.40	3388.24
1322.99	3409.17
1324.58	3373.59
1326.17	3372.55
1327.75	3359.99
1329.34	3378.83
1330.93	3361.04
1332.52	3364.18
1334.11	3350.57
1335.70	3349.53
1337.28	3331.74
1338.87	3347.43
1340.46	3335.92
1342.05	3330.69
1343.63	3328.60
1345.22	3334.88
1346.81	3332.78
1348.39	3325.46
1349.98	3317.09
1351.56	3316.04
1353.15	3299.30
1354.73	3299.30
1356.32	3266.86
1357.90	3268.95
1359.49	3267.91
1361.07	3262.68
1362.66	3238.61
1364.24	3254.30
1365.82	3245.93
1367.41	3249.07
1368.99	3215.59
1370.57	3211.40
1372.16	3209.31
1373.74	3213.50
1375.32	3204.08
1376.91	3191.52
1378.49	3155.94
1380.07	3130.83
1381.65	3118.27
1383.23	3095.25
1384.81	3091.07
1386.39	3082.70
1387.97	3074.32
1389.55	3064.91
1391.14	3058.63
1392.72	3035.61
1394.29	3023.05
1395.87	3015.73
1397.45	3002.12
1399.03	2995.84
1400.61	2988.52
1402.19	2974.92
1403.77	2952.94
1405.35	2969.68
1406.92	2956.08
1408.50	2953.99
1410.08	2943.52
1411.66	2924.69
1413.23	2929.92
1414.81	2943.52
1416.39	2920.50
1417.96	2927.83
1419.54	2906.90
1421.12	2919.46
1422.69	2918.41
1424.27	2911.09
1425.84	2916.32
1427.42	2912.13
1428.99	2906.90
1430.57	2903.76
1432.14	2891.20
1433.71	2903.76
1435.29	2907.95
1436.86	2900.62
1438.43	2898.53
1440.01	2896.44
1441.58	2774.01
1443.15	2897.48
1444.72	2902.71
1446.30	2895.39
1447.87	2904.81
1449.44	2888.06
1451.01	2876.55
1452.58	2898.53
1454.15	2899.58
1455.72	2885.97
1457.29	2889.11
1458.86	2897.48
1460.43	2883.88
1462.00	2916.32
1463.57	2898.53
1465.14	2911.09
1466.71	2890.16
1468.28	2894.34
1469.85	2891.20
1471.41	2907.95
1472.98	2895.39
1474.55	2911.09
1476.12	2896.44
1477.68	2890.16
1479.25	2912.13
1480.82	2900.62
1482.38	2901.67
1483.95	2894.34
1485.51	2914.22
1487.08	2928.87
1488.64	2920.50
1490.21	2917.36
1491.77	2902.71
1493.34	2927.83
1494.90	2908.99
1496.46	2919.46
1498.03	2927.83
1499.59	2920.50
1501.15	2921.55
1502.72	2919.46
1504.28	2922.60
1505.84	2919.46
1507.40	2918.41
1508.97	2938.29
1510.53	2936.20
1512.09	2950.85
1513.65	2943.52
1515.21	2944.57
1516.77	2925.74
1518.33	2941.43
1519.89	2940.38
1521.45	2951.90
1523.01	2946.66
1524.57	2951.90
1526.13	2950.85
1527.68	2949.80
1529.24	2952.94
1530.80	2953.99
1532.36	2963.41
1533.92	2959.22
1535.47	2948.76
1537.03	2950.85
1538.59	2955.03
1540.14	2958.17
1541.70	2939.34
1543.25	2961.31
1544.81	2949.80
1546.36	2964.45
1547.92	2947.71
1549.47	2955.03
1551.03	2956.08
1552.58	2952.94
1554.13	2950.85
1555.69	2956.08
1557.24	2937.25
1558.79	2940.38
1560.35	2937.25
1561.90	2948.76
1563.45	2938.29
1565.00	2952.94
1566.55	2936.20
1568.10	2940.38
1569.66	2930.97
1571.21	2951.90
1572.76	2947.71
1574.31	2937.25
1575.86	2928.87
1577.40	2943.52
1578.95	2935.15
1580.50	2939.34
1582.05	2925.74
1583.60	2929.92
1585.15	2921.55
1586.69	2928.87
1588.24	2924.69
1589.79	2941.43
1591.34	2920.50
1592.88	2935.15
1594.43	2901.67
1595.97	2923.64
1597.52	2921.55
1599.06	2924.69
1600.61	2911.09
1602.15	2934.11
1603.70	2914.22
1605.24	2917.36
1606.79	2917.36
1608.33	2912.13
1609.87	2897.48
1611.41	2906.90
1612.96	2912.13
1614.50	2904.81
1616.04	2906.90
1617.58	2907.95
1619.12	2896.44
1620.67	2908.99
1622.21	2876.55
1623.75	2911.09
1625.29	2883.88
1626.83	2884.93
1628.37	2899.58
1629.90	2878.65
1631.44	2864.00
1632.98	2870.28
1634.52	2850.39
1636.06	2853.53
1637.59	2861.90
1639.13	2843.07
1640.67	2828.42
1642.21	2810.63
1643.74	2812.72
1645.28	2794.94
1646.81	2779.24
1648.35	2777.15
1649.88	2759.36
1651.42	2761.45
1652.95	2739.48
1654.49	2761.45
1656.02	2738.43
1657.55	2740.52
1659.09	2720.64
1660.62	2739.48
1662.15	2718.55
1663.68	2718.55
1665.22	2711.22
1666.75	2715.41
1668.28	2701.81
1669.81	2716.45
1671.34	2701.81
1672.87	2708.08
1674.40	2708.08
1675.93	2700.76
1677.46	2685.06
1678.99	2681.92
1680.52	2684.02
1682.04	2691.34
1683.57	2682.97
1685.10	2684.02
1686.63	2681.92
1688.15	2691.34
1689.68	2679.83
1691.21	2679.83
1692.73	2680.88
1694.26	2684.02
1695.78	2674.60
1697.31	2678.78
1698.83	2665.18
1700.36	2665.18
1701.88	2666.23
1703.40	2685.06
1704.93	2672.51
1706.45	2664.13
