896.35	2662.04
897.98	2656.81
899.60	2665.18
901.22	2665.18
902.85	2665.18
904.47	2661.00
906.10	2664.13
907.72	2661.00
909.34	2682.97
910.97	2680.88
912.59	2689.25
914.21	2664.13
915.84	2667.27
917.46	2673.55
919.08	2689.25
920.71	2677.74
922.33	2700.76
923.95	2682.97
925.58	2704.94
927.20	2674.60
928.82	2695.53
930.44	2696.57
932.07	2700.76
933.69	2672.51
935.31	2681.92
936.93	2677.74
938.56	2693.43
940.18	2687.16
941.80	2689.25
943.42	2687.16
945.05	2714.36
946.67	2678.78
948.29	2697.62
949.91	2678.78
951.53	2722.73
953.16	2702.85
954.78	2719.59
956.40	2681.92
958.02	2704.94
959.64	2692.39
961.26	2703.90
962.88	2694.48
964.51	2705.99
966.13	2704.94
967.75	2714.36
969.37	2701.81
970.99	2711.22
972.61	2686.11
974.23	2705.99
975.85	2697.62
977.47	2711.22
979.09	2701.81
980.71	2705.99
982.33	2702.85
983.95	2723.78
985.57	2712.27
987.19	2717.50
988.81	2716.45
990.43	2723.78
992.05	2702.85
993.67	2727.97
995.29	2707.04
996.91	2709.13
998.53	2709.13
1000.15	2729.01
1001.77	2709.13
1003.39	2725.87
1005.01	2699.71
1006.63	2713.32
1008.25	2702.85
1009.86	2733.20
1011.48	2711.22
1013.10	2715.41
1014.72	2712.27
1016.34	2726.92
1017.96	2729.01
1019.58	2721.69
1021.19	2714.36
1022.81	2721.69
1024.43	2714.36
1026.05	2723.78
1027.66	2718.55
1029.28	2729.01
1030.90	2710.18
1032.52	2715.41
1034.13	2708.08
1035.75	2733.20
1037.37	2714.36
1038.98	2739.48
1040.60	2712.27
1042.22	2711.22
1043.83	2707.04
1045.45	2719.59
1047.07	2703.90
1048.68	2735.29
1050.30	2714.36
1051.92	2729.01
1053.53	2715.41
1055.15	2734.24
1056.76	2717.50
1058.38	2729.01
1059.99	2719.59
1061.61	2720.64
1063.22	2704.94
1064.84	2727.97
1066.46	2715.41
1068.07	2723.78
1069.68	2708.08
1071.30	2733.20
1072.91	2710.18
1074.53	2727.97
1076.14	2724.83
1077.76	2729.01
1079.37	2719.59
1080.98	2704.94
1082.60	2716.45
1084.21	2733.20
1085.83	2720.64
1087.44	2724.83
1089.05	2709.13
1090.67	2720.64
1092.28	2713.32
1093.89	2735.29
1095.50	2719.59
1097.12	2719.59
1098.73	2716.45
1100.34	2712.27
1101.95	2730.06
1103.57	2737.38
1105.18	2709.13
1106.79	2714.36
1108.40	2716.45
1110.01	2726.92
1111.63	2716.45
1113.24	2729.01
1114.85	2715.41
1116.46	2727.97
1118.07	2734.24
1119.68	2722.73
1121.29	2718.55
1122.90	2721.69
1124.51	2721.69
1126.12	2736.34
1127.73	2729.01
1129.34	2742.62
1130.95	2729.01
1132.56	2741.57
1134.17	2701.81
1135.78	2718.55
1137.39	2726.92
1139.00	2722.73
1140.61	2715.41
1142.22	2736.34
1143.83	2718.55
1145.44	2725.87
1147.05	2716.45
1148.65	2732.15
1150.26	2717.50
1151.87	2729.01
1153.48	2723.78
1155.09	2736.34
1156.69	2717.50
1158.30	2711.22
1159.91	2713.32
1161.52	2733.20
1163.12	2718.55
1164.73	2720.64
1166.34	2722.73
1167.94	2731.10
1169.55	2721.69
1171.16	2733.20
1172.76	2720.64
1174.37	2718.55
1175.97	2719.59
1177.58	2710.18
1179.19	2726.92
1180.79	2725.87
1182.40	2717.50
1184.00	2726.92
1185.61	2727.97
1187.21	2738.43
1188.82	2712.27
1190.42	2726.92
1192.02	2712.27
1193.63	2718.55
1195.23	2715.41
1196.84	2727.97
1198.44	2717.50
1200.04	2734.24
1201.65	2723.78
1203.25	2733.20
1204.85	2725.87
1206.46	2714.36
1208.06	2718.55
1209.66	2715.41
1211.26	2713.32
1212.87	2743.66
1214.47	2714.36
1216.07	2726.92
1217.67	2719.59
1219.27	2722.73
1220.87	2715.41
1222.48	2724.83
1224.08	2722.73
1225.68	2736.34
1227.28	2720.64
1228.88	2723.78
1230.48	2720.64
1232.08	2722.73
1233.68	2729.01
1235.28	2744.71
1236.88	2719.59
1238.48	2715.41
1240.08	2741.57
1241.68	2711.22
1243.28	2721.69
1244.87	2731.10
1246.47	2720.64
1248.07	2727.97
1249.67	2726.92
1251.27	2744.71
1252.87	2719.59
1254.46	2720.64
1256.06	2724.83
1257.66	2734.24
1259.26	2708.08
1260.85	2718.55
1262.45	2713.32
1264.05	2723.78
1265.64	2714.36
1267.24	2729.01
1268.83	2723.78
1270.43	2722.73
1272.03	2732.15
1273.62	2732.15
1275.22	2710.18
1276.81	2736.34
1278.41	2718.55
1280.00	2722.73
1281.60	2714.36
1283.19	2727.97
1284.79	2730.06
1286.38	2721.69
1287.97	2722.73
1289.57	2725.87
1291.16	2723.78
1292.75	2721.69
1294.35	2723.78
1295.94	2725.87
1297.53	2724.83
1299.12	2711.22
1300.72	2725.87
1302.31	2709.13
1303.90	2730.06
1305.49	2742.62
1307.08	2714.36
1308.68	2716.45
1310.27	2715.41
1311.86	2722.73
1313.45	2716.45
1315.04	2725.87
1316.63	2721.69
1318.22	2721.69
1319.81	2700.76
1321.40	2717.50
1322.99	2716.45
1324.58	2709.13
1326.17	2710.18
1327.75	2709.13
1329.34	2713.32
1330.93	2709.13
1332.52	2702.85
1334.11	2708.08
1335.70	2708.08
1337.28	2704.94
1338.87	2703.90
1340.46	2708.08
1342.05	2701.81
1343.63	2705.99
1345.22	2701.81
1346.81	2722.73
1348.39	2712.27
1349.98	2715.41
1351.56	2702.85
1353.15	2707.04
1354.73	2714.36
1356.32	2713.32
1357.90	2705.99
1359.49	2722.73
1361.07	2710.18
1362.66	2713.32
1364.24	2709.13
1365.82	2716.45
1367.41	2714.36
1368.99	2709.13
1370.57	2698.67
1372.16	2716.45
1373.74	2700.76
1375.32	2711.22
1376.91	2711.22
1378.49	2700.76
1380.07	2704.94
1381.65	2718.55
1383.23	2703.90
1384.81	2702.85
1386.39	2690.29
1387.97	2707.04
1389.55	2698.67
1391.14	2703.90
1392.72	2701.81
1394.29	2712.27
1395.87	2702.85
1397.45	2697.62
1399.03	2702.85
1400.61	2712.27
1402.19	2701.81
1403.77	2700.76
1405.35	2720.64
1406.92	2711.22
1408.50	2708.08
1410.08	2712.27
1411.66	2704.94
1413.23	2708.08
1414.81	2715.41
1416.39	2697.62
1417.96	2702.85
1419.54	2703.90
1421.12	2707.04
1422.69	2722.73
1424.27	2700.76
1425.84	2714.36
1427.42	2707.04
1428.99	2711.22
1430.57	2709.13
1432.14	2703.90
1433.71	2701.81
1435.29	2713.32
1436.86	2717.50
1438.43	2713.32
1440.01	2698.67
1441.58	2605.54
1443.15	2718.55
1444.72	2715.41
1446.30	2708.08
1447.87	2713.32
1449.44	2704.94
1451.01	2699.71
1452.58	2713.32
1454.15	2707.04
1455.72	2694.48
1457.29	2712.27
1458.86	2716.45
1460.43	2700.76
1462.00	2720.64
1463.57	2708.08
1465.14	2715.41
1466.71	2703.90
1468.28	2704.94
1469.85	2712.27
1471.41	2724.83
1472.98	2712.27
1474.55	2724.83
1476.12	2696.57
1477.68	2699.71
1479.25	2711.22
1480.82	2707.04
1482.38	2709.13
1483.95	2696.57
1485.51	2709.13
1487.08	2716.45
1488.64	2712.27
1490.21	2712.27
1491.77	2703.90
1493.34	2722.73
1494.90	2702.85
1496.46	2700.76
1498.03	2704.94
1499.59	2701.81
1501.15	2696.57
1502.72	2703.90
1504.28	2705.99
1505.84	2704.94
1507.40	2704.94
1508.97	2705.99
1510.53	2699.71
1512.09	2714.36
1513.65	2712.27
1515.21	2711.22
1516.77	2699.71
1518.33	2714.36
1519.89	2700.76
1521.45	2701.81
1523.01	2705.99
1524.57	2713.32
1526.13	2705.99
1527.68	2709.13
1529.24	2717.50
1530.80	2710.18
1532.36	2717.50
1533.92	2702.85
1535.47	2687.16
1537.03	2690.29
1538.59	2703.90
1540.14	2693.43
1541.70	2691.34
1543.25	2712.27
1544.81	2707.04
1546.36	2707.04
1547.92	2700.76
1549.47	2702.85
1551.03	2705.99
1552.58	2696.57
1554.13	2689.25
1555.69	2696.57
1557.24	2692.39
1558.79	2693.43
1560.35	2688.20
1561.90	2694.48
1563.45	2682.97
1565.00	2694.48
1566.55	2681.92
1568.10	2684.02
1569.66	2682.97
1571.21	2701.81
1572.76	2696.57
1574.31	2692.39
1575.86	2691.34
1577.40	2679.83
1578.95	2681.92
1580.50	2684.02
1582.05	2677.74
1583.60	2681.92
1585.15	2675.65
1586.69	2687.16
1588.24	2689.25
1589.79	2680.88
1591.34	2668.32
1592.88	2691.34
1594.43	2664.13
1595.97	2681.92
1597.52	2680.88
1599.06	2682.97
1600.61	2675.65
1602.15	2692.39
1603.70	2674.60
1605.24	2671.46
1606.79	2672.51
1608.33	2664.13
1609.87	2669.37
1611.41	2680.88
1612.96	2680.88
1614.50	2665.18
1616.04	2672.51
1617.58	2681.92
1619.12	2667.27
1620.67	2677.74
1622.21	2651.58
1623.75	2666.23
1625.29	2661.00
1626.83	2658.90
1628.37	2673.55
1629.90	2655.76
1631.44	2664.13
1632.98	2672.51
1634.52	2659.95
1636.06	2665.18
1637.59	2677.74
1639.13	2668.32
1640.67	2665.18
1642.21	2662.04
1643.74	2667.27
1645.28	2656.81
1646.81	2659.95
1648.35	2669.37
1649.88	2650.53
1651.42	2658.90
1652.95	2646.35
1654.49	2670.41
1656.02	2652.62
1657.55	2663.09
1659.09	2644.25
1660.62	2661.00
1662.15	2639.02
1663.68	2661.00
1665.22	2658.90
1666.75	2658.90
1668.28	2648.44
1669.81	2675.65
1671.34	2648.44
1672.87	2653.67
1674.40	2656.81
1675.93	2652.62
1677.46	2649.49
1678.99	2639.02
1680.52	2630.65
1682.04	2648.44
1683.57	2635.88
1685.10	2642.16
1686.63	2639.02
1688.15	2642.16
1689.68	2634.84
1691.21	2632.74
1692.73	2640.07
1694.26	2645.30
1695.78	2634.84
1697.31	2634.84
1698.83	2628.56
1700.36	2642.16
1701.88	2625.42
1703.40	2642.16
1704.93	2630.65
1706.45	2630.65
