896.35	3086.88
897.98	3097.34
899.60	3102.58
901.22	3129.78
902.85	3117.23
904.47	3145.48
906.10	3148.62
907.72	3153.85
909.34	3170.59
910.97	3183.15
912.59	3200.94
914.21	3240.70
915.84	3279.42
917.46	3330.69
919.08	3356.85
920.71	3383.01
922.33	3407.08
923.95	3432.19
925.58	3447.89
927.20	3452.07
928.82	3461.49
930.44	3487.65
932.07	3474.05
933.69	3461.49
935.31	3478.23
936.93	3506.49
938.56	3504.39
940.18	3515.90
941.80	3508.58
943.42	3526.37
945.05	3527.42
946.67	3523.23
948.29	3524.28
949.91	3521.14
951.53	3542.06
953.16	3550.44
954.78	3537.88
956.40	3522.18
958.02	3525.32
959.64	3527.42
961.26	3520.09
962.88	3528.46
964.51	3513.81
966.13	3546.25
967.75	3537.88
969.37	3521.14
970.99	3510.67
972.61	3514.86
974.23	3525.32
975.85	3533.69
977.47	3527.42
979.09	3528.46
980.71	3522.18
982.33	3539.97
983.95	3541.02
985.57	3559.85
987.19	3543.11
988.81	3551.48
990.43	3544.16
992.05	3560.90
993.67	3564.04
995.29	3568.22
996.91	3550.44
998.53	3592.29
1000.15	3590.20
1001.77	3595.43
1003.39	3591.25
1005.01	3597.52
1006.63	3612.17
1008.25	3622.64
1009.86	3632.06
1011.48	3627.87
1013.10	3623.68
1014.72	3640.43
1016.34	3641.47
1017.96	3655.08
1019.58	3641.47
1021.19	3650.89
1022.81	3651.94
1024.43	3669.73
1026.05	3657.17
1027.66	3681.24
1029.28	3665.54
1030.90	3674.96
1032.52	3657.17
1034.13	3686.47
1035.75	3689.61
1037.37	3694.84
1038.98	3691.70
1040.60	3692.75
1042.22	3666.59
1043.83	3680.19
1045.45	3676.00
1047.07	3696.93
1048.68	3697.98
1050.30	3692.75
1051.92	3695.89
1053.53	3704.26
1055.15	3696.93
1056.76	3700.07
1058.38	3694.84
1059.99	3695.89
1061.61	3684.38
1063.22	3692.75
1064.84	3699.02
1066.46	3701.12
1068.07	3680.19
1069.68	3691.70
1071.30	3688.56
1072.91	3681.24
1074.53	3676.00
1076.14	3696.93
1077.76	3673.91
1079.37	3681.24
1080.98	3644.61
1082.60	3664.49
1084.21	3661.35
1085.83	3666.59
1087.44	3665.54
1089.05	3658.22
1090.67	3646.70
1092.28	3650.89
1093.89	3654.03
1095.50	3662.40
1097.12	3639.38
1098.73	3648.80
1100.34	3624.73
1101.95	3657.17
1103.57	3646.70
1105.18	3640.43
1106.79	3626.82
1108.40	3642.52
1110.01	3644.61
1111.63	3650.89
1113.24	3641.47
1114.85	3646.70
1116.46	3642.52
1118.07	3645.66
1119.68	3626.82
1121.29	3642.52
1122.90	3625.78
1124.51	3632.06
1126.12	3638.33
1127.73	3646.70
1129.34	3647.75
1130.95	3651.94
1132.56	3648.80
1134.17	3629.96
1135.78	3631.01
1137.39	3637.29
1139.00	3618.45
1140.61	3621.59
1142.22	3620.54
1143.83	3621.59
1145.44	3615.31
1147.05	3625.78
1148.65	3626.82
1150.26	3613.22
1151.87	3609.03
1153.48	3616.36
1155.09	3621.59
1156.69	3625.78
1158.30	3601.71
1159.91	3604.85
1161.52	3613.22
1163.12	3623.68
1164.73	3601.71
1166.34	3621.59
1167.94	3610.08
1169.55	3620.54
1171.16	3618.45
1172.76	3626.82
1174.37	3617.41
1175.97	3628.92
1177.58	3598.57
1179.19	3614.27
1180.79	3599.62
1182.40	3616.36
1184.00	3603.80
1185.61	3620.54
1187.21	3615.31
1188.82	3619.50
1190.42	3624.73
1192.02	3613.22
1193.63	3600.66
1195.23	3616.36
1196.84	3603.80
1198.44	3613.22
1200.04	3613.22
1201.65	3618.45
1203.25	3604.85
1204.85	3609.03
1206.46	3584.97
1208.06	3597.52
1209.66	3583.92
1211.26	3583.92
1212.87	3602.76
1214.47	3591.25
1216.07	3574.50
1217.67	3586.01
1219.27	3573.46
1220.87	3582.87
1222.48	3570.32
1224.08	3576.60
1225.68	3576.60
1227.28	3575.55
1228.88	3557.76
1230.48	3571.36
1232.08	3556.71
1233.68	3567.18
1235.28	3567.18
1236.88	3549.39
1238.48	3539.97
1240.08	3571.36
1241.68	3532.65
1243.28	3542.06
1244.87	3531.60
1246.47	3525.32
1248.07	3514.86
1249.67	3523.23
1251.27	3533.69
1252.87	3516.95
1254.46	3502.30
1256.06	3505.44
1257.66	3498.12
1259.26	3496.02
1260.85	3507.53
1262.45	3497.07
1264.05	3493.93
1265.64	3494.98
1267.24	3474.05
1268.83	3497.07
1270.43	3488.70
1272.03	3508.58
1273.62	3476.14
1275.22	3467.77
1276.81	3480.33
1278.41	3467.77
1280.00	3466.72
1281.60	3465.68
1283.19	3449.98
1284.79	3454.17
1286.38	3449.98
1287.97	3464.63
1289.57	3448.94
1291.16	3456.26
1292.75	3441.61
1294.35	3452.07
1295.94	3438.47
1297.53	3445.80
1299.12	3426.96
1300.72	3449.98
1302.31	3408.13
1303.90	3428.01
1305.49	3426.96
1307.08	3412.31
1308.68	3402.89
1310.27	3408.13
1311.86	3401.85
1313.45	3403.94
1315.04	3399.75
1316.63	3403.94
1318.22	3381.97
1319.81	3380.92
1321.40	3379.87
1322.99	3393.48
1324.58	3356.85
1326.17	3364.18
1327.75	3353.71
1329.34	3354.76
1330.93	3339.06
1332.52	3342.20
1334.11	3338.02
1335.70	3336.97
1337.28	3324.41
1338.87	3320.23
1340.46	3311.86
1342.05	3318.14
1343.63	3303.49
1345.22	3301.39
1346.81	3299.30
1348.39	3288.84
1349.98	3287.79
1351.56	3284.65
1353.15	3265.82
1354.73	3263.72
1356.32	3243.84
1357.90	3240.70
1359.49	3239.66
1361.07	3219.77
1362.66	3217.68
1364.24	3226.05
1365.82	3220.82
1367.41	3218.73
1368.99	3195.71
1370.57	3193.61
1372.16	3191.52
1373.74	3172.69
1375.32	3162.22
1376.91	3152.80
1378.49	3121.41
1380.07	3097.34
1381.65	3091.07
1383.23	3061.77
1384.81	3062.81
1386.39	3043.98
1387.97	3051.30
1389.55	3038.75
1391.14	3030.38
1392.72	3003.17
1394.29	2995.84
1395.87	2989.57
1397.45	2968.64
1399.03	2965.50
1400.61	2947.71
1402.19	2938.29
1403.77	2926.78
1405.35	2933.06
1406.92	2922.60
1408.50	2922.60
1410.08	2908.99
1411.66	2902.71
1413.23	2904.81
1414.81	2908.99
1416.39	2891.20
1417.96	2899.58
1419.54	2888.06
1421.12	2892.25
1422.69	2895.39
1424.27	2887.02
1425.84	2898.53
1427.42	2885.97
1428.99	2885.97
1430.57	2884.93
1432.14	2881.79
1433.71	2892.25
1435.29	2891.20
1436.86	2885.97
1438.43	2877.60
1440.01	2875.51
1441.58	2753.08
1443.15	2868.18
1444.72	2873.42
1446.30	2872.37
1447.87	2879.69
1449.44	2869.23
1451.01	2857.72
1452.58	2868.18
1454.15	2878.65
1455.72	2861.90
1457.29	2872.37
1458.86	2875.51
1460.43	2874.46
1462.00	2888.06
1463.57	2874.46
1465.14	2879.69
1466.71	2866.09
1468.28	2876.55
1469.85	2875.51
1471.41	2884.93
1472.98	2867.14
1474.55	2885.97
1476.12	2871.32
1477.68	2871.32
1479.25	2894.34
1480.82	2881.79
1482.38	2894.34
1483.95	2882.83
1485.51	2893.30
1487.08	2897.48
1488.64	2894.34
1490.21	2895.39
1491.77	2880.74
1493.34	2899.58
1494.90	2894.34
1496.46	2895.39
1498.03	2891.20
1499.59	2896.44
1501.15	2902.71
1502.72	2910.04
1504.28	2903.76
1505.84	2899.58
1507.40	2898.53
1508.97	2916.32
1510.53	2902.71
1512.09	2914.22
1513.65	2914.22
1515.21	2926.78
1516.77	2916.32
1518.33	2927.83
1519.89	2914.22
1521.45	2911.09
1523.01	2918.41
1524.57	2922.60
1526.13	2922.60
1527.68	2926.78
1529.24	2938.29
1530.80	2933.06
1532.36	2936.20
1533.92	2924.69
1535.47	2905.85
1537.03	2923.64
1538.59	2921.55
1540.14	2915.27
1541.70	2918.41
1543.25	2932.01
1544.81	2927.83
1546.36	2934.11
1547.92	2918.41
1549.47	2927.83
1551.03	2927.83
1552.58	2921.55
1554.13	2919.46
1555.69	2925.74
1557.24	2920.50
1558.79	2916.32
1560.35	2915.27
1561.90	2926.78
1563.45	2920.50
1565.00	2926.78
1566.55	2914.22
1568.10	2917.36
1569.66	2910.04
1571.21	2922.60
1572.76	2920.50
1574.31	2923.64
1575.86	2912.13
1577.40	2912.13
1578.95	2907.95
1580.50	2910.04
1582.05	2899.58
1583.60	2908.99
1585.15	2895.39
1586.69	2905.85
1588.24	2906.90
1589.79	2914.22
1591.34	2891.20
1592.88	2910.04
1594.43	2891.20
1595.97	2897.48
1597.52	2898.53
1599.06	2891.20
1600.61	2883.88
1602.15	2904.81
1603.70	2894.34
1605.24	2890.16
1606.79	2887.02
1608.33	2885.97
1609.87	2885.97
1611.41	2899.58
1612.96	2895.39
1614.50	2878.65
1616.04	2881.79
1617.58	2887.02
1619.12	2875.51
1620.67	2884.93
1622.21	2853.53
1623.75	2879.69
1625.29	2865.04
1626.83	2865.04
1628.37	2881.79
1629.90	2859.81
1631.44	2853.53
1632.98	2847.26
1634.52	2836.79
1636.06	2839.93
1637.59	2847.26
1639.13	2821.10
1640.67	2814.82
1642.21	2805.40
1643.74	2797.03
1645.28	2780.29
1646.81	2764.59
1648.35	2774.01
1649.88	2745.75
1651.42	2753.08
1652.95	2732.15
1654.49	2758.31
1656.02	2727.97
1657.55	2732.15
1659.09	2709.13
1660.62	2727.97
1662.15	2719.59
1663.68	2724.83
1665.22	2712.27
1666.75	2713.32
1668.28	2713.32
1669.81	2726.92
1671.34	2704.94
1672.87	2707.04
1674.40	2710.18
1675.93	2701.81
1677.46	2688.20
1678.99	2680.88
1680.52	2687.16
1682.04	2700.76
1683.57	2692.39
1685.10	2691.34
1686.63	2677.74
1688.15	2690.29
1689.68	2680.88
1691.21	2686.11
1692.73	2679.83
1694.26	2692.39
1695.78	2676.69
1697.31	2685.06
1698.83	2668.32
1700.36	2675.65
1701.88	2674.60
1703.40	2681.92
1704.93	2665.18
1706.45	2668.32
