896.35	2844.12
897.98	2846.21
899.60	2847.26
901.22	2862.95
902.85	2865.04
904.47	2866.09
906.10	2878.65
907.72	2877.60
909.34	2892.25
910.97	2897.48
912.59	2913.18
914.21	2925.74
915.84	2937.25
917.46	2957.13
919.08	2972.82
920.71	2985.38
922.33	3012.59
923.95	3009.45
925.58	3030.38
927.20	3010.49
928.82	3030.38
930.44	3046.07
932.07	3027.24
933.69	3017.82
935.31	3037.70
936.93	3034.56
938.56	3039.79
940.18	3048.16
941.80	3057.58
943.42	3052.35
945.05	3060.72
946.67	3058.63
948.29	3062.81
949.91	3053.40
951.53	3070.14
953.16	3068.05
954.78	3064.91
956.40	3050.26
958.02	3073.28
959.64	3056.54
961.26	3056.54
962.88	3056.54
964.51	3052.35
966.13	3072.23
967.75	3075.37
969.37	3056.54
970.99	3062.81
972.61	3062.81
974.23	3063.86
975.85	3047.12
977.47	3067.00
979.09	3062.81
980.71	3055.49
982.33	3064.91
983.95	3080.60
985.57	3079.56
987.19	3074.32
988.81	3077.46
990.43	3074.32
992.05	3065.95
993.67	3086.88
995.29	3083.74
996.91	3075.37
998.53	3090.02
1000.15	3087.93
1001.77	3091.07
1003.39	3096.30
1005.01	3093.16
1006.63	3100.48
1008.25	3095.25
1009.86	3114.09
1011.48	3103.62
1013.10	3110.95
1014.72	3113.04
1016.34	3116.18
1017.96	3122.46
1019.58	3117.23
1021.19	3107.81
1022.81	3120.37
1024.43	3129.78
1026.05	3118.27
1027.66	3124.55
1029.28	3123.50
1030.90	3126.64
1032.52	3121.41
1034.13	3123.50
1035.75	3139.20
1037.37	3135.02
1038.98	3147.57
1040.60	3127.69
1042.22	3126.64
1043.83	3126.64
1045.45	3144.43
1047.07	3148.62
1048.68	3148.62
1050.30	3129.78
1051.92	3150.71
1053.53	3133.97
1055.15	3146.53
1056.76	3140.25
1058.38	3142.34
1059.99	3140.25
1061.61	3140.25
1063.22	3127.69
1064.84	3143.39
1066.46	3129.78
1068.07	3131.88
1069.68	3137.11
1071.30	3145.48
1072.91	3124.55
1074.53	3128.74
1076.14	3143.39
1077.76	3133.97
1079.37	3141.29
1080.98	3113.04
1082.60	3124.55
1084.21	3136.06
1085.83	3124.55
1087.44	3125.60
1089.05	3116.18
1090.67	3116.18
1092.28	3114.09
1093.89	3129.78
1095.50	3124.55
1097.12	3120.37
1098.73	3126.64
1100.34	3114.09
1101.95	3125.60
1103.57	3123.50
1105.18	3106.76
1106.79	3101.53
1108.40	3110.95
1110.01	3120.37
1111.63	3124.55
1113.24	3126.64
1114.85	3117.23
1116.46	3121.41
1118.07	3123.50
1119.68	3115.13
1121.29	3117.23
1122.90	3109.90
1124.51	3109.90
1126.12	3125.60
1127.73	3119.32
1129.34	3133.97
1130.95	3125.60
1132.56	3125.60
1134.17	3098.39
1135.78	3117.23
1137.39	3118.27
1139.00	3111.99
1140.61	3108.86
1142.22	3119.32
1143.83	3100.48
1145.44	3105.72
1147.05	3109.90
1148.65	3116.18
1150.26	3106.76
1151.87	3103.62
1153.48	3106.76
1155.09	3115.13
1156.69	3108.86
1158.30	3099.44
1159.91	3093.16
1161.52	3100.48
1163.12	3096.30
1164.73	3094.21
1166.34	3108.86
1167.94	3096.30
1169.55	3103.62
1171.16	3107.81
1172.76	3102.58
1174.37	3101.53
1175.97	3108.86
1177.58	3085.83
1179.19	3108.86
1180.79	3098.39
1182.40	3099.44
1184.00	3103.62
1185.61	3116.18
1187.21	3120.37
1188.82	3099.44
1190.42	3103.62
1192.02	3095.25
1193.63	3090.02
1195.23	3101.53
1196.84	3103.62
1198.44	3104.67
1200.04	3108.86
1201.65	3101.53
1203.25	3098.39
1204.85	3093.16
1206.46	3084.79
1208.06	3088.97
1209.66	3087.93
1211.26	3087.93
1212.87	3107.81
1214.47	3085.83
1216.07	3093.16
1217.67	3091.07
1219.27	3097.34
1220.87	3090.02
1222.48	3098.39
1224.08	3076.42
1225.68	3092.11
1227.28	3085.83
1228.88	3078.51
1230.48	3090.02
1232.08	3073.28
1233.68	3081.65
1235.28	3087.93
1236.88	3076.42
1238.48	3077.46
1240.08	3091.07
1241.68	3060.72
1243.28	3073.28
1244.87	3076.42
1246.47	3059.67
1248.07	3062.81
1249.67	3057.58
1251.27	3069.09
1252.87	3051.30
1254.46	3042.93
1256.06	3049.21
1257.66	3059.67
1259.26	3051.30
1260.85	3059.67
1262.45	3039.79
1264.05	3051.30
1265.64	3041.89
1267.24	3050.26
1268.83	3051.30
1270.43	3040.84
1272.03	3051.30
1273.62	3046.07
1275.22	3031.42
1276.81	3039.79
1278.41	3032.47
1280.00	3045.02
1281.60	3036.65
1283.19	3028.28
1284.79	3039.79
1286.38	3028.28
1287.97	3038.75
1289.57	3033.51
1291.16	3023.05
1292.75	3029.33
1294.35	3023.05
1295.94	3015.73
1297.53	3025.14
1299.12	3019.91
1300.72	3035.61
1302.31	3008.40
1303.90	3035.61
1305.49	3035.61
1307.08	3012.59
1308.68	3004.22
1310.27	3008.40
1311.86	3008.40
1313.45	3003.17
1315.04	3001.08
1316.63	3006.31
1318.22	2996.89
1319.81	2992.70
1321.40	3002.12
1322.99	3007.35
1324.58	2989.57
1326.17	2984.33
1327.75	2984.33
1329.34	2978.06
1330.93	2980.15
1332.52	2970.73
1334.11	2967.59
1335.70	2968.64
1337.28	2970.73
1338.87	2978.06
1340.46	2964.45
1342.05	2962.36
1343.63	2960.27
1345.22	2960.27
1346.81	2963.41
1348.39	2959.22
1349.98	2953.99
1351.56	2948.76
1353.15	2937.25
1354.73	2961.31
1356.32	2943.52
1357.90	2932.01
1359.49	2945.62
1361.07	2932.01
1362.66	2926.78
1364.24	2927.83
1365.82	2926.78
1367.41	2927.83
1368.99	2911.09
1370.57	2898.53
1372.16	2903.76
1373.74	2908.99
1375.32	2914.22
1376.91	2898.53
1378.49	2880.74
1380.07	2866.09
1381.65	2868.18
1383.23	2854.58
1384.81	2854.58
1386.39	2845.16
1387.97	2857.72
1389.55	2833.65
1391.14	2830.51
1392.72	2829.47
1394.29	2831.56
1395.87	2822.14
1397.45	2814.82
1399.03	2806.45
1400.61	2812.72
1402.19	2798.07
1403.77	2790.75
1405.35	2806.45
1406.92	2791.80
1408.50	2798.07
1410.08	2803.31
1411.66	2788.66
1413.23	2799.12
1414.81	2788.66
1416.39	2779.24
1417.96	2787.61
1419.54	2779.24
1421.12	2786.56
1422.69	2792.84
1424.27	2774.01
1425.84	2782.38
1427.42	2781.33
1428.99	2782.38
1430.57	2777.15
1432.14	2767.73
1433.71	2776.10
1435.29	2788.66
1436.86	2788.66
1438.43	2779.24
1440.01	2770.87
1441.58	2649.49
1443.15	2771.91
1444.72	2772.96
1446.30	2778.19
1447.87	2791.80
1449.44	2767.73
1451.01	2753.08
1452.58	2775.05
1454.15	2779.24
1455.72	2760.40
1457.29	2766.68
1458.86	2776.10
1460.43	2772.96
1462.00	2792.84
1463.57	2783.42
1465.14	2780.29
1466.71	2760.40
1468.28	2774.01
1469.85	2780.29
1471.41	2785.52
1472.98	2779.24
1474.55	2779.24
1476.12	2767.73
1477.68	2768.78
1479.25	2783.42
1480.82	2770.87
1482.38	2780.29
1483.95	2770.87
1485.51	2779.24
1487.08	2788.66
1488.64	2780.29
1490.21	2786.56
1491.77	2769.82
1493.34	2785.52
1494.90	2768.78
1496.46	2778.19
1498.03	2780.29
1499.59	2791.80
1501.15	2790.75
1502.72	2781.33
1504.28	2787.61
1505.84	2781.33
1507.40	2781.33
1508.97	2795.98
1510.53	2792.84
1512.09	2801.21
1513.65	2801.21
1515.21	2800.17
1516.77	2776.10
1518.33	2797.03
1519.89	2793.89
1521.45	2795.98
1523.01	2792.84
1524.57	2790.75
1526.13	2784.47
1527.68	2797.03
1529.24	2798.07
1530.80	2792.84
1532.36	2805.40
1533.92	2803.31
1535.47	2785.52
1537.03	2786.56
1538.59	2799.12
1540.14	2791.80
1541.70	2776.10
1543.25	2803.31
1544.81	2799.12
1546.36	2800.17
1547.92	2782.38
1549.47	2798.07
1551.03	2800.17
1552.58	2784.47
1554.13	2782.38
1555.69	2790.75
1557.24	2781.33
1558.79	2777.15
1560.35	2781.33
1561.90	2795.98
1563.45	2788.66
1565.00	2792.84
1566.55	2785.52
1568.10	2772.96
1569.66	2766.68
1571.21	2786.56
1572.76	2786.56
1574.31	2788.66
1575.86	2782.38
1577.40	2775.05
1578.95	2775.05
1580.50	2775.05
1582.05	2761.45
1583.60	2768.78
1585.15	2761.45
1586.69	2774.01
1588.24	2781.33
1589.79	2782.38
1591.34	2759.36
1592.88	2780.29
1594.43	2756.22
1595.97	2779.24
1597.52	2772.96
1599.06	2768.78
1600.61	2765.64
1602.15	2786.56
1603.70	2771.91
1605.24	2768.78
1606.79	2769.82
1608.33	2754.13
1609.87	2758.31
1611.41	2762.50
1612.96	2772.96
1614.50	2759.36
1616.04	2757.26
1617.58	2759.36
1619.12	2748.89
1620.67	2758.31
1622.21	2737.38
1623.75	2762.50
1625.29	2750.99
1626.83	2748.89
1628.37	2768.78
1629.90	2745.75
1631.44	2734.24
1632.98	2739.48
1634.52	2734.24
1636.06	2730.06
1637.59	2736.34
1639.13	2732.15
1640.67	2732.15
1642.21	2722.73
1643.74	2719.59
1645.28	2712.27
1646.81	2698.67
1648.35	2710.18
1649.88	2688.20
1651.42	2704.94
1652.95	2691.34
1654.49	2709.13
1656.02	2677.74
1657.55	2688.20
1659.09	2667.27
1660.62	2686.11
1662.15	2671.46
1663.68	2680.88
1665.22	2679.83
1666.75	2677.74
1668.28	2678.78
1669.81	2690.29
1671.34	2665.18
1672.87	2668.32
1674.40	2681.92
1675.93	2674.60
1677.46	2657.86
1678.99	2649.49
1680.52	2663.09
1682.04	2676.69
1683.57	2665.18
1685.10	2663.09
1686.63	2642.16
1688.15	2659.95
1689.68	2656.81
1691.21	2652.62
1692.73	2656.81
1694.26	2658.90
1695.78	2647.39
1697.31	2654.72
1698.83	2647.39
1700.36	2658.90
1701.88	2648.44
1703.40	2644.25
1704.93	2636.93
1706.45	2652.62
