896.35	3020.96
897.98	3032.47
899.60	3040.84
901.22	3063.86
902.85	3047.12
904.47	3064.91
906.10	3073.28
907.72	3077.46
909.34	3086.88
910.97	3111.99
912.59	3129.78
914.21	3167.45
915.84	3194.66
917.46	3237.56
919.08	3255.35
920.71	3267.91
922.33	3294.07
923.95	3315.00
925.58	3336.97
927.20	3334.88
928.82	3350.57
930.44	3375.69
932.07	3358.94
933.69	3358.94
935.31	3369.41
936.93	3383.01
938.56	3377.78
940.18	3390.34
941.80	3390.34
943.42	3412.31
945.05	3410.22
946.67	3410.22
948.29	3408.13
949.91	3408.13
951.53	3416.50
953.16	3431.15
954.78	3423.82
956.40	3414.40
958.02	3404.99
959.64	3415.45
961.26	3409.17
962.88	3416.50
964.51	3398.71
966.13	3426.96
967.75	3425.91
969.37	3414.40
970.99	3414.40
972.61	3417.54
974.23	3411.26
975.85	3430.10
977.47	3428.01
979.09	3435.33
980.71	3414.40
982.33	3429.05
983.95	3431.15
985.57	3446.84
987.19	3424.87
988.81	3444.75
990.43	3429.05
992.05	3434.29
993.67	3459.40
995.29	3455.21
996.91	3444.75
998.53	3474.05
1000.15	3480.33
1001.77	3484.51
1003.39	3478.23
1005.01	3475.10
1006.63	3485.56
1008.25	3500.21
1009.86	3485.56
1011.48	3500.21
1013.10	3506.49
1014.72	3516.95
1016.34	3505.44
1017.96	3532.65
1019.58	3511.72
1021.19	3525.32
1022.81	3521.14
1024.43	3542.06
1026.05	3525.32
1027.66	3550.44
1029.28	3538.93
1030.90	3551.48
1032.52	3543.11
1034.13	3556.71
1035.75	3564.04
1037.37	3560.90
1038.98	3572.41
1040.60	3556.71
1042.22	3543.11
1043.83	3567.18
1045.45	3557.76
1047.07	3570.32
1048.68	3567.18
1050.30	3566.13
1051.92	3572.41
1053.53	3571.36
1055.15	3566.13
1056.76	3569.27
1058.38	3562.99
1059.99	3579.74
1061.61	3560.90
1063.22	3559.85
1064.84	3561.95
1066.46	3560.90
1068.07	3549.39
1069.68	3568.22
1071.30	3572.41
1072.91	3552.53
1074.53	3541.02
1076.14	3571.36
1077.76	3551.48
1079.37	3546.25
1080.98	3524.28
1082.60	3542.06
1084.21	3541.02
1085.83	3553.58
1087.44	3535.79
1089.05	3528.46
1090.67	3519.04
1092.28	3524.28
1093.89	3530.55
1095.50	3532.65
1097.12	3527.42
1098.73	3539.97
1100.34	3513.81
1101.95	3531.60
1103.57	3526.37
1105.18	3525.32
1106.79	3512.77
1108.40	3529.51
1110.01	3516.95
1111.63	3536.83
1113.24	3534.74
1114.85	3542.06
1116.46	3521.14
1118.07	3538.93
1119.68	3519.04
1121.29	3539.97
1122.90	3520.09
1124.51	3528.46
1126.12	3531.60
1127.73	3545.20
1129.34	3542.06
1130.95	3552.53
1132.56	3548.34
1134.17	3522.18
1135.78	3530.55
1137.39	3545.20
1139.00	3525.32
1140.61	3546.25
1142.22	3545.20
1143.83	3545.20
1145.44	3536.83
1147.05	3545.20
1148.65	3534.74
1150.26	3529.51
1151.87	3526.37
1153.48	3544.16
1155.09	3541.02
1156.69	3544.16
1158.30	3530.55
1159.91	3536.83
1161.52	3551.48
1163.12	3552.53
1164.73	3547.30
1166.34	3560.90
1167.94	3541.02
1169.55	3560.90
1171.16	3552.53
1172.76	3551.48
1174.37	3549.39
1175.97	3559.85
1177.58	3535.79
1179.19	3552.53
1180.79	3541.02
1182.40	3555.67
1184.00	3545.20
1185.61	3565.09
1187.21	3543.11
1188.82	3550.44
1190.42	3551.48
1192.02	3558.81
1193.63	3534.74
1195.23	3550.44
1196.84	3544.16
1198.44	3550.44
1200.04	3549.39
1201.65	3550.44
1203.25	3549.39
1204.85	3557.76
1206.46	3524.28
1208.06	3536.83
1209.66	3536.83
1211.26	3547.30
1212.87	3560.90
1214.47	3537.88
1216.07	3538.93
1217.67	3542.06
1219.27	3532.65
1220.87	3535.79
1222.48	3522.18
1224.08	3513.81
1225.68	3523.23
1227.28	3535.79
1228.88	3520.09
1230.48	3525.32
1232.08	3497.07
1233.68	3509.63
1235.28	3514.86
1236.88	3509.63
1238.48	3496.02
1240.08	3527.42
1241.68	3488.70
1243.28	3491.84
1244.87	3479.28
1246.47	3479.28
1248.07	3480.33
1249.67	3481.37
1251.27	3479.28
1252.87	3464.63
1254.46	3454.17
1256.06	3457.31
1257.66	3461.49
1259.26	3451.03
1260.85	3457.31
1262.45	3449.98
1264.05	3436.38
1265.64	3455.21
1267.24	3462.54
1268.83	3455.21
1270.43	3434.29
1272.03	3456.26
1273.62	3442.66
1275.22	3431.15
1276.81	3441.61
1278.41	3439.52
1280.00	3432.19
1281.60	3438.47
1283.19	3425.91
1284.79	3424.87
1286.38	3418.59
1287.97	3424.87
1289.57	3413.36
1291.16	3424.87
1292.75	3400.80
1294.35	3419.64
1295.94	3410.22
1297.53	3417.54
1299.12	3395.57
1300.72	3416.50
1302.31	3384.06
1303.90	3419.64
1305.49	3401.85
1307.08	3387.20
1308.68	3378.83
1310.27	3389.29
1311.86	3380.92
1313.45	3390.34
1315.04	3384.06
1316.63	3389.29
1318.22	3371.50
1319.81	3367.32
1321.40	3369.41
1322.99	3373.59
1324.58	3353.71
1326.17	3362.08
1327.75	3349.53
1329.34	3356.85
1330.93	3343.25
1332.52	3340.11
1334.11	3340.11
1335.70	3339.06
1337.28	3318.14
1338.87	3327.55
1340.46	3323.37
1342.05	3330.69
1343.63	3328.60
1345.22	3321.27
1346.81	3319.18
1348.39	3310.81
1349.98	3309.76
1351.56	3301.39
1353.15	3286.74
1354.73	3294.07
1356.32	3278.37
1357.90	3271.05
1359.49	3265.82
1361.07	3257.44
1362.66	3242.79
1364.24	3252.21
1365.82	3246.98
1367.41	3258.49
1368.99	3221.87
1370.57	3222.91
1372.16	3222.91
1373.74	3230.24
1375.32	3219.77
1376.91	3211.40
1378.49	3166.41
1380.07	3142.34
1381.65	3140.25
1383.23	3115.13
1384.81	3122.46
1386.39	3122.46
1387.97	3117.23
1389.55	3113.04
1391.14	3099.44
1392.72	3090.02
1394.29	3084.79
1395.87	3075.37
1397.45	3063.86
1399.03	3073.28
1400.61	3061.77
1402.19	3057.58
1403.77	3034.56
1405.35	3058.63
1406.92	3036.65
1408.50	3043.98
1410.08	3037.70
1411.66	3032.47
1413.23	3032.47
1414.81	3029.33
1416.39	3004.22
1417.96	3015.73
1419.54	3010.49
1421.12	3025.14
1422.69	3022.00
1424.27	3007.35
1425.84	3015.73
1427.42	3002.12
1428.99	3003.17
1430.57	3002.12
1432.14	2995.84
1433.71	3010.49
1435.29	3013.63
1436.86	3001.08
1438.43	2996.89
1440.01	2992.70
1441.58	2866.09
1443.15	2992.70
1444.72	2994.80
1446.30	2989.57
1447.87	2983.29
1449.44	2988.52
1451.01	2981.19
1452.58	2993.75
1454.15	2988.52
1455.72	2972.82
1457.29	2970.73
1458.86	2987.47
1460.43	2974.92
1462.00	2995.84
1463.57	2982.24
1465.14	2988.52
1466.71	2977.01
1468.28	2989.57
1469.85	2981.19
1471.41	2978.06
1472.98	2966.54
1474.55	2991.66
1476.12	2972.82
1477.68	2971.78
1479.25	2986.43
1480.82	2977.01
1482.38	2981.19
1483.95	2973.87
1485.51	2980.15
1487.08	2996.89
1488.64	2987.47
1490.21	2985.38
1491.77	2974.92
1493.34	3005.26
1494.90	2980.15
1496.46	2978.06
1498.03	2993.75
1499.59	2992.70
1501.15	2982.24
1502.72	2983.29
1504.28	2985.38
1505.84	2979.10
1507.40	2981.19
1508.97	3009.45
1510.53	2988.52
1512.09	2995.84
1513.65	2995.84
1515.21	3002.12
1516.77	2983.29
1518.33	3006.31
1519.89	2995.84
1521.45	2991.66
1523.01	3002.12
1524.57	3005.26
1526.13	2993.75
1527.68	3002.12
1529.24	3009.45
1530.80	2994.80
1532.36	2997.94
1533.92	2996.89
1535.47	2982.24
1537.03	2994.80
1538.59	2994.80
1540.14	2990.61
1541.70	2980.15
1543.25	3004.22
1544.81	2992.70
1546.36	2995.84
1547.92	2980.15
1549.47	2992.70
1551.03	2986.43
1552.58	2974.92
1554.13	2974.92
1555.69	2990.61
1557.24	2974.92
1558.79	2973.87
1560.35	2964.45
1561.90	2981.19
1563.45	2972.82
1565.00	2973.87
1566.55	2956.08
1568.10	2960.27
1569.66	2956.08
1571.21	2974.92
1572.76	2965.50
1574.31	2969.68
1575.86	2960.27
1577.40	2951.90
1578.95	2952.94
1580.50	2958.17
1582.05	2944.57
1583.60	2943.52
1585.15	2933.06
1586.69	2941.43
1588.24	2948.76
1589.79	2955.03
1591.34	2933.06
1592.88	2951.90
1594.43	2925.74
1595.97	2935.15
1597.52	2925.74
1599.06	2939.34
1600.61	2937.25
1602.15	2946.66
1603.70	2917.36
1605.24	2926.78
1606.79	2923.64
1608.33	2917.36
1609.87	2920.50
1611.41	2933.06
1612.96	2922.60
1614.50	2914.22
1616.04	2912.13
1617.58	2916.32
1619.12	2898.53
1620.67	2911.09
1622.21	2888.06
1623.75	2910.04
1625.29	2891.20
1626.83	2884.93
1628.37	2900.62
1629.90	2887.02
1631.44	2882.83
1632.98	2879.69
1634.52	2856.67
1636.06	2857.72
1637.59	2855.63
1639.13	2843.07
1640.67	2826.33
1642.21	2819.00
1643.74	2807.49
1645.28	2786.56
1646.81	2771.91
1648.35	2777.15
1649.88	2753.08
1651.42	2764.59
1652.95	2741.57
1654.49	2758.31
1656.02	2736.34
1657.55	2739.48
1659.09	2718.55
1660.62	2731.10
1662.15	2711.22
1663.68	2725.87
1665.22	2722.73
1666.75	2712.27
1668.28	2698.67
1669.81	2717.50
1671.34	2703.90
1672.87	2709.13
1674.40	2710.18
1675.93	2698.67
1677.46	2682.97
1678.99	2682.97
1680.52	2682.97
1682.04	2693.43
1683.57	2687.16
1685.10	2689.25
1686.63	2679.83
1688.15	2690.29
1689.68	2672.51
1691.21	2679.83
1692.73	2680.88
1694.26	2681.92
1695.78	2670.41
1697.31	2682.97
1698.83	2673.55
1700.36	2681.92
1701.88	2669.37
1703.40	2685.06
1704.93	2662.04
1706.45	2665.18
