896.35	3132.92
897.98	3147.57
899.60	3152.80
901.22	3186.29
902.85	3173.73
904.47	3203.03
906.10	3195.71
907.72	3213.50
909.34	3219.77
910.97	3250.12
912.59	3264.77
914.21	3313.95
915.84	3343.25
917.46	3413.36
919.08	3440.56
920.71	3466.72
922.33	3484.51
923.95	3522.18
925.58	3532.65
927.20	3548.34
928.82	3543.11
930.44	3587.06
932.07	3567.18
933.69	3580.78
935.31	3587.06
936.93	3617.41
938.56	3604.85
940.18	3634.15
941.80	3605.90
943.42	3636.24
945.05	3641.47
946.67	3648.80
948.29	3640.43
949.91	3657.17
951.53	3648.80
953.16	3670.77
954.78	3645.66
956.40	3645.66
958.02	3629.96
959.64	3661.35
961.26	3644.61
962.88	3657.17
964.51	3625.78
966.13	3669.73
967.75	3649.84
969.37	3651.94
970.99	3640.43
972.61	3655.08
974.23	3648.80
975.85	3659.26
977.47	3652.98
979.09	3668.68
980.71	3652.98
982.33	3674.96
983.95	3669.73
985.57	3696.93
987.19	3673.91
988.81	3685.42
990.43	3665.54
992.05	3690.65
993.67	3690.65
995.29	3709.49
996.91	3686.47
998.53	3733.56
1000.15	3723.09
1001.77	3750.30
1003.39	3728.32
1005.01	3745.07
1006.63	3732.51
1008.25	3763.90
1009.86	3753.44
1011.48	3765.99
1013.10	3752.39
1014.72	3780.64
1016.34	3775.41
1017.96	3813.08
1019.58	3783.78
1021.19	3796.34
1022.81	3774.37
1024.43	3821.45
1026.05	3807.85
1027.66	3840.29
1029.28	3809.94
1030.90	3837.15
1032.52	3814.13
1034.13	3842.38
1035.75	3829.82
1037.37	3851.80
1038.98	3843.43
1040.60	3854.94
1042.22	3830.87
1043.83	3857.03
1045.45	3846.57
1047.07	3861.22
1048.68	3846.57
1050.30	3859.12
1051.92	3851.80
1053.53	3859.12
1055.15	3843.43
1056.76	3853.89
1058.38	3840.29
1059.99	3861.22
1061.61	3824.59
1063.22	3851.80
1064.84	3835.06
1066.46	3854.94
1068.07	3828.78
1069.68	3846.57
1071.30	3840.29
1072.91	3853.89
1074.53	3823.55
1076.14	3844.47
1077.76	3817.27
1079.37	3847.61
1080.98	3798.43
1082.60	3831.92
1084.21	3818.31
1085.83	3836.10
1087.44	3819.36
1089.05	3819.36
1090.67	3794.25
1092.28	3814.13
1093.89	3807.85
1095.50	3824.59
1097.12	3806.80
1098.73	3829.82
1100.34	3774.37
1101.95	3818.31
1103.57	3794.25
1105.18	3803.66
1106.79	3784.83
1108.40	3818.31
1110.01	3801.57
1111.63	3812.04
1113.24	3803.66
1114.85	3810.99
1116.46	3797.39
1118.07	3825.64
1119.68	3785.88
1121.29	3810.99
1122.90	3782.74
1124.51	3805.76
1126.12	3798.43
1127.73	3819.36
1129.34	3805.76
1130.95	3829.82
1132.56	3812.04
1134.17	3806.80
1135.78	3797.39
1137.39	3827.73
1139.00	3798.43
1140.61	3809.94
1142.22	3806.80
1143.83	3815.18
1145.44	3808.90
1147.05	3825.64
1148.65	3814.13
1150.26	3817.27
1151.87	3803.66
1153.48	3828.78
1155.09	3821.45
1156.69	3834.01
1158.30	3805.76
1159.91	3831.92
1161.52	3829.82
1163.12	3840.29
1164.73	3815.18
1166.34	3844.47
1167.94	3806.80
1169.55	3845.52
1171.16	3834.01
1172.76	3848.66
1174.37	3825.64
1175.97	3855.98
1177.58	3822.50
1179.19	3860.17
1180.79	3823.55
1182.40	3839.24
1184.00	3826.69
1185.61	3851.80
1187.21	3830.87
1188.82	3839.24
1190.42	3832.96
1192.02	3835.06
1193.63	3816.22
1195.23	3843.43
1196.84	3837.15
1198.44	3850.75
1200.04	3834.01
1201.65	3849.71
1203.25	3829.82
1204.85	3843.43
1206.46	3806.80
1208.06	3825.64
1209.66	3802.62
1211.26	3815.18
1212.87	3822.50
1214.47	3817.27
1216.07	3814.13
1217.67	3827.73
1219.27	3800.53
1220.87	3821.45
1222.48	3796.34
1224.08	3812.04
1225.68	3797.39
1227.28	3802.62
1228.88	3785.88
1230.48	3799.48
1232.08	3763.90
1233.68	3801.57
1235.28	3791.11
1236.88	3789.02
1238.48	3753.44
1240.08	3790.06
1241.68	3746.11
1243.28	3764.95
1244.87	3742.97
1246.47	3749.25
1248.07	3727.28
1249.67	3750.30
1251.27	3739.83
1252.87	3717.86
1254.46	3700.07
1256.06	3719.95
1257.66	3709.49
1259.26	3714.72
1260.85	3706.35
1262.45	3717.86
1264.05	3703.21
1265.64	3705.30
1267.24	3691.70
1268.83	3713.67
1270.43	3697.98
1272.03	3716.81
1273.62	3682.28
1275.22	3684.38
1276.81	3677.05
1278.41	3682.28
1280.00	3670.77
1281.60	3683.33
1283.19	3668.68
1284.79	3695.89
1286.38	3674.96
1287.97	3678.10
1289.57	3657.17
1291.16	3668.68
1292.75	3635.19
1294.35	3666.59
1295.94	3655.08
1297.53	3661.35
1299.12	3631.01
1300.72	3664.49
1302.31	3616.36
1303.90	3659.26
1305.49	3641.47
1307.08	3637.29
1308.68	3613.22
1310.27	3627.87
1311.86	3614.27
1313.45	3613.22
1315.04	3596.48
1316.63	3614.27
1318.22	3609.03
1319.81	3609.03
1321.40	3601.71
1322.99	3611.13
1324.58	3587.06
1326.17	3591.25
1327.75	3577.64
1329.34	3586.01
1330.93	3557.76
1332.52	3564.04
1334.11	3562.99
1335.70	3561.95
1337.28	3539.97
1338.87	3556.71
1340.46	3551.48
1342.05	3554.62
1343.63	3527.42
1345.22	3534.74
1346.81	3536.83
1348.39	3533.69
1349.98	3526.37
1351.56	3515.90
1353.15	3493.93
1354.73	3498.12
1356.32	3474.05
1357.90	3479.28
1359.49	3469.86
1361.07	3456.26
1362.66	3428.01
1364.24	3440.56
1365.82	3438.47
1367.41	3444.75
1368.99	3414.40
1370.57	3422.78
1372.16	3422.78
1373.74	3424.87
1375.32	3400.80
1376.91	3393.48
1378.49	3348.48
1380.07	3324.41
1381.65	3285.70
1383.23	3273.14
1384.81	3272.09
1386.39	3279.42
1387.97	3267.91
1389.55	3271.05
1391.14	3264.77
1392.72	3236.52
1394.29	3218.73
1395.87	3214.54
1397.45	3210.36
1399.03	3207.22
1400.61	3177.92
1402.19	3183.15
1403.77	3160.13
1405.35	3176.87
1406.92	3160.13
1408.50	3167.45
1410.08	3159.08
1411.66	3156.99
1413.23	3144.43
1414.81	3161.18
1416.39	3130.83
1417.96	3135.02
1419.54	3123.50
1421.12	3138.15
1422.69	3133.97
1424.27	3121.41
1425.84	3125.60
1427.42	3117.23
1428.99	3111.99
1430.57	3115.13
1432.14	3106.76
1433.71	3110.95
1435.29	3111.99
1436.86	3110.95
1438.43	3094.21
1440.01	3097.34
1441.58	2974.92
1443.15	3105.72
1444.72	3097.34
1446.30	3093.16
1447.87	3095.25
1449.44	3093.16
1451.01	3072.23
1452.58	3093.16
1454.15	3084.79
1455.72	3085.83
1457.29	3081.65
1458.86	3092.11
1460.43	3078.51
1462.00	3100.48
1463.57	3078.51
1465.14	3085.83
1466.71	3067.00
1468.28	3075.37
1469.85	3076.42
1471.41	3093.16
1472.98	3069.09
1474.55	3092.11
1476.12	3065.95
1477.68	3069.09
1479.25	3076.42
1480.82	3077.46
1482.38	3079.56
1483.95	3070.14
1485.51	3080.60
1487.08	3095.25
1488.64	3082.70
1490.21	3085.83
1491.77	3075.37
1493.34	3096.30
1494.90	3080.60
1496.46	3083.74
1498.03	3082.70
1499.59	3092.11
1501.15	3085.83
1502.72	3084.79
1504.28	3084.79
1505.84	3087.93
1507.40	3074.32
1508.97	3101.53
1510.53	3093.16
1512.09	3117.23
1513.65	3098.39
1515.21	3107.81
1516.77	3093.16
1518.33	3114.09
1519.89	3093.16
1521.45	3099.44
1523.01	3098.39
1524.57	3110.95
1526.13	3090.02
1527.68	3095.25
1529.24	3108.86
1530.80	3111.99
1532.36	3110.95
1533.92	3098.39
1535.47	3088.97
1537.03	3098.39
1538.59	3093.16
1540.14	3096.30
1541.70	3082.70
1543.25	3103.62
1544.81	3092.11
1546.36	3099.44
1547.92	3081.65
1549.47	3097.34
1551.03	3097.34
1552.58	3076.42
1554.13	3075.37
1555.69	3090.02
1557.24	3073.28
1558.79	3074.32
1560.35	3072.23
1561.90	3081.65
1563.45	3065.95
1565.00	3068.05
1566.55	3062.81
1568.10	3060.72
1569.66	3046.07
1571.21	3069.09
1572.76	3060.72
1574.31	3071.18
1575.86	3061.77
1577.40	3058.63
1578.95	3042.93
1580.50	3052.35
1582.05	3032.47
1583.60	3049.21
1585.15	3026.19
1586.69	3039.79
1588.24	3048.16
1589.79	3054.44
1591.34	3030.38
1592.88	3047.12
1594.43	3022.00
1595.97	3036.65
1597.52	3029.33
1599.06	3028.28
1600.61	3018.86
1602.15	3037.70
1603.70	3026.19
1605.24	3031.42
1606.79	3025.14
1608.33	3015.73
1609.87	3002.12
1611.41	3022.00
1612.96	3019.91
1614.50	3005.26
1616.04	3004.22
1617.58	3020.96
1619.12	3003.17
1620.67	3008.40
1622.21	2980.15
1623.75	3006.31
1625.29	2979.10
1626.83	2983.29
1628.37	2982.24
1629.90	2952.94
1631.44	2947.71
1632.98	2950.85
1634.52	2924.69
1636.06	2923.64
1637.59	2921.55
1639.13	2899.58
1640.67	2888.06
1642.21	2877.60
1643.74	2864.00
1645.28	2842.02
1646.81	2821.10
1648.35	2823.19
1649.88	2794.94
1651.42	2804.35
1652.95	2777.15
1654.49	2788.66
1656.02	2765.64
1657.55	2771.91
1659.09	2735.29
1660.62	2754.13
1662.15	2740.52
1663.68	2747.85
1665.22	2726.92
1666.75	2732.15
1668.28	2723.78
1669.81	2743.66
1671.34	2727.97
1672.87	2736.34
1674.40	2725.87
1675.93	2712.27
1677.46	2698.67
1678.99	2697.62
1680.52	2701.81
1682.04	2713.32
1683.57	2707.04
1685.10	2707.04
1686.63	2697.62
1688.15	2707.04
1689.68	2694.48
1691.21	2695.53
1692.73	2694.48
1694.26	2689.25
1695.78	2681.92
1697.31	2690.29
1698.83	2678.78
1700.36	2682.97
1701.88	2675.65
1703.40	2697.62
1704.93	2681.92
1706.45	2688.20
