896.35	3009.45
897.98	3020.96
899.60	3029.33
901.22	3054.44
902.85	3042.93
904.47	3059.67
906.10	3065.95
907.72	3072.23
909.34	3082.70
910.97	3100.48
912.59	3113.04
914.21	3153.85
915.84	3174.78
917.46	3222.91
919.08	3238.61
920.71	3259.54
922.33	3281.51
923.95	3300.35
925.58	3325.46
927.20	3318.14
928.82	3326.51
930.44	3353.71
932.07	3346.39
933.69	3342.20
935.31	3347.43
936.93	3359.99
938.56	3368.36
940.18	3379.87
941.80	3375.69
943.42	3394.52
945.05	3400.80
946.67	3392.43
948.29	3394.52
949.91	3396.62
951.53	3406.03
953.16	3415.45
954.78	3404.99
956.40	3400.80
958.02	3393.48
959.64	3399.75
961.26	3394.52
962.88	3403.94
964.51	3392.43
966.13	3414.40
967.75	3404.99
969.37	3396.62
970.99	3397.66
972.61	3402.89
974.23	3392.43
975.85	3406.03
977.47	3396.62
979.09	3407.08
980.71	3397.66
982.33	3410.22
983.95	3413.36
985.57	3434.29
987.19	3412.31
988.81	3423.82
990.43	3409.17
992.05	3424.87
993.67	3428.01
995.29	3431.15
996.91	3421.73
998.53	3462.54
1000.15	3456.26
1001.77	3460.45
1003.39	3457.31
1005.01	3457.31
1006.63	3463.58
1008.25	3475.10
1009.86	3482.42
1011.48	3492.88
1013.10	3485.56
1014.72	3492.88
1016.34	3488.70
1017.96	3515.90
1019.58	3492.88
1021.19	3511.72
1022.81	3505.44
1024.43	3524.28
1026.05	3510.67
1027.66	3532.65
1029.28	3523.23
1030.90	3528.46
1032.52	3508.58
1034.13	3537.88
1035.75	3543.11
1037.37	3554.62
1038.98	3556.71
1040.60	3546.25
1042.22	3528.46
1043.83	3545.20
1045.45	3543.11
1047.07	3550.44
1048.68	3544.16
1050.30	3545.20
1051.92	3546.25
1053.53	3551.48
1055.15	3553.58
1056.76	3552.53
1058.38	3546.25
1059.99	3556.71
1061.61	3551.48
1063.22	3555.67
1064.84	3545.20
1066.46	3546.25
1068.07	3544.16
1069.68	3547.30
1071.30	3554.62
1072.91	3538.93
1074.53	3528.46
1076.14	3551.48
1077.76	3534.74
1079.37	3539.97
1080.98	3502.30
1082.60	3523.23
1084.21	3529.51
1085.83	3532.65
1087.44	3536.83
1089.05	3527.42
1090.67	3512.77
1092.28	3524.28
1093.89	3516.95
1095.50	3520.09
1097.12	3502.30
1098.73	3528.46
1100.34	3494.98
1101.95	3521.14
1103.57	3509.63
1105.18	3510.67
1106.79	3499.16
1108.40	3514.86
1110.01	3508.58
1111.63	3523.23
1113.24	3511.72
1114.85	3516.95
1116.46	3516.95
1118.07	3534.74
1119.68	3509.63
1121.29	3527.42
1122.90	3512.77
1124.51	3513.81
1126.12	3519.04
1127.73	3519.04
1129.34	3520.09
1130.95	3529.51
1132.56	3529.51
1134.17	3502.30
1135.78	3508.58
1137.39	3528.46
1139.00	3521.14
1140.61	3522.18
1142.22	3522.18
1143.83	3522.18
1145.44	3518.00
1147.05	3523.23
1148.65	3527.42
1150.26	3525.32
1151.87	3516.95
1153.48	3520.09
1155.09	3530.55
1156.69	3529.51
1158.30	3514.86
1159.91	3526.37
1161.52	3534.74
1163.12	3538.93
1164.73	3524.28
1166.34	3537.88
1167.94	3516.95
1169.55	3533.69
1171.16	3529.51
1172.76	3545.20
1174.37	3536.83
1175.97	3534.74
1177.58	3513.81
1179.19	3543.11
1180.79	3527.42
1182.40	3529.51
1184.00	3515.90
1185.61	3538.93
1187.21	3533.69
1188.82	3535.79
1190.42	3530.55
1192.02	3533.69
1193.63	3512.77
1195.23	3536.83
1196.84	3539.97
1198.44	3544.16
1200.04	3532.65
1201.65	3531.60
1203.25	3530.55
1204.85	3545.20
1206.46	3516.95
1208.06	3526.37
1209.66	3516.95
1211.26	3521.14
1212.87	3532.65
1214.47	3519.04
1216.07	3509.63
1217.67	3516.95
1219.27	3507.53
1220.87	3508.58
1222.48	3500.21
1224.08	3507.53
1225.68	3502.30
1227.28	3507.53
1228.88	3488.70
1230.48	3508.58
1232.08	3491.84
1233.68	3504.39
1235.28	3493.93
1236.88	3482.42
1238.48	3474.05
1240.08	3502.30
1241.68	3461.49
1243.28	3477.19
1244.87	3468.82
1246.47	3463.58
1248.07	3459.40
1249.67	3468.82
1251.27	3464.63
1252.87	3445.80
1254.46	3437.42
1256.06	3442.66
1257.66	3443.70
1259.26	3440.56
1260.85	3438.47
1262.45	3435.33
1264.05	3430.10
1265.64	3430.10
1267.24	3428.01
1268.83	3433.24
1270.43	3428.01
1272.03	3440.56
1273.62	3423.82
1275.22	3408.13
1276.81	3415.45
1278.41	3414.40
1280.00	3407.08
1281.60	3408.13
1283.19	3396.62
1284.79	3408.13
1286.38	3398.71
1287.97	3410.22
1289.57	3401.85
1291.16	3402.89
1292.75	3389.29
1294.35	3401.85
1295.94	3387.20
1297.53	3393.48
1299.12	3377.78
1300.72	3397.66
1302.31	3361.04
1303.90	3389.29
1305.49	3387.20
1307.08	3373.59
1308.68	3371.50
1310.27	3383.01
1311.86	3362.08
1313.45	3369.41
1315.04	3359.99
1316.63	3361.04
1318.22	3359.99
1319.81	3350.57
1321.40	3347.43
1322.99	3356.85
1324.58	3330.69
1326.17	3332.78
1327.75	3329.65
1329.34	3342.20
1330.93	3332.78
1332.52	3326.51
1334.11	3317.09
1335.70	3319.18
1337.28	3306.62
1338.87	3315.00
1340.46	3309.76
1342.05	3310.81
1343.63	3299.30
1345.22	3310.81
1346.81	3311.86
1348.39	3298.25
1349.98	3282.56
1351.56	3283.60
1353.15	3270.00
1354.73	3270.00
1356.32	3258.49
1357.90	3251.17
1359.49	3250.12
1361.07	3236.52
1362.66	3229.19
1364.24	3234.42
1365.82	3238.61
1367.41	3245.93
1368.99	3209.31
1370.57	3210.36
1372.16	3226.05
1373.74	3217.68
1375.32	3208.26
1376.91	3195.71
1378.49	3162.22
1380.07	3131.88
1381.65	3125.60
1383.23	3096.30
1384.81	3110.95
1386.39	3116.18
1387.97	3110.95
1389.55	3096.30
1391.14	3097.34
1392.72	3079.56
1394.29	3074.32
1395.87	3068.05
1397.45	3052.35
1399.03	3059.67
1400.61	3042.93
1402.19	3049.21
1403.77	3033.51
1405.35	3049.21
1406.92	3027.24
1408.50	3031.42
1410.08	3027.24
1411.66	3011.54
1413.23	3006.31
1414.81	3016.77
1416.39	2994.80
1417.96	3017.82
1419.54	2993.75
1421.12	3006.31
1422.69	3011.54
1424.27	3000.03
1425.84	3003.17
1427.42	3004.22
1428.99	2998.98
1430.57	2986.43
1432.14	2983.29
1433.71	2987.47
1435.29	2993.75
1436.86	3000.03
1438.43	2993.75
1440.01	2991.66
1441.58	2871.32
1443.15	2983.29
1444.72	2980.15
1446.30	2977.01
1447.87	2982.24
1449.44	2981.19
1451.01	2961.31
1452.58	2977.01
1454.15	2980.15
1455.72	2965.50
1457.29	2966.54
1458.86	2973.87
1460.43	2963.41
1462.00	2984.33
1463.57	2965.50
1465.14	2970.73
1466.71	2967.59
1468.28	2974.92
1469.85	2964.45
1471.41	2975.96
1472.98	2963.41
1474.55	2974.92
1476.12	2958.17
1477.68	2963.41
1479.25	2965.50
1480.82	2965.50
1482.38	2977.01
1483.95	2961.31
1485.51	2961.31
1487.08	2981.19
1488.64	2977.01
1490.21	2985.38
1491.77	2965.50
1493.34	2983.29
1494.90	2966.54
1496.46	2971.78
1498.03	2965.50
1499.59	2970.73
1501.15	2964.45
1502.72	2978.06
1504.28	2982.24
1505.84	2974.92
1507.40	2965.50
1508.97	2986.43
1510.53	2978.06
1512.09	2983.29
1513.65	2988.52
1515.21	2981.19
1516.77	2971.78
1518.33	2993.75
1519.89	2981.19
1521.45	2975.96
1523.01	2974.92
1524.57	2988.52
1526.13	2979.10
1527.68	2981.19
1529.24	2988.52
1530.80	2985.38
1532.36	2985.38
1533.92	2978.06
1535.47	2965.50
1537.03	2971.78
1538.59	2980.15
1540.14	2981.19
1541.70	2967.59
1543.25	2987.47
1544.81	2983.29
1546.36	2984.33
1547.92	2966.54
1549.47	2977.01
1551.03	2965.50
1552.58	2960.27
1554.13	2964.45
1555.69	2970.73
1557.24	2953.99
1558.79	2959.22
1560.35	2958.17
1561.90	2971.78
1563.45	2953.99
1565.00	2962.36
1566.55	2946.66
1568.10	2950.85
1569.66	2938.29
1571.21	2949.80
1572.76	2947.71
1574.31	2952.94
1575.86	2944.57
1577.40	2936.20
1578.95	2939.34
1580.50	2942.48
1582.05	2930.97
1583.60	2934.11
1585.15	2921.55
1586.69	2935.15
1588.24	2936.20
1589.79	2935.15
1591.34	2911.09
1592.88	2933.06
1594.43	2914.22
1595.97	2929.92
1597.52	2925.74
1599.06	2924.69
1600.61	2920.50
1602.15	2939.34
1603.70	2920.50
1605.24	2924.69
1606.79	2927.83
1608.33	2915.27
1609.87	2901.67
1611.41	2912.13
1612.96	2915.27
1614.50	2899.58
1616.04	2904.81
1617.58	2914.22
1619.12	2907.95
1620.67	2907.95
1622.21	2883.88
1623.75	2901.67
1625.29	2875.51
1626.83	2880.74
1628.37	2896.44
1629.90	2871.32
1631.44	2864.00
1632.98	2870.28
1634.52	2848.30
1636.06	2849.35
1637.59	2855.63
1639.13	2842.02
1640.67	2831.56
1642.21	2824.23
1643.74	2808.54
1645.28	2788.66
1646.81	2774.01
1648.35	2778.19
1649.88	2758.31
1651.42	2762.50
1652.95	2736.34
1654.49	2759.36
1656.02	2736.34
1657.55	2726.92
1659.09	2710.18
1660.62	2730.06
1662.15	2722.73
1663.68	2721.69
1665.22	2701.81
1666.75	2711.22
1668.28	2702.85
1669.81	2718.55
1671.34	2695.53
1672.87	2704.94
1674.40	2705.99
1675.93	2702.85
1677.46	2682.97
1678.99	2688.20
1680.52	2682.97
1682.04	2694.48
1683.57	2688.20
1685.10	2692.39
1686.63	2677.74
1688.15	2681.92
1689.68	2671.46
1691.21	2675.65
1692.73	2679.83
1694.26	2682.97
1695.78	2679.83
1697.31	2681.92
1698.83	2664.13
1700.36	2675.65
1701.88	2665.18
1703.40	2678.78
1704.93	2665.18
1706.45	2668.32
