896.35	2872.37
897.98	2876.55
899.60	2881.79
901.22	2895.39
902.85	2887.02
904.47	2899.58
906.10	2904.81
907.72	2912.13
909.34	2916.32
910.97	2926.78
912.59	2939.34
914.21	2959.22
915.84	2971.78
917.46	2998.98
919.08	3018.86
920.71	3022.00
922.33	3043.98
923.95	3047.12
925.58	3075.37
927.20	3062.81
928.82	3072.23
930.44	3082.70
932.07	3076.42
933.69	3065.95
935.31	3078.51
936.93	3090.02
938.56	3100.48
940.18	3109.90
941.80	3100.48
943.42	3107.81
945.05	3120.37
946.67	3109.90
948.29	3116.18
949.91	3113.04
951.53	3127.69
953.16	3127.69
954.78	3120.37
956.40	3107.81
958.02	3111.99
959.64	3120.37
961.26	3118.27
962.88	3121.41
964.51	3104.67
966.13	3125.60
967.75	3131.88
969.37	3117.23
970.99	3113.04
972.61	3118.27
974.23	3122.46
975.85	3127.69
977.47	3136.06
979.09	3125.60
980.71	3125.60
982.33	3127.69
983.95	3146.53
985.57	3147.57
987.19	3127.69
988.81	3139.20
990.43	3128.74
992.05	3128.74
993.67	3148.62
995.29	3142.34
996.91	3136.06
998.53	3150.71
1000.15	3154.90
1001.77	3160.13
1003.39	3174.78
1005.01	3169.55
1006.63	3171.64
1008.25	3174.78
1009.86	3178.96
1011.48	3173.73
1013.10	3172.69
1014.72	3186.29
1016.34	3190.47
1017.96	3208.26
1019.58	3188.38
1021.19	3185.24
1022.81	3196.75
1024.43	3196.75
1026.05	3194.66
1027.66	3210.36
1029.28	3211.40
1030.90	3205.12
1032.52	3192.57
1034.13	3214.54
1035.75	3222.91
1037.37	3214.54
1038.98	3222.91
1040.60	3210.36
1042.22	3207.22
1043.83	3216.63
1045.45	3221.87
1047.07	3209.31
1048.68	3226.05
1050.30	3213.50
1051.92	3228.14
1053.53	3220.82
1055.15	3221.87
1056.76	3213.50
1058.38	3219.77
1059.99	3230.24
1061.61	3226.05
1063.22	3213.50
1064.84	3221.87
1066.46	3213.50
1068.07	3214.54
1069.68	3212.45
1071.30	3228.14
1072.91	3214.54
1074.53	3209.31
1076.14	3221.87
1077.76	3213.50
1079.37	3215.59
1080.98	3185.24
1082.60	3205.12
1084.21	3206.17
1085.83	3210.36
1087.44	3214.54
1089.05	3204.08
1090.67	3196.75
1092.28	3197.80
1093.89	3200.94
1095.50	3206.17
1097.12	3208.26
1098.73	3206.17
1100.34	3188.38
1101.95	3206.17
1103.57	3203.03
1105.18	3185.24
1106.79	3183.15
1108.40	3192.57
1110.01	3192.57
1111.63	3205.12
1113.24	3209.31
1114.85	3201.98
1116.46	3193.61
1118.07	3205.12
1119.68	3204.08
1121.29	3205.12
1122.90	3199.89
1124.51	3196.75
1126.12	3205.12
1127.73	3209.31
1129.34	3208.26
1130.95	3210.36
1132.56	3213.50
1134.17	3194.66
1135.78	3199.89
1137.39	3212.45
1139.00	3200.94
1140.61	3201.98
1142.22	3215.59
1143.83	3203.03
1145.44	3213.50
1147.05	3209.31
1148.65	3211.40
1150.26	3206.17
1151.87	3208.26
1153.48	3204.08
1155.09	3215.59
1156.69	3206.17
1158.30	3194.66
1159.91	3198.85
1161.52	3207.22
1163.12	3207.22
1164.73	3201.98
1166.34	3213.50
1167.94	3208.26
1169.55	3208.26
1171.16	3205.12
1172.76	3210.36
1174.37	3206.17
1175.97	3213.50
1177.58	3203.03
1179.19	3217.68
1180.79	3216.63
1182.40	3213.50
1184.00	3216.63
1185.61	3213.50
1187.21	3212.45
1188.82	3214.54
1190.42	3211.40
1192.02	3206.17
1193.63	3192.57
1195.23	3210.36
1196.84	3211.40
1198.44	3216.63
1200.04	3214.54
1201.65	3208.26
1203.25	3203.03
1204.85	3212.45
1206.46	3197.80
1208.06	3196.75
1209.66	3196.75
1211.26	3205.12
1212.87	3226.05
1214.47	3195.71
1216.07	3200.94
1217.67	3207.22
1219.27	3207.22
1220.87	3195.71
1222.48	3200.94
1224.08	3197.80
1225.68	3203.03
1227.28	3183.15
1228.88	3183.15
1230.48	3193.61
1232.08	3180.01
1233.68	3192.57
1235.28	3201.98
1236.88	3184.20
1238.48	3174.78
1240.08	3200.94
1241.68	3172.69
1243.28	3177.92
1244.87	3172.69
1246.47	3165.36
1248.07	3163.27
1249.67	3171.64
1251.27	3182.10
1252.87	3163.27
1254.46	3161.18
1256.06	3153.85
1257.66	3156.99
1259.26	3151.76
1260.85	3163.27
1262.45	3149.66
1264.05	3156.99
1265.64	3152.80
1267.24	3148.62
1268.83	3155.94
1270.43	3144.43
1272.03	3164.31
1273.62	3143.39
1275.22	3129.78
1276.81	3146.53
1278.41	3140.25
1280.00	3143.39
1281.60	3141.29
1283.19	3135.02
1284.79	3144.43
1286.38	3137.11
1287.97	3142.34
1289.57	3141.29
1291.16	3138.15
1292.75	3123.50
1294.35	3136.06
1295.94	3131.88
1297.53	3139.20
1299.12	3121.41
1300.72	3132.92
1302.31	3109.90
1303.90	3131.88
1305.49	3127.69
1307.08	3106.76
1308.68	3104.67
1310.27	3107.81
1311.86	3111.99
1313.45	3106.76
1315.04	3115.13
1316.63	3113.04
1318.22	3102.58
1319.81	3095.25
1321.40	3094.21
1322.99	3108.86
1324.58	3096.30
1326.17	3098.39
1327.75	3083.74
1329.34	3090.02
1330.93	3082.70
1332.52	3079.56
1334.11	3081.65
1335.70	3081.65
1337.28	3075.37
1338.87	3085.83
1340.46	3080.60
1342.05	3067.00
1343.63	3067.00
1345.22	3067.00
1346.81	3078.51
1348.39	3062.81
1349.98	3067.00
1351.56	3060.72
1353.15	3059.67
1354.73	3061.77
1356.32	3038.75
1357.90	3042.93
1359.49	3043.98
1361.07	3035.61
1362.66	3022.00
1364.24	3026.19
1365.82	3024.10
1367.41	3032.47
1368.99	3008.40
1370.57	3004.22
1372.16	3007.35
1373.74	3013.63
1375.32	3013.63
1376.91	3007.35
1378.49	2981.19
1380.07	2964.45
1381.65	2969.68
1383.23	2957.13
1384.81	2950.85
1386.39	2948.76
1387.97	2944.57
1389.55	2934.11
1391.14	2936.20
1392.72	2922.60
1394.29	2919.46
1395.87	2918.41
1397.45	2908.99
1399.03	2922.60
1400.61	2916.32
1402.19	2911.09
1403.77	2894.34
1405.35	2911.09
1406.92	2893.30
1408.50	2898.53
1410.08	2900.62
1411.66	2892.25
1413.23	2887.02
1414.81	2892.25
1416.39	2870.28
1417.96	2889.11
1419.54	2875.51
1421.12	2876.55
1422.69	2885.97
1424.27	2873.42
1425.84	2879.69
1427.42	2872.37
1428.99	2879.69
1430.57	2878.65
1432.14	2873.42
1433.71	2874.46
1435.29	2878.65
1436.86	2868.18
1438.43	2864.00
1440.01	2867.14
1441.58	2744.71
1443.15	2862.95
1444.72	2869.23
1446.30	2867.14
1447.87	2879.69
1449.44	2868.18
1451.01	2850.39
1452.58	2855.63
1454.15	2870.28
1455.72	2865.04
1457.29	2857.72
1458.86	2869.23
1460.43	2854.58
1462.00	2872.37
1463.57	2858.77
1465.14	2867.14
1466.71	2853.53
1468.28	2858.77
1469.85	2867.14
1471.41	2872.37
1472.98	2854.58
1474.55	2874.46
1476.12	2857.72
1477.68	2857.72
1479.25	2868.18
1480.82	2858.77
1482.38	2865.04
1483.95	2847.26
1485.51	2862.95
1487.08	2870.28
1488.64	2853.53
1490.21	2865.04
1491.77	2851.44
1493.34	2866.09
1494.90	2855.63
1496.46	2857.72
1498.03	2868.18
1499.59	2867.14
1501.15	2866.09
1502.72	2859.81
1504.28	2856.67
1505.84	2866.09
1507.40	2864.00
1508.97	2876.55
1510.53	2860.86
1512.09	2874.46
1513.65	2867.14
1515.21	2867.14
1516.77	2853.53
1518.33	2875.51
1519.89	2868.18
1521.45	2866.09
1523.01	2864.00
1524.57	2872.37
1526.13	2873.42
1527.68	2877.60
1529.24	2872.37
1530.80	2864.00
1532.36	2867.14
1533.92	2870.28
1535.47	2853.53
1537.03	2862.95
1538.59	2872.37
1540.14	2862.95
1541.70	2861.90
1543.25	2874.46
1544.81	2857.72
1546.36	2867.14
1547.92	2852.49
1549.47	2862.95
1551.03	2857.72
1552.58	2855.63
1554.13	2853.53
1555.69	2854.58
1557.24	2847.26
1558.79	2851.44
1560.35	2853.53
1561.90	2862.95
1563.45	2848.30
1565.00	2857.72
1566.55	2852.49
1568.10	2851.44
1569.66	2840.98
1571.21	2851.44
1572.76	2855.63
1574.31	2846.21
1575.86	2846.21
1577.40	2840.98
1578.95	2839.93
1580.50	2842.02
1582.05	2833.65
1583.60	2827.37
1585.15	2820.05
1586.69	2828.42
1588.24	2829.47
1589.79	2835.74
1591.34	2821.10
1592.88	2846.21
1594.43	2821.10
1595.97	2821.10
1597.52	2821.10
1599.06	2824.23
1600.61	2820.05
1602.15	2846.21
1603.70	2826.33
1605.24	2826.33
1606.79	2821.10
1608.33	2810.63
1609.87	2815.86
1611.41	2829.47
1612.96	2829.47
1614.50	2809.58
1616.04	2808.54
1617.58	2817.96
1619.12	2806.45
1620.67	2812.72
1622.21	2790.75
1623.75	2811.68
1625.29	2794.94
1626.83	2801.21
1628.37	2811.68
1629.90	2791.80
1631.44	2781.33
1632.98	2785.52
1634.52	2775.05
1636.06	2772.96
1637.59	2782.38
1639.13	2762.50
1640.67	2761.45
1642.21	2755.17
1643.74	2745.75
1645.28	2730.06
1646.81	2724.83
1648.35	2731.10
1649.88	2703.90
1651.42	2713.32
1652.95	2702.85
1654.49	2714.36
1656.02	2688.20
1657.55	2702.85
1659.09	2680.88
1660.62	2698.67
1662.15	2690.29
1663.68	2697.62
1665.22	2688.20
1666.75	2687.16
1668.28	2681.92
1669.81	2693.43
1671.34	2679.83
1672.87	2684.02
1674.40	2681.92
1675.93	2678.78
1677.46	2669.37
1678.99	2665.18
1680.52	2658.90
1682.04	2675.65
1683.57	2669.37
1685.10	2670.41
1686.63	2662.04
1688.15	2663.09
1689.68	2646.35
1691.21	2654.72
1692.73	2661.00
1694.26	2667.27
1695.78	2652.62
1697.31	2654.72
1698.83	2643.21
1700.36	2650.53
1701.88	2646.35
1703.40	2662.04
1704.93	2643.21
1706.45	2643.21
