896.35	2856.67
897.98	2864.00
899.60	2874.46
901.22	2885.97
902.85	2877.60
904.47	2884.93
906.10	2891.20
907.72	2890.16
909.34	2905.85
910.97	2920.50
912.59	2930.97
914.21	2949.80
915.84	2962.36
917.46	2991.66
919.08	3006.31
920.71	3012.59
922.33	3034.56
923.95	3035.61
925.58	3057.58
927.20	3036.65
928.82	3057.58
930.44	3063.86
932.07	3056.54
933.69	3050.26
935.31	3069.09
936.93	3062.81
938.56	3075.37
940.18	3080.60
941.80	3079.56
943.42	3092.11
945.05	3108.86
946.67	3086.88
948.29	3091.07
949.91	3086.88
951.53	3100.48
953.16	3108.86
954.78	3109.90
956.40	3095.25
958.02	3099.44
959.64	3091.07
961.26	3099.44
962.88	3096.30
964.51	3093.16
966.13	3113.04
967.75	3103.62
969.37	3098.39
970.99	3103.62
972.61	3098.39
974.23	3108.86
975.85	3106.76
977.47	3117.23
979.09	3103.62
980.71	3102.58
982.33	3106.76
983.95	3109.90
985.57	3117.23
987.19	3107.81
988.81	3128.74
990.43	3117.23
992.05	3120.37
993.67	3131.88
995.29	3117.23
996.91	3115.13
998.53	3137.11
1000.15	3138.15
1001.77	3133.97
1003.39	3139.20
1005.01	3141.29
1006.63	3142.34
1008.25	3143.39
1009.86	3156.99
1011.48	3156.99
1013.10	3164.31
1014.72	3158.04
1016.34	3167.45
1017.96	3178.96
1019.58	3161.18
1021.19	3163.27
1022.81	3168.50
1024.43	3176.87
1026.05	3172.69
1027.66	3181.06
1029.28	3181.06
1030.90	3178.96
1032.52	3170.59
1034.13	3188.38
1035.75	3192.57
1037.37	3188.38
1038.98	3209.31
1040.60	3191.52
1042.22	3187.34
1043.83	3192.57
1045.45	3203.03
1047.07	3191.52
1048.68	3199.89
1050.30	3196.75
1051.92	3206.17
1053.53	3194.66
1055.15	3194.66
1056.76	3186.29
1058.38	3195.71
1059.99	3196.75
1061.61	3190.47
1063.22	3188.38
1064.84	3200.94
1066.46	3185.24
1068.07	3185.24
1069.68	3190.47
1071.30	3199.89
1072.91	3197.80
1074.53	3188.38
1076.14	3190.47
1077.76	3184.20
1079.37	3188.38
1080.98	3167.45
1082.60	3181.06
1084.21	3183.15
1085.83	3188.38
1087.44	3187.34
1089.05	3167.45
1090.67	3173.73
1092.28	3168.50
1093.89	3180.01
1095.50	3181.06
1097.12	3181.06
1098.73	3181.06
1100.34	3163.27
1101.95	3177.92
1103.57	3172.69
1105.18	3162.22
1106.79	3158.04
1108.40	3173.73
1110.01	3181.06
1111.63	3175.82
1113.24	3181.06
1114.85	3169.55
1116.46	3175.82
1118.07	3182.10
1119.68	3171.64
1121.29	3173.73
1122.90	3168.50
1124.51	3173.73
1126.12	3183.15
1127.73	3187.34
1129.34	3182.10
1130.95	3192.57
1132.56	3193.61
1134.17	3164.31
1135.78	3173.73
1137.39	3186.29
1139.00	3175.82
1140.61	3174.78
1142.22	3184.20
1143.83	3176.87
1145.44	3182.10
1147.05	3181.06
1148.65	3187.34
1150.26	3164.31
1151.87	3170.59
1153.48	3171.64
1155.09	3176.87
1156.69	3174.78
1158.30	3158.04
1159.91	3174.78
1161.52	3183.15
1163.12	3182.10
1164.73	3175.82
1166.34	3194.66
1167.94	3187.34
1169.55	3187.34
1171.16	3192.57
1172.76	3192.57
1174.37	3191.52
1175.97	3196.75
1177.58	3172.69
1179.19	3197.80
1180.79	3186.29
1182.40	3183.15
1184.00	3180.01
1185.61	3184.20
1187.21	3192.57
1188.82	3187.34
1190.42	3182.10
1192.02	3182.10
1193.63	3167.45
1195.23	3186.29
1196.84	3187.34
1198.44	3194.66
1200.04	3191.52
1201.65	3193.61
1203.25	3187.34
1204.85	3193.61
1206.46	3168.50
1208.06	3172.69
1209.66	3172.69
1211.26	3175.82
1212.87	3201.98
1214.47	3176.87
1216.07	3182.10
1217.67	3186.29
1219.27	3170.59
1220.87	3167.45
1222.48	3171.64
1224.08	3168.50
1225.68	3175.82
1227.28	3167.45
1228.88	3156.99
1230.48	3167.45
1232.08	3158.04
1233.68	3176.87
1235.28	3178.96
1236.88	3167.45
1238.48	3154.90
1240.08	3173.73
1241.68	3139.20
1243.28	3151.76
1244.87	3156.99
1246.47	3150.71
1248.07	3140.25
1249.67	3144.43
1251.27	3155.94
1252.87	3127.69
1254.46	3126.64
1256.06	3129.78
1257.66	3141.29
1259.26	3123.50
1260.85	3131.88
1262.45	3128.74
1264.05	3135.02
1265.64	3129.78
1267.24	3130.83
1268.83	3137.11
1270.43	3128.74
1272.03	3140.25
1273.62	3128.74
1275.22	3109.90
1276.81	3121.41
1278.41	3119.32
1280.00	3120.37
1281.60	3116.18
1283.19	3118.27
1284.79	3119.32
1286.38	3114.09
1287.97	3116.18
1289.57	3107.81
1291.16	3107.81
1292.75	3103.62
1294.35	3114.09
1295.94	3107.81
1297.53	3110.95
1299.12	3104.67
1300.72	3116.18
1302.31	3086.88
1303.90	3109.90
1305.49	3115.13
1307.08	3094.21
1308.68	3081.65
1310.27	3088.97
1311.86	3100.48
1313.45	3094.21
1315.04	3088.97
1316.63	3092.11
1318.22	3086.88
1319.81	3078.51
1321.40	3080.60
1322.99	3085.83
1324.58	3065.95
1326.17	3078.51
1327.75	3067.00
1329.34	3060.72
1330.93	3058.63
1332.52	3059.67
1334.11	3056.54
1335.70	3065.95
1337.28	3055.49
1338.87	3059.67
1340.46	3060.72
1342.05	3058.63
1343.63	3053.40
1345.22	3056.54
1346.81	3053.40
1348.39	3033.51
1349.98	3039.79
1351.56	3038.75
1353.15	3038.75
1354.73	3033.51
1356.32	3023.05
1357.90	3018.86
1359.49	3018.86
1361.07	3011.54
1362.66	3005.26
1364.24	3012.59
1365.82	3023.05
1367.41	3013.63
1368.99	2994.80
1370.57	2988.52
1372.16	2997.94
1373.74	2992.70
1375.32	2994.80
1376.91	2990.61
1378.49	2960.27
1380.07	2956.08
1381.65	2952.94
1383.23	2943.52
1384.81	2937.25
1386.39	2917.36
1387.97	2932.01
1389.55	2929.92
1391.14	2934.11
1392.72	2913.18
1394.29	2908.99
1395.87	2911.09
1397.45	2898.53
1399.03	2902.71
1400.61	2898.53
1402.19	2889.11
1403.77	2879.69
1405.35	2902.71
1406.92	2892.25
1408.50	2884.93
1410.08	2874.46
1411.66	2869.23
1413.23	2877.60
1414.81	2882.83
1416.39	2860.86
1417.96	2877.60
1419.54	2864.00
1421.12	2874.46
1422.69	2873.42
1424.27	2853.53
1425.84	2871.32
1427.42	2871.32
1428.99	2869.23
1430.57	2866.09
1432.14	2856.67
1433.71	2859.81
1435.29	2866.09
1436.86	2869.23
1438.43	2861.90
1440.01	2855.63
1441.58	2747.85
1443.15	2864.00
1444.72	2853.53
1446.30	2849.35
1447.87	2867.14
1449.44	2854.58
1451.01	2844.12
1452.58	2865.04
1454.15	2856.67
1455.72	2842.02
1457.29	2847.26
1458.86	2847.26
1460.43	2844.12
1462.00	2869.23
1463.57	2855.63
1465.14	2858.77
1466.71	2847.26
1468.28	2855.63
1469.85	2851.44
1471.41	2859.81
1472.98	2848.30
1474.55	2857.72
1476.12	2844.12
1477.68	2845.16
1479.25	2853.53
1480.82	2857.72
1482.38	2858.77
1483.95	2850.39
1485.51	2855.63
1487.08	2862.95
1488.64	2860.86
1490.21	2864.00
1491.77	2849.35
1493.34	2867.14
1494.90	2844.12
1496.46	2856.67
1498.03	2860.86
1499.59	2853.53
1501.15	2849.35
1502.72	2854.58
1504.28	2855.63
1505.84	2856.67
1507.40	2851.44
1508.97	2869.23
1510.53	2854.58
1512.09	2869.23
1513.65	2869.23
1515.21	2865.04
1516.77	2846.21
1518.33	2861.90
1519.89	2860.86
1521.45	2859.81
1523.01	2868.18
1524.57	2870.28
1526.13	2859.81
1527.68	2864.00
1529.24	2868.18
1530.80	2870.28
1532.36	2874.46
1533.92	2861.90
1535.47	2860.86
1537.03	2865.04
1538.59	2861.90
1540.14	2860.86
1541.70	2844.12
1543.25	2861.90
1544.81	2865.04
1546.36	2865.04
1547.92	2851.44
1549.47	2858.77
1551.03	2855.63
1552.58	2847.26
1554.13	2846.21
1555.69	2859.81
1557.24	2848.30
1558.79	2846.21
1560.35	2844.12
1561.90	2850.39
1563.45	2842.02
1565.00	2850.39
1566.55	2834.70
1568.10	2839.93
1569.66	2831.56
1571.21	2840.98
1572.76	2840.98
1574.31	2837.84
1575.86	2831.56
1577.40	2830.51
1578.95	2826.33
1580.50	2827.37
1582.05	2816.91
1583.60	2816.91
1585.15	2807.49
1586.69	2822.14
1588.24	2830.51
1589.79	2832.61
1591.34	2815.86
1592.88	2830.51
1594.43	2804.35
1595.97	2821.10
1597.52	2820.05
1599.06	2816.91
1600.61	2806.45
1602.15	2824.23
1603.70	2816.91
1605.24	2821.10
1606.79	2813.77
1608.33	2810.63
1609.87	2807.49
1611.41	2813.77
1612.96	2813.77
1614.50	2809.58
1616.04	2807.49
1617.58	2808.54
1619.12	2801.21
1620.67	2802.26
1622.21	2783.42
1623.75	2806.45
1625.29	2783.42
1626.83	2785.52
1628.37	2804.35
1629.90	2781.33
1631.44	2782.38
1632.98	2784.47
1634.52	2762.50
1636.06	2761.45
1637.59	2778.19
1639.13	2761.45
1640.67	2766.68
1642.21	2752.03
1643.74	2747.85
1645.28	2731.10
1646.81	2724.83
1648.35	2733.20
1649.88	2713.32
1651.42	2716.45
1652.95	2697.62
1654.49	2722.73
1656.02	2699.71
1657.55	2700.76
1659.09	2681.92
1660.62	2703.90
1662.15	2686.11
1663.68	2690.29
1665.22	2676.69
1666.75	2685.06
1668.28	2677.74
1669.81	2698.67
1671.34	2686.11
1672.87	2680.88
1674.40	2680.88
1675.93	2678.78
1677.46	2659.95
1678.99	2661.00
1680.52	2662.04
1682.04	2677.74
1683.57	2669.37
1685.10	2669.37
1686.63	2665.18
1688.15	2671.46
1689.68	2657.86
1691.21	2653.67
1692.73	2653.67
1694.26	2661.00
1695.78	2647.39
1697.31	2658.90
1698.83	2648.44
1700.36	2654.72
1701.88	2643.21
1703.40	2661.00
1704.93	2653.67
1706.45	2653.67
