896.35	2713.32
897.98	2713.32
899.60	2721.69
901.22	2736.34
902.85	2723.78
904.47	2727.97
906.10	2742.62
907.72	2730.06
909.34	2741.57
910.97	2735.29
912.59	2745.75
914.21	2740.52
915.84	2754.13
917.46	2762.50
919.08	2778.19
920.71	2764.59
922.33	2791.80
923.95	2782.38
925.58	2802.26
927.20	2778.19
928.82	2795.98
930.44	2789.70
932.07	2792.84
933.69	2779.24
935.31	2800.17
936.93	2794.94
938.56	2805.40
940.18	2800.17
941.80	2800.17
943.42	2803.31
945.05	2817.96
946.67	2788.66
948.29	2817.96
949.91	2805.40
951.53	2827.37
953.16	2814.82
954.78	2815.86
956.40	2798.07
958.02	2816.91
959.64	2799.12
961.26	2815.86
962.88	2804.35
964.51	2810.63
966.13	2824.23
967.75	2820.05
969.37	2792.84
970.99	2822.14
972.61	2814.82
974.23	2817.96
975.85	2804.35
977.47	2826.33
979.09	2814.82
980.71	2820.05
982.33	2812.72
983.95	2825.28
985.57	2821.10
987.19	2826.33
988.81	2830.51
990.43	2824.23
992.05	2810.63
993.67	2838.88
995.29	2816.91
996.91	2823.19
998.53	2831.56
1000.15	2847.26
1001.77	2823.19
1003.39	2831.56
1005.01	2826.33
1006.63	2844.12
1008.25	2837.84
1009.86	2848.30
1011.48	2829.47
1013.10	2836.79
1014.72	2837.84
1016.34	2853.53
1017.96	2853.53
1019.58	2844.12
1021.19	2837.84
1022.81	2849.35
1024.43	2851.44
1026.05	2851.44
1027.66	2844.12
1029.28	2853.53
1030.90	2847.26
1032.52	2849.35
1034.13	2847.26
1035.75	2867.14
1037.37	2850.39
1038.98	2862.95
1040.60	2837.84
1042.22	2839.93
1043.83	2843.07
1045.45	2854.58
1047.07	2845.16
1048.68	2856.67
1050.30	2837.84
1051.92	2861.90
1053.53	2854.58
1055.15	2864.00
1056.76	2847.26
1058.38	2848.30
1059.99	2852.49
1061.61	2858.77
1063.22	2839.93
1064.84	2859.81
1066.46	2843.07
1068.07	2851.44
1069.68	2849.35
1071.30	2861.90
1072.91	2842.02
1074.53	2849.35
1076.14	2861.90
1077.76	2866.09
1079.37	2852.49
1080.98	2842.02
1082.60	2839.93
1084.21	2856.67
1085.83	2851.44
1087.44	2860.86
1089.05	2842.02
1090.67	2859.81
1092.28	2836.79
1093.89	2857.72
1095.50	2843.07
1097.12	2851.44
1098.73	2848.30
1100.34	2844.12
1101.95	2849.35
1103.57	2850.39
1105.18	2835.74
1106.79	2845.16
1108.40	2844.12
1110.01	2859.81
1111.63	2854.58
1113.24	2862.95
1114.85	2853.53
1116.46	2859.81
1118.07	2850.39
1119.68	2849.35
1121.29	2852.49
1122.90	2851.44
1124.51	2850.39
1126.12	2864.00
1127.73	2856.67
1129.34	2853.53
1130.95	2855.63
1132.56	2858.77
1134.17	2830.51
1135.78	2845.16
1137.39	2847.26
1139.00	2843.07
1140.61	2840.98
1142.22	2855.63
1143.83	2842.02
1145.44	2857.72
1147.05	2842.02
1148.65	2852.49
1150.26	2834.70
1151.87	2843.07
1153.48	2837.84
1155.09	2851.44
1156.69	2836.79
1158.30	2834.70
1159.91	2832.61
1161.52	2851.44
1163.12	2840.98
1164.73	2848.30
1166.34	2837.84
1167.94	2838.88
1169.55	2844.12
1171.16	2852.49
1172.76	2843.07
1174.37	2845.16
1175.97	2849.35
1177.58	2842.02
1179.19	2850.39
1180.79	2836.79
1182.40	2843.07
1184.00	2851.44
1185.61	2855.63
1187.21	2859.81
1188.82	2840.98
1190.42	2852.49
1192.02	2840.98
1193.63	2829.47
1195.23	2835.74
1196.84	2846.21
1198.44	2842.02
1200.04	2852.49
1201.65	2835.74
1203.25	2845.16
1204.85	2848.30
1206.46	2839.93
1208.06	2832.61
1209.66	2833.65
1211.26	2829.47
1212.87	2856.67
1214.47	2842.02
1216.07	2851.44
1217.67	2845.16
1219.27	2847.26
1220.87	2836.79
1222.48	2845.16
1224.08	2837.84
1225.68	2851.44
1227.28	2842.02
1228.88	2840.98
1230.48	2836.79
1232.08	2832.61
1233.68	2842.02
1235.28	2859.81
1236.88	2836.79
1238.48	2837.84
1240.08	2853.53
1241.68	2830.51
1243.28	2838.88
1244.87	2838.88
1246.47	2831.56
1248.07	2830.51
1249.67	2832.61
1251.27	2850.39
1252.87	2826.33
1254.46	2835.74
1256.06	2827.37
1257.66	2825.28
1259.26	2817.96
1260.85	2836.79
1262.45	2821.10
1264.05	2837.84
1265.64	2823.19
1267.24	2832.61
1268.83	2828.42
1270.43	2829.47
1272.03	2829.47
1273.62	2829.47
1275.22	2817.96
1276.81	2839.93
1278.41	2826.33
1280.00	2836.79
1281.60	2828.42
1283.19	2830.51
1284.79	2823.19
1286.38	2827.37
1287.97	2825.28
1289.57	2820.05
1291.16	2821.10
1292.75	2825.28
1294.35	2825.28
1295.94	2815.86
1297.53	2821.10
1299.12	2820.05
1300.72	2828.42
1302.31	2808.54
1303.90	2828.42
1305.49	2836.79
1307.08	2812.72
1308.68	2809.58
1310.27	2812.72
1311.86	2817.96
1313.45	2815.86
1315.04	2817.96
1316.63	2817.96
1318.22	2826.33
1319.81	2803.31
1321.40	2812.72
1322.99	2809.58
1324.58	2801.21
1326.17	2792.84
1327.75	2797.03
1329.34	2797.03
1330.93	2797.03
1332.52	2788.66
1334.11	2801.21
1335.70	2799.12
1337.28	2791.80
1338.87	2793.89
1340.46	2806.45
1342.05	2792.84
1343.63	2794.94
1345.22	2784.47
1346.81	2793.89
1348.39	2788.66
1349.98	2793.89
1351.56	2795.98
1353.15	2797.03
1354.73	2795.98
1356.32	2784.47
1357.90	2779.24
1359.49	2791.80
1361.07	2780.29
1362.66	2785.52
1364.24	2781.33
1365.82	2791.80
1367.41	2788.66
1368.99	2775.05
1370.57	2770.87
1372.16	2783.42
1373.74	2772.96
1375.32	2780.29
1376.91	2770.87
1378.49	2762.50
1380.07	2755.17
1381.65	2766.68
1383.23	2757.26
1384.81	2754.13
1386.39	2740.52
1387.97	2752.03
1389.55	2740.52
1391.14	2743.66
1392.72	2748.89
1394.29	2748.89
1395.87	2750.99
1397.45	2738.43
1399.03	2745.75
1400.61	2748.89
1402.19	2732.15
1403.77	2724.83
1405.35	2745.75
1406.92	2736.34
1408.50	2726.92
1410.08	2736.34
1411.66	2732.15
1413.23	2741.57
1414.81	2740.52
1416.39	2721.69
1417.96	2735.29
1419.54	2723.78
1421.12	2730.06
1422.69	2738.43
1424.27	2720.64
1425.84	2730.06
1427.42	2731.10
1428.99	2737.38
1430.57	2730.06
1432.14	2729.01
1433.71	2730.06
1435.29	2737.38
1436.86	2734.24
1438.43	2726.92
1440.01	2721.69
1441.58	2605.54
1443.15	2732.15
1444.72	2740.52
1446.30	2729.01
1447.87	2735.29
1449.44	2716.45
1451.01	2715.41
1452.58	2730.06
1454.15	2730.06
1455.72	2718.55
1457.29	2723.78
1458.86	2732.15
1460.43	2723.78
1462.00	2741.57
1463.57	2742.62
1465.14	2732.15
1466.71	2726.92
1468.28	2726.92
1469.85	2732.15
1471.41	2739.48
1472.98	2722.73
1474.55	2736.34
1476.12	2720.64
1477.68	2721.69
1479.25	2738.43
1480.82	2725.87
1482.38	2744.71
1483.95	2727.97
1485.51	2738.43
1487.08	2742.62
1488.64	2737.38
1490.21	2732.15
1491.77	2723.78
1493.34	2738.43
1494.90	2726.92
1496.46	2721.69
1498.03	2733.20
1499.59	2742.62
1501.15	2732.15
1502.72	2732.15
1504.28	2729.01
1505.84	2716.45
1507.40	2716.45
1508.97	2727.97
1510.53	2730.06
1512.09	2732.15
1513.65	2735.29
1515.21	2727.97
1516.77	2713.32
1518.33	2740.52
1519.89	2735.29
1521.45	2732.15
1523.01	2734.24
1524.57	2736.34
1526.13	2730.06
1527.68	2734.24
1529.24	2739.48
1530.80	2727.97
1532.36	2739.48
1533.92	2735.29
1535.47	2720.64
1537.03	2731.10
1538.59	2731.10
1540.14	2718.55
1541.70	2717.50
1543.25	2736.34
1544.81	2734.24
1546.36	2735.29
1547.92	2719.59
1549.47	2725.87
1551.03	2726.92
1552.58	2717.50
1554.13	2720.64
1555.69	2727.97
1557.24	2731.10
1558.79	2718.55
1560.35	2715.41
1561.90	2725.87
1563.45	2719.59
1565.00	2714.36
1566.55	2715.41
1568.10	2717.50
1569.66	2713.32
1571.21	2730.06
1572.76	2721.69
1574.31	2711.22
1575.86	2716.45
1577.40	2709.13
1578.95	2715.41
1580.50	2713.32
1582.05	2704.94
1583.60	2709.13
1585.15	2697.62
1586.69	2703.90
1588.24	2720.64
1589.79	2712.27
1591.34	2692.39
1592.88	2716.45
1594.43	2698.67
1595.97	2715.41
1597.52	2712.27
1599.06	2711.22
1600.61	2702.85
1602.15	2717.50
1603.70	2710.18
1605.24	2710.18
1606.79	2712.27
1608.33	2696.57
1609.87	2690.29
1611.41	2708.08
1612.96	2713.32
1614.50	2692.39
1616.04	2701.81
1617.58	2704.94
1619.12	2696.57
1620.67	2704.94
1622.21	2675.65
1623.75	2694.48
1625.29	2685.06
1626.83	2686.11
1628.37	2717.50
1629.90	2681.92
1631.44	2689.25
1632.98	2686.11
1634.52	2677.74
1636.06	2681.92
1637.59	2701.81
1639.13	2689.25
1640.67	2692.39
1642.21	2679.83
1643.74	2690.29
1645.28	2671.46
1646.81	2662.04
1648.35	2681.92
1649.88	2667.27
1651.42	2681.92
1652.95	2661.00
1654.49	2684.02
1656.02	2664.13
1657.55	2670.41
1659.09	2646.35
1660.62	2671.46
1662.15	2663.09
1663.68	2658.90
1665.22	2649.49
1666.75	2658.90
1668.28	2654.72
1669.81	2672.51
1671.34	2654.72
1672.87	2659.95
1674.40	2663.09
1675.93	2657.86
1677.46	2640.07
1678.99	2634.84
1680.52	2640.07
1682.04	2664.13
1683.57	2644.25
1685.10	2644.25
1686.63	2635.88
1688.15	2640.07
1689.68	2632.74
1691.21	2634.84
1692.73	2637.97
1694.26	2651.58
1695.78	2640.07
1697.31	2639.02
1698.83	2629.60
1700.36	2643.21
1701.88	2630.65
1703.40	2642.16
1704.93	2624.37
1706.45	2629.60
