896.35	2903.76
897.98	2908.99
899.60	2915.27
901.22	2937.25
902.85	2922.60
904.47	2934.11
906.10	2946.66
907.72	2938.29
909.34	2957.13
910.97	2957.13
912.59	2977.01
914.21	2996.89
915.84	3016.77
917.46	3046.07
919.08	3070.14
920.71	3068.05
922.33	3095.25
923.95	3097.34
925.58	3128.74
927.20	3110.95
928.82	3127.69
930.44	3139.20
932.07	3130.83
933.69	3125.60
935.31	3147.57
936.93	3144.43
938.56	3153.85
940.18	3149.66
941.80	3149.66
943.42	3168.50
945.05	3186.29
946.67	3159.08
948.29	3172.69
949.91	3161.18
951.53	3182.10
953.16	3180.01
954.78	3180.01
956.40	3164.31
958.02	3168.50
959.64	3167.45
961.26	3164.31
962.88	3166.41
964.51	3163.27
966.13	3173.73
967.75	3185.24
969.37	3173.73
970.99	3183.15
972.61	3170.59
974.23	3180.01
975.85	3184.20
977.47	3193.61
979.09	3183.15
980.71	3173.73
982.33	3177.92
983.95	3190.47
985.57	3198.85
987.19	3182.10
988.81	3187.34
990.43	3187.34
992.05	3188.38
993.67	3214.54
995.29	3200.94
996.91	3198.85
998.53	3221.87
1000.15	3213.50
1001.77	3211.40
1003.39	3221.87
1005.01	3219.77
1006.63	3231.28
1008.25	3226.05
1009.86	3238.61
1011.48	3233.38
1013.10	3244.89
1014.72	3241.75
1016.34	3244.89
1017.96	3263.72
1019.58	3248.03
1021.19	3250.12
1022.81	3259.54
1024.43	3267.91
1026.05	3262.68
1027.66	3267.91
1029.28	3267.91
1030.90	3270.00
1032.52	3257.44
1034.13	3272.09
1035.75	3289.88
1037.37	3283.60
1038.98	3302.44
1040.60	3277.33
1042.22	3270.00
1043.83	3272.09
1045.45	3288.84
1047.07	3279.42
1048.68	3286.74
1050.30	3283.60
1051.92	3303.49
1053.53	3293.02
1055.15	3298.25
1056.76	3283.60
1058.38	3282.56
1059.99	3285.70
1061.61	3284.65
1063.22	3281.51
1064.84	3295.11
1066.46	3287.79
1068.07	3290.93
1069.68	3283.60
1071.30	3287.79
1072.91	3280.46
1074.53	3285.70
1076.14	3289.88
1077.76	3277.33
1079.37	3277.33
1080.98	3255.35
1082.60	3273.14
1084.21	3283.60
1085.83	3268.95
1087.44	3275.23
1089.05	3266.86
1090.67	3268.95
1092.28	3261.63
1093.89	3278.37
1095.50	3272.09
1097.12	3273.14
1098.73	3274.19
1100.34	3251.17
1101.95	3263.72
1103.57	3273.14
1105.18	3259.54
1106.79	3245.93
1108.40	3259.54
1110.01	3262.68
1111.63	3258.49
1113.24	3268.95
1114.85	3266.86
1116.46	3268.95
1118.07	3276.28
1119.68	3261.63
1121.29	3265.82
1122.90	3263.72
1124.51	3260.58
1126.12	3284.65
1127.73	3274.19
1129.34	3282.56
1130.95	3278.37
1132.56	3276.28
1134.17	3248.03
1135.78	3258.49
1137.39	3263.72
1139.00	3261.63
1140.61	3261.63
1142.22	3268.95
1143.83	3260.58
1145.44	3268.95
1147.05	3254.30
1148.65	3263.72
1150.26	3248.03
1151.87	3254.30
1153.48	3252.21
1155.09	3262.68
1156.69	3257.44
1158.30	3253.26
1159.91	3255.35
1161.52	3270.00
1163.12	3262.68
1164.73	3251.17
1166.34	3255.35
1167.94	3259.54
1169.55	3266.86
1171.16	3265.82
1172.76	3259.54
1174.37	3260.58
1175.97	3259.54
1177.58	3249.07
1179.19	3267.91
1180.79	3253.26
1182.40	3255.35
1184.00	3244.89
1185.61	3261.63
1187.21	3267.91
1188.82	3263.72
1190.42	3263.72
1192.02	3255.35
1193.63	3250.12
1195.23	3264.77
1196.84	3262.68
1198.44	3259.54
1200.04	3271.05
1201.65	3262.68
1203.25	3271.05
1204.85	3262.68
1206.46	3248.03
1208.06	3258.49
1209.66	3251.17
1211.26	3254.30
1212.87	3274.19
1214.47	3250.12
1216.07	3260.58
1217.67	3253.26
1219.27	3251.17
1220.87	3249.07
1222.48	3252.21
1224.08	3238.61
1225.68	3238.61
1227.28	3240.70
1228.88	3240.70
1230.48	3251.17
1232.08	3245.93
1233.68	3243.84
1235.28	3244.89
1236.88	3226.05
1238.48	3229.19
1240.08	3252.21
1241.68	3221.87
1243.28	3226.05
1244.87	3225.01
1246.47	3215.59
1248.07	3215.59
1249.67	3211.40
1251.27	3231.28
1252.87	3213.50
1254.46	3199.89
1256.06	3201.98
1257.66	3203.03
1259.26	3190.47
1260.85	3209.31
1262.45	3200.94
1264.05	3206.17
1265.64	3192.57
1267.24	3197.80
1268.83	3200.94
1270.43	3207.22
1272.03	3218.73
1273.62	3203.03
1275.22	3186.29
1276.81	3209.31
1278.41	3194.66
1280.00	3200.94
1281.60	3192.57
1283.19	3183.15
1284.79	3183.15
1286.38	3186.29
1287.97	3197.80
1289.57	3187.34
1291.16	3184.20
1292.75	3171.64
1294.35	3178.96
1295.94	3174.78
1297.53	3171.64
1299.12	3165.36
1300.72	3174.78
1302.31	3163.27
1303.90	3174.78
1305.49	3177.92
1307.08	3153.85
1308.68	3153.85
1310.27	3162.22
1311.86	3158.04
1313.45	3143.39
1315.04	3149.66
1316.63	3145.48
1318.22	3144.43
1319.81	3137.11
1321.40	3141.29
1322.99	3145.48
1324.58	3120.37
1326.17	3109.90
1327.75	3123.50
1329.34	3131.88
1330.93	3110.95
1332.52	3108.86
1334.11	3114.09
1335.70	3106.76
1337.28	3096.30
1338.87	3099.44
1340.46	3103.62
1342.05	3095.25
1343.63	3086.88
1345.22	3078.51
1346.81	3102.58
1348.39	3091.07
1349.98	3086.88
1351.56	3076.42
1353.15	3071.18
1354.73	3070.14
1356.32	3058.63
1357.90	3046.07
1359.49	3058.63
1361.07	3043.98
1362.66	3051.30
1364.24	3038.75
1365.82	3035.61
1367.41	3030.38
1368.99	3019.91
1370.57	3009.45
1372.16	3019.91
1373.74	3016.77
1375.32	3011.54
1376.91	3003.17
1378.49	2986.43
1380.07	2958.17
1381.65	2955.03
1383.23	2936.20
1384.81	2939.34
1386.39	2929.92
1387.97	2927.83
1389.55	2913.18
1391.14	2904.81
1392.72	2894.34
1394.29	2888.06
1395.87	2878.65
1397.45	2869.23
1399.03	2870.28
1400.61	2868.18
1402.19	2854.58
1403.77	2838.88
1405.35	2862.95
1406.92	2843.07
1408.50	2838.88
1410.08	2839.93
1411.66	2833.65
1413.23	2836.79
1414.81	2845.16
1416.39	2809.58
1417.96	2822.14
1419.54	2817.96
1421.12	2822.14
1422.69	2828.42
1424.27	2814.82
1425.84	2823.19
1427.42	2811.68
1428.99	2815.86
1430.57	2814.82
1432.14	2807.49
1433.71	2813.77
1435.29	2825.28
1436.86	2823.19
1438.43	2819.00
1440.01	2808.54
1441.58	2685.06
1443.15	2810.63
1444.72	2816.91
1446.30	2804.35
1447.87	2815.86
1449.44	2798.07
1451.01	2790.75
1452.58	2808.54
1454.15	2813.77
1455.72	2799.12
1457.29	2804.35
1458.86	2812.72
1460.43	2803.31
1462.00	2819.00
1463.57	2809.58
1465.14	2804.35
1466.71	2805.40
1468.28	2811.68
1469.85	2807.49
1471.41	2820.05
1472.98	2806.45
1474.55	2826.33
1476.12	2808.54
1477.68	2806.45
1479.25	2815.86
1480.82	2814.82
1482.38	2821.10
1483.95	2816.91
1485.51	2819.00
1487.08	2823.19
1488.64	2827.37
1490.21	2827.37
1491.77	2812.72
1493.34	2831.56
1494.90	2817.96
1496.46	2817.96
1498.03	2830.51
1499.59	2824.23
1501.15	2834.70
1502.72	2833.65
1504.28	2826.33
1505.84	2821.10
1507.40	2816.91
1508.97	2835.74
1510.53	2829.47
1512.09	2843.07
1513.65	2840.98
1515.21	2840.98
1516.77	2825.28
1518.33	2842.02
1519.89	2833.65
1521.45	2840.98
1523.01	2851.44
1524.57	2840.98
1526.13	2844.12
1527.68	2843.07
1529.24	2852.49
1530.80	2838.88
1532.36	2855.63
1533.92	2847.26
1535.47	2828.42
1537.03	2837.84
1538.59	2849.35
1540.14	2854.58
1541.70	2838.88
1543.25	2850.39
1544.81	2844.12
1546.36	2852.49
1547.92	2836.79
1549.47	2848.30
1551.03	2847.26
1552.58	2839.93
1554.13	2838.88
1555.69	2847.26
1557.24	2838.88
1558.79	2836.79
1560.35	2832.61
1561.90	2838.88
1563.45	2833.65
1565.00	2845.16
1566.55	2842.02
1568.10	2837.84
1569.66	2830.51
1571.21	2843.07
1572.76	2842.02
1574.31	2839.93
1575.86	2842.02
1577.40	2833.65
1578.95	2833.65
1580.50	2829.47
1582.05	2823.19
1583.60	2828.42
1585.15	2826.33
1586.69	2827.37
1588.24	2833.65
1589.79	2830.51
1591.34	2809.58
1592.88	2834.70
1594.43	2815.86
1595.97	2824.23
1597.52	2820.05
1599.06	2823.19
1600.61	2817.96
1602.15	2827.37
1603.70	2822.14
1605.24	2816.91
1606.79	2819.00
1608.33	2807.49
1609.87	2804.35
1611.41	2813.77
1612.96	2824.23
1614.50	2809.58
1616.04	2813.77
1617.58	2820.05
1619.12	2808.54
1620.67	2810.63
1622.21	2785.52
1623.75	2814.82
1625.29	2793.89
1626.83	2791.80
1628.37	2809.58
1629.90	2789.70
1631.44	2788.66
1632.98	2793.89
1634.52	2774.01
1636.06	2765.64
1637.59	2774.01
1639.13	2775.05
1640.67	2764.59
1642.21	2757.26
1643.74	2756.22
1645.28	2732.15
1646.81	2725.87
1648.35	2736.34
1649.88	2719.59
1651.42	2719.59
1652.95	2700.76
1654.49	2723.78
1656.02	2700.76
1657.55	2704.94
1659.09	2687.16
1660.62	2705.99
1662.15	2686.11
1663.68	2694.48
1665.22	2677.74
1666.75	2680.88
1668.28	2673.55
1669.81	2697.62
1671.34	2675.65
1672.87	2678.78
1674.40	2684.02
1675.93	2676.69
1677.46	2668.32
1678.99	2659.95
1680.52	2658.90
1682.04	2672.51
1683.57	2663.09
1685.10	2671.46
1686.63	2665.18
1688.15	2673.55
1689.68	2662.04
1691.21	2657.86
1692.73	2656.81
1694.26	2670.41
1695.78	2654.72
1697.31	2657.86
1698.83	2653.67
1700.36	2657.86
1701.88	2654.72
1703.40	2662.04
1704.93	2640.07
1706.45	2650.53
