896.35	2988.52
897.98	2994.80
899.60	2998.98
901.22	3019.91
902.85	3005.26
904.47	3023.05
906.10	3032.47
907.72	3046.07
909.34	3050.26
910.97	3064.91
912.59	3093.16
914.21	3110.95
915.84	3136.06
917.46	3176.87
919.08	3197.80
920.71	3216.63
922.33	3240.70
923.95	3246.98
925.58	3274.19
927.20	3262.68
928.82	3274.19
930.44	3298.25
932.07	3287.79
933.69	3282.56
935.31	3299.30
936.93	3301.39
938.56	3299.30
940.18	3315.00
941.80	3306.62
943.42	3326.51
945.05	3335.92
946.67	3320.23
948.29	3327.55
949.91	3326.51
951.53	3330.69
953.16	3345.34
954.78	3338.02
956.40	3322.32
958.02	3320.23
959.64	3328.60
961.26	3323.37
962.88	3329.65
964.51	3318.14
966.13	3336.97
967.75	3334.88
969.37	3322.32
970.99	3325.46
972.61	3325.46
974.23	3328.60
975.85	3338.02
977.47	3347.43
979.09	3336.97
980.71	3326.51
982.33	3340.11
983.95	3344.30
985.57	3354.76
987.19	3349.53
988.81	3359.99
990.43	3347.43
992.05	3351.62
993.67	3359.99
995.29	3357.90
996.91	3348.48
998.53	3384.06
1000.15	3388.24
1001.77	3389.29
1003.39	3385.10
1005.01	3389.29
1006.63	3387.20
1008.25	3399.75
1009.86	3403.94
1011.48	3399.75
1013.10	3406.03
1014.72	3422.78
1016.34	3413.36
1017.96	3437.42
1019.58	3416.50
1021.19	3421.73
1022.81	3421.73
1024.43	3439.52
1026.05	3433.24
1027.66	3443.70
1029.28	3438.47
1030.90	3443.70
1032.52	3429.05
1034.13	3440.56
1035.75	3454.17
1037.37	3457.31
1038.98	3463.58
1040.60	3444.75
1042.22	3435.33
1043.83	3447.89
1045.45	3449.98
1047.07	3459.40
1048.68	3468.82
1050.30	3458.35
1051.92	3464.63
1053.53	3461.49
1055.15	3459.40
1056.76	3451.03
1058.38	3454.17
1059.99	3461.49
1061.61	3452.07
1063.22	3454.17
1064.84	3454.17
1066.46	3449.98
1068.07	3442.66
1069.68	3447.89
1071.30	3458.35
1072.91	3445.80
1074.53	3446.84
1076.14	3454.17
1077.76	3442.66
1079.37	3444.75
1080.98	3415.45
1082.60	3424.87
1084.21	3426.96
1085.83	3434.29
1087.44	3426.96
1089.05	3417.54
1090.67	3414.40
1092.28	3413.36
1093.89	3416.50
1095.50	3421.73
1097.12	3414.40
1098.73	3429.05
1100.34	3406.03
1101.95	3422.78
1103.57	3411.26
1105.18	3403.94
1106.79	3395.57
1108.40	3410.22
1110.01	3407.08
1111.63	3416.50
1113.24	3431.15
1114.85	3424.87
1116.46	3417.54
1118.07	3419.64
1119.68	3410.22
1121.29	3425.91
1122.90	3409.17
1124.51	3409.17
1126.12	3410.22
1127.73	3418.59
1129.34	3422.78
1130.95	3426.96
1132.56	3420.68
1134.17	3404.99
1135.78	3414.40
1137.39	3423.82
1139.00	3419.64
1140.61	3416.50
1142.22	3421.73
1143.83	3402.89
1145.44	3406.03
1147.05	3414.40
1148.65	3417.54
1150.26	3406.03
1151.87	3397.66
1153.48	3404.99
1155.09	3416.50
1156.69	3412.31
1158.30	3403.94
1159.91	3415.45
1161.52	3418.59
1163.12	3407.08
1164.73	3394.52
1166.34	3418.59
1167.94	3401.85
1169.55	3414.40
1171.16	3414.40
1172.76	3419.64
1174.37	3416.50
1175.97	3429.05
1177.58	3394.52
1179.19	3425.91
1180.79	3414.40
1182.40	3418.59
1184.00	3410.22
1185.61	3428.01
1187.21	3424.87
1188.82	3418.59
1190.42	3410.22
1192.02	3399.75
1193.63	3391.38
1195.23	3404.99
1196.84	3414.40
1198.44	3416.50
1200.04	3417.54
1201.65	3404.99
1203.25	3400.80
1204.85	3409.17
1206.46	3395.57
1208.06	3403.94
1209.66	3393.48
1211.26	3386.15
1212.87	3399.75
1214.47	3379.87
1216.07	3389.29
1217.67	3393.48
1219.27	3387.20
1220.87	3381.97
1222.48	3381.97
1224.08	3376.73
1225.68	3383.01
1227.28	3376.73
1228.88	3376.73
1230.48	3379.87
1232.08	3357.90
1233.68	3379.87
1235.28	3381.97
1236.88	3368.36
1238.48	3351.62
1240.08	3374.64
1241.68	3355.81
1243.28	3356.85
1244.87	3344.30
1246.47	3343.25
1248.07	3336.97
1249.67	3352.67
1251.27	3347.43
1252.87	3327.55
1254.46	3308.72
1256.06	3322.32
1257.66	3322.32
1259.26	3311.86
1260.85	3322.32
1262.45	3315.00
1264.05	3321.27
1265.64	3313.95
1267.24	3316.04
1268.83	3318.14
1270.43	3309.76
1272.03	3325.46
1273.62	3307.67
1275.22	3297.21
1276.81	3298.25
1278.41	3291.98
1280.00	3299.30
1281.60	3296.16
1283.19	3287.79
1284.79	3296.16
1286.38	3285.70
1287.97	3296.16
1289.57	3283.60
1291.16	3285.70
1292.75	3275.23
1294.35	3280.46
1295.94	3267.91
1297.53	3275.23
1299.12	3257.44
1300.72	3282.56
1302.31	3246.98
1303.90	3276.28
1305.49	3273.14
1307.08	3259.54
1308.68	3249.07
1310.27	3251.17
1311.86	3252.21
1313.45	3244.89
1315.04	3244.89
1316.63	3238.61
1318.22	3244.89
1319.81	3232.33
1321.40	3229.19
1322.99	3230.24
1324.58	3215.59
1326.17	3215.59
1327.75	3214.54
1329.34	3215.59
1330.93	3206.17
1332.52	3195.71
1334.11	3193.61
1335.70	3195.71
1337.28	3183.15
1338.87	3184.20
1340.46	3187.34
1342.05	3182.10
1343.63	3174.78
1345.22	3180.01
1346.81	3182.10
1348.39	3177.92
1349.98	3174.78
1351.56	3164.31
1353.15	3159.08
1354.73	3148.62
1356.32	3135.02
1357.90	3132.92
1359.49	3149.66
1361.07	3130.83
1362.66	3127.69
1364.24	3122.46
1365.82	3124.55
1367.41	3122.46
1368.99	3103.62
1370.57	3097.34
1372.16	3103.62
1373.74	3100.48
1375.32	3092.11
1376.91	3081.65
1378.49	3059.67
1380.07	3038.75
1381.65	3030.38
1383.23	3016.77
1384.81	3017.82
1386.39	3005.26
1387.97	3007.35
1389.55	2995.84
1391.14	2990.61
1392.72	2972.82
1394.29	2971.78
1395.87	2969.68
1397.45	2964.45
1399.03	2959.22
1400.61	2948.76
1402.19	2941.43
1403.77	2928.87
1405.35	2941.43
1406.92	2936.20
1408.50	2925.74
1410.08	2924.69
1411.66	2911.09
1413.23	2913.18
1414.81	2926.78
1416.39	2907.95
1417.96	2917.36
1419.54	2911.09
1421.12	2910.04
1422.69	2916.32
1424.27	2898.53
1425.84	2908.99
1427.42	2893.30
1428.99	2897.48
1430.57	2896.44
1432.14	2892.25
1433.71	2894.34
1435.29	2910.04
1436.86	2914.22
1438.43	2897.48
1440.01	2889.11
1441.58	2781.33
1443.15	2906.90
1444.72	2893.30
1446.30	2892.25
1447.87	2897.48
1449.44	2884.93
1451.01	2888.06
1452.58	2896.44
1454.15	2889.11
1455.72	2884.93
1457.29	2885.97
1458.86	2891.20
1460.43	2877.60
1462.00	2904.81
1463.57	2888.06
1465.14	2887.02
1466.71	2878.65
1468.28	2884.93
1469.85	2889.11
1471.41	2895.39
1472.98	2874.46
1474.55	2895.39
1476.12	2888.06
1477.68	2885.97
1479.25	2892.25
1480.82	2885.97
1482.38	2895.39
1483.95	2887.02
1485.51	2895.39
1487.08	2907.95
1488.64	2902.71
1490.21	2901.67
1491.77	2889.11
1493.34	2903.76
1494.90	2889.11
1496.46	2894.34
1498.03	2894.34
1499.59	2900.62
1501.15	2896.44
1502.72	2898.53
1504.28	2902.71
1505.84	2893.30
1507.40	2891.20
1508.97	2902.71
1510.53	2903.76
1512.09	2912.13
1513.65	2912.13
1515.21	2907.95
1516.77	2896.44
1518.33	2912.13
1519.89	2908.99
1521.45	2911.09
1523.01	2907.95
1524.57	2910.04
1526.13	2914.22
1527.68	2914.22
1529.24	2921.55
1530.80	2900.62
1532.36	2914.22
1533.92	2905.85
1535.47	2901.67
1537.03	2904.81
1538.59	2916.32
1540.14	2906.90
1541.70	2900.62
1543.25	2917.36
1544.81	2903.76
1546.36	2904.81
1547.92	2895.39
1549.47	2916.32
1551.03	2901.67
1552.58	2895.39
1554.13	2890.16
1555.69	2903.76
1557.24	2898.53
1558.79	2891.20
1560.35	2892.25
1561.90	2898.53
1563.45	2887.02
1565.00	2891.20
1566.55	2881.79
1568.10	2887.02
1569.66	2883.88
1571.21	2898.53
1572.76	2899.58
1574.31	2888.06
1575.86	2881.79
1577.40	2883.88
1578.95	2879.69
1580.50	2879.69
1582.05	2870.28
1583.60	2874.46
1585.15	2868.18
1586.69	2866.09
1588.24	2869.23
1589.79	2884.93
1591.34	2859.81
1592.88	2878.65
1594.43	2855.63
1595.97	2868.18
1597.52	2862.95
1599.06	2865.04
1600.61	2858.77
1602.15	2876.55
1603.70	2857.72
1605.24	2861.90
1606.79	2868.18
1608.33	2853.53
1609.87	2855.63
1611.41	2868.18
1612.96	2856.67
1614.50	2850.39
1616.04	2847.26
1617.58	2860.86
1619.12	2843.07
1620.67	2856.67
1622.21	2822.14
1623.75	2840.98
1625.29	2834.70
1626.83	2840.98
1628.37	2844.12
1629.90	2828.42
1631.44	2822.14
1632.98	2819.00
1634.52	2801.21
1636.06	2805.40
1637.59	2813.77
1639.13	2787.61
1640.67	2794.94
1642.21	2789.70
1643.74	2779.24
1645.28	2750.99
1646.81	2740.52
1648.35	2757.26
1649.88	2726.92
1651.42	2743.66
1652.95	2721.69
1654.49	2739.48
1656.02	2720.64
1657.55	2720.64
1659.09	2698.67
1660.62	2716.45
1662.15	2702.85
1663.68	2710.18
1665.22	2699.71
1666.75	2700.76
1668.28	2695.53
1669.81	2709.13
1671.34	2693.43
1672.87	2691.34
1674.40	2700.76
1675.93	2693.43
1677.46	2679.83
1678.99	2677.74
1680.52	2688.20
1682.04	2695.53
1683.57	2678.78
1685.10	2677.74
1686.63	2673.55
1688.15	2680.88
1689.68	2668.32
1691.21	2675.65
1692.73	2672.51
1694.26	2679.83
1695.78	2671.46
1697.31	2677.74
1698.83	2664.13
1700.36	2662.04
1701.88	2663.09
1703.40	2677.74
1704.93	2662.04
1706.45	2655.76
