896.35	3045.02
897.98	3046.07
899.60	3053.40
901.22	3088.97
902.85	3073.28
904.47	3090.02
906.10	3090.02
907.72	3099.44
909.34	3110.95
910.97	3125.60
912.59	3150.71
914.21	3189.43
915.84	3214.54
917.46	3261.63
919.08	3285.70
920.71	3312.90
922.33	3322.32
923.95	3336.97
925.58	3359.99
927.20	3366.27
928.82	3371.50
930.44	3403.94
932.07	3386.15
933.69	3388.24
935.31	3394.52
936.93	3408.13
938.56	3412.31
940.18	3430.10
941.80	3418.59
943.42	3437.42
945.05	3439.52
946.67	3434.29
948.29	3437.42
949.91	3432.19
951.53	3454.17
953.16	3455.21
954.78	3437.42
956.40	3435.33
958.02	3432.19
959.64	3445.80
961.26	3444.75
962.88	3446.84
964.51	3431.15
966.13	3457.31
967.75	3452.07
969.37	3434.29
970.99	3435.33
972.61	3447.89
974.23	3449.98
975.85	3451.03
977.47	3457.31
979.09	3453.12
980.71	3442.66
982.33	3460.45
983.95	3464.63
985.57	3470.91
987.19	3452.07
988.81	3471.96
990.43	3457.31
992.05	3456.26
993.67	3478.23
995.29	3482.42
996.91	3465.68
998.53	3498.12
1000.15	3493.93
1001.77	3503.35
1003.39	3505.44
1005.01	3506.49
1006.63	3514.86
1008.25	3526.37
1009.86	3537.88
1011.48	3535.79
1013.10	3525.32
1014.72	3536.83
1016.34	3535.79
1017.96	3562.99
1019.58	3543.11
1021.19	3551.48
1022.81	3554.62
1024.43	3574.50
1026.05	3566.13
1027.66	3579.74
1029.28	3565.09
1030.90	3580.78
1032.52	3569.27
1034.13	3591.25
1035.75	3587.06
1037.37	3592.29
1038.98	3592.29
1040.60	3599.62
1042.22	3581.83
1043.83	3587.06
1045.45	3591.25
1047.07	3600.66
1048.68	3600.66
1050.30	3592.29
1051.92	3593.34
1053.53	3601.71
1055.15	3595.43
1056.76	3589.15
1058.38	3582.87
1059.99	3599.62
1061.61	3586.01
1063.22	3584.97
1064.84	3588.11
1066.46	3597.52
1068.07	3584.97
1069.68	3587.06
1071.30	3592.29
1072.91	3582.87
1074.53	3571.36
1076.14	3586.01
1077.76	3570.32
1079.37	3589.15
1080.98	3559.85
1082.60	3567.18
1084.21	3564.04
1085.83	3565.09
1087.44	3562.99
1089.05	3549.39
1090.67	3548.34
1092.28	3548.34
1093.89	3558.81
1095.50	3559.85
1097.12	3543.11
1098.73	3552.53
1100.34	3533.69
1101.95	3554.62
1103.57	3554.62
1105.18	3555.67
1106.79	3536.83
1108.40	3553.58
1110.01	3548.34
1111.63	3556.71
1113.24	3550.44
1114.85	3557.76
1116.46	3547.30
1118.07	3557.76
1119.68	3549.39
1121.29	3556.71
1122.90	3537.88
1124.51	3546.25
1126.12	3550.44
1127.73	3557.76
1129.34	3560.90
1130.95	3565.09
1132.56	3552.53
1134.17	3534.74
1135.78	3543.11
1137.39	3553.58
1139.00	3547.30
1140.61	3556.71
1142.22	3551.48
1143.83	3550.44
1145.44	3549.39
1147.05	3552.53
1148.65	3550.44
1150.26	3551.48
1151.87	3539.97
1153.48	3546.25
1155.09	3549.39
1156.69	3558.81
1158.30	3549.39
1159.91	3543.11
1161.52	3541.02
1163.12	3547.30
1164.73	3543.11
1166.34	3565.09
1167.94	3546.25
1169.55	3552.53
1171.16	3545.20
1172.76	3559.85
1174.37	3546.25
1175.97	3561.95
1177.58	3531.60
1179.19	3562.99
1180.79	3541.02
1182.40	3559.85
1184.00	3545.20
1185.61	3569.27
1187.21	3555.67
1188.82	3551.48
1190.42	3546.25
1192.02	3558.81
1193.63	3543.11
1195.23	3554.62
1196.84	3548.34
1198.44	3547.30
1200.04	3555.67
1201.65	3554.62
1203.25	3539.97
1204.85	3546.25
1206.46	3525.32
1208.06	3542.06
1209.66	3536.83
1211.26	3537.88
1212.87	3543.11
1214.47	3528.46
1216.07	3523.23
1217.67	3527.42
1219.27	3519.04
1220.87	3533.69
1222.48	3524.28
1224.08	3516.95
1225.68	3521.14
1227.28	3510.67
1228.88	3486.61
1230.48	3508.58
1232.08	3499.16
1233.68	3515.90
1235.28	3508.58
1236.88	3498.12
1238.48	3486.61
1240.08	3514.86
1241.68	3470.91
1243.28	3483.47
1244.87	3469.86
1246.47	3460.45
1248.07	3454.17
1249.67	3464.63
1251.27	3475.10
1252.87	3458.35
1254.46	3441.61
1256.06	3441.61
1257.66	3437.42
1259.26	3439.52
1260.85	3440.56
1262.45	3433.24
1264.05	3433.24
1265.64	3430.10
1267.24	3421.73
1268.83	3434.29
1270.43	3435.33
1272.03	3445.80
1273.62	3424.87
1275.22	3416.50
1276.81	3426.96
1278.41	3418.59
1280.00	3417.54
1281.60	3414.40
1283.19	3407.08
1284.79	3418.59
1286.38	3411.26
1287.97	3414.40
1289.57	3397.66
1291.16	3388.24
1292.75	3381.97
1294.35	3397.66
1295.94	3385.10
1297.53	3391.38
1299.12	3379.87
1300.72	3395.57
1302.31	3364.18
1303.90	3397.66
1305.49	3392.43
1307.08	3379.87
1308.68	3362.08
1310.27	3365.22
1311.86	3353.71
1313.45	3357.90
1315.04	3346.39
1316.63	3358.94
1318.22	3357.90
1319.81	3349.53
1321.40	3341.16
1322.99	3344.30
1324.58	3328.60
1326.17	3330.69
1327.75	3313.95
1329.34	3326.51
1330.93	3311.86
1332.52	3311.86
1334.11	3307.67
1335.70	3312.90
1337.28	3301.39
1338.87	3304.53
1340.46	3295.11
1342.05	3296.16
1343.63	3285.70
1345.22	3284.65
1346.81	3290.93
1348.39	3281.51
1349.98	3277.33
1351.56	3264.77
1353.15	3259.54
1354.73	3264.77
1356.32	3242.79
1357.90	3242.79
1359.49	3238.61
1361.07	3221.87
1362.66	3213.50
1364.24	3225.01
1365.82	3222.91
1367.41	3226.05
1368.99	3201.98
1370.57	3198.85
1372.16	3195.71
1373.74	3190.47
1375.32	3188.38
1376.91	3180.01
1378.49	3140.25
1380.07	3117.23
1381.65	3114.09
1383.23	3095.25
1384.81	3099.44
1386.39	3088.97
1387.97	3096.30
1389.55	3092.11
1391.14	3076.42
1392.72	3064.91
1394.29	3055.49
1395.87	3048.16
1397.45	3032.47
1399.03	3033.51
1400.61	3016.77
1402.19	3016.77
1403.77	2998.98
1405.35	3018.86
1406.92	3005.26
1408.50	3005.26
1410.08	3005.26
1411.66	2990.61
1413.23	2987.47
1414.81	2987.47
1416.39	2971.78
1417.96	2996.89
1419.54	2981.19
1421.12	2989.57
1422.69	2989.57
1424.27	2968.64
1425.84	2977.01
1427.42	2970.73
1428.99	2970.73
1430.57	2969.68
1432.14	2966.54
1433.71	2972.82
1435.29	2977.01
1436.86	2973.87
1438.43	2964.45
1440.01	2960.27
1441.58	2836.79
1443.15	2961.31
1444.72	2960.27
1446.30	2957.13
1447.87	2959.22
1449.44	2950.85
1451.01	2942.48
1452.58	2957.13
1454.15	2957.13
1455.72	2944.57
1457.29	2946.66
1458.86	2955.03
1460.43	2943.52
1462.00	2964.45
1463.57	2950.85
1465.14	2951.90
1466.71	2939.34
1468.28	2955.03
1469.85	2944.57
1471.41	2957.13
1472.98	2946.66
1474.55	2963.41
1476.12	2941.43
1477.68	2941.43
1479.25	2948.76
1480.82	2944.57
1482.38	2942.48
1483.95	2930.97
1485.51	2949.80
1487.08	2966.54
1488.64	2965.50
1490.21	2962.36
1491.77	2949.80
1493.34	2958.17
1494.90	2942.48
1496.46	2950.85
1498.03	2955.03
1499.59	2960.27
1501.15	2952.94
1502.72	2962.36
1504.28	2960.27
1505.84	2948.76
1507.40	2952.94
1508.97	2973.87
1510.53	2964.45
1512.09	2977.01
1513.65	2968.64
1515.21	2970.73
1516.77	2950.85
1518.33	2972.82
1519.89	2967.59
1521.45	2962.36
1523.01	2966.54
1524.57	2968.64
1526.13	2957.13
1527.68	2966.54
1529.24	2979.10
1530.80	2971.78
1532.36	2975.96
1533.92	2964.45
1535.47	2959.22
1537.03	2962.36
1538.59	2966.54
1540.14	2953.99
1541.70	2952.94
1543.25	2974.92
1544.81	2961.31
1546.36	2959.22
1547.92	2949.80
1549.47	2958.17
1551.03	2958.17
1552.58	2956.08
1554.13	2951.90
1555.69	2959.22
1557.24	2944.57
1558.79	2943.52
1560.35	2938.29
1561.90	2945.62
1563.45	2937.25
1565.00	2953.99
1566.55	2946.66
1568.10	2941.43
1569.66	2926.78
1571.21	2947.71
1572.76	2941.43
1574.31	2933.06
1575.86	2930.97
1577.40	2928.87
1578.95	2920.50
1580.50	2917.36
1582.05	2912.13
1583.60	2924.69
1585.15	2917.36
1586.69	2920.50
1588.24	2924.69
1589.79	2925.74
1591.34	2912.13
1592.88	2922.60
1594.43	2902.71
1595.97	2919.46
1597.52	2919.46
1599.06	2915.27
1600.61	2911.09
1602.15	2932.01
1603.70	2908.99
1605.24	2910.04
1606.79	2915.27
1608.33	2898.53
1609.87	2900.62
1611.41	2913.18
1612.96	2907.95
1614.50	2894.34
1616.04	2881.79
1617.58	2890.16
1619.12	2882.83
1620.67	2899.58
1622.21	2872.37
1623.75	2891.20
1625.29	2874.46
1626.83	2874.46
1628.37	2885.97
1629.90	2857.72
1631.44	2857.72
1632.98	2860.86
1634.52	2847.26
1636.06	2828.42
1637.59	2840.98
1639.13	2822.14
1640.67	2819.00
1642.21	2809.58
1643.74	2804.35
1645.28	2779.24
1646.81	2770.87
1648.35	2782.38
1649.88	2754.13
1651.42	2759.36
1652.95	2731.10
1654.49	2749.94
1656.02	2727.97
1657.55	2733.20
1659.09	2709.13
1660.62	2726.92
1662.15	2719.59
1663.68	2722.73
1665.22	2710.18
1666.75	2704.94
1668.28	2698.67
1669.81	2719.59
1671.34	2697.62
1672.87	2710.18
1674.40	2711.22
1675.93	2703.90
1677.46	2687.16
1678.99	2689.25
1680.52	2682.97
1682.04	2698.67
1683.57	2689.25
1685.10	2690.29
1686.63	2677.74
1688.15	2682.97
1689.68	2679.83
1691.21	2674.60
1692.73	2686.11
1694.26	2687.16
1695.78	2674.60
1697.31	2679.83
1698.83	2673.55
1700.36	2673.55
1701.88	2663.09
1703.40	2672.51
1704.93	2667.27
1706.45	2664.13
