896.35	3118.27
897.98	3136.06
899.60	3137.11
901.22	3164.31
902.85	3146.53
904.47	3167.45
906.10	3175.82
907.72	3189.43
909.34	3198.85
910.97	3225.01
912.59	3242.79
914.21	3291.98
915.84	3321.27
917.46	3383.01
919.08	3408.13
920.71	3438.47
922.33	3460.45
923.95	3488.70
925.58	3503.35
927.20	3508.58
928.82	3503.35
930.44	3543.11
932.07	3528.46
933.69	3538.93
935.31	3539.97
936.93	3565.09
938.56	3556.71
940.18	3583.92
941.80	3575.55
943.42	3590.20
945.05	3596.48
946.67	3593.34
948.29	3586.01
949.91	3594.38
951.53	3596.48
953.16	3607.99
954.78	3601.71
956.40	3604.85
958.02	3592.29
959.64	3607.99
961.26	3594.38
962.88	3603.80
964.51	3580.78
966.13	3615.31
967.75	3599.62
969.37	3605.90
970.99	3591.25
972.61	3597.52
974.23	3582.87
975.85	3610.08
977.47	3599.62
979.09	3611.13
980.71	3607.99
982.33	3618.45
983.95	3612.17
985.57	3636.24
987.19	3615.31
988.81	3634.15
990.43	3611.13
992.05	3622.64
993.67	3627.87
995.29	3655.08
996.91	3631.01
998.53	3679.14
1000.15	3655.08
1001.77	3678.10
1003.39	3671.82
1005.01	3679.14
1006.63	3677.05
1008.25	3692.75
1009.86	3688.56
1011.48	3707.40
1013.10	3699.02
1014.72	3728.32
1016.34	3706.35
1017.96	3735.65
1019.58	3710.54
1021.19	3724.14
1022.81	3717.86
1024.43	3751.34
1026.05	3732.51
1027.66	3753.44
1029.28	3744.02
1030.90	3759.72
1032.52	3739.83
1034.13	3760.76
1035.75	3763.90
1037.37	3774.37
1038.98	3777.50
1040.60	3776.46
1042.22	3753.44
1043.83	3774.37
1045.45	3759.72
1047.07	3771.23
1048.68	3770.18
1050.30	3777.50
1051.92	3774.37
1053.53	3774.37
1055.15	3771.23
1056.76	3776.46
1058.38	3765.99
1059.99	3783.78
1061.61	3764.95
1063.22	3770.18
1064.84	3767.04
1066.46	3770.18
1068.07	3747.16
1069.68	3764.95
1071.30	3763.90
1072.91	3770.18
1074.53	3754.48
1076.14	3774.37
1077.76	3754.48
1079.37	3769.13
1080.98	3714.72
1082.60	3750.30
1084.21	3733.56
1085.83	3751.34
1087.44	3742.97
1089.05	3735.65
1090.67	3719.95
1092.28	3726.23
1093.89	3716.81
1095.50	3724.14
1097.12	3711.58
1098.73	3737.74
1100.34	3696.93
1101.95	3726.23
1103.57	3713.67
1105.18	3715.77
1106.79	3696.93
1108.40	3724.14
1110.01	3706.35
1111.63	3722.05
1113.24	3715.77
1114.85	3731.46
1116.46	3716.81
1118.07	3733.56
1119.68	3703.21
1121.29	3729.37
1122.90	3707.40
1124.51	3722.05
1126.12	3721.00
1127.73	3730.42
1129.34	3719.95
1130.95	3738.79
1132.56	3728.32
1134.17	3716.81
1135.78	3712.63
1137.39	3731.46
1139.00	3717.86
1140.61	3730.42
1142.22	3729.37
1143.83	3716.81
1145.44	3713.67
1147.05	3724.14
1148.65	3721.00
1150.26	3715.77
1151.87	3693.79
1153.48	3704.26
1155.09	3712.63
1156.69	3716.81
1158.30	3704.26
1159.91	3715.77
1161.52	3707.40
1163.12	3721.00
1164.73	3711.58
1166.34	3728.32
1167.94	3702.16
1169.55	3718.91
1171.16	3714.72
1172.76	3728.32
1174.37	3715.77
1175.97	3735.65
1177.58	3705.30
1179.19	3735.65
1180.79	3710.54
1182.40	3733.56
1184.00	3713.67
1185.61	3729.37
1187.21	3709.49
1188.82	3726.23
1190.42	3712.63
1192.02	3716.81
1193.63	3695.89
1195.23	3718.91
1196.84	3713.67
1198.44	3721.00
1200.04	3721.00
1201.65	3726.23
1203.25	3715.77
1204.85	3718.91
1206.46	3696.93
1208.06	3704.26
1209.66	3688.56
1211.26	3703.21
1212.87	3707.40
1214.47	3700.07
1216.07	3686.47
1217.67	3690.65
1219.27	3676.00
1220.87	3685.42
1222.48	3671.82
1224.08	3672.86
1225.68	3666.59
1227.28	3672.86
1228.88	3649.84
1230.48	3670.77
1232.08	3648.80
1233.68	3671.82
1235.28	3669.73
1236.88	3651.94
1238.48	3634.15
1240.08	3657.17
1241.68	3615.31
1243.28	3637.29
1244.87	3626.82
1246.47	3624.73
1248.07	3604.85
1249.67	3609.03
1251.27	3614.27
1252.87	3605.90
1254.46	3586.01
1256.06	3597.52
1257.66	3593.34
1259.26	3598.57
1260.85	3581.83
1262.45	3578.69
1264.05	3580.78
1265.64	3577.64
1267.24	3574.50
1268.83	3588.11
1270.43	3562.99
1272.03	3594.38
1273.62	3570.32
1275.22	3556.71
1276.81	3554.62
1278.41	3566.13
1280.00	3569.27
1281.60	3564.04
1283.19	3549.39
1284.79	3562.99
1286.38	3535.79
1287.97	3550.44
1289.57	3531.60
1291.16	3536.83
1292.75	3518.00
1294.35	3541.02
1295.94	3522.18
1297.53	3535.79
1299.12	3514.86
1300.72	3534.74
1302.31	3504.39
1303.90	3531.60
1305.49	3522.18
1307.08	3505.44
1308.68	3498.12
1310.27	3503.35
1311.86	3490.79
1313.45	3488.70
1315.04	3481.37
1316.63	3487.65
1318.22	3478.23
1319.81	3473.00
1321.40	3471.96
1322.99	3478.23
1324.58	3444.75
1326.17	3446.84
1327.75	3437.42
1329.34	3442.66
1330.93	3430.10
1332.52	3428.01
1334.11	3424.87
1335.70	3422.78
1337.28	3416.50
1338.87	3417.54
1340.46	3413.36
1342.05	3409.17
1343.63	3399.75
1345.22	3398.71
1346.81	3399.75
1348.39	3406.03
1349.98	3392.43
1351.56	3378.83
1353.15	3365.22
1354.73	3369.41
1356.32	3342.20
1357.90	3352.67
1359.49	3343.25
1361.07	3324.41
1362.66	3313.95
1364.24	3315.00
1365.82	3317.09
1367.41	3323.37
1368.99	3297.21
1370.57	3289.88
1372.16	3288.84
1373.74	3293.02
1375.32	3275.23
1376.91	3260.58
1378.49	3223.96
1380.07	3191.52
1381.65	3176.87
1383.23	3163.27
1384.81	3160.13
1386.39	3147.57
1387.97	3147.57
1389.55	3139.20
1391.14	3126.64
1392.72	3111.99
1394.29	3104.67
1395.87	3091.07
1397.45	3073.28
1399.03	3071.18
1400.61	3053.40
1402.19	3056.54
1403.77	3039.79
1405.35	3053.40
1406.92	3036.65
1408.50	3034.56
1410.08	3022.00
1411.66	3018.86
1413.23	3015.73
1414.81	3023.05
1416.39	3010.49
1417.96	3018.86
1419.54	3004.22
1421.12	3003.17
1422.69	3006.31
1424.27	2995.84
1425.84	3003.17
1427.42	3000.03
1428.99	2995.84
1430.57	2990.61
1432.14	2987.47
1433.71	3003.17
1435.29	3002.12
1436.86	2991.66
1438.43	2980.15
1440.01	2982.24
1441.58	2865.04
1443.15	2992.70
1444.72	2983.29
1446.30	2983.29
1447.87	2988.52
1449.44	2979.10
1451.01	2965.50
1452.58	2987.47
1454.15	2975.96
1455.72	2966.54
1457.29	2970.73
1458.86	2982.24
1460.43	2964.45
1462.00	2986.43
1463.57	2967.59
1465.14	2977.01
1466.71	2966.54
1468.28	2973.87
1469.85	2967.59
1471.41	2980.15
1472.98	2966.54
1474.55	2990.61
1476.12	2977.01
1477.68	2972.82
1479.25	2983.29
1480.82	2975.96
1482.38	2984.33
1483.95	2971.78
1485.51	2981.19
1487.08	2986.43
1488.64	2985.38
1490.21	2998.98
1491.77	2978.06
1493.34	2995.84
1494.90	2986.43
1496.46	2990.61
1498.03	2982.24
1499.59	2993.75
1501.15	2983.29
1502.72	2988.52
1504.28	2991.66
1505.84	3001.08
1507.40	2985.38
1508.97	3001.08
1510.53	2988.52
1512.09	3005.26
1513.65	3003.17
1515.21	3000.03
1516.77	2991.66
1518.33	3015.73
1519.89	3008.40
1521.45	3008.40
1523.01	3006.31
1524.57	3005.26
1526.13	2998.98
1527.68	3009.45
1529.24	3018.86
1530.80	3010.49
1532.36	3017.82
1533.92	3010.49
1535.47	2998.98
1537.03	3003.17
1538.59	3005.26
1540.14	2993.75
1541.70	2989.57
1543.25	3009.45
1544.81	3004.22
1546.36	3009.45
1547.92	2992.70
1549.47	3010.49
1551.03	3001.08
1552.58	2987.47
1554.13	2985.38
1555.69	2997.94
1557.24	2988.52
1558.79	2993.75
1560.35	2993.75
1561.90	2995.84
1563.45	2985.38
1565.00	2993.75
1566.55	2985.38
1568.10	2983.29
1569.66	2975.96
1571.21	2991.66
1572.76	2977.01
1574.31	2983.29
1575.86	2970.73
1577.40	2970.73
1578.95	2977.01
1580.50	2970.73
1582.05	2962.36
1583.60	2965.50
1585.15	2951.90
1586.69	2961.31
1588.24	2962.36
1589.79	2967.59
1591.34	2948.76
1592.88	2977.01
1594.43	2947.71
1595.97	2965.50
1597.52	2952.94
1599.06	2955.03
1600.61	2939.34
1602.15	2964.45
1603.70	2947.71
1605.24	2953.99
1606.79	2953.99
1608.33	2938.29
1609.87	2934.11
1611.41	2957.13
1612.96	2947.71
1614.50	2935.15
1616.04	2936.20
1617.58	2942.48
1619.12	2939.34
1620.67	2938.29
1622.21	2907.95
1623.75	2926.78
1625.29	2910.04
1626.83	2918.41
1628.37	2925.74
1629.90	2904.81
1631.44	2897.48
1632.98	2900.62
1634.52	2870.28
1636.06	2872.37
1637.59	2879.69
1639.13	2862.95
1640.67	2845.16
1642.21	2831.56
1643.74	2829.47
1645.28	2804.35
1646.81	2795.98
1648.35	2797.03
1649.88	2767.73
1651.42	2775.05
1652.95	2747.85
1654.49	2766.68
1656.02	2747.85
1657.55	2745.75
1659.09	2718.55
1660.62	2741.57
1662.15	2732.15
1663.68	2733.20
1665.22	2722.73
1666.75	2726.92
1668.28	2712.27
1669.81	2733.20
1671.34	2715.41
1672.87	2727.97
1674.40	2719.59
1675.93	2705.99
1677.46	2698.67
1678.99	2700.76
1680.52	2692.39
1682.04	2700.76
1683.57	2697.62
1685.10	2700.76
1686.63	2692.39
1688.15	2695.53
1689.68	2691.34
1691.21	2688.20
1692.73	2692.39
1694.26	2702.85
1695.78	2689.25
1697.31	2682.97
1698.83	2672.51
1700.36	2682.97
1701.88	2676.69
1703.40	2690.29
1704.93	2678.78
1706.45	2677.74
