896.35	2859.81
897.98	2856.67
899.60	2866.09
901.22	2878.65
902.85	2864.00
904.47	2878.65
906.10	2879.69
907.72	2877.60
909.34	2898.53
910.97	2911.09
912.59	2924.69
914.21	2935.15
915.84	2947.71
917.46	2983.29
919.08	2996.89
920.71	3000.03
922.33	3025.14
923.95	3027.24
925.58	3041.89
927.20	3026.19
928.82	3036.65
930.44	3054.44
932.07	3048.16
933.69	3037.70
935.31	3052.35
936.93	3052.35
938.56	3067.00
940.18	3064.91
941.80	3061.77
943.42	3075.37
945.05	3090.02
946.67	3074.32
948.29	3084.79
949.91	3073.28
951.53	3087.93
953.16	3087.93
954.78	3092.11
956.40	3071.18
958.02	3079.56
959.64	3078.51
961.26	3077.46
962.88	3074.32
964.51	3073.28
966.13	3100.48
967.75	3096.30
969.37	3079.56
970.99	3086.88
972.61	3080.60
974.23	3092.11
975.85	3086.88
977.47	3095.25
979.09	3087.93
980.71	3084.79
982.33	3093.16
983.95	3094.21
985.57	3096.30
987.19	3095.25
988.81	3104.67
990.43	3092.11
992.05	3095.25
993.67	3116.18
995.29	3105.72
996.91	3093.16
998.53	3110.95
1000.15	3121.41
1001.77	3123.50
1003.39	3124.55
1005.01	3121.41
1006.63	3133.97
1008.25	3137.11
1009.86	3142.34
1011.48	3139.20
1013.10	3131.88
1014.72	3152.80
1016.34	3143.39
1017.96	3161.18
1019.58	3148.62
1021.19	3148.62
1022.81	3147.57
1024.43	3155.94
1026.05	3158.04
1027.66	3163.27
1029.28	3158.04
1030.90	3155.94
1032.52	3156.99
1034.13	3164.31
1035.75	3164.31
1037.37	3160.13
1038.98	3183.15
1040.60	3174.78
1042.22	3161.18
1043.83	3159.08
1045.45	3170.59
1047.07	3170.59
1048.68	3175.82
1050.30	3166.41
1051.92	3185.24
1053.53	3170.59
1055.15	3175.82
1056.76	3162.22
1058.38	3171.64
1059.99	3184.20
1061.61	3172.69
1063.22	3153.85
1064.84	3169.55
1066.46	3175.82
1068.07	3168.50
1069.68	3168.50
1071.30	3184.20
1072.91	3166.41
1074.53	3170.59
1076.14	3176.87
1077.76	3167.45
1079.37	3167.45
1080.98	3147.57
1082.60	3161.18
1084.21	3165.36
1085.83	3149.66
1087.44	3154.90
1089.05	3144.43
1090.67	3145.48
1092.28	3143.39
1093.89	3154.90
1095.50	3146.53
1097.12	3151.76
1098.73	3152.80
1100.34	3140.25
1101.95	3159.08
1103.57	3144.43
1105.18	3131.88
1106.79	3141.29
1108.40	3151.76
1110.01	3151.76
1111.63	3146.53
1113.24	3149.66
1114.85	3150.71
1116.46	3148.62
1118.07	3153.85
1119.68	3138.15
1121.29	3152.80
1122.90	3156.99
1124.51	3151.76
1126.12	3156.99
1127.73	3166.41
1129.34	3163.27
1130.95	3159.08
1132.56	3165.36
1134.17	3139.20
1135.78	3147.57
1137.39	3146.53
1139.00	3137.11
1140.61	3136.06
1142.22	3148.62
1143.83	3140.25
1145.44	3149.66
1147.05	3141.29
1148.65	3147.57
1150.26	3135.02
1151.87	3137.11
1153.48	3142.34
1155.09	3162.22
1156.69	3150.71
1158.30	3128.74
1159.91	3137.11
1161.52	3149.66
1163.12	3142.34
1164.73	3150.71
1166.34	3154.90
1167.94	3149.66
1169.55	3145.48
1171.16	3149.66
1172.76	3148.62
1174.37	3144.43
1175.97	3159.08
1177.58	3137.11
1179.19	3159.08
1180.79	3141.29
1182.40	3139.20
1184.00	3143.39
1185.61	3154.90
1187.21	3159.08
1188.82	3147.57
1190.42	3150.71
1192.02	3141.29
1193.63	3142.34
1195.23	3155.94
1196.84	3150.71
1198.44	3153.85
1200.04	3156.99
1201.65	3149.66
1203.25	3144.43
1204.85	3148.62
1206.46	3135.02
1208.06	3139.20
1209.66	3139.20
1211.26	3126.64
1212.87	3155.94
1214.47	3140.25
1216.07	3146.53
1217.67	3136.06
1219.27	3133.97
1220.87	3131.88
1222.48	3137.11
1224.08	3127.69
1225.68	3137.11
1227.28	3136.06
1228.88	3129.78
1230.48	3132.92
1232.08	3116.18
1233.68	3128.74
1235.28	3144.43
1236.88	3124.55
1238.48	3109.90
1240.08	3130.83
1241.68	3108.86
1243.28	3110.95
1244.87	3116.18
1246.47	3101.53
1248.07	3099.44
1249.67	3108.86
1251.27	3123.50
1252.87	3102.58
1254.46	3097.34
1256.06	3088.97
1257.66	3092.11
1259.26	3092.11
1260.85	3108.86
1262.45	3092.11
1264.05	3094.21
1265.64	3085.83
1267.24	3098.39
1268.83	3099.44
1270.43	3081.65
1272.03	3102.58
1273.62	3082.70
1275.22	3070.14
1276.81	3083.74
1278.41	3085.83
1280.00	3091.07
1281.60	3078.51
1283.19	3070.14
1284.79	3075.37
1286.38	3086.88
1287.97	3091.07
1289.57	3073.28
1291.16	3064.91
1292.75	3058.63
1294.35	3069.09
1295.94	3067.00
1297.53	3068.05
1299.12	3063.86
1300.72	3079.56
1302.31	3048.16
1303.90	3075.37
1305.49	3079.56
1307.08	3056.54
1308.68	3041.89
1310.27	3049.21
1311.86	3057.58
1313.45	3052.35
1315.04	3050.26
1316.63	3048.16
1318.22	3053.40
1319.81	3041.89
1321.40	3040.84
1322.99	3041.89
1324.58	3026.19
1326.17	3028.28
1327.75	3025.14
1329.34	3032.47
1330.93	3025.14
1332.52	3020.96
1334.11	3015.73
1335.70	3010.49
1337.28	3008.40
1338.87	3015.73
1340.46	3014.68
1342.05	3011.54
1343.63	3001.08
1345.22	2997.94
1346.81	3009.45
1348.39	3001.08
1349.98	3005.26
1351.56	2995.84
1353.15	2980.15
1354.73	2991.66
1356.32	2986.43
1357.90	2980.15
1359.49	2977.01
1361.07	2964.45
1362.66	2964.45
1364.24	2968.64
1365.82	2971.78
1367.41	2967.59
1368.99	2956.08
1370.57	2951.90
1372.16	2956.08
1373.74	2961.31
1375.32	2952.94
1376.91	2946.66
1378.49	2921.55
1380.07	2905.85
1381.65	2916.32
1383.23	2901.67
1384.81	2900.62
1386.39	2885.97
1387.97	2892.25
1389.55	2880.74
1391.14	2869.23
1392.72	2870.28
1394.29	2878.65
1395.87	2862.95
1397.45	2851.44
1399.03	2855.63
1400.61	2850.39
1402.19	2845.16
1403.77	2834.70
1405.35	2847.26
1406.92	2842.02
1408.50	2838.88
1410.08	2838.88
1411.66	2829.47
1413.23	2830.51
1414.81	2830.51
1416.39	2812.72
1417.96	2824.23
1419.54	2815.86
1421.12	2822.14
1422.69	2828.42
1424.27	2815.86
1425.84	2829.47
1427.42	2812.72
1428.99	2820.05
1430.57	2822.14
1432.14	2821.10
1433.71	2813.77
1435.29	2823.19
1436.86	2817.96
1438.43	2817.96
1440.01	2806.45
1441.58	2685.06
1443.15	2804.35
1444.72	2810.63
1446.30	2802.26
1447.87	2812.72
1449.44	2805.40
1451.01	2791.80
1452.58	2814.82
1454.15	2809.58
1455.72	2793.89
1457.29	2795.98
1458.86	2807.49
1460.43	2804.35
1462.00	2824.23
1463.57	2816.91
1465.14	2813.77
1466.71	2797.03
1468.28	2810.63
1469.85	2811.68
1471.41	2820.05
1472.98	2803.31
1474.55	2813.77
1476.12	2801.21
1477.68	2797.03
1479.25	2813.77
1480.82	2814.82
1482.38	2822.14
1483.95	2797.03
1485.51	2813.77
1487.08	2822.14
1488.64	2819.00
1490.21	2819.00
1491.77	2813.77
1493.34	2822.14
1494.90	2808.54
1496.46	2812.72
1498.03	2822.14
1499.59	2820.05
1501.15	2816.91
1502.72	2808.54
1504.28	2819.00
1505.84	2811.68
1507.40	2810.63
1508.97	2828.42
1510.53	2822.14
1512.09	2831.56
1513.65	2839.93
1515.21	2830.51
1516.77	2821.10
1518.33	2835.74
1519.89	2820.05
1521.45	2825.28
1523.01	2827.37
1524.57	2833.65
1526.13	2824.23
1527.68	2830.51
1529.24	2837.84
1530.80	2828.42
1532.36	2837.84
1533.92	2822.14
1535.47	2822.14
1537.03	2815.86
1538.59	2823.19
1540.14	2819.00
1541.70	2811.68
1543.25	2834.70
1544.81	2827.37
1546.36	2830.51
1547.92	2814.82
1549.47	2827.37
1551.03	2824.23
1552.58	2816.91
1554.13	2814.82
1555.69	2822.14
1557.24	2805.40
1558.79	2807.49
1560.35	2809.58
1561.90	2824.23
1563.45	2813.77
1565.00	2812.72
1566.55	2812.72
1568.10	2805.40
1569.66	2807.49
1571.21	2819.00
1572.76	2814.82
1574.31	2811.68
1575.86	2814.82
1577.40	2798.07
1578.95	2805.40
1580.50	2801.21
1582.05	2791.80
1583.60	2800.17
1585.15	2790.75
1586.69	2798.07
1588.24	2794.94
1589.79	2806.45
1591.34	2782.38
1592.88	2803.31
1594.43	2787.61
1595.97	2800.17
1597.52	2794.94
1599.06	2792.84
1600.61	2783.42
1602.15	2804.35
1603.70	2788.66
1605.24	2793.89
1606.79	2800.17
1608.33	2780.29
1609.87	2785.52
1611.41	2794.94
1612.96	2788.66
1614.50	2776.10
1616.04	2780.29
1617.58	2790.75
1619.12	2774.01
1620.67	2779.24
1622.21	2755.17
1623.75	2775.05
1625.29	2762.50
1626.83	2764.59
1628.37	2782.38
1629.90	2760.40
1631.44	2760.40
1632.98	2759.36
1634.52	2739.48
1636.06	2744.71
1637.59	2756.22
1639.13	2746.80
1640.67	2748.89
1642.21	2739.48
1643.74	2737.38
1645.28	2715.41
1646.81	2710.18
1648.35	2722.73
1649.88	2697.62
1651.42	2709.13
1652.95	2688.20
1654.49	2713.32
1656.02	2687.16
1657.55	2693.43
1659.09	2666.23
1660.62	2695.53
1662.15	2680.88
1663.68	2684.02
1665.22	2676.69
1666.75	2673.55
1668.28	2670.41
1669.81	2689.25
1671.34	2671.46
1672.87	2677.74
1674.40	2679.83
1675.93	2671.46
1677.46	2662.04
1678.99	2656.81
1680.52	2657.86
1682.04	2661.00
1683.57	2654.72
1685.10	2664.13
1686.63	2654.72
1688.15	2663.09
1689.68	2646.35
1691.21	2653.67
1692.73	2655.76
1694.26	2670.41
1695.78	2656.81
1697.31	2661.00
1698.83	2649.49
1700.36	2652.62
1701.88	2643.21
1703.40	2652.62
1704.93	2642.16
1706.45	2642.16
