896.35	2971.78
897.98	2985.38
899.60	2991.66
901.22	3012.59
902.85	3001.08
904.47	3018.86
906.10	3024.10
907.72	3031.42
909.34	3052.35
910.97	3052.35
912.59	3070.14
914.21	3101.53
915.84	3130.83
917.46	3166.41
919.08	3186.29
920.71	3203.03
922.33	3227.10
923.95	3239.66
925.58	3264.77
927.20	3248.03
928.82	3257.44
930.44	3285.70
932.07	3275.23
933.69	3268.95
935.31	3278.37
936.93	3285.70
938.56	3298.25
940.18	3308.72
941.80	3296.16
943.42	3313.95
945.05	3321.27
946.67	3307.67
948.29	3320.23
949.91	3318.14
951.53	3328.60
953.16	3333.83
954.78	3324.41
956.40	3312.90
958.02	3316.04
959.64	3319.18
961.26	3323.37
962.88	3321.27
964.51	3309.76
966.13	3330.69
967.75	3331.74
969.37	3312.90
970.99	3324.41
972.61	3321.27
974.23	3329.65
975.85	3326.51
977.47	3334.88
979.09	3328.60
980.71	3323.37
982.33	3333.83
983.95	3326.51
985.57	3341.16
987.19	3325.46
988.81	3350.57
990.43	3336.97
992.05	3336.97
993.67	3354.76
995.29	3352.67
996.91	3340.11
998.53	3372.55
1000.15	3369.41
1001.77	3377.78
1003.39	3368.36
1005.01	3370.46
1006.63	3387.20
1008.25	3384.06
1009.86	3399.75
1011.48	3397.66
1013.10	3397.66
1014.72	3406.03
1016.34	3410.22
1017.96	3432.19
1019.58	3408.13
1021.19	3409.17
1022.81	3408.13
1024.43	3424.87
1026.05	3429.05
1027.66	3443.70
1029.28	3426.96
1030.90	3437.42
1032.52	3416.50
1034.13	3438.47
1035.75	3447.89
1037.37	3447.89
1038.98	3453.12
1040.60	3446.84
1042.22	3433.24
1043.83	3437.42
1045.45	3440.56
1047.07	3451.03
1048.68	3460.45
1050.30	3444.75
1051.92	3454.17
1053.53	3457.31
1055.15	3457.31
1056.76	3452.07
1058.38	3449.98
1059.99	3462.54
1061.61	3454.17
1063.22	3448.94
1064.84	3454.17
1066.46	3453.12
1068.07	3449.98
1069.68	3449.98
1071.30	3452.07
1072.91	3434.29
1074.53	3432.19
1076.14	3453.12
1077.76	3437.42
1079.37	3441.61
1080.98	3402.89
1082.60	3424.87
1084.21	3421.73
1085.83	3426.96
1087.44	3421.73
1089.05	3414.40
1090.67	3408.13
1092.28	3404.99
1093.89	3409.17
1095.50	3417.54
1097.12	3415.45
1098.73	3419.64
1100.34	3399.75
1101.95	3416.50
1103.57	3414.40
1105.18	3407.08
1106.79	3407.08
1108.40	3416.50
1110.01	3418.59
1111.63	3411.26
1113.24	3418.59
1114.85	3413.36
1116.46	3410.22
1118.07	3422.78
1119.68	3404.99
1121.29	3416.50
1122.90	3404.99
1124.51	3402.89
1126.12	3412.31
1127.73	3414.40
1129.34	3416.50
1130.95	3422.78
1132.56	3422.78
1134.17	3395.57
1135.78	3403.94
1137.39	3414.40
1139.00	3398.71
1140.61	3407.08
1142.22	3412.31
1143.83	3406.03
1145.44	3408.13
1147.05	3401.85
1148.65	3413.36
1150.26	3399.75
1151.87	3395.57
1153.48	3404.99
1155.09	3410.22
1156.69	3402.89
1158.30	3395.57
1159.91	3400.80
1161.52	3413.36
1163.12	3407.08
1164.73	3397.66
1166.34	3415.45
1167.94	3407.08
1169.55	3413.36
1171.16	3413.36
1172.76	3420.68
1174.37	3415.45
1175.97	3417.54
1177.58	3395.57
1179.19	3415.45
1180.79	3408.13
1182.40	3409.17
1184.00	3398.71
1185.61	3420.68
1187.21	3417.54
1188.82	3417.54
1190.42	3408.13
1192.02	3414.40
1193.63	3397.66
1195.23	3419.64
1196.84	3413.36
1198.44	3416.50
1200.04	3420.68
1201.65	3416.50
1203.25	3409.17
1204.85	3415.45
1206.46	3395.57
1208.06	3404.99
1209.66	3393.48
1211.26	3392.43
1212.87	3411.26
1214.47	3394.52
1216.07	3390.34
1217.67	3393.48
1219.27	3387.20
1220.87	3387.20
1222.48	3374.64
1224.08	3377.78
1225.68	3388.24
1227.28	3388.24
1228.88	3380.92
1230.48	3389.29
1232.08	3366.27
1233.68	3379.87
1235.28	3381.97
1236.88	3368.36
1238.48	3361.04
1240.08	3380.92
1241.68	3347.43
1243.28	3358.94
1244.87	3352.67
1246.47	3347.43
1248.07	3334.88
1249.67	3336.97
1251.27	3345.34
1252.87	3319.18
1254.46	3320.23
1256.06	3330.69
1257.66	3323.37
1259.26	3308.72
1260.85	3322.32
1262.45	3320.23
1264.05	3321.27
1265.64	3306.62
1267.24	3305.58
1268.83	3313.95
1270.43	3305.58
1272.03	3316.04
1273.62	3307.67
1275.22	3303.49
1276.81	3301.39
1278.41	3303.49
1280.00	3303.49
1281.60	3301.39
1283.19	3289.88
1284.79	3301.39
1286.38	3293.02
1287.97	3295.11
1289.57	3278.37
1291.16	3282.56
1292.75	3277.33
1294.35	3284.65
1295.94	3278.37
1297.53	3284.65
1299.12	3267.91
1300.72	3287.79
1302.31	3261.63
1303.90	3285.70
1305.49	3272.09
1307.08	3262.68
1308.68	3259.54
1310.27	3270.00
1311.86	3257.44
1313.45	3252.21
1315.04	3249.07
1316.63	3252.21
1318.22	3244.89
1319.81	3234.42
1321.40	3227.10
1322.99	3242.79
1324.58	3226.05
1326.17	3226.05
1327.75	3212.45
1329.34	3216.63
1330.93	3211.40
1332.52	3211.40
1334.11	3213.50
1335.70	3204.08
1337.28	3193.61
1338.87	3201.98
1340.46	3198.85
1342.05	3205.12
1343.63	3199.89
1345.22	3192.57
1346.81	3204.08
1348.39	3196.75
1349.98	3189.43
1351.56	3175.82
1353.15	3163.27
1354.73	3172.69
1356.32	3151.76
1357.90	3141.29
1359.49	3154.90
1361.07	3133.97
1362.66	3135.02
1364.24	3139.20
1365.82	3142.34
1367.41	3136.06
1368.99	3120.37
1370.57	3111.99
1372.16	3120.37
1373.74	3114.09
1375.32	3104.67
1376.91	3094.21
1378.49	3059.67
1380.07	3053.40
1381.65	3046.07
1383.23	3027.24
1384.81	3022.00
1386.39	3013.63
1387.97	3020.96
1389.55	3009.45
1391.14	3001.08
1392.72	2989.57
1394.29	2993.75
1395.87	2972.82
1397.45	2966.54
1399.03	2967.59
1400.61	2961.31
1402.19	2953.99
1403.77	2938.29
1405.35	2952.94
1406.92	2940.38
1408.50	2943.52
1410.08	2939.34
1411.66	2928.87
1413.23	2924.69
1414.81	2936.20
1416.39	2919.46
1417.96	2927.83
1419.54	2915.27
1421.12	2916.32
1422.69	2921.55
1424.27	2912.13
1425.84	2916.32
1427.42	2911.09
1428.99	2911.09
1430.57	2907.95
1432.14	2911.09
1433.71	2907.95
1435.29	2916.32
1436.86	2910.04
1438.43	2899.58
1440.01	2891.20
1441.58	2770.87
1443.15	2897.48
1444.72	2902.71
1446.30	2897.48
1447.87	2899.58
1449.44	2884.93
1451.01	2879.69
1452.58	2900.62
1454.15	2889.11
1455.72	2884.93
1457.29	2882.83
1458.86	2899.58
1460.43	2892.25
1462.00	2908.99
1463.57	2894.34
1465.14	2895.39
1466.71	2891.20
1468.28	2896.44
1469.85	2891.20
1471.41	2896.44
1472.98	2887.02
1474.55	2907.95
1476.12	2889.11
1477.68	2889.11
1479.25	2900.62
1480.82	2898.53
1482.38	2901.67
1483.95	2884.93
1485.51	2896.44
1487.08	2908.99
1488.64	2902.71
1490.21	2903.76
1491.77	2890.16
1493.34	2911.09
1494.90	2893.30
1496.46	2900.62
1498.03	2910.04
1499.59	2906.90
1501.15	2905.85
1502.72	2905.85
1504.28	2911.09
1505.84	2901.67
1507.40	2903.76
1508.97	2915.27
1510.53	2910.04
1512.09	2922.60
1513.65	2925.74
1515.21	2923.64
1516.77	2902.71
1518.33	2928.87
1519.89	2918.41
1521.45	2917.36
1523.01	2916.32
1524.57	2923.64
1526.13	2908.99
1527.68	2920.50
1529.24	2926.78
1530.80	2921.55
1532.36	2929.92
1533.92	2923.64
1535.47	2904.81
1537.03	2911.09
1538.59	2917.36
1540.14	2911.09
1541.70	2906.90
1543.25	2934.11
1544.81	2918.41
1546.36	2921.55
1547.92	2903.76
1549.47	2905.85
1551.03	2906.90
1552.58	2903.76
1554.13	2899.58
1555.69	2911.09
1557.24	2896.44
1558.79	2899.58
1560.35	2903.76
1561.90	2912.13
1563.45	2905.85
1565.00	2905.85
1566.55	2901.67
1568.10	2892.25
1569.66	2881.79
1571.21	2895.39
1572.76	2893.30
1574.31	2895.39
1575.86	2901.67
1577.40	2884.93
1578.95	2881.79
1580.50	2883.88
1582.05	2875.51
1583.60	2885.97
1585.15	2873.42
1586.69	2872.37
1588.24	2880.74
1589.79	2882.83
1591.34	2857.72
1592.88	2880.74
1594.43	2859.81
1595.97	2874.46
1597.52	2873.42
1599.06	2874.46
1600.61	2866.09
1602.15	2879.69
1603.70	2867.14
1605.24	2872.37
1606.79	2867.14
1608.33	2855.63
1609.87	2854.58
1611.41	2864.00
1612.96	2858.77
1614.50	2846.21
1616.04	2855.63
1617.58	2859.81
1619.12	2846.21
1620.67	2857.72
1622.21	2838.88
1623.75	2854.58
1625.29	2840.98
1626.83	2832.61
1628.37	2843.07
1629.90	2827.37
1631.44	2825.28
1632.98	2831.56
1634.52	2810.63
1636.06	2813.77
1637.59	2819.00
1639.13	2804.35
1640.67	2794.94
1642.21	2787.61
1643.74	2788.66
1645.28	2760.40
1646.81	2742.62
1648.35	2752.03
1649.88	2730.06
1651.42	2735.29
1652.95	2721.69
1654.49	2741.57
1656.02	2727.97
1657.55	2730.06
1659.09	2689.25
1660.62	2717.50
1662.15	2703.90
1663.68	2714.36
1665.22	2698.67
1666.75	2700.76
1668.28	2696.57
1669.81	2715.41
1671.34	2691.34
1672.87	2696.57
1674.40	2708.08
1675.93	2690.29
1677.46	2677.74
1678.99	2670.41
1680.52	2675.65
1682.04	2684.02
1683.57	2677.74
1685.10	2689.25
1686.63	2676.69
1688.15	2677.74
1689.68	2665.18
1691.21	2666.23
1692.73	2665.18
1694.26	2675.65
1695.78	2670.41
1697.31	2675.65
1698.83	2656.81
1700.36	2662.04
1701.88	2653.67
1703.40	2671.46
1704.93	2658.90
1706.45	2661.00
