896.35	3033.51
897.98	3048.16
899.60	3052.35
901.22	3086.88
902.85	3067.00
904.47	3075.37
906.10	3088.97
907.72	3098.39
909.34	3114.09
910.97	3139.20
912.59	3151.76
914.21	3185.24
915.84	3204.08
917.46	3246.98
919.08	3272.09
920.71	3298.25
922.33	3319.18
923.95	3338.02
925.58	3357.90
927.20	3355.81
928.82	3372.55
930.44	3392.43
932.07	3379.87
933.69	3375.69
935.31	3387.20
936.93	3407.08
938.56	3403.94
940.18	3414.40
941.80	3407.08
943.42	3420.68
945.05	3434.29
946.67	3418.59
948.29	3423.82
949.91	3424.87
951.53	3441.61
953.16	3445.80
954.78	3431.15
956.40	3424.87
958.02	3423.82
959.64	3437.42
961.26	3422.78
962.88	3426.96
964.51	3413.36
966.13	3441.61
967.75	3434.29
969.37	3428.01
970.99	3429.05
972.61	3437.42
974.23	3425.91
975.85	3432.19
977.47	3435.33
979.09	3438.47
980.71	3421.73
982.33	3437.42
983.95	3444.75
985.57	3462.54
987.19	3437.42
988.81	3454.17
990.43	3447.89
992.05	3458.35
993.67	3460.45
995.29	3466.72
996.91	3449.98
998.53	3489.74
1000.15	3476.14
1001.77	3486.61
1003.39	3481.37
1005.01	3488.70
1006.63	3493.93
1008.25	3503.35
1009.86	3509.63
1011.48	3504.39
1013.10	3501.26
1014.72	3525.32
1016.34	3520.09
1017.96	3545.20
1019.58	3529.51
1021.19	3537.88
1022.81	3529.51
1024.43	3548.34
1026.05	3541.02
1027.66	3557.76
1029.28	3551.48
1030.90	3560.90
1032.52	3543.11
1034.13	3567.18
1035.75	3573.46
1037.37	3578.69
1038.98	3577.64
1040.60	3573.46
1042.22	3551.48
1043.83	3571.36
1045.45	3576.60
1047.07	3576.60
1048.68	3575.55
1050.30	3570.32
1051.92	3571.36
1053.53	3571.36
1055.15	3573.46
1056.76	3577.64
1058.38	3571.36
1059.99	3577.64
1061.61	3574.50
1063.22	3570.32
1064.84	3577.64
1066.46	3575.55
1068.07	3560.90
1069.68	3569.27
1071.30	3580.78
1072.91	3574.50
1074.53	3557.76
1076.14	3578.69
1077.76	3560.90
1079.37	3564.04
1080.98	3530.55
1082.60	3555.67
1084.21	3548.34
1085.83	3556.71
1087.44	3545.20
1089.05	3537.88
1090.67	3524.28
1092.28	3537.88
1093.89	3537.88
1095.50	3542.06
1097.12	3533.69
1098.73	3544.16
1100.34	3509.63
1101.95	3536.83
1103.57	3532.65
1105.18	3535.79
1106.79	3519.04
1108.40	3533.69
1110.01	3525.32
1111.63	3537.88
1113.24	3535.79
1114.85	3536.83
1116.46	3532.65
1118.07	3543.11
1119.68	3510.67
1121.29	3534.74
1122.90	3533.69
1124.51	3535.79
1126.12	3535.79
1127.73	3539.97
1129.34	3536.83
1130.95	3541.02
1132.56	3536.83
1134.17	3519.04
1135.78	3516.95
1137.39	3527.42
1139.00	3514.86
1140.61	3529.51
1142.22	3532.65
1143.83	3529.51
1145.44	3520.09
1147.05	3525.32
1148.65	3523.23
1150.26	3513.81
1151.87	3508.58
1153.48	3521.14
1155.09	3529.51
1156.69	3528.46
1158.30	3503.35
1159.91	3509.63
1161.52	3514.86
1163.12	3514.86
1164.73	3507.53
1166.34	3525.32
1167.94	3510.67
1169.55	3525.32
1171.16	3524.28
1172.76	3531.60
1174.37	3524.28
1175.97	3535.79
1177.58	3509.63
1179.19	3529.51
1180.79	3500.21
1182.40	3514.86
1184.00	3508.58
1185.61	3528.46
1187.21	3523.23
1188.82	3520.09
1190.42	3514.86
1192.02	3510.67
1193.63	3500.21
1195.23	3520.09
1196.84	3519.04
1198.44	3523.23
1200.04	3524.28
1201.65	3519.04
1203.25	3511.72
1204.85	3528.46
1206.46	3492.88
1208.06	3500.21
1209.66	3499.16
1211.26	3510.67
1212.87	3514.86
1214.47	3500.21
1216.07	3491.84
1217.67	3498.12
1219.27	3490.79
1220.87	3500.21
1222.48	3496.02
1224.08	3485.56
1225.68	3484.51
1227.28	3480.33
1228.88	3475.10
1230.48	3487.65
1232.08	3470.91
1233.68	3486.61
1235.28	3484.51
1236.88	3468.82
1238.48	3456.26
1240.08	3482.42
1241.68	3439.52
1243.28	3451.03
1244.87	3442.66
1246.47	3441.61
1248.07	3421.73
1249.67	3440.56
1251.27	3445.80
1252.87	3438.47
1254.46	3416.50
1256.06	3416.50
1257.66	3409.17
1259.26	3404.99
1260.85	3412.31
1262.45	3412.31
1264.05	3410.22
1265.64	3408.13
1267.24	3400.80
1268.83	3406.03
1270.43	3404.99
1272.03	3417.54
1273.62	3398.71
1275.22	3385.10
1276.81	3392.43
1278.41	3387.20
1280.00	3392.43
1281.60	3384.06
1283.19	3377.78
1284.79	3381.97
1286.38	3368.36
1287.97	3391.38
1289.57	3378.83
1291.16	3377.78
1292.75	3367.32
1294.35	3378.83
1295.94	3368.36
1297.53	3366.27
1299.12	3351.62
1300.72	3372.55
1302.31	3336.97
1303.90	3365.22
1305.49	3359.99
1307.08	3349.53
1308.68	3339.06
1310.27	3333.83
1311.86	3333.83
1313.45	3328.60
1315.04	3323.37
1316.63	3331.74
1318.22	3320.23
1319.81	3317.09
1321.40	3312.90
1322.99	3324.41
1324.58	3305.58
1326.17	3305.58
1327.75	3285.70
1329.34	3295.11
1330.93	3277.33
1332.52	3280.46
1334.11	3276.28
1335.70	3278.37
1337.28	3265.82
1338.87	3272.09
1340.46	3261.63
1342.05	3258.49
1343.63	3244.89
1345.22	3251.17
1346.81	3253.26
1348.39	3244.89
1349.98	3243.84
1351.56	3235.47
1353.15	3225.01
1354.73	3222.91
1356.32	3209.31
1357.90	3211.40
1359.49	3208.26
1361.07	3187.34
1362.66	3182.10
1364.24	3183.15
1365.82	3172.69
1367.41	3183.15
1368.99	3160.13
1370.57	3156.99
1372.16	3151.76
1373.74	3153.85
1375.32	3149.66
1376.91	3131.88
1378.49	3104.67
1380.07	3074.32
1381.65	3059.67
1383.23	3045.02
1384.81	3051.30
1386.39	3041.89
1387.97	3038.75
1389.55	3026.19
1391.14	3015.73
1392.72	3001.08
1394.29	2987.47
1395.87	2983.29
1397.45	2967.59
1399.03	2967.59
1400.61	2958.17
1402.19	2944.57
1403.77	2925.74
1405.35	2946.66
1406.92	2934.11
1408.50	2935.15
1410.08	2934.11
1411.66	2927.83
1413.23	2928.87
1414.81	2923.64
1416.39	2902.71
1417.96	2917.36
1419.54	2907.95
1421.12	2911.09
1422.69	2917.36
1424.27	2899.58
1425.84	2912.13
1427.42	2901.67
1428.99	2899.58
1430.57	2901.67
1432.14	2891.20
1433.71	2898.53
1435.29	2910.04
1436.86	2906.90
1438.43	2896.44
1440.01	2896.44
1441.58	2776.10
1443.15	2895.39
1444.72	2898.53
1446.30	2895.39
1447.87	2906.90
1449.44	2883.88
1451.01	2873.42
1452.58	2892.25
1454.15	2894.34
1455.72	2883.88
1457.29	2887.02
1458.86	2885.97
1460.43	2881.79
1462.00	2910.04
1463.57	2887.02
1465.14	2895.39
1466.71	2881.79
1468.28	2894.34
1469.85	2890.16
1471.41	2896.44
1472.98	2882.83
1474.55	2906.90
1476.12	2887.02
1477.68	2885.97
1479.25	2893.30
1480.82	2895.39
1482.38	2908.99
1483.95	2892.25
1485.51	2900.62
1487.08	2906.90
1488.64	2900.62
1490.21	2905.85
1491.77	2892.25
1493.34	2913.18
1494.90	2893.30
1496.46	2894.34
1498.03	2902.71
1499.59	2903.76
1501.15	2903.76
1502.72	2912.13
1504.28	2913.18
1505.84	2900.62
1507.40	2906.90
1508.97	2925.74
1510.53	2915.27
1512.09	2919.46
1513.65	2917.36
1515.21	2916.32
1516.77	2902.71
1518.33	2924.69
1519.89	2918.41
1521.45	2920.50
1523.01	2920.50
1524.57	2929.92
1526.13	2923.64
1527.68	2923.64
1529.24	2934.11
1530.80	2926.78
1532.36	2943.52
1533.92	2933.06
1535.47	2913.18
1537.03	2916.32
1538.59	2920.50
1540.14	2920.50
1541.70	2915.27
1543.25	2942.48
1544.81	2930.97
1546.36	2927.83
1547.92	2904.81
1549.47	2924.69
1551.03	2913.18
1552.58	2915.27
1554.13	2914.22
1555.69	2930.97
1557.24	2918.41
1558.79	2917.36
1560.35	2905.85
1561.90	2918.41
1563.45	2902.71
1565.00	2917.36
1566.55	2910.04
1568.10	2912.13
1569.66	2895.39
1571.21	2910.04
1572.76	2912.13
1574.31	2910.04
1575.86	2906.90
1577.40	2900.62
1578.95	2907.95
1580.50	2902.71
1582.05	2895.39
1583.60	2895.39
1585.15	2879.69
1586.69	2890.16
1588.24	2898.53
1589.79	2902.71
1591.34	2880.74
1592.88	2905.85
1594.43	2879.69
1595.97	2891.20
1597.52	2892.25
1599.06	2895.39
1600.61	2889.11
1602.15	2899.58
1603.70	2877.60
1605.24	2882.83
1606.79	2884.93
1608.33	2877.60
1609.87	2873.42
1611.41	2887.02
1612.96	2881.79
1614.50	2871.32
1616.04	2874.46
1617.58	2876.55
1619.12	2859.81
1620.67	2871.32
1622.21	2846.21
1623.75	2876.55
1625.29	2852.49
1626.83	2851.44
1628.37	2870.28
1629.90	2840.98
1631.44	2842.02
1632.98	2847.26
1634.52	2820.05
1636.06	2824.23
1637.59	2831.56
1639.13	2815.86
1640.67	2813.77
1642.21	2801.21
1643.74	2791.80
1645.28	2771.91
1646.81	2762.50
1648.35	2772.96
1649.88	2745.75
1651.42	2748.89
1652.95	2732.15
1654.49	2756.22
1656.02	2730.06
1657.55	2734.24
1659.09	2704.94
1660.62	2716.45
1662.15	2701.81
1663.68	2715.41
1665.22	2709.13
1666.75	2710.18
1668.28	2699.71
1669.81	2715.41
1671.34	2704.94
1672.87	2708.08
1674.40	2707.04
1675.93	2708.08
1677.46	2689.25
1678.99	2684.02
1680.52	2682.97
1682.04	2690.29
1683.57	2678.78
1685.10	2688.20
1686.63	2680.88
1688.15	2691.34
1689.68	2666.23
1691.21	2678.78
1692.73	2672.51
1694.26	2681.92
1695.78	2669.37
1697.31	2675.65
1698.83	2671.46
1700.36	2675.65
1701.88	2664.13
1703.40	2684.02
1704.93	2664.13
1706.45	2667.27
