896.35	3119.32
897.98	3137.11
899.60	3137.11
901.22	3167.45
902.85	3150.71
904.47	3183.15
906.10	3178.96
907.72	3187.34
909.34	3194.66
910.97	3223.96
912.59	3236.52
914.21	3291.98
915.84	3326.51
917.46	3390.34
919.08	3411.26
920.71	3447.89
922.33	3461.49
923.95	3486.61
925.58	3502.30
927.20	3512.77
928.82	3507.53
930.44	3548.34
932.07	3528.46
933.69	3538.93
935.31	3545.20
936.93	3569.27
938.56	3562.99
940.18	3578.69
941.80	3567.18
943.42	3600.66
945.05	3595.43
946.67	3593.34
948.29	3584.97
949.91	3594.38
951.53	3596.48
953.16	3611.13
954.78	3592.29
956.40	3597.52
958.02	3590.20
959.64	3604.85
961.26	3589.15
962.88	3600.66
964.51	3576.60
966.13	3606.94
967.75	3588.11
969.37	3588.11
970.99	3586.01
972.61	3597.52
974.23	3588.11
975.85	3603.80
977.47	3600.66
979.09	3602.76
980.71	3578.69
982.33	3602.76
983.95	3597.52
985.57	3627.87
987.19	3603.80
988.81	3621.59
990.43	3600.66
992.05	3623.68
993.67	3632.06
995.29	3646.70
996.91	3624.73
998.53	3656.12
1000.15	3641.47
1001.77	3667.63
1003.39	3666.59
1005.01	3667.63
1006.63	3666.59
1008.25	3688.56
1009.86	3695.89
1011.48	3696.93
1013.10	3693.79
1014.72	3712.63
1016.34	3694.84
1017.96	3733.56
1019.58	3716.81
1021.19	3719.95
1022.81	3711.58
1024.43	3746.11
1026.05	3725.18
1027.66	3757.62
1029.28	3742.97
1030.90	3763.90
1032.52	3745.07
1034.13	3775.41
1035.75	3758.67
1037.37	3772.27
1038.98	3771.23
1040.60	3772.27
1042.22	3746.11
1043.83	3771.23
1045.45	3759.72
1047.07	3772.27
1048.68	3763.90
1050.30	3776.46
1051.92	3771.23
1053.53	3779.60
1055.15	3776.46
1056.76	3768.09
1058.38	3761.81
1059.99	3781.69
1061.61	3763.90
1063.22	3763.90
1064.84	3764.95
1066.46	3767.04
1068.07	3752.39
1069.68	3770.18
1071.30	3763.90
1072.91	3772.27
1074.53	3749.25
1076.14	3767.04
1077.76	3748.21
1079.37	3757.62
1080.98	3719.95
1082.60	3755.53
1084.21	3738.79
1085.83	3747.16
1087.44	3738.79
1089.05	3732.51
1090.67	3724.14
1092.28	3733.56
1093.89	3722.05
1095.50	3731.46
1097.12	3709.49
1098.73	3732.51
1100.34	3696.93
1101.95	3719.95
1103.57	3708.44
1105.18	3717.86
1106.79	3709.49
1108.40	3732.51
1110.01	3708.44
1111.63	3725.18
1113.24	3717.86
1114.85	3730.42
1116.46	3708.44
1118.07	3726.23
1119.68	3694.84
1121.29	3717.86
1122.90	3700.07
1124.51	3717.86
1126.12	3715.77
1127.73	3731.46
1129.34	3714.72
1130.95	3723.09
1132.56	3713.67
1134.17	3695.89
1135.78	3696.93
1137.39	3721.00
1139.00	3705.30
1140.61	3712.63
1142.22	3697.98
1143.83	3700.07
1145.44	3697.98
1147.05	3703.21
1148.65	3695.89
1150.26	3690.65
1151.87	3684.38
1153.48	3691.70
1155.09	3701.12
1156.69	3708.44
1158.30	3684.38
1159.91	3703.21
1161.52	3693.79
1163.12	3707.40
1164.73	3692.75
1166.34	3721.00
1167.94	3694.84
1169.55	3718.91
1171.16	3695.89
1172.76	3715.77
1174.37	3685.42
1175.97	3707.40
1177.58	3678.10
1179.19	3704.26
1180.79	3678.10
1182.40	3696.93
1184.00	3682.28
1185.61	3707.40
1187.21	3702.16
1188.82	3702.16
1190.42	3693.79
1192.02	3701.12
1193.63	3673.91
1195.23	3700.07
1196.84	3682.28
1198.44	3696.93
1200.04	3696.93
1201.65	3705.30
1203.25	3687.51
1204.85	3708.44
1206.46	3673.91
1208.06	3688.56
1209.66	3669.73
1211.26	3691.70
1212.87	3691.70
1214.47	3683.33
1216.07	3668.68
1217.67	3680.19
1219.27	3655.08
1220.87	3665.54
1222.48	3651.94
1224.08	3664.49
1225.68	3656.12
1227.28	3660.31
1228.88	3640.43
1230.48	3657.17
1232.08	3628.92
1233.68	3655.08
1235.28	3648.80
1236.88	3634.15
1238.48	3612.17
1240.08	3643.57
1241.68	3606.94
1243.28	3626.82
1244.87	3603.80
1246.47	3615.31
1248.07	3587.06
1249.67	3611.13
1251.27	3610.08
1252.87	3591.25
1254.46	3575.55
1256.06	3582.87
1257.66	3570.32
1259.26	3572.41
1260.85	3570.32
1262.45	3568.22
1264.05	3569.27
1265.64	3574.50
1267.24	3566.13
1268.83	3574.50
1270.43	3549.39
1272.03	3576.60
1273.62	3552.53
1275.22	3545.20
1276.81	3547.30
1278.41	3555.67
1280.00	3546.25
1281.60	3553.58
1283.19	3528.46
1284.79	3548.34
1286.38	3515.90
1287.97	3535.79
1289.57	3519.04
1291.16	3520.09
1292.75	3508.58
1294.35	3527.42
1295.94	3504.39
1297.53	3513.81
1299.12	3498.12
1300.72	3508.58
1302.31	3468.82
1303.90	3510.67
1305.49	3510.67
1307.08	3487.65
1308.68	3474.05
1310.27	3484.51
1311.86	3468.82
1313.45	3467.77
1315.04	3458.35
1316.63	3465.68
1318.22	3458.35
1319.81	3455.21
1321.40	3432.19
1322.99	3445.80
1324.58	3422.78
1326.17	3432.19
1327.75	3417.54
1329.34	3426.96
1330.93	3412.31
1332.52	3403.94
1334.11	3397.66
1335.70	3401.85
1337.28	3377.78
1338.87	3388.24
1340.46	3374.64
1342.05	3381.97
1343.63	3366.27
1345.22	3364.18
1346.81	3361.04
1348.39	3364.18
1349.98	3350.57
1351.56	3342.20
1353.15	3328.60
1354.73	3333.83
1356.32	3302.44
1357.90	3305.58
1359.49	3303.49
1361.07	3288.84
1362.66	3268.95
1364.24	3281.51
1365.82	3272.09
1367.41	3279.42
1368.99	3253.26
1370.57	3241.75
1372.16	3246.98
1373.74	3251.17
1375.32	3226.05
1376.91	3214.54
1378.49	3181.06
1380.07	3148.62
1381.65	3135.02
1383.23	3111.99
1384.81	3103.62
1386.39	3102.58
1387.97	3100.48
1389.55	3087.93
1391.14	3069.09
1392.72	3049.21
1394.29	3038.75
1395.87	3028.28
1397.45	3008.40
1399.03	3005.26
1400.61	2987.47
1402.19	2979.10
1403.77	2957.13
1405.35	2974.92
1406.92	2957.13
1408.50	2959.22
1410.08	2962.36
1411.66	2943.52
1413.23	2945.62
1414.81	2946.66
1416.39	2924.69
1417.96	2939.34
1419.54	2922.60
1421.12	2933.06
1422.69	2938.29
1424.27	2921.55
1425.84	2927.83
1427.42	2910.04
1428.99	2917.36
1430.57	2918.41
1432.14	2908.99
1433.71	2910.04
1435.29	2922.60
1436.86	2913.18
1438.43	2910.04
1440.01	2907.95
1441.58	2783.42
1443.15	2910.04
1444.72	2918.41
1446.30	2910.04
1447.87	2914.22
1449.44	2894.34
1451.01	2888.06
1452.58	2913.18
1454.15	2906.90
1455.72	2899.58
1457.29	2895.39
1458.86	2901.67
1460.43	2894.34
1462.00	2907.95
1463.57	2901.67
1465.14	2903.76
1466.71	2890.16
1468.28	2894.34
1469.85	2908.99
1471.41	2916.32
1472.98	2902.71
1474.55	2920.50
1476.12	2905.85
1477.68	2903.76
1479.25	2917.36
1480.82	2914.22
1482.38	2916.32
1483.95	2902.71
1485.51	2912.13
1487.08	2929.92
1488.64	2934.11
1490.21	2935.15
1491.77	2916.32
1493.34	2933.06
1494.90	2920.50
1496.46	2926.78
1498.03	2933.06
1499.59	2936.20
1501.15	2936.20
1502.72	2945.62
1504.28	2934.11
1505.84	2927.83
1507.40	2927.83
1508.97	2943.52
1510.53	2943.52
1512.09	2959.22
1513.65	2957.13
1515.21	2953.99
1516.77	2942.48
1518.33	2962.36
1519.89	2960.27
1521.45	2952.94
1523.01	2956.08
1524.57	2965.50
1526.13	2960.27
1527.68	2969.68
1529.24	2964.45
1530.80	2963.41
1532.36	2960.27
1533.92	2963.41
1535.47	2952.94
1537.03	2960.27
1538.59	2962.36
1540.14	2969.68
1541.70	2959.22
1543.25	2974.92
1544.81	2959.22
1546.36	2965.50
1547.92	2951.90
1549.47	2963.41
1551.03	2961.31
1552.58	2959.22
1554.13	2951.90
1555.69	2962.36
1557.24	2955.03
1558.79	2952.94
1560.35	2950.85
1561.90	2966.54
1563.45	2949.80
1565.00	2956.08
1566.55	2946.66
1568.10	2952.94
1569.66	2943.52
1571.21	2960.27
1572.76	2945.62
1574.31	2953.99
1575.86	2951.90
1577.40	2940.38
1578.95	2937.25
1580.50	2935.15
1582.05	2929.92
1583.60	2938.29
1585.15	2922.60
1586.69	2928.87
1588.24	2933.06
1589.79	2941.43
1591.34	2923.64
1592.88	2947.71
1594.43	2920.50
1595.97	2933.06
1597.52	2922.60
1599.06	2925.74
1600.61	2924.69
1602.15	2943.52
1603.70	2918.41
1605.24	2925.74
1606.79	2920.50
1608.33	2915.27
1609.87	2908.99
1611.41	2915.27
1612.96	2911.09
1614.50	2903.76
1616.04	2904.81
1617.58	2910.04
1619.12	2906.90
1620.67	2915.27
1622.21	2887.02
1623.75	2913.18
1625.29	2884.93
1626.83	2889.11
1628.37	2901.67
1629.90	2879.69
1631.44	2878.65
1632.98	2882.83
1634.52	2866.09
1636.06	2853.53
1637.59	2852.49
1639.13	2844.12
1640.67	2829.47
1642.21	2821.10
1643.74	2810.63
1645.28	2790.75
1646.81	2787.61
1648.35	2794.94
1649.88	2757.26
1651.42	2766.68
1652.95	2752.03
1654.49	2770.87
1656.02	2742.62
1657.55	2740.52
1659.09	2718.55
1660.62	2739.48
1662.15	2726.92
1663.68	2734.24
1665.22	2717.50
1666.75	2717.50
1668.28	2707.04
1669.81	2734.24
1671.34	2721.69
1672.87	2717.50
1674.40	2723.78
1675.93	2709.13
1677.46	2698.67
1678.99	2698.67
1680.52	2703.90
1682.04	2710.18
1683.57	2701.81
1685.10	2696.57
1686.63	2682.97
1688.15	2695.53
1689.68	2687.16
1691.21	2686.11
1692.73	2693.43
1694.26	2700.76
1695.78	2682.97
1697.31	2692.39
1698.83	2676.69
1700.36	2690.29
1701.88	2675.65
1703.40	2682.97
1704.93	2673.55
1706.45	2678.78
