896.35	2806.45
897.98	2810.63
899.60	2819.00
901.22	2840.98
902.85	2830.51
904.47	2839.93
906.10	2842.02
907.72	2837.84
909.34	2851.44
910.97	2862.95
912.59	2872.37
914.21	2884.93
915.84	2896.44
917.46	2913.18
919.08	2937.25
920.71	2925.74
922.33	2945.62
923.95	2944.57
925.58	2975.96
927.20	2962.36
928.82	2977.01
930.44	2984.33
932.07	2970.73
933.69	2963.41
935.31	2975.96
936.93	2983.29
938.56	2982.24
940.18	2985.38
941.80	2988.52
943.42	2995.84
945.05	3004.22
946.67	2987.47
948.29	2998.98
949.91	2991.66
951.53	3011.54
953.16	3013.63
954.78	3017.82
956.40	2995.84
958.02	3008.40
959.64	2989.57
961.26	2997.94
962.88	2994.80
964.51	3000.03
966.13	3012.59
967.75	3026.19
969.37	2994.80
970.99	3002.12
972.61	2995.84
974.23	3013.63
975.85	3005.26
977.47	3019.91
979.09	3008.40
980.71	3003.17
982.33	3002.12
983.95	3017.82
985.57	3023.05
987.19	3011.54
988.81	3017.82
990.43	3020.96
992.05	3015.73
993.67	3029.33
995.29	3012.59
996.91	3009.45
998.53	3024.10
1000.15	3040.84
1001.77	3035.61
1003.39	3049.21
1005.01	3036.65
1006.63	3041.89
1008.25	3042.93
1009.86	3059.67
1011.48	3045.02
1013.10	3053.40
1014.72	3053.40
1016.34	3061.77
1017.96	3071.18
1019.58	3059.67
1021.19	3057.58
1022.81	3058.63
1024.43	3069.09
1026.05	3063.86
1027.66	3072.23
1029.28	3069.09
1030.90	3065.95
1032.52	3060.72
1034.13	3063.86
1035.75	3085.83
1037.37	3078.51
1038.98	3091.07
1040.60	3075.37
1042.22	3073.28
1043.83	3065.95
1045.45	3086.88
1047.07	3078.51
1048.68	3095.25
1050.30	3075.37
1051.92	3082.70
1053.53	3075.37
1055.15	3081.65
1056.76	3079.56
1058.38	3088.97
1059.99	3087.93
1061.61	3088.97
1063.22	3075.37
1064.84	3087.93
1066.46	3080.60
1068.07	3087.93
1069.68	3071.18
1071.30	3087.93
1072.91	3074.32
1074.53	3085.83
1076.14	3090.02
1077.76	3086.88
1079.37	3073.28
1080.98	3056.54
1082.60	3070.14
1084.21	3073.28
1085.83	3064.91
1087.44	3078.51
1089.05	3063.86
1090.67	3073.28
1092.28	3058.63
1093.89	3074.32
1095.50	3072.23
1097.12	3068.05
1098.73	3070.14
1100.34	3051.30
1101.95	3070.14
1103.57	3072.23
1105.18	3063.86
1106.79	3061.77
1108.40	3071.18
1110.01	3074.32
1111.63	3073.28
1113.24	3069.09
1114.85	3065.95
1116.46	3069.09
1118.07	3075.37
1119.68	3065.95
1121.29	3065.95
1122.90	3074.32
1124.51	3064.91
1126.12	3081.65
1127.73	3069.09
1129.34	3078.51
1130.95	3085.83
1132.56	3087.93
1134.17	3054.44
1135.78	3064.91
1137.39	3068.05
1139.00	3060.72
1140.61	3065.95
1142.22	3071.18
1143.83	3062.81
1145.44	3067.00
1147.05	3075.37
1148.65	3076.42
1150.26	3051.30
1151.87	3055.49
1153.48	3060.72
1155.09	3076.42
1156.69	3062.81
1158.30	3063.86
1159.91	3059.67
1161.52	3075.37
1163.12	3070.14
1164.73	3060.72
1166.34	3069.09
1167.94	3058.63
1169.55	3063.86
1171.16	3062.81
1172.76	3062.81
1174.37	3069.09
1175.97	3068.05
1177.58	3057.58
1179.19	3071.18
1180.79	3065.95
1182.40	3068.05
1184.00	3072.23
1185.61	3073.28
1187.21	3067.00
1188.82	3063.86
1190.42	3060.72
1192.02	3056.54
1193.63	3053.40
1195.23	3060.72
1196.84	3064.91
1198.44	3058.63
1200.04	3070.14
1201.65	3068.05
1203.25	3065.95
1204.85	3069.09
1206.46	3056.54
1208.06	3055.49
1209.66	3055.49
1211.26	3050.26
1212.87	3070.14
1214.47	3053.40
1216.07	3068.05
1217.67	3064.91
1219.27	3053.40
1220.87	3054.44
1222.48	3067.00
1224.08	3049.21
1225.68	3054.44
1227.28	3051.30
1228.88	3058.63
1230.48	3057.58
1232.08	3047.12
1233.68	3051.30
1235.28	3058.63
1236.88	3045.02
1238.48	3041.89
1240.08	3064.91
1241.68	3043.98
1243.28	3041.89
1244.87	3038.75
1246.47	3035.61
1248.07	3037.70
1249.67	3038.75
1251.27	3047.12
1252.87	3030.38
1254.46	3031.42
1256.06	3031.42
1257.66	3025.14
1259.26	3011.54
1260.85	3028.28
1262.45	3023.05
1264.05	3026.19
1265.64	3013.63
1267.24	3024.10
1268.83	3028.28
1270.43	3026.19
1272.03	3035.61
1273.62	3028.28
1275.22	3002.12
1276.81	3023.05
1278.41	3014.68
1280.00	3033.51
1281.60	3019.91
1283.19	3022.00
1284.79	3016.77
1286.38	3022.00
1287.97	3025.14
1289.57	3007.35
1291.16	3012.59
1292.75	3007.35
1294.35	2998.98
1295.94	3005.26
1297.53	3005.26
1299.12	2995.84
1300.72	3009.45
1302.31	2988.52
1303.90	3011.54
1305.49	3017.82
1307.08	2989.57
1308.68	2983.29
1310.27	2993.75
1311.86	2997.94
1313.45	2993.75
1315.04	2997.94
1316.63	2991.66
1318.22	2989.57
1319.81	2971.78
1321.40	2978.06
1322.99	2982.24
1324.58	2975.96
1326.17	2981.19
1327.75	2974.92
1329.34	2969.68
1330.93	2960.27
1332.52	2961.31
1334.11	2964.45
1335.70	2963.41
1337.28	2956.08
1338.87	2952.94
1340.46	2957.13
1342.05	2959.22
1343.63	2948.76
1345.22	2941.43
1346.81	2958.17
1348.39	2953.99
1349.98	2955.03
1351.56	2932.01
1353.15	2940.38
1354.73	2938.29
1356.32	2928.87
1357.90	2924.69
1359.49	2944.57
1361.07	2922.60
1362.66	2912.13
1364.24	2912.13
1365.82	2918.41
1367.41	2924.69
1368.99	2906.90
1370.57	2899.58
1372.16	2908.99
1373.74	2903.76
1375.32	2900.62
1376.91	2888.06
1378.49	2874.46
1380.07	2858.77
1381.65	2865.04
1383.23	2846.21
1384.81	2855.63
1386.39	2844.12
1387.97	2851.44
1389.55	2838.88
1391.14	2837.84
1392.72	2824.23
1394.29	2828.42
1395.87	2823.19
1397.45	2805.40
1399.03	2803.31
1400.61	2809.58
1402.19	2805.40
1403.77	2799.12
1405.35	2811.68
1406.92	2795.98
1408.50	2795.98
1410.08	2795.98
1411.66	2787.61
1413.23	2787.61
1414.81	2791.80
1416.39	2775.05
1417.96	2790.75
1419.54	2790.75
1421.12	2783.42
1422.69	2787.61
1424.27	2776.10
1425.84	2783.42
1427.42	2776.10
1428.99	2778.19
1430.57	2775.05
1432.14	2774.01
1433.71	2775.05
1435.29	2788.66
1436.86	2781.33
1438.43	2776.10
1440.01	2765.64
1441.58	2644.25
1443.15	2772.96
1444.72	2778.19
1446.30	2768.78
1447.87	2782.38
1449.44	2768.78
1451.01	2755.17
1452.58	2775.05
1454.15	2777.15
1455.72	2758.31
1457.29	2763.54
1458.86	2770.87
1460.43	2771.91
1462.00	2786.56
1463.57	2769.82
1465.14	2776.10
1466.71	2767.73
1468.28	2774.01
1469.85	2775.05
1471.41	2780.29
1472.98	2768.78
1474.55	2786.56
1476.12	2760.40
1477.68	2770.87
1479.25	2788.66
1480.82	2775.05
1482.38	2776.10
1483.95	2764.59
1485.51	2779.24
1487.08	2789.70
1488.64	2787.61
1490.21	2784.47
1491.77	2769.82
1493.34	2789.70
1494.90	2782.38
1496.46	2779.24
1498.03	2782.38
1499.59	2776.10
1501.15	2778.19
1502.72	2784.47
1504.28	2787.61
1505.84	2774.01
1507.40	2779.24
1508.97	2788.66
1510.53	2784.47
1512.09	2799.12
1513.65	2801.21
1515.21	2799.12
1516.77	2780.29
1518.33	2799.12
1519.89	2797.03
1521.45	2795.98
1523.01	2788.66
1524.57	2793.89
1526.13	2792.84
1527.68	2801.21
1529.24	2808.54
1530.80	2791.80
1532.36	2800.17
1533.92	2791.80
1535.47	2787.61
1537.03	2790.75
1538.59	2804.35
1540.14	2791.80
1541.70	2787.61
1543.25	2808.54
1544.81	2802.26
1546.36	2794.94
1547.92	2785.52
1549.47	2788.66
1551.03	2785.52
1552.58	2786.56
1554.13	2784.47
1555.69	2797.03
1557.24	2792.84
1558.79	2784.47
1560.35	2787.61
1561.90	2790.75
1563.45	2782.38
1565.00	2783.42
1566.55	2786.56
1568.10	2787.61
1569.66	2780.29
1571.21	2791.80
1572.76	2788.66
1574.31	2791.80
1575.86	2785.52
1577.40	2782.38
1578.95	2783.42
1580.50	2776.10
1582.05	2758.31
1583.60	2761.45
1585.15	2771.91
1586.69	2778.19
1588.24	2779.24
1589.79	2781.33
1591.34	2758.31
1592.88	2785.52
1594.43	2761.45
1595.97	2770.87
1597.52	2767.73
1599.06	2765.64
1600.61	2776.10
1602.15	2786.56
1603.70	2766.68
1605.24	2770.87
1606.79	2775.05
1608.33	2762.50
1609.87	2759.36
1611.41	2774.01
1612.96	2768.78
1614.50	2750.99
1616.04	2756.22
1617.58	2763.54
1619.12	2753.08
1620.67	2766.68
1622.21	2736.34
1623.75	2759.36
1625.29	2740.52
1626.83	2746.80
1628.37	2769.82
1629.90	2744.71
1631.44	2738.43
1632.98	2739.48
1634.52	2730.06
1636.06	2731.10
1637.59	2747.85
1639.13	2734.24
1640.67	2739.48
1642.21	2717.50
1643.74	2724.83
1645.28	2709.13
1646.81	2701.81
1648.35	2709.13
1649.88	2691.34
1651.42	2696.57
1652.95	2680.88
1654.49	2710.18
1656.02	2687.16
1657.55	2692.39
1659.09	2665.18
1660.62	2685.06
1662.15	2677.74
1663.68	2685.06
1665.22	2667.27
1666.75	2670.41
1668.28	2672.51
1669.81	2686.11
1671.34	2666.23
1672.87	2671.46
1674.40	2673.55
1675.93	2666.23
1677.46	2656.81
1678.99	2654.72
1680.52	2649.49
1682.04	2664.13
1683.57	2649.49
1685.10	2654.72
1686.63	2646.35
1688.15	2648.44
1689.68	2636.93
1691.21	2646.35
1692.73	2651.58
1694.26	2653.67
1695.78	2641.11
1697.31	2657.86
1698.83	2637.97
1700.36	2653.67
1701.88	2642.16
1703.40	2657.86
1704.93	2628.56
1706.45	2633.79
