896.35	2907.95
897.98	2917.36
899.60	2930.97
901.22	2940.38
902.85	2939.34
904.47	2947.71
906.10	2956.08
907.72	2953.99
909.34	2969.68
910.97	2974.92
912.59	2993.75
914.21	3017.82
915.84	3034.56
917.46	3068.05
919.08	3084.79
920.71	3085.83
922.33	3108.86
923.95	3115.13
925.58	3142.34
927.20	3129.78
928.82	3144.43
930.44	3159.08
932.07	3151.76
933.69	3142.34
935.31	3151.76
936.93	3164.31
938.56	3180.01
940.18	3169.55
941.80	3173.73
943.42	3184.20
945.05	3192.57
946.67	3181.06
948.29	3191.52
949.91	3178.96
951.53	3200.94
953.16	3198.85
954.78	3206.17
956.40	3188.38
958.02	3193.61
959.64	3186.29
961.26	3190.47
962.88	3183.15
964.51	3182.10
966.13	3196.75
967.75	3197.80
969.37	3189.43
970.99	3191.52
972.61	3187.34
974.23	3196.75
975.85	3188.38
977.47	3197.80
979.09	3188.38
980.71	3190.47
982.33	3197.80
983.95	3201.98
985.57	3212.45
987.19	3201.98
988.81	3214.54
990.43	3214.54
992.05	3212.45
993.67	3230.24
995.29	3205.12
996.91	3208.26
998.53	3232.33
1000.15	3238.61
1001.77	3240.70
1003.39	3243.84
1005.01	3239.66
1006.63	3248.03
1008.25	3251.17
1009.86	3258.49
1011.48	3246.98
1013.10	3255.35
1014.72	3272.09
1016.34	3274.19
1017.96	3277.33
1019.58	3263.72
1021.19	3263.72
1022.81	3280.46
1024.43	3281.51
1026.05	3284.65
1027.66	3297.21
1029.28	3291.98
1030.90	3291.98
1032.52	3282.56
1034.13	3297.21
1035.75	3297.21
1037.37	3291.98
1038.98	3311.86
1040.60	3298.25
1042.22	3287.79
1043.83	3296.16
1045.45	3303.49
1047.07	3304.53
1048.68	3311.86
1050.30	3303.49
1051.92	3318.14
1053.53	3301.39
1055.15	3301.39
1056.76	3308.72
1058.38	3309.76
1059.99	3308.72
1061.61	3304.53
1063.22	3299.30
1064.84	3312.90
1066.46	3302.44
1068.07	3298.25
1069.68	3299.30
1071.30	3318.14
1072.91	3305.58
1074.53	3302.44
1076.14	3305.58
1077.76	3293.02
1079.37	3301.39
1080.98	3279.42
1082.60	3288.84
1084.21	3300.35
1085.83	3286.74
1087.44	3288.84
1089.05	3278.37
1090.67	3284.65
1092.28	3279.42
1093.89	3286.74
1095.50	3280.46
1097.12	3281.51
1098.73	3288.84
1100.34	3268.95
1101.95	3277.33
1103.57	3283.60
1105.18	3276.28
1106.79	3272.09
1108.40	3270.00
1110.01	3275.23
1111.63	3282.56
1113.24	3297.21
1114.85	3280.46
1116.46	3270.00
1118.07	3281.51
1119.68	3268.95
1121.29	3278.37
1122.90	3274.19
1124.51	3280.46
1126.12	3295.11
1127.73	3297.21
1129.34	3291.98
1130.95	3291.98
1132.56	3288.84
1134.17	3268.95
1135.78	3270.00
1137.39	3278.37
1139.00	3274.19
1140.61	3281.51
1142.22	3283.60
1143.83	3270.00
1145.44	3280.46
1147.05	3279.42
1148.65	3287.79
1150.26	3280.46
1151.87	3273.14
1153.48	3274.19
1155.09	3279.42
1156.69	3282.56
1158.30	3267.91
1159.91	3275.23
1161.52	3281.51
1163.12	3278.37
1164.73	3280.46
1166.34	3287.79
1167.94	3281.51
1169.55	3280.46
1171.16	3278.37
1172.76	3281.51
1174.37	3279.42
1175.97	3291.98
1177.58	3264.77
1179.19	3283.60
1180.79	3280.46
1182.40	3281.51
1184.00	3271.05
1185.61	3281.51
1187.21	3281.51
1188.82	3278.37
1190.42	3290.93
1192.02	3278.37
1193.63	3272.09
1195.23	3284.65
1196.84	3281.51
1198.44	3279.42
1200.04	3287.79
1201.65	3281.51
1203.25	3283.60
1204.85	3286.74
1206.46	3270.00
1208.06	3266.86
1209.66	3266.86
1211.26	3267.91
1212.87	3287.79
1214.47	3263.72
1216.07	3272.09
1217.67	3271.05
1219.27	3268.95
1220.87	3265.82
1222.48	3268.95
1224.08	3254.30
1225.68	3256.40
1227.28	3267.91
1228.88	3261.63
1230.48	3266.86
1232.08	3249.07
1233.68	3258.49
1235.28	3267.91
1236.88	3251.17
1238.48	3245.93
1240.08	3268.95
1241.68	3232.33
1243.28	3238.61
1244.87	3231.28
1246.47	3228.14
1248.07	3222.91
1249.67	3232.33
1251.27	3243.84
1252.87	3225.01
1254.46	3221.87
1256.06	3226.05
1257.66	3228.14
1259.26	3216.63
1260.85	3230.24
1262.45	3219.77
1264.05	3218.73
1265.64	3211.40
1267.24	3219.77
1268.83	3226.05
1270.43	3213.50
1272.03	3229.19
1273.62	3212.45
1275.22	3192.57
1276.81	3209.31
1278.41	3200.94
1280.00	3213.50
1281.60	3204.08
1283.19	3199.89
1284.79	3200.94
1286.38	3195.71
1287.97	3193.61
1289.57	3186.29
1291.16	3187.34
1292.75	3186.29
1294.35	3190.47
1295.94	3188.38
1297.53	3191.52
1299.12	3181.06
1300.72	3189.43
1302.31	3164.31
1303.90	3192.57
1305.49	3192.57
1307.08	3180.01
1308.68	3171.64
1310.27	3171.64
1311.86	3167.45
1313.45	3159.08
1315.04	3154.90
1316.63	3154.90
1318.22	3158.04
1319.81	3150.71
1321.40	3154.90
1322.99	3162.22
1324.58	3141.29
1326.17	3137.11
1327.75	3140.25
1329.34	3140.25
1330.93	3144.43
1332.52	3123.50
1334.11	3124.55
1335.70	3122.46
1337.28	3115.13
1338.87	3119.32
1340.46	3114.09
1342.05	3106.76
1343.63	3100.48
1345.22	3100.48
1346.81	3107.81
1348.39	3099.44
1349.98	3097.34
1351.56	3094.21
1353.15	3088.97
1354.73	3086.88
1356.32	3071.18
1357.90	3069.09
1359.49	3067.00
1361.07	3051.30
1362.66	3054.44
1364.24	3055.49
1365.82	3058.63
1367.41	3056.54
1368.99	3037.70
1370.57	3031.42
1372.16	3051.30
1373.74	3038.75
1375.32	3047.12
1376.91	3015.73
1378.49	2990.61
1380.07	2979.10
1381.65	2973.87
1383.23	2961.31
1384.81	2958.17
1386.39	2951.90
1387.97	2958.17
1389.55	2943.52
1391.14	2930.97
1392.72	2910.04
1394.29	2913.18
1395.87	2914.22
1397.45	2901.67
1399.03	2898.53
1400.61	2899.58
1402.19	2885.97
1403.77	2873.42
1405.35	2880.74
1406.92	2866.09
1408.50	2875.51
1410.08	2876.55
1411.66	2865.04
1413.23	2868.18
1414.81	2867.14
1416.39	2844.12
1417.96	2857.72
1419.54	2855.63
1421.12	2857.72
1422.69	2857.72
1424.27	2844.12
1425.84	2853.53
1427.42	2856.67
1428.99	2852.49
1430.57	2852.49
1432.14	2843.07
1433.71	2844.12
1435.29	2854.58
1436.86	2845.16
1438.43	2836.79
1440.01	2837.84
1441.58	2786.56
1443.15	2846.21
1444.72	2853.53
1446.30	2847.26
1447.87	2848.30
1449.44	2840.98
1451.01	2832.61
1452.58	2844.12
1454.15	2844.12
1455.72	2832.61
1457.29	2838.88
1458.86	2852.49
1460.43	2838.88
1462.00	2857.72
1463.57	2833.65
1465.14	2845.16
1466.71	2836.79
1468.28	2845.16
1469.85	2846.21
1471.41	2849.35
1472.98	2843.07
1474.55	2854.58
1476.12	2842.02
1477.68	2836.79
1479.25	2846.21
1480.82	2836.79
1482.38	2848.30
1483.95	2839.93
1485.51	2853.53
1487.08	2862.95
1488.64	2854.58
1490.21	2851.44
1491.77	2848.30
1493.34	2859.81
1494.90	2840.98
1496.46	2850.39
1498.03	2857.72
1499.59	2858.77
1501.15	2858.77
1502.72	2858.77
1504.28	2847.26
1505.84	2857.72
1507.40	2849.35
1508.97	2864.00
1510.53	2861.90
1512.09	2865.04
1513.65	2864.00
1515.21	2865.04
1516.77	2849.35
1518.33	2867.14
1519.89	2861.90
1521.45	2870.28
1523.01	2875.51
1524.57	2871.32
1526.13	2862.95
1527.68	2871.32
1529.24	2868.18
1530.80	2868.18
1532.36	2868.18
1533.92	2864.00
1535.47	2856.67
1537.03	2869.23
1538.59	2873.42
1540.14	2866.09
1541.70	2856.67
1543.25	2878.65
1544.81	2862.95
1546.36	2867.14
1547.92	2859.81
1549.47	2874.46
1551.03	2872.37
1552.58	2859.81
1554.13	2857.72
1555.69	2861.90
1557.24	2857.72
1558.79	2858.77
1560.35	2858.77
1561.90	2862.95
1563.45	2849.35
1565.00	2853.53
1566.55	2848.30
1568.10	2855.63
1569.66	2847.26
1571.21	2867.14
1572.76	2856.67
1574.31	2854.58
1575.86	2853.53
1577.40	2845.16
1578.95	2845.16
1580.50	2846.21
1582.05	2832.61
1583.60	2832.61
1585.15	2826.33
1586.69	2840.98
1588.24	2846.21
1589.79	2854.58
1591.34	2832.61
1592.88	2856.67
1594.43	2832.61
1595.97	2843.07
1597.52	2833.65
1599.06	2834.70
1600.61	2834.70
1602.15	2853.53
1603.70	2836.79
1605.24	2839.93
1606.79	2835.74
1608.33	2825.28
1609.87	2824.23
1611.41	2834.70
1612.96	2834.70
1614.50	2820.05
1616.04	2822.14
1617.58	2828.42
1619.12	2815.86
1620.67	2829.47
1622.21	2804.35
1623.75	2831.56
1625.29	2812.72
1626.83	2807.49
1628.37	2821.10
1629.90	2799.12
1631.44	2799.12
1632.98	2800.17
1634.52	2776.10
1636.06	2786.56
1637.59	2795.98
1639.13	2781.33
1640.67	2776.10
1642.21	2766.68
1643.74	2755.17
1645.28	2741.57
1646.81	2744.71
1648.35	2745.75
1649.88	2715.41
1651.42	2726.92
1652.95	2700.76
1654.49	2721.69
1656.02	2703.90
1657.55	2707.04
1659.09	2692.39
1660.62	2713.32
1662.15	2698.67
1663.68	2691.34
1665.22	2681.92
1666.75	2681.92
1668.28	2674.60
1669.81	2698.67
1671.34	2686.11
1672.87	2688.20
1674.40	2693.43
1675.93	2680.88
1677.46	2665.18
1678.99	2665.18
1680.52	2669.37
1682.04	2685.06
1683.57	2675.65
1685.10	2684.02
1686.63	2667.27
1688.15	2672.51
1689.68	2653.67
1691.21	2668.32
1692.73	2666.23
1694.26	2669.37
1695.78	2668.32
1697.31	2664.13
1698.83	2656.81
1700.36	2656.81
1701.88	2652.62
1703.40	2665.18
1704.93	2651.58
1706.45	2656.81
