896.35	2710.18
897.98	2707.04
899.60	2714.36
901.22	2727.97
902.85	2718.55
904.47	2719.59
906.10	2724.83
907.72	2720.64
909.34	2746.80
910.97	2736.34
912.59	2755.17
914.21	2739.48
915.84	2756.22
917.46	2756.22
919.08	2769.82
920.71	2760.40
922.33	2785.52
923.95	2774.01
925.58	2803.31
927.20	2774.01
928.82	2792.84
930.44	2799.12
932.07	2790.75
933.69	2772.96
935.31	2794.94
936.93	2786.56
938.56	2807.49
940.18	2792.84
941.80	2795.98
943.42	2785.52
945.05	2813.77
946.67	2791.80
948.29	2807.49
949.91	2792.84
951.53	2820.05
953.16	2808.54
954.78	2819.00
956.40	2790.75
958.02	2807.49
959.64	2802.26
961.26	2808.54
962.88	2803.31
964.51	2800.17
966.13	2814.82
967.75	2831.56
969.37	2803.31
970.99	2816.91
972.61	2803.31
974.23	2813.77
975.85	2805.40
977.47	2821.10
979.09	2804.35
980.71	2804.35
982.33	2802.26
983.95	2827.37
985.57	2827.37
987.19	2820.05
988.81	2824.23
990.43	2824.23
992.05	2808.54
993.67	2833.65
995.29	2809.58
996.91	2811.68
998.53	2824.23
1000.15	2833.65
1001.77	2828.42
1003.39	2832.61
1005.01	2819.00
1006.63	2833.65
1008.25	2822.14
1009.86	2835.74
1011.48	2825.28
1013.10	2836.79
1014.72	2836.79
1016.34	2839.93
1017.96	2853.53
1019.58	2836.79
1021.19	2821.10
1022.81	2840.98
1024.43	2835.74
1026.05	2842.02
1027.66	2839.93
1029.28	2851.44
1030.90	2843.07
1032.52	2839.93
1034.13	2842.02
1035.75	2848.30
1037.37	2828.42
1038.98	2861.90
1040.60	2840.98
1042.22	2838.88
1043.83	2833.65
1045.45	2850.39
1047.07	2836.79
1048.68	2856.67
1050.30	2834.70
1051.92	2853.53
1053.53	2840.98
1055.15	2858.77
1056.76	2835.74
1058.38	2847.26
1059.99	2847.26
1061.61	2861.90
1063.22	2834.70
1064.84	2856.67
1066.46	2839.93
1068.07	2854.58
1069.68	2838.88
1071.30	2866.09
1072.91	2840.98
1074.53	2840.98
1076.14	2843.07
1077.76	2852.49
1079.37	2849.35
1080.98	2831.56
1082.60	2838.88
1084.21	2855.63
1085.83	2843.07
1087.44	2851.44
1089.05	2829.47
1090.67	2846.21
1092.28	2839.93
1093.89	2853.53
1095.50	2836.79
1097.12	2840.98
1098.73	2838.88
1100.34	2833.65
1101.95	2837.84
1103.57	2847.26
1105.18	2828.42
1106.79	2843.07
1108.40	2838.88
1110.01	2842.02
1111.63	2843.07
1113.24	2862.95
1114.85	2840.98
1116.46	2844.12
1118.07	2838.88
1119.68	2840.98
1121.29	2845.16
1122.90	2847.26
1124.51	2838.88
1126.12	2855.63
1127.73	2851.44
1129.34	2850.39
1130.95	2848.30
1132.56	2854.58
1134.17	2820.05
1135.78	2836.79
1137.39	2837.84
1139.00	2839.93
1140.61	2836.79
1142.22	2849.35
1143.83	2832.61
1145.44	2846.21
1147.05	2843.07
1148.65	2844.12
1150.26	2827.37
1151.87	2834.70
1153.48	2838.88
1155.09	2849.35
1156.69	2842.02
1158.30	2842.02
1159.91	2828.42
1161.52	2843.07
1163.12	2831.56
1164.73	2829.47
1166.34	2845.16
1167.94	2851.44
1169.55	2830.51
1171.16	2844.12
1172.76	2831.56
1174.37	2839.93
1175.97	2833.65
1177.58	2826.33
1179.19	2844.12
1180.79	2840.98
1182.40	2844.12
1184.00	2837.84
1185.61	2848.30
1187.21	2852.49
1188.82	2828.42
1190.42	2844.12
1192.02	2834.70
1193.63	2822.14
1195.23	2832.61
1196.84	2845.16
1198.44	2842.02
1200.04	2852.49
1201.65	2845.16
1203.25	2852.49
1204.85	2843.07
1206.46	2830.51
1208.06	2832.61
1209.66	2832.61
1211.26	2831.56
1212.87	2855.63
1214.47	2828.42
1216.07	2840.98
1217.67	2833.65
1219.27	2845.16
1220.87	2835.74
1222.48	2846.21
1224.08	2833.65
1225.68	2833.65
1227.28	2826.33
1228.88	2839.93
1230.48	2838.88
1232.08	2826.33
1233.68	2835.74
1235.28	2847.26
1236.88	2830.51
1238.48	2830.51
1240.08	2847.26
1241.68	2824.23
1243.28	2831.56
1244.87	2837.84
1246.47	2823.19
1248.07	2829.47
1249.67	2825.28
1251.27	2846.21
1252.87	2820.05
1254.46	2829.47
1256.06	2822.14
1257.66	2832.61
1259.26	2817.96
1260.85	2828.42
1262.45	2809.58
1264.05	2825.28
1265.64	2817.96
1267.24	2829.47
1268.83	2829.47
1270.43	2828.42
1272.03	2844.12
1273.62	2832.61
1275.22	2813.77
1276.81	2832.61
1278.41	2817.96
1280.00	2826.33
1281.60	2823.19
1283.19	2828.42
1284.79	2817.96
1286.38	2817.96
1287.97	2815.86
1289.57	2814.82
1291.16	2812.72
1292.75	2811.68
1294.35	2809.58
1295.94	2815.86
1297.53	2809.58
1299.12	2809.58
1300.72	2816.91
1302.31	2797.03
1303.90	2819.00
1305.49	2822.14
1307.08	2804.35
1308.68	2813.77
1310.27	2806.45
1311.86	2810.63
1313.45	2801.21
1315.04	2802.26
1316.63	2800.17
1318.22	2809.58
1319.81	2799.12
1321.40	2804.35
1322.99	2809.58
1324.58	2803.31
1326.17	2798.07
1327.75	2797.03
1329.34	2800.17
1330.93	2799.12
1332.52	2786.56
1334.11	2794.94
1335.70	2790.75
1337.28	2792.84
1338.87	2790.75
1340.46	2797.03
1342.05	2790.75
1343.63	2788.66
1345.22	2782.38
1346.81	2804.35
1348.39	2795.98
1349.98	2795.98
1351.56	2781.33
1353.15	2788.66
1354.73	2797.03
1356.32	2783.42
1357.90	2776.10
1359.49	2787.61
1361.07	2772.96
1362.66	2781.33
1364.24	2771.91
1365.82	2781.33
1367.41	2788.66
1368.99	2768.78
1370.57	2756.22
1372.16	2777.15
1373.74	2772.96
1375.32	2777.15
1376.91	2770.87
1378.49	2758.31
1380.07	2745.75
1381.65	2770.87
1383.23	2746.80
1384.81	2750.99
1386.39	2750.99
1387.97	2760.40
1389.55	2758.31
1391.14	2742.62
1392.72	2744.71
1394.29	2746.80
1395.87	2740.52
1397.45	2734.24
1399.03	2738.43
1400.61	2737.38
1402.19	2727.97
1403.77	2724.83
1405.35	2752.03
1406.92	2745.75
1408.50	2738.43
1410.08	2735.29
1411.66	2730.06
1413.23	2740.52
1414.81	2742.62
1416.39	2727.97
1417.96	2731.10
1419.54	2731.10
1421.12	2734.24
1422.69	2740.52
1424.27	2727.97
1425.84	2739.48
1427.42	2730.06
1428.99	2735.29
1430.57	2741.57
1432.14	2733.20
1433.71	2740.52
1435.29	2746.80
1436.86	2737.38
1438.43	2737.38
1440.01	2725.87
1441.58	2608.68
1443.15	2729.01
1444.72	2730.06
1446.30	2725.87
1447.87	2741.57
1449.44	2733.20
1451.01	2722.73
1452.58	2735.29
1454.15	2738.43
1455.72	2721.69
1457.29	2725.87
1458.86	2742.62
1460.43	2735.29
1462.00	2748.89
1463.57	2730.06
1465.14	2733.20
1466.71	2727.97
1468.28	2729.01
1469.85	2733.20
1471.41	2733.20
1472.98	2727.97
1474.55	2741.57
1476.12	2730.06
1477.68	2725.87
1479.25	2742.62
1480.82	2733.20
1482.38	2743.66
1483.95	2732.15
1485.51	2731.10
1487.08	2736.34
1488.64	2736.34
1490.21	2733.20
1491.77	2721.69
1493.34	2745.75
1494.90	2725.87
1496.46	2723.78
1498.03	2731.10
1499.59	2734.24
1501.15	2738.43
1502.72	2722.73
1504.28	2732.15
1505.84	2733.20
1507.40	2730.06
1508.97	2742.62
1510.53	2732.15
1512.09	2741.57
1513.65	2733.20
1515.21	2734.24
1516.77	2723.78
1518.33	2737.38
1519.89	2724.83
1521.45	2734.24
1523.01	2741.57
1524.57	2736.34
1526.13	2725.87
1527.68	2730.06
1529.24	2738.43
1530.80	2732.15
1532.36	2742.62
1533.92	2729.01
1535.47	2719.59
1537.03	2725.87
1538.59	2730.06
1540.14	2729.01
1541.70	2709.13
1543.25	2733.20
1544.81	2731.10
1546.36	2737.38
1547.92	2720.64
1549.47	2727.97
1551.03	2730.06
1552.58	2718.55
1554.13	2716.45
1555.69	2724.83
1557.24	2715.41
1558.79	2715.41
1560.35	2722.73
1561.90	2725.87
1563.45	2722.73
1565.00	2722.73
1566.55	2717.50
1568.10	2715.41
1569.66	2707.04
1571.21	2723.78
1572.76	2722.73
1574.31	2716.45
1575.86	2715.41
1577.40	2709.13
1578.95	2719.59
1580.50	2716.45
1582.05	2709.13
1583.60	2701.81
1585.15	2702.85
1586.69	2704.94
1588.24	2713.32
1589.79	2713.32
1591.34	2694.48
1592.88	2714.36
1594.43	2689.25
1595.97	2702.85
1597.52	2709.13
1599.06	2707.04
1600.61	2705.99
1602.15	2703.90
1603.70	2694.48
1605.24	2705.99
1606.79	2710.18
1608.33	2692.39
1609.87	2690.29
1611.41	2698.67
1612.96	2695.53
1614.50	2689.25
1616.04	2701.81
1617.58	2707.04
1619.12	2692.39
1620.67	2699.71
1622.21	2670.41
1623.75	2692.39
1625.29	2682.97
1626.83	2684.02
1628.37	2703.90
1629.90	2678.78
1631.44	2684.02
1632.98	2685.06
1634.52	2675.65
1636.06	2684.02
1637.59	2699.71
1639.13	2689.25
1640.67	2685.06
1642.21	2681.92
1643.74	2680.88
1645.28	2677.74
1646.81	2667.27
1648.35	2681.92
1649.88	2667.27
1651.42	2673.55
1652.95	2661.00
1654.49	2680.88
1656.02	2659.95
1657.55	2667.27
1659.09	2646.35
1660.62	2667.27
1662.15	2657.86
1663.68	2671.46
1665.22	2656.81
1666.75	2653.67
1668.28	2664.13
1669.81	2674.60
1671.34	2649.49
1672.87	2652.62
1674.40	2663.09
1675.93	2656.81
1677.46	2645.30
1678.99	2645.30
1680.52	2647.39
1682.04	2654.72
1683.57	2644.25
1685.10	2650.53
1686.63	2636.93
1688.15	2643.21
1689.68	2644.25
1691.21	2646.35
1692.73	2641.11
1694.26	2646.35
1695.78	2636.93
1697.31	2640.07
1698.83	2630.65
1700.36	2644.25
1701.88	2632.74
1703.40	2640.07
1704.93	2627.51
1706.45	2620.19
