896.35	2941.43
897.98	2944.57
899.60	2952.94
901.22	2975.96
902.85	2974.92
904.47	2985.38
906.10	2992.70
907.72	2989.57
909.34	3004.22
910.97	3014.68
912.59	3035.61
914.21	3063.86
915.84	3080.60
917.46	3108.86
919.08	3130.83
920.71	3138.15
922.33	3163.27
923.95	3173.73
925.58	3201.98
927.20	3183.15
928.82	3200.94
930.44	3215.59
932.07	3204.08
933.69	3201.98
935.31	3219.77
936.93	3234.42
938.56	3233.38
940.18	3236.52
941.80	3242.79
943.42	3252.21
945.05	3259.54
946.67	3234.42
948.29	3245.93
949.91	3246.98
951.53	3260.58
953.16	3259.54
954.78	3267.91
956.40	3242.79
958.02	3243.84
959.64	3251.17
961.26	3258.49
962.88	3253.26
964.51	3239.66
966.13	3260.58
967.75	3262.68
969.37	3246.98
970.99	3253.26
972.61	3254.30
974.23	3259.54
975.85	3254.30
977.47	3255.35
979.09	3257.44
980.71	3264.77
982.33	3260.58
983.95	3258.49
985.57	3276.28
987.19	3266.86
988.81	3278.37
990.43	3268.95
992.05	3272.09
993.67	3288.84
995.29	3279.42
996.91	3275.23
998.53	3300.35
1000.15	3306.62
1001.77	3303.49
1003.39	3303.49
1005.01	3295.11
1006.63	3310.81
1008.25	3316.04
1009.86	3328.60
1011.48	3324.41
1013.10	3321.27
1014.72	3335.92
1016.34	3331.74
1017.96	3353.71
1019.58	3350.57
1021.19	3347.43
1022.81	3347.43
1024.43	3364.18
1026.05	3364.18
1027.66	3366.27
1029.28	3361.04
1030.90	3367.32
1032.52	3357.90
1034.13	3366.27
1035.75	3375.69
1037.37	3359.99
1038.98	3380.92
1040.60	3366.27
1042.22	3358.94
1043.83	3370.46
1045.45	3379.87
1047.07	3381.97
1048.68	3386.15
1050.30	3376.73
1051.92	3378.83
1053.53	3368.36
1055.15	3380.92
1056.76	3377.78
1058.38	3381.97
1059.99	3381.97
1061.61	3381.97
1063.22	3374.64
1064.84	3386.15
1066.46	3378.83
1068.07	3378.83
1069.68	3374.64
1071.30	3379.87
1072.91	3366.27
1074.53	3366.27
1076.14	3375.69
1077.76	3375.69
1079.37	3373.59
1080.98	3348.48
1082.60	3368.36
1084.21	3366.27
1085.83	3347.43
1087.44	3362.08
1089.05	3350.57
1090.67	3347.43
1092.28	3347.43
1093.89	3357.90
1095.50	3353.71
1097.12	3350.57
1098.73	3353.71
1100.34	3339.06
1101.95	3352.67
1103.57	3350.57
1105.18	3344.30
1106.79	3332.78
1108.40	3342.20
1110.01	3347.43
1111.63	3349.53
1113.24	3351.62
1114.85	3348.48
1116.46	3346.39
1118.07	3352.67
1119.68	3336.97
1121.29	3354.76
1122.90	3344.30
1124.51	3341.16
1126.12	3359.99
1127.73	3367.32
1129.34	3364.18
1130.95	3362.08
1132.56	3364.18
1134.17	3343.25
1135.78	3354.76
1137.39	3366.27
1139.00	3350.57
1140.61	3351.62
1142.22	3356.85
1143.83	3344.30
1145.44	3347.43
1147.05	3341.16
1148.65	3343.25
1150.26	3333.83
1151.87	3332.78
1153.48	3343.25
1155.09	3358.94
1156.69	3353.71
1158.30	3345.34
1159.91	3341.16
1161.52	3352.67
1163.12	3349.53
1164.73	3341.16
1166.34	3365.22
1167.94	3343.25
1169.55	3352.67
1171.16	3348.48
1172.76	3354.76
1174.37	3346.39
1175.97	3354.76
1177.58	3332.78
1179.19	3354.76
1180.79	3339.06
1182.40	3348.48
1184.00	3338.02
1185.61	3356.85
1187.21	3353.71
1188.82	3349.53
1190.42	3348.48
1192.02	3347.43
1193.63	3331.74
1195.23	3345.34
1196.84	3355.81
1198.44	3357.90
1200.04	3351.62
1201.65	3347.43
1203.25	3345.34
1204.85	3349.53
1206.46	3330.69
1208.06	3336.97
1209.66	3327.55
1211.26	3340.11
1212.87	3356.85
1214.47	3334.88
1216.07	3332.78
1217.67	3339.06
1219.27	3332.78
1220.87	3336.97
1222.48	3334.88
1224.08	3331.74
1225.68	3330.69
1227.28	3326.51
1228.88	3322.32
1230.48	3330.69
1232.08	3322.32
1233.68	3332.78
1235.28	3325.46
1236.88	3320.23
1238.48	3309.76
1240.08	3334.88
1241.68	3299.30
1243.28	3306.62
1244.87	3293.02
1246.47	3288.84
1248.07	3288.84
1249.67	3285.70
1251.27	3300.35
1252.87	3288.84
1254.46	3283.60
1256.06	3279.42
1257.66	3280.46
1259.26	3277.33
1260.85	3285.70
1262.45	3276.28
1264.05	3279.42
1265.64	3264.77
1267.24	3267.91
1268.83	3275.23
1270.43	3272.09
1272.03	3286.74
1273.62	3274.19
1275.22	3255.35
1276.81	3263.72
1278.41	3257.44
1280.00	3263.72
1281.60	3263.72
1283.19	3258.49
1284.79	3259.54
1286.38	3254.30
1287.97	3260.58
1289.57	3254.30
1291.16	3242.79
1292.75	3235.47
1294.35	3249.07
1295.94	3241.75
1297.53	3245.93
1299.12	3231.28
1300.72	3249.07
1302.31	3216.63
1303.90	3245.93
1305.49	3253.26
1307.08	3228.14
1308.68	3233.38
1310.27	3223.96
1311.86	3219.77
1313.45	3209.31
1315.04	3215.59
1316.63	3225.01
1318.22	3222.91
1319.81	3206.17
1321.40	3206.17
1322.99	3209.31
1324.58	3191.52
1326.17	3193.61
1327.75	3186.29
1329.34	3189.43
1330.93	3181.06
1332.52	3188.38
1334.11	3174.78
1335.70	3175.82
1337.28	3174.78
1338.87	3170.59
1340.46	3169.55
1342.05	3167.45
1343.63	3159.08
1345.22	3154.90
1346.81	3168.50
1348.39	3154.90
1349.98	3143.39
1351.56	3138.15
1353.15	3129.78
1354.73	3141.29
1356.32	3122.46
1357.90	3118.27
1359.49	3125.60
1361.07	3105.72
1362.66	3105.72
1364.24	3103.62
1365.82	3100.48
1367.41	3102.58
1368.99	3080.60
1370.57	3071.18
1372.16	3081.65
1373.74	3074.32
1375.32	3064.91
1376.91	3062.81
1378.49	3031.42
1380.07	2998.98
1381.65	3004.22
1383.23	2994.80
1384.81	2987.47
1386.39	2978.06
1387.97	2988.52
1389.55	2980.15
1391.14	2962.36
1392.72	2950.85
1394.29	2949.80
1395.87	2937.25
1397.45	2923.64
1399.03	2924.69
1400.61	2916.32
1402.19	2910.04
1403.77	2893.30
1405.35	2917.36
1406.92	2900.62
1408.50	2894.34
1410.08	2887.02
1411.66	2879.69
1413.23	2883.88
1414.81	2884.93
1416.39	2864.00
1417.96	2880.74
1419.54	2872.37
1421.12	2877.60
1422.69	2880.74
1424.27	2865.04
1425.84	2869.23
1427.42	2865.04
1428.99	2872.37
1430.57	2867.14
1432.14	2858.77
1433.71	2862.95
1435.29	2861.90
1436.86	2862.95
1438.43	2856.67
1440.01	2854.58
1441.58	2724.83
1443.15	2852.49
1444.72	2859.81
1446.30	2852.49
1447.87	2868.18
1449.44	2858.77
1451.01	2849.35
1452.58	2856.67
1454.15	2860.86
1455.72	2846.21
1457.29	2845.16
1458.86	2855.63
1460.43	2843.07
1462.00	2867.14
1463.57	2862.95
1465.14	2854.58
1466.71	2848.30
1468.28	2852.49
1469.85	2864.00
1471.41	2861.90
1472.98	2850.39
1474.55	2862.95
1476.12	2851.44
1477.68	2852.49
1479.25	2868.18
1480.82	2864.00
1482.38	2865.04
1483.95	2850.39
1485.51	2862.95
1487.08	2872.37
1488.64	2859.81
1490.21	2867.14
1491.77	2856.67
1493.34	2875.51
1494.90	2858.77
1496.46	2860.86
1498.03	2871.32
1499.59	2874.46
1501.15	2865.04
1502.72	2864.00
1504.28	2870.28
1505.84	2869.23
1507.40	2865.04
1508.97	2887.02
1510.53	2877.60
1512.09	2885.97
1513.65	2890.16
1515.21	2885.97
1516.77	2862.95
1518.33	2891.20
1519.89	2889.11
1521.45	2889.11
1523.01	2884.93
1524.57	2888.06
1526.13	2882.83
1527.68	2892.25
1529.24	2889.11
1530.80	2882.83
1532.36	2898.53
1533.92	2889.11
1535.47	2875.51
1537.03	2876.55
1538.59	2887.02
1540.14	2888.06
1541.70	2879.69
1543.25	2902.71
1544.81	2901.67
1546.36	2900.62
1547.92	2879.69
1549.47	2897.48
1551.03	2892.25
1552.58	2881.79
1554.13	2878.65
1555.69	2878.65
1557.24	2880.74
1558.79	2881.79
1560.35	2880.74
1561.90	2891.20
1563.45	2880.74
1565.00	2881.79
1566.55	2873.42
1568.10	2872.37
1569.66	2869.23
1571.21	2883.88
1572.76	2872.37
1574.31	2870.28
1575.86	2870.28
1577.40	2862.95
1578.95	2869.23
1580.50	2867.14
1582.05	2856.67
1583.60	2860.86
1585.15	2853.53
1586.69	2858.77
1588.24	2869.23
1589.79	2871.32
1591.34	2842.02
1592.88	2871.32
1594.43	2853.53
1595.97	2865.04
1597.52	2856.67
1599.06	2851.44
1600.61	2849.35
1602.15	2870.28
1603.70	2852.49
1605.24	2851.44
1606.79	2847.26
1608.33	2843.07
1609.87	2843.07
1611.41	2855.63
1612.96	2852.49
1614.50	2830.51
1616.04	2836.79
1617.58	2843.07
1619.12	2836.79
1620.67	2844.12
1622.21	2817.96
1623.75	2842.02
1625.29	2826.33
1626.83	2830.51
1628.37	2846.21
1629.90	2814.82
1631.44	2806.45
1632.98	2816.91
1634.52	2798.07
1636.06	2797.03
1637.59	2807.49
1639.13	2792.84
1640.67	2793.89
1642.21	2776.10
1643.74	2778.19
1645.28	2754.13
1646.81	2746.80
1648.35	2758.31
1649.88	2725.87
1651.42	2727.97
1652.95	2712.27
1654.49	2733.20
1656.02	2710.18
1657.55	2718.55
1659.09	2692.39
1660.62	2712.27
1662.15	2700.76
1663.68	2703.90
1665.22	2688.20
1666.75	2693.43
1668.28	2688.20
1669.81	2705.99
1671.34	2689.25
1672.87	2687.16
1674.40	2688.20
1675.93	2686.11
1677.46	2668.32
1678.99	2667.27
1680.52	2670.41
1682.04	2681.92
1683.57	2671.46
1685.10	2678.78
1686.63	2670.41
1688.15	2679.83
1689.68	2668.32
1691.21	2663.09
1692.73	2676.69
1694.26	2675.65
1695.78	2661.00
1697.31	2662.04
1698.83	2650.53
1700.36	2671.46
1701.88	2657.86
1703.40	2667.27
1704.93	2654.72
1706.45	2657.86
