896.35	2891.20
897.98	2889.11
899.60	2895.39
901.22	2914.22
902.85	2910.04
904.47	2920.50
906.10	2928.87
907.72	2927.83
909.34	2942.48
910.97	2944.57
912.59	2968.64
914.21	2985.38
915.84	3006.31
917.46	3030.38
919.08	3052.35
920.71	3055.49
922.33	3071.18
923.95	3085.83
925.58	3114.09
927.20	3098.39
928.82	3101.53
930.44	3120.37
932.07	3121.41
933.69	3102.58
935.31	3124.55
936.93	3126.64
938.56	3131.88
940.18	3133.97
941.80	3130.83
943.42	3138.15
945.05	3155.94
946.67	3138.15
948.29	3152.80
949.91	3144.43
951.53	3159.08
953.16	3159.08
954.78	3155.94
956.40	3148.62
958.02	3150.71
959.64	3148.62
961.26	3148.62
962.88	3150.71
964.51	3142.34
966.13	3151.76
967.75	3159.08
969.37	3151.76
970.99	3156.99
972.61	3149.66
974.23	3159.08
975.85	3153.85
977.47	3158.04
979.09	3151.76
980.71	3156.99
982.33	3164.31
983.95	3169.55
985.57	3176.87
987.19	3172.69
988.81	3176.87
990.43	3170.59
992.05	3178.96
993.67	3187.34
995.29	3183.15
996.91	3169.55
998.53	3189.43
1000.15	3187.34
1001.77	3196.75
1003.39	3203.03
1005.01	3198.85
1006.63	3209.31
1008.25	3204.08
1009.86	3218.73
1011.48	3212.45
1013.10	3207.22
1014.72	3219.77
1016.34	3233.38
1017.96	3243.84
1019.58	3233.38
1021.19	3223.96
1022.81	3231.28
1024.43	3241.75
1026.05	3234.42
1027.66	3245.93
1029.28	3245.93
1030.90	3244.89
1032.52	3230.24
1034.13	3234.42
1035.75	3255.35
1037.37	3259.54
1038.98	3261.63
1040.60	3249.07
1042.22	3244.89
1043.83	3248.03
1045.45	3253.26
1047.07	3256.40
1048.68	3260.58
1050.30	3250.12
1051.92	3261.63
1053.53	3254.30
1055.15	3259.54
1056.76	3251.17
1058.38	3261.63
1059.99	3262.68
1061.61	3258.49
1063.22	3253.26
1064.84	3258.49
1066.46	3254.30
1068.07	3257.44
1069.68	3259.54
1071.30	3262.68
1072.91	3248.03
1074.53	3257.44
1076.14	3268.95
1077.76	3255.35
1079.37	3254.30
1080.98	3232.33
1082.60	3251.17
1084.21	3257.44
1085.83	3248.03
1087.44	3257.44
1089.05	3237.56
1090.67	3241.75
1092.28	3228.14
1093.89	3234.42
1095.50	3242.79
1097.12	3235.47
1098.73	3243.84
1100.34	3223.96
1101.95	3237.56
1103.57	3237.56
1105.18	3232.33
1106.79	3227.10
1108.40	3227.10
1110.01	3236.52
1111.63	3248.03
1113.24	3253.26
1114.85	3240.70
1116.46	3241.75
1118.07	3248.03
1119.68	3235.47
1121.29	3243.84
1122.90	3241.75
1124.51	3239.66
1126.12	3250.12
1127.73	3254.30
1129.34	3258.49
1130.95	3253.26
1132.56	3252.21
1134.17	3220.82
1135.78	3241.75
1137.39	3250.12
1139.00	3237.56
1140.61	3240.70
1142.22	3243.84
1143.83	3235.47
1145.44	3235.47
1147.05	3236.52
1148.65	3238.61
1150.26	3240.70
1151.87	3241.75
1153.48	3231.28
1155.09	3235.47
1156.69	3230.24
1158.30	3222.91
1159.91	3228.14
1161.52	3242.79
1163.12	3235.47
1164.73	3229.19
1166.34	3241.75
1167.94	3241.75
1169.55	3248.03
1171.16	3237.56
1172.76	3234.42
1174.37	3237.56
1175.97	3252.21
1177.58	3226.05
1179.19	3243.84
1180.79	3232.33
1182.40	3237.56
1184.00	3234.42
1185.61	3255.35
1187.21	3249.07
1188.82	3236.52
1190.42	3240.70
1192.02	3237.56
1193.63	3233.38
1195.23	3242.79
1196.84	3245.93
1198.44	3249.07
1200.04	3248.03
1201.65	3242.79
1203.25	3241.75
1204.85	3238.61
1206.46	3242.79
1208.06	3240.70
1209.66	3229.19
1211.26	3226.05
1212.87	3245.93
1214.47	3236.52
1216.07	3230.24
1217.67	3234.42
1219.27	3229.19
1220.87	3230.24
1222.48	3231.28
1224.08	3219.77
1225.68	3222.91
1227.28	3223.96
1228.88	3215.59
1230.48	3219.77
1232.08	3210.36
1233.68	3220.82
1235.28	3228.14
1236.88	3212.45
1238.48	3200.94
1240.08	3222.91
1241.68	3199.89
1243.28	3207.22
1244.87	3195.71
1246.47	3190.47
1248.07	3190.47
1249.67	3194.66
1251.27	3201.98
1252.87	3190.47
1254.46	3181.06
1256.06	3190.47
1257.66	3189.43
1259.26	3177.92
1260.85	3200.94
1262.45	3174.78
1264.05	3181.06
1265.64	3183.15
1267.24	3184.20
1268.83	3183.15
1270.43	3171.64
1272.03	3187.34
1273.62	3180.01
1275.22	3166.41
1276.81	3187.34
1278.41	3173.73
1280.00	3182.10
1281.60	3164.31
1283.19	3163.27
1284.79	3168.50
1286.38	3164.31
1287.97	3163.27
1289.57	3167.45
1291.16	3159.08
1292.75	3154.90
1294.35	3164.31
1295.94	3152.80
1297.53	3155.94
1299.12	3138.15
1300.72	3167.45
1302.31	3132.92
1303.90	3158.04
1305.49	3156.99
1307.08	3137.11
1308.68	3143.39
1310.27	3143.39
1311.86	3136.06
1313.45	3129.78
1315.04	3129.78
1316.63	3127.69
1318.22	3132.92
1319.81	3129.78
1321.40	3123.50
1322.99	3126.64
1324.58	3113.04
1326.17	3108.86
1327.75	3102.58
1329.34	3113.04
1330.93	3107.81
1332.52	3096.30
1334.11	3088.97
1335.70	3096.30
1337.28	3094.21
1338.87	3098.39
1340.46	3087.93
1342.05	3084.79
1343.63	3081.65
1345.22	3075.37
1346.81	3088.97
1348.39	3074.32
1349.98	3073.28
1351.56	3062.81
1353.15	3063.86
1354.73	3068.05
1356.32	3050.26
1357.90	3038.75
1359.49	3043.98
1361.07	3041.89
1362.66	3041.89
1364.24	3034.56
1365.82	3035.61
1367.41	3043.98
1368.99	3013.63
1370.57	3011.54
1372.16	3015.73
1373.74	3008.40
1375.32	3020.96
1376.91	3001.08
1378.49	2974.92
1380.07	2948.76
1381.65	2951.90
1383.23	2944.57
1384.81	2939.34
1386.39	2928.87
1387.97	2938.29
1389.55	2915.27
1391.14	2914.22
1392.72	2897.48
1394.29	2894.34
1395.87	2894.34
1397.45	2889.11
1399.03	2878.65
1400.61	2878.65
1402.19	2874.46
1403.77	2860.86
1405.35	2873.42
1406.92	2855.63
1408.50	2856.67
1410.08	2861.90
1411.66	2843.07
1413.23	2838.88
1414.81	2850.39
1416.39	2827.37
1417.96	2852.49
1419.54	2833.65
1421.12	2832.61
1422.69	2854.58
1424.27	2832.61
1425.84	2839.93
1427.42	2819.00
1428.99	2830.51
1430.57	2825.28
1432.14	2820.05
1433.71	2824.23
1435.29	2843.07
1436.86	2834.70
1438.43	2829.47
1440.01	2828.42
1441.58	2700.76
1443.15	2822.14
1444.72	2822.14
1446.30	2816.91
1447.87	2831.56
1449.44	2816.91
1451.01	2810.63
1452.58	2828.42
1454.15	2832.61
1455.72	2815.86
1457.29	2814.82
1458.86	2824.23
1460.43	2813.77
1462.00	2827.37
1463.57	2815.86
1465.14	2822.14
1466.71	2814.82
1468.28	2823.19
1469.85	2819.00
1471.41	2825.28
1472.98	2819.00
1474.55	2835.74
1476.12	2812.72
1477.68	2808.54
1479.25	2824.23
1480.82	2826.33
1482.38	2838.88
1483.95	2822.14
1485.51	2842.02
1487.08	2838.88
1488.64	2836.79
1490.21	2836.79
1491.77	2824.23
1493.34	2843.07
1494.90	2830.51
1496.46	2828.42
1498.03	2829.47
1499.59	2839.93
1501.15	2845.16
1502.72	2840.98
1504.28	2832.61
1505.84	2828.42
1507.40	2830.51
1508.97	2849.35
1510.53	2838.88
1512.09	2855.63
1513.65	2852.49
1515.21	2848.30
1516.77	2829.47
1518.33	2847.26
1519.89	2837.84
1521.45	2849.35
1523.01	2859.81
1524.57	2852.49
1526.13	2848.30
1527.68	2851.44
1529.24	2864.00
1530.80	2850.39
1532.36	2862.95
1533.92	2853.53
1535.47	2843.07
1537.03	2834.70
1538.59	2850.39
1540.14	2848.30
1541.70	2849.35
1543.25	2865.04
1544.81	2857.72
1546.36	2852.49
1547.92	2843.07
1549.47	2856.67
1551.03	2852.49
1552.58	2843.07
1554.13	2852.49
1555.69	2853.53
1557.24	2845.16
1558.79	2846.21
1560.35	2844.12
1561.90	2840.98
1563.45	2834.70
1565.00	2838.88
1566.55	2843.07
1568.10	2838.88
1569.66	2840.98
1571.21	2851.44
1572.76	2839.93
1574.31	2840.98
1575.86	2846.21
1577.40	2840.98
1578.95	2834.70
1580.50	2830.51
1582.05	2819.00
1583.60	2832.61
1585.15	2820.05
1586.69	2825.28
1588.24	2828.42
1589.79	2838.88
1591.34	2814.82
1592.88	2835.74
1594.43	2816.91
1595.97	2831.56
1597.52	2828.42
1599.06	2830.51
1600.61	2828.42
1602.15	2832.61
1603.70	2810.63
1605.24	2825.28
1606.79	2822.14
1608.33	2810.63
1609.87	2809.58
1611.41	2824.23
1612.96	2815.86
1614.50	2809.58
1616.04	2813.77
1617.58	2816.91
1619.12	2817.96
1620.67	2813.77
1622.21	2788.66
1623.75	2803.31
1625.29	2792.84
1626.83	2794.94
1628.37	2811.68
1629.90	2788.66
1631.44	2785.52
1632.98	2788.66
1634.52	2771.91
1636.06	2776.10
1637.59	2780.29
1639.13	2762.50
1640.67	2760.40
1642.21	2758.31
1643.74	2759.36
1645.28	2729.01
1646.81	2724.83
1648.35	2735.29
1649.88	2713.32
1651.42	2719.59
1652.95	2703.90
1654.49	2730.06
1656.02	2700.76
1657.55	2699.71
1659.09	2684.02
1660.62	2711.22
1662.15	2688.20
1663.68	2699.71
1665.22	2684.02
1666.75	2687.16
1668.28	2670.41
1669.81	2697.62
1671.34	2676.69
1672.87	2677.74
1674.40	2695.53
1675.93	2684.02
1677.46	2656.81
1678.99	2658.90
1680.52	2665.18
1682.04	2681.92
1683.57	2668.32
1685.10	2669.37
1686.63	2665.18
1688.15	2665.18
1689.68	2653.67
1691.21	2652.62
1692.73	2659.95
1694.26	2668.32
1695.78	2665.18
1697.31	2663.09
1698.83	2654.72
1700.36	2651.58
1701.88	2651.58
1703.40	2665.18
1704.93	2648.44
1706.45	2652.62
