896.35	2969.68
897.98	2982.24
899.60	2983.29
901.22	3002.12
902.85	3002.12
904.47	3013.63
906.10	3013.63
907.72	3016.77
909.34	3034.56
910.97	3047.12
912.59	3072.23
914.21	3094.21
915.84	3116.18
917.46	3159.08
919.08	3177.92
920.71	3191.52
922.33	3217.68
923.95	3228.14
925.58	3253.26
927.20	3243.84
928.82	3257.44
930.44	3265.82
932.07	3263.72
933.69	3254.30
935.31	3276.28
936.93	3286.74
938.56	3297.21
940.18	3303.49
941.80	3299.30
943.42	3309.76
945.05	3311.86
946.67	3304.53
948.29	3306.62
949.91	3305.58
951.53	3323.37
953.16	3328.60
954.78	3320.23
956.40	3310.81
958.02	3316.04
959.64	3322.32
961.26	3312.90
962.88	3322.32
964.51	3311.86
966.13	3336.97
967.75	3332.78
969.37	3310.81
970.99	3312.90
972.61	3316.04
974.23	3320.23
975.85	3327.55
977.47	3331.74
979.09	3331.74
980.71	3323.37
982.33	3338.02
983.95	3333.83
985.57	3345.34
987.19	3327.55
988.81	3343.25
990.43	3335.92
992.05	3339.06
993.67	3351.62
995.29	3352.67
996.91	3345.34
998.53	3380.92
1000.15	3367.32
1001.77	3373.59
1003.39	3374.64
1005.01	3379.87
1006.63	3383.01
1008.25	3383.01
1009.86	3393.48
1011.48	3392.43
1013.10	3393.48
1014.72	3414.40
1016.34	3412.31
1017.96	3430.10
1019.58	3417.54
1021.19	3423.82
1022.81	3422.78
1024.43	3435.33
1026.05	3422.78
1027.66	3440.56
1029.28	3439.52
1030.90	3442.66
1032.52	3424.87
1034.13	3442.66
1035.75	3451.03
1037.37	3445.80
1038.98	3461.49
1040.60	3452.07
1042.22	3439.52
1043.83	3445.80
1045.45	3440.56
1047.07	3454.17
1048.68	3462.54
1050.30	3458.35
1051.92	3462.54
1053.53	3456.26
1055.15	3453.12
1056.76	3452.07
1058.38	3456.26
1059.99	3462.54
1061.61	3455.21
1063.22	3458.35
1064.84	3462.54
1066.46	3451.03
1068.07	3438.47
1069.68	3441.61
1071.30	3456.26
1072.91	3441.61
1074.53	3440.56
1076.14	3457.31
1077.76	3448.94
1079.37	3451.03
1080.98	3424.87
1082.60	3434.29
1084.21	3438.47
1085.83	3435.33
1087.44	3433.24
1089.05	3428.01
1090.67	3418.59
1092.28	3422.78
1093.89	3433.24
1095.50	3430.10
1097.12	3424.87
1098.73	3444.75
1100.34	3420.68
1101.95	3431.15
1103.57	3434.29
1105.18	3421.73
1106.79	3401.85
1108.40	3414.40
1110.01	3426.96
1111.63	3432.19
1113.24	3435.33
1114.85	3432.19
1116.46	3414.40
1118.07	3424.87
1119.68	3410.22
1121.29	3433.24
1122.90	3425.91
1124.51	3437.42
1126.12	3435.33
1127.73	3439.52
1129.34	3436.38
1130.95	3441.61
1132.56	3442.66
1134.17	3426.96
1135.78	3424.87
1137.39	3434.29
1139.00	3423.82
1140.61	3433.24
1142.22	3438.47
1143.83	3440.56
1145.44	3430.10
1147.05	3438.47
1148.65	3442.66
1150.26	3441.61
1151.87	3433.24
1153.48	3438.47
1155.09	3440.56
1156.69	3443.70
1158.30	3430.10
1159.91	3429.05
1161.52	3441.61
1163.12	3441.61
1164.73	3445.80
1166.34	3467.77
1167.94	3445.80
1169.55	3449.98
1171.16	3453.12
1172.76	3452.07
1174.37	3455.21
1175.97	3466.72
1177.58	3440.56
1179.19	3455.21
1180.79	3443.70
1182.40	3460.45
1184.00	3444.75
1185.61	3458.35
1187.21	3456.26
1188.82	3458.35
1190.42	3455.21
1192.02	3448.94
1193.63	3438.47
1195.23	3459.40
1196.84	3462.54
1198.44	3458.35
1200.04	3449.98
1201.65	3459.40
1203.25	3452.07
1204.85	3453.12
1206.46	3426.96
1208.06	3438.47
1209.66	3434.29
1211.26	3441.61
1212.87	3453.12
1214.47	3435.33
1216.07	3438.47
1217.67	3448.94
1219.27	3431.15
1220.87	3426.96
1222.48	3429.05
1224.08	3433.24
1225.68	3438.47
1227.28	3437.42
1228.88	3414.40
1230.48	3430.10
1232.08	3414.40
1233.68	3437.42
1235.28	3429.05
1236.88	3416.50
1238.48	3404.99
1240.08	3434.29
1241.68	3398.71
1243.28	3407.08
1244.87	3391.38
1246.47	3392.43
1248.07	3393.48
1249.67	3392.43
1251.27	3400.80
1252.87	3384.06
1254.46	3375.69
1256.06	3370.46
1257.66	3377.78
1259.26	3375.69
1260.85	3377.78
1262.45	3369.41
1264.05	3364.18
1265.64	3366.27
1267.24	3368.36
1268.83	3371.50
1270.43	3361.04
1272.03	3378.83
1273.62	3356.85
1275.22	3348.48
1276.81	3361.04
1278.41	3371.50
1280.00	3362.08
1281.60	3354.76
1283.19	3346.39
1284.79	3352.67
1286.38	3343.25
1287.97	3356.85
1289.57	3345.34
1291.16	3343.25
1292.75	3340.11
1294.35	3343.25
1295.94	3333.83
1297.53	3338.02
1299.12	3311.86
1300.72	3334.88
1302.31	3306.62
1303.90	3336.97
1305.49	3330.69
1307.08	3312.90
1308.68	3310.81
1310.27	3318.14
1311.86	3324.41
1313.45	3304.53
1315.04	3295.11
1316.63	3305.58
1318.22	3300.35
1319.81	3298.25
1321.40	3299.30
1322.99	3305.58
1324.58	3285.70
1326.17	3300.35
1327.75	3281.51
1329.34	3291.98
1330.93	3279.42
1332.52	3280.46
1334.11	3273.14
1335.70	3273.14
1337.28	3254.30
1338.87	3274.19
1340.46	3277.33
1342.05	3263.72
1343.63	3255.35
1345.22	3258.49
1346.81	3256.40
1348.39	3248.03
1349.98	3248.03
1351.56	3251.17
1353.15	3233.38
1354.73	3230.24
1356.32	3209.31
1357.90	3213.50
1359.49	3217.68
1361.07	3203.03
1362.66	3190.47
1364.24	3201.98
1365.82	3199.89
1367.41	3211.40
1368.99	3190.47
1370.57	3189.43
1372.16	3189.43
1373.74	3178.96
1375.32	3174.78
1376.91	3161.18
1378.49	3128.74
1380.07	3110.95
1381.65	3108.86
1383.23	3088.97
1384.81	3091.07
1386.39	3087.93
1387.97	3092.11
1389.55	3080.60
1391.14	3081.65
1392.72	3072.23
1394.29	3069.09
1395.87	3060.72
1397.45	3045.02
1399.03	3049.21
1400.61	3039.79
1402.19	3037.70
1403.77	3024.10
1405.35	3037.70
1406.92	3024.10
1408.50	3035.61
1410.08	3030.38
1411.66	3017.82
1413.23	3020.96
1414.81	3024.10
1416.39	3000.03
1417.96	3016.77
1419.54	3006.31
1421.12	3016.77
1422.69	3018.86
1424.27	3004.22
1425.84	3015.73
1427.42	3008.40
1428.99	3004.22
1430.57	3006.31
1432.14	2986.43
1433.71	2996.89
1435.29	3000.03
1436.86	3000.03
1438.43	2996.89
1440.01	2991.66
1441.58	2869.23
1443.15	3001.08
1444.72	3000.03
1446.30	2995.84
1447.87	2998.98
1449.44	2979.10
1451.01	2967.59
1452.58	2985.38
1454.15	2982.24
1455.72	2981.19
1457.29	2980.15
1458.86	2988.52
1460.43	2972.82
1462.00	2997.94
1463.57	2985.38
1465.14	2981.19
1466.71	2963.41
1468.28	2968.64
1469.85	2968.64
1471.41	2984.33
1472.98	2968.64
1474.55	2983.29
1476.12	2966.54
1477.68	2967.59
1479.25	2978.06
1480.82	2972.82
1482.38	2973.87
1483.95	2972.82
1485.51	2987.47
1487.08	2987.47
1488.64	2978.06
1490.21	2983.29
1491.77	2963.41
1493.34	2984.33
1494.90	2968.64
1496.46	2973.87
1498.03	2979.10
1499.59	2984.33
1501.15	2970.73
1502.72	2983.29
1504.28	2987.47
1505.84	2980.15
1507.40	2969.68
1508.97	2975.96
1510.53	2979.10
1512.09	2993.75
1513.65	2986.43
1515.21	2987.47
1516.77	2972.82
1518.33	2996.89
1519.89	2985.38
1521.45	2988.52
1523.01	2982.24
1524.57	2979.10
1526.13	2982.24
1527.68	2994.80
1529.24	2992.70
1530.80	2988.52
1532.36	2989.57
1533.92	2982.24
1535.47	2969.68
1537.03	2971.78
1538.59	2978.06
1540.14	2972.82
1541.70	2964.45
1543.25	2989.57
1544.81	2970.73
1546.36	2973.87
1547.92	2960.27
1549.47	2967.59
1551.03	2966.54
1552.58	2961.31
1554.13	2961.31
1555.69	2972.82
1557.24	2968.64
1558.79	2963.41
1560.35	2945.62
1561.90	2960.27
1563.45	2956.08
1565.00	2956.08
1566.55	2950.85
1568.10	2948.76
1569.66	2933.06
1571.21	2955.03
1572.76	2945.62
1574.31	2948.76
1575.86	2936.20
1577.40	2928.87
1578.95	2938.29
1580.50	2944.57
1582.05	2918.41
1583.60	2926.78
1585.15	2917.36
1586.69	2930.97
1588.24	2926.78
1589.79	2936.20
1591.34	2912.13
1592.88	2934.11
1594.43	2910.04
1595.97	2930.97
1597.52	2921.55
1599.06	2920.50
1600.61	2910.04
1602.15	2934.11
1603.70	2914.22
1605.24	2917.36
1606.79	2919.46
1608.33	2905.85
1609.87	2897.48
1611.41	2907.95
1612.96	2901.67
1614.50	2898.53
1616.04	2897.48
1617.58	2903.76
1619.12	2893.30
1620.67	2903.76
1622.21	2872.37
1623.75	2892.25
1625.29	2878.65
1626.83	2877.60
1628.37	2893.30
1629.90	2867.14
1631.44	2866.09
1632.98	2859.81
1634.52	2842.02
1636.06	2840.98
1637.59	2843.07
1639.13	2834.70
1640.67	2826.33
1642.21	2808.54
1643.74	2803.31
1645.28	2786.56
1646.81	2772.96
1648.35	2774.01
1649.88	2743.66
1651.42	2747.85
1652.95	2730.06
1654.49	2745.75
1656.02	2722.73
1657.55	2732.15
1659.09	2708.08
1660.62	2729.01
1662.15	2714.36
1663.68	2722.73
1665.22	2708.08
1666.75	2705.99
1668.28	2693.43
1669.81	2718.55
1671.34	2698.67
1672.87	2708.08
1674.40	2714.36
1675.93	2692.39
1677.46	2671.46
1678.99	2673.55
1680.52	2684.02
1682.04	2690.29
1683.57	2681.92
1685.10	2681.92
1686.63	2675.65
1688.15	2676.69
1689.68	2658.90
1691.21	2667.27
1692.73	2671.46
1694.26	2682.97
1695.78	2670.41
1697.31	2679.83
1698.83	2669.37
1700.36	2675.65
1701.88	2657.86
1703.40	2676.69
1704.93	2663.09
1706.45	2664.13
