896.35	2968.64
897.98	2982.24
899.60	2983.29
901.22	3007.35
902.85	3001.08
904.47	3015.73
906.10	3012.59
907.72	3029.33
909.34	3040.84
910.97	3054.44
912.59	3065.95
914.21	3092.11
915.84	3116.18
917.46	3164.31
919.08	3185.24
920.71	3200.94
922.33	3212.45
923.95	3226.05
925.58	3249.07
927.20	3249.07
928.82	3252.21
930.44	3281.51
932.07	3264.77
933.69	3266.86
935.31	3276.28
936.93	3287.79
938.56	3300.35
940.18	3307.67
941.80	3298.25
943.42	3313.95
945.05	3324.41
946.67	3306.62
948.29	3315.00
949.91	3311.86
951.53	3327.55
953.16	3328.60
954.78	3326.51
956.40	3306.62
958.02	3307.67
959.64	3331.74
961.26	3327.55
962.88	3319.18
964.51	3310.81
966.13	3336.97
967.75	3332.78
969.37	3323.37
970.99	3317.09
972.61	3323.37
974.23	3320.23
975.85	3325.46
977.47	3323.37
979.09	3328.60
980.71	3313.95
982.33	3334.88
983.95	3339.06
985.57	3346.39
987.19	3336.97
988.81	3348.48
990.43	3341.16
992.05	3341.16
993.67	3357.90
995.29	3356.85
996.91	3345.34
998.53	3372.55
1000.15	3372.55
1001.77	3380.92
1003.39	3387.20
1005.01	3377.78
1006.63	3381.97
1008.25	3393.48
1009.86	3396.62
1011.48	3400.80
1013.10	3397.66
1014.72	3419.64
1016.34	3412.31
1017.96	3426.96
1019.58	3413.36
1021.19	3429.05
1022.81	3413.36
1024.43	3435.33
1026.05	3419.64
1027.66	3442.66
1029.28	3437.42
1030.90	3438.47
1032.52	3418.59
1034.13	3441.61
1035.75	3447.89
1037.37	3451.03
1038.98	3462.54
1040.60	3451.03
1042.22	3433.24
1043.83	3449.98
1045.45	3456.26
1047.07	3462.54
1048.68	3455.21
1050.30	3454.17
1051.92	3458.35
1053.53	3462.54
1055.15	3454.17
1056.76	3452.07
1058.38	3455.21
1059.99	3474.05
1061.61	3463.58
1063.22	3445.80
1064.84	3459.40
1066.46	3453.12
1068.07	3447.89
1069.68	3455.21
1071.30	3458.35
1072.91	3443.70
1074.53	3440.56
1076.14	3458.35
1077.76	3446.84
1079.37	3460.45
1080.98	3425.91
1082.60	3447.89
1084.21	3441.61
1085.83	3443.70
1087.44	3439.52
1089.05	3425.91
1090.67	3420.68
1092.28	3422.78
1093.89	3428.01
1095.50	3437.42
1097.12	3423.82
1098.73	3439.52
1100.34	3412.31
1101.95	3432.19
1103.57	3423.82
1105.18	3418.59
1106.79	3418.59
1108.40	3431.15
1110.01	3423.82
1111.63	3435.33
1113.24	3431.15
1114.85	3426.96
1116.46	3417.54
1118.07	3434.29
1119.68	3424.87
1121.29	3437.42
1122.90	3426.96
1124.51	3429.05
1126.12	3433.24
1127.73	3442.66
1129.34	3442.66
1130.95	3451.03
1132.56	3448.94
1134.17	3414.40
1135.78	3428.01
1137.39	3444.75
1139.00	3428.01
1140.61	3434.29
1142.22	3440.56
1143.83	3436.38
1145.44	3432.19
1147.05	3441.61
1148.65	3435.33
1150.26	3430.10
1151.87	3418.59
1153.48	3446.84
1155.09	3445.80
1156.69	3438.47
1158.30	3421.73
1159.91	3436.38
1161.52	3446.84
1163.12	3448.94
1164.73	3435.33
1166.34	3454.17
1167.94	3438.47
1169.55	3436.38
1171.16	3454.17
1172.76	3456.26
1174.37	3445.80
1175.97	3458.35
1177.58	3433.24
1179.19	3456.26
1180.79	3444.75
1182.40	3452.07
1184.00	3436.38
1185.61	3452.07
1187.21	3448.94
1188.82	3444.75
1190.42	3441.61
1192.02	3449.98
1193.63	3436.38
1195.23	3456.26
1196.84	3445.80
1198.44	3439.52
1200.04	3442.66
1201.65	3445.80
1203.25	3441.61
1204.85	3457.31
1206.46	3437.42
1208.06	3440.56
1209.66	3434.29
1211.26	3433.24
1212.87	3451.03
1214.47	3437.42
1216.07	3437.42
1217.67	3442.66
1219.27	3430.10
1220.87	3431.15
1222.48	3429.05
1224.08	3424.87
1225.68	3420.68
1227.28	3425.91
1228.88	3420.68
1230.48	3429.05
1232.08	3403.94
1233.68	3424.87
1235.28	3425.91
1236.88	3410.22
1238.48	3392.43
1240.08	3421.73
1241.68	3386.15
1243.28	3400.80
1244.87	3380.92
1246.47	3375.69
1248.07	3377.78
1249.67	3380.92
1251.27	3392.43
1252.87	3371.50
1254.46	3362.08
1256.06	3367.32
1257.66	3371.50
1259.26	3363.13
1260.85	3365.22
1262.45	3363.13
1264.05	3369.41
1265.64	3366.27
1267.24	3357.90
1268.83	3365.22
1270.43	3347.43
1272.03	3365.22
1273.62	3349.53
1275.22	3343.25
1276.81	3354.76
1278.41	3345.34
1280.00	3349.53
1281.60	3342.20
1283.19	3327.55
1284.79	3341.16
1286.38	3331.74
1287.97	3341.16
1289.57	3328.60
1291.16	3334.88
1292.75	3316.04
1294.35	3331.74
1295.94	3318.14
1297.53	3325.46
1299.12	3312.90
1300.72	3347.43
1302.31	3312.90
1303.90	3333.83
1305.49	3325.46
1307.08	3316.04
1308.68	3296.16
1310.27	3306.62
1311.86	3298.25
1313.45	3300.35
1315.04	3298.25
1316.63	3304.53
1318.22	3296.16
1319.81	3294.07
1321.40	3290.93
1322.99	3301.39
1324.58	3276.28
1326.17	3275.23
1327.75	3267.91
1329.34	3274.19
1330.93	3265.82
1332.52	3254.30
1334.11	3254.30
1335.70	3264.77
1337.28	3259.54
1338.87	3251.17
1340.46	3252.21
1342.05	3248.03
1343.63	3241.75
1345.22	3239.66
1346.81	3245.93
1348.39	3238.61
1349.98	3237.56
1351.56	3221.87
1353.15	3216.63
1354.73	3233.38
1356.32	3210.36
1357.90	3203.03
1359.49	3207.22
1361.07	3197.80
1362.66	3191.52
1364.24	3193.61
1365.82	3188.38
1367.41	3193.61
1368.99	3165.36
1370.57	3161.18
1372.16	3166.41
1373.74	3164.31
1375.32	3163.27
1376.91	3159.08
1378.49	3120.37
1380.07	3097.34
1381.65	3090.02
1383.23	3070.14
1384.81	3079.56
1386.39	3080.60
1387.97	3075.37
1389.55	3069.09
1391.14	3068.05
1392.72	3051.30
1394.29	3047.12
1395.87	3043.98
1397.45	3026.19
1399.03	3026.19
1400.61	3012.59
1402.19	3013.63
1403.77	2997.94
1405.35	3020.96
1406.92	3001.08
1408.50	3000.03
1410.08	2989.57
1411.66	2987.47
1413.23	2988.52
1414.81	2996.89
1416.39	2980.15
1417.96	2995.84
1419.54	2981.19
1421.12	2987.47
1422.69	2987.47
1424.27	2978.06
1425.84	2980.15
1427.42	2977.01
1428.99	2974.92
1430.57	2973.87
1432.14	2962.36
1433.71	2965.50
1435.29	2967.59
1436.86	2964.45
1438.43	2960.27
1440.01	2960.27
1441.58	2837.84
1443.15	2957.13
1444.72	2962.36
1446.30	2956.08
1447.87	2958.17
1449.44	2948.76
1451.01	2936.20
1452.58	2958.17
1454.15	2959.22
1455.72	2946.66
1457.29	2952.94
1458.86	2951.90
1460.43	2941.43
1462.00	2963.41
1463.57	2944.57
1465.14	2947.71
1466.71	2936.20
1468.28	2947.71
1469.85	2943.52
1471.41	2959.22
1472.98	2943.52
1474.55	2951.90
1476.12	2930.97
1477.68	2937.25
1479.25	2944.57
1480.82	2947.71
1482.38	2949.80
1483.95	2936.20
1485.51	2945.62
1487.08	2953.99
1488.64	2949.80
1490.21	2963.41
1491.77	2951.90
1493.34	2965.50
1494.90	2947.71
1496.46	2947.71
1498.03	2955.03
1499.59	2958.17
1501.15	2955.03
1502.72	2953.99
1504.28	2949.80
1505.84	2953.99
1507.40	2951.90
1508.97	2966.54
1510.53	2957.13
1512.09	2960.27
1513.65	2960.27
1515.21	2963.41
1516.77	2947.71
1518.33	2968.64
1519.89	2960.27
1521.45	2961.31
1523.01	2961.31
1524.57	2971.78
1526.13	2965.50
1527.68	2972.82
1529.24	2970.73
1530.80	2973.87
1532.36	2971.78
1533.92	2962.36
1535.47	2951.90
1537.03	2951.90
1538.59	2957.13
1540.14	2949.80
1541.70	2939.34
1543.25	2965.50
1544.81	2953.99
1546.36	2959.22
1547.92	2943.52
1549.47	2956.08
1551.03	2953.99
1552.58	2948.76
1554.13	2949.80
1555.69	2958.17
1557.24	2940.38
1558.79	2944.57
1560.35	2934.11
1561.90	2940.38
1563.45	2930.97
1565.00	2940.38
1566.55	2930.97
1568.10	2929.92
1569.66	2917.36
1571.21	2935.15
1572.76	2938.29
1574.31	2933.06
1575.86	2924.69
1577.40	2921.55
1578.95	2924.69
1580.50	2925.74
1582.05	2910.04
1583.60	2912.13
1585.15	2905.85
1586.69	2915.27
1588.24	2925.74
1589.79	2914.22
1591.34	2889.11
1592.88	2914.22
1594.43	2893.30
1595.97	2911.09
1597.52	2906.90
1599.06	2908.99
1600.61	2895.39
1602.15	2916.32
1603.70	2898.53
1605.24	2906.90
1606.79	2895.39
1608.33	2882.83
1609.87	2885.97
1611.41	2895.39
1612.96	2893.30
1614.50	2876.55
1616.04	2884.93
1617.58	2897.48
1619.12	2877.60
1620.67	2892.25
1622.21	2867.14
1623.75	2888.06
1625.29	2870.28
1626.83	2859.81
1628.37	2875.51
1629.90	2854.58
1631.44	2847.26
1632.98	2853.53
1634.52	2834.70
1636.06	2836.79
1637.59	2840.98
1639.13	2822.14
1640.67	2806.45
1642.21	2794.94
1643.74	2794.94
1645.28	2775.05
1646.81	2762.50
1648.35	2772.96
1649.88	2744.71
1651.42	2748.89
1652.95	2734.24
1654.49	2742.62
1656.02	2722.73
1657.55	2717.50
1659.09	2700.76
1660.62	2722.73
1662.15	2715.41
1663.68	2708.08
1665.22	2699.71
1666.75	2701.81
1668.28	2696.57
1669.81	2714.36
1671.34	2693.43
1672.87	2704.94
1674.40	2701.81
1675.93	2690.29
1677.46	2680.88
1678.99	2680.88
1680.52	2673.55
1682.04	2681.92
1683.57	2681.92
1685.10	2692.39
1686.63	2674.60
1688.15	2675.65
1689.68	2666.23
1691.21	2667.27
1692.73	2668.32
1694.26	2678.78
1695.78	2671.46
1697.31	2674.60
1698.83	2649.49
1700.36	2665.18
1701.88	2661.00
1703.40	2676.69
1704.93	2661.00
1706.45	2661.00
