896.35	2658.90
897.98	2649.49
899.60	2655.76
901.22	2661.00
902.85	2661.00
904.47	2655.76
906.10	2669.37
907.72	2658.90
909.34	2673.55
910.97	2665.18
912.59	2682.97
914.21	2668.32
915.84	2670.41
917.46	2674.60
919.08	2671.46
920.71	2669.37
922.33	2688.20
923.95	2676.69
925.58	2705.99
927.20	2672.51
928.82	2688.20
930.44	2685.06
932.07	2691.34
933.69	2670.41
935.31	2692.39
936.93	2676.69
938.56	2690.29
940.18	2678.78
941.80	2684.02
943.42	2684.02
945.05	2713.32
946.67	2682.97
948.29	2709.13
949.91	2686.11
951.53	2711.22
953.16	2701.81
954.78	2708.08
956.40	2677.74
958.02	2696.57
959.64	2688.20
961.26	2698.67
962.88	2688.20
964.51	2694.48
966.13	2701.81
967.75	2713.32
969.37	2682.97
970.99	2707.04
972.61	2690.29
974.23	2703.90
975.85	2695.53
977.47	2719.59
979.09	2688.20
980.71	2693.43
982.33	2687.16
983.95	2719.59
985.57	2710.18
987.19	2705.99
988.81	2710.18
990.43	2705.99
992.05	2698.67
993.67	2721.69
995.29	2705.99
996.91	2696.57
998.53	2707.04
1000.15	2708.08
1001.77	2701.81
1003.39	2718.55
1005.01	2702.85
1006.63	2717.50
1008.25	2705.99
1009.86	2726.92
1011.48	2703.90
1013.10	2717.50
1014.72	2710.18
1016.34	2722.73
1017.96	2718.55
1019.58	2718.55
1021.19	2701.81
1022.81	2715.41
1024.43	2711.22
1026.05	2716.45
1027.66	2708.08
1029.28	2715.41
1030.90	2708.08
1032.52	2700.76
1034.13	2700.76
1035.75	2730.06
1037.37	2713.32
1038.98	2732.15
1040.60	2704.94
1042.22	2714.36
1043.83	2703.90
1045.45	2715.41
1047.07	2704.94
1048.68	2729.01
1050.30	2697.62
1051.92	2737.38
1053.53	2707.04
1055.15	2725.87
1056.76	2698.67
1058.38	2715.41
1059.99	2715.41
1061.61	2724.83
1063.22	2693.43
1064.84	2720.64
1066.46	2704.94
1068.07	2721.69
1069.68	2715.41
1071.30	2740.52
1072.91	2713.32
1074.53	2726.92
1076.14	2724.83
1077.76	2721.69
1079.37	2710.18
1080.98	2705.99
1082.60	2709.13
1084.21	2727.97
1085.83	2718.55
1087.44	2725.87
1089.05	2697.62
1090.67	2709.13
1092.28	2704.94
1093.89	2731.10
1095.50	2720.64
1097.12	2723.78
1098.73	2715.41
1100.34	2703.90
1101.95	2715.41
1103.57	2722.73
1105.18	2704.94
1106.79	2710.18
1108.40	2708.08
1110.01	2719.59
1111.63	2708.08
1113.24	2723.78
1114.85	2717.50
1116.46	2724.83
1118.07	2720.64
1119.68	2719.59
1121.29	2723.78
1122.90	2718.55
1124.51	2713.32
1126.12	2735.29
1127.73	2721.69
1129.34	2736.34
1130.95	2722.73
1132.56	2731.10
1134.17	2701.81
1135.78	2722.73
1137.39	2717.50
1139.00	2715.41
1140.61	2714.36
1142.22	2729.01
1143.83	2715.41
1145.44	2724.83
1147.05	2711.22
1148.65	2733.20
1150.26	2713.32
1151.87	2717.50
1153.48	2703.90
1155.09	2723.78
1156.69	2715.41
1158.30	2713.32
1159.91	2712.27
1161.52	2724.83
1163.12	2715.41
1164.73	2714.36
1166.34	2720.64
1167.94	2715.41
1169.55	2715.41
1171.16	2716.45
1172.76	2716.45
1174.37	2721.69
1175.97	2721.69
1177.58	2712.27
1179.19	2722.73
1180.79	2713.32
1182.40	2716.45
1184.00	2721.69
1185.61	2723.78
1187.21	2736.34
1188.82	2718.55
1190.42	2727.97
1192.02	2709.13
1193.63	2712.27
1195.23	2719.59
1196.84	2726.92
1198.44	2716.45
1200.04	2726.92
1201.65	2718.55
1203.25	2729.01
1204.85	2721.69
1206.46	2720.64
1208.06	2715.41
1209.66	2715.41
1211.26	2715.41
1212.87	2741.57
1214.47	2712.27
1216.07	2725.87
1217.67	2716.45
1219.27	2723.78
1220.87	2715.41
1222.48	2717.50
1224.08	2709.13
1225.68	2732.15
1227.28	2715.41
1228.88	2715.41
1230.48	2718.55
1232.08	2709.13
1233.68	2720.64
1235.28	2738.43
1236.88	2715.41
1238.48	2716.45
1240.08	2742.62
1241.68	2710.18
1243.28	2703.90
1244.87	2731.10
1246.47	2717.50
1248.07	2716.45
1249.67	2711.22
1251.27	2737.38
1252.87	2711.22
1254.46	2717.50
1256.06	2713.32
1257.66	2719.59
1259.26	2707.04
1260.85	2720.64
1262.45	2712.27
1264.05	2735.29
1265.64	2710.18
1267.24	2723.78
1268.83	2717.50
1270.43	2721.69
1272.03	2735.29
1273.62	2723.78
1275.22	2710.18
1276.81	2725.87
1278.41	2713.32
1280.00	2730.06
1281.60	2722.73
1283.19	2719.59
1284.79	2709.13
1286.38	2716.45
1287.97	2715.41
1289.57	2717.50
1291.16	2712.27
1292.75	2713.32
1294.35	2716.45
1295.94	2726.92
1297.53	2718.55
1299.12	2709.13
1300.72	2720.64
1302.31	2710.18
1303.90	2727.97
1305.49	2731.10
1307.08	2716.45
1308.68	2711.22
1310.27	2708.08
1311.86	2722.73
1313.45	2712.27
1315.04	2721.69
1316.63	2716.45
1318.22	2718.55
1319.81	2699.71
1321.40	2712.27
1322.99	2704.94
1324.58	2707.04
1326.17	2704.94
1327.75	2696.57
1329.34	2704.94
1330.93	2709.13
1332.52	2701.81
1334.11	2716.45
1335.70	2697.62
1337.28	2691.34
1338.87	2709.13
1340.46	2718.55
1342.05	2707.04
1343.63	2701.81
1345.22	2698.67
1346.81	2720.64
1348.39	2708.08
1349.98	2717.50
1351.56	2698.67
1353.15	2702.85
1354.73	2712.27
1356.32	2708.08
1357.90	2702.85
1359.49	2717.50
1361.07	2704.94
1362.66	2707.04
1364.24	2699.71
1365.82	2710.18
1367.41	2712.27
1368.99	2700.76
1370.57	2685.06
1372.16	2702.85
1373.74	2701.81
1375.32	2725.87
1376.91	2704.94
1378.49	2703.90
1380.07	2693.43
1381.65	2712.27
1383.23	2699.71
1384.81	2699.71
1386.39	2692.39
1387.97	2704.94
1389.55	2692.39
1391.14	2696.57
1392.72	2694.48
1394.29	2707.04
1395.87	2711.22
1397.45	2700.76
1399.03	2700.76
1400.61	2710.18
1402.19	2697.62
1403.77	2690.29
1405.35	2710.18
1406.92	2695.53
1408.50	2704.94
1410.08	2717.50
1411.66	2695.53
1413.23	2705.99
1414.81	2708.08
1416.39	2698.67
1417.96	2712.27
1419.54	2700.76
1421.12	2707.04
1422.69	2714.36
1424.27	2697.62
1425.84	2715.41
1427.42	2702.85
1428.99	2695.53
1430.57	2698.67
1432.14	2700.76
1433.71	2694.48
1435.29	2710.18
1436.86	2707.04
1438.43	2707.04
1440.01	2701.81
1441.58	2578.33
1443.15	2704.94
1444.72	2705.99
1446.30	2698.67
1447.87	2701.81
1449.44	2694.48
1451.01	2696.57
1452.58	2710.18
1454.15	2712.27
1455.72	2699.71
1457.29	2700.76
1458.86	2696.57
1460.43	2697.62
1462.00	2714.36
1463.57	2707.04
1465.14	2710.18
1466.71	2692.39
1468.28	2693.43
1469.85	2704.94
1471.41	2707.04
1472.98	2695.53
1474.55	2705.99
1476.12	2693.43
1477.68	2693.43
1479.25	2711.22
1480.82	2705.99
1482.38	2702.85
1483.95	2689.25
1485.51	2699.71
1487.08	2710.18
1488.64	2698.67
1490.21	2703.90
1491.77	2692.39
1493.34	2707.04
1494.90	2693.43
1496.46	2692.39
1498.03	2697.62
1499.59	2699.71
1501.15	2702.85
1502.72	2697.62
1504.28	2702.85
1505.84	2698.67
1507.40	2694.48
1508.97	2703.90
1510.53	2701.81
1512.09	2705.99
1513.65	2716.45
1515.21	2703.90
1516.77	2697.62
1518.33	2710.18
1519.89	2709.13
1521.45	2702.85
1523.01	2705.99
1524.57	2711.22
1526.13	2699.71
1527.68	2696.57
1529.24	2707.04
1530.80	2692.39
1532.36	2701.81
1533.92	2692.39
1535.47	2686.11
1537.03	2692.39
1538.59	2700.76
1540.14	2693.43
1541.70	2684.02
1543.25	2700.76
1544.81	2697.62
1546.36	2695.53
1547.92	2690.29
1549.47	2692.39
1551.03	2701.81
1552.58	2691.34
1554.13	2685.06
1555.69	2694.48
1557.24	2684.02
1558.79	2689.25
1560.35	2681.92
1561.90	2692.39
1563.45	2685.06
1565.00	2688.20
1566.55	2681.92
1568.10	2679.83
1569.66	2673.55
1571.21	2677.74
1572.76	2689.25
1574.31	2697.62
1575.86	2690.29
1577.40	2680.88
1578.95	2679.83
1580.50	2676.69
1582.05	2672.51
1583.60	2677.74
1585.15	2669.37
1586.69	2677.74
1588.24	2678.78
1589.79	2679.83
1591.34	2663.09
1592.88	2688.20
1594.43	2667.27
1595.97	2673.55
1597.52	2677.74
1599.06	2672.51
1600.61	2676.69
1602.15	2687.16
1603.70	2675.65
1605.24	2672.51
1606.79	2675.65
1608.33	2662.04
1609.87	2662.04
1611.41	2674.60
1612.96	2675.65
1614.50	2659.95
1616.04	2666.23
1617.58	2673.55
1619.12	2662.04
1620.67	2674.60
1622.21	2645.30
1623.75	2669.37
1625.29	2653.67
1626.83	2663.09
1628.37	2684.02
1629.90	2654.72
1631.44	2656.81
1632.98	2668.32
1634.52	2656.81
1636.06	2656.81
1637.59	2677.74
1639.13	2659.95
1640.67	2664.13
1642.21	2662.04
1643.74	2663.09
1645.28	2650.53
1646.81	2656.81
1648.35	2664.13
1649.88	2643.21
1651.42	2656.81
1652.95	2647.39
1654.49	2666.23
1656.02	2654.72
1657.55	2652.62
1659.09	2629.60
1660.62	2649.49
1662.15	2641.11
1663.68	2649.49
1665.22	2643.21
1666.75	2653.67
1668.28	2643.21
1669.81	2662.04
1671.34	2651.58
1672.87	2643.21
1674.40	2652.62
1675.93	2642.16
1677.46	2640.07
1678.99	2635.88
1680.52	2627.51
1682.04	2637.97
1683.57	2629.60
1685.10	2648.44
1686.63	2637.97
1688.15	2633.79
1689.68	2629.60
1691.21	2632.74
1692.73	2628.56
1694.26	2640.07
1695.78	2627.51
1697.31	2622.28
1698.83	2614.95
1700.36	2627.51
1701.88	2611.81
1703.40	2627.51
1704.93	2621.23
1706.45	2627.51
