896.35	2953.99
897.98	2960.27
899.60	2973.87
901.22	2997.94
902.85	2984.33
904.47	2995.84
906.10	2998.98
907.72	3004.22
909.34	3023.05
910.97	3036.65
912.59	3056.54
914.21	3079.56
915.84	3102.58
917.46	3140.25
919.08	3154.90
920.71	3164.31
922.33	3186.29
923.95	3198.85
925.58	3225.01
927.20	3214.54
928.82	3222.91
930.44	3254.30
932.07	3242.79
933.69	3235.47
935.31	3245.93
936.93	3255.35
938.56	3261.63
940.18	3276.28
941.80	3264.77
943.42	3289.88
945.05	3298.25
946.67	3284.65
948.29	3282.56
949.91	3272.09
951.53	3288.84
953.16	3299.30
954.78	3286.74
956.40	3280.46
958.02	3281.51
959.64	3284.65
961.26	3278.37
962.88	3289.88
964.51	3280.46
966.13	3302.44
967.75	3285.70
969.37	3277.33
970.99	3282.56
972.61	3286.74
974.23	3286.74
975.85	3290.93
977.47	3297.21
979.09	3297.21
980.71	3286.74
982.33	3296.16
983.95	3297.21
985.57	3302.44
987.19	3289.88
988.81	3318.14
990.43	3307.67
992.05	3304.53
993.67	3320.23
995.29	3319.18
996.91	3315.00
998.53	3339.06
1000.15	3341.16
1001.77	3343.25
1003.39	3342.20
1005.01	3352.67
1006.63	3348.48
1008.25	3352.67
1009.86	3355.81
1011.48	3359.99
1013.10	3354.76
1014.72	3376.73
1016.34	3373.59
1017.96	3393.48
1019.58	3373.59
1021.19	3381.97
1022.81	3380.92
1024.43	3404.99
1026.05	3399.75
1027.66	3404.99
1029.28	3406.03
1030.90	3401.85
1032.52	3387.20
1034.13	3403.94
1035.75	3414.40
1037.37	3419.64
1038.98	3420.68
1040.60	3414.40
1042.22	3402.89
1043.83	3412.31
1045.45	3421.73
1047.07	3430.10
1048.68	3429.05
1050.30	3408.13
1051.92	3423.82
1053.53	3419.64
1055.15	3421.73
1056.76	3422.78
1058.38	3420.68
1059.99	3429.05
1061.61	3417.54
1063.22	3414.40
1064.84	3412.31
1066.46	3409.17
1068.07	3409.17
1069.68	3408.13
1071.30	3414.40
1072.91	3409.17
1074.53	3404.99
1076.14	3422.78
1077.76	3408.13
1079.37	3407.08
1080.98	3379.87
1082.60	3397.66
1084.21	3402.89
1085.83	3406.03
1087.44	3403.94
1089.05	3394.52
1090.67	3384.06
1092.28	3384.06
1093.89	3385.10
1095.50	3392.43
1097.12	3386.15
1098.73	3393.48
1100.34	3372.55
1101.95	3396.62
1103.57	3390.34
1105.18	3380.92
1106.79	3385.10
1108.40	3387.20
1110.01	3381.97
1111.63	3381.97
1113.24	3383.01
1114.85	3381.97
1116.46	3389.29
1118.07	3392.43
1119.68	3377.78
1121.29	3394.52
1122.90	3380.92
1124.51	3395.57
1126.12	3391.38
1127.73	3399.75
1129.34	3398.71
1130.95	3402.89
1132.56	3391.38
1134.17	3377.78
1135.78	3384.06
1137.39	3392.43
1139.00	3385.10
1140.61	3386.15
1142.22	3387.20
1143.83	3392.43
1145.44	3381.97
1147.05	3387.20
1148.65	3389.29
1150.26	3380.92
1151.87	3377.78
1153.48	3385.10
1155.09	3383.01
1156.69	3383.01
1158.30	3377.78
1159.91	3383.01
1161.52	3383.01
1163.12	3385.10
1164.73	3380.92
1166.34	3396.62
1167.94	3390.34
1169.55	3395.57
1171.16	3390.34
1172.76	3402.89
1174.37	3388.24
1175.97	3396.62
1177.58	3377.78
1179.19	3394.52
1180.79	3392.43
1182.40	3386.15
1184.00	3378.83
1185.61	3394.52
1187.21	3387.20
1188.82	3386.15
1190.42	3390.34
1192.02	3391.38
1193.63	3384.06
1195.23	3395.57
1196.84	3399.75
1198.44	3390.34
1200.04	3401.85
1201.65	3395.57
1203.25	3389.29
1204.85	3398.71
1206.46	3372.55
1208.06	3384.06
1209.66	3374.64
1211.26	3384.06
1212.87	3393.48
1214.47	3387.20
1216.07	3384.06
1217.67	3385.10
1219.27	3380.92
1220.87	3379.87
1222.48	3366.27
1224.08	3365.22
1225.68	3365.22
1227.28	3368.36
1228.88	3365.22
1230.48	3376.73
1232.08	3347.43
1233.68	3359.99
1235.28	3370.46
1236.88	3355.81
1238.48	3343.25
1240.08	3370.46
1241.68	3333.83
1243.28	3347.43
1244.87	3335.92
1246.47	3330.69
1248.07	3318.14
1249.67	3333.83
1251.27	3338.02
1252.87	3322.32
1254.46	3319.18
1256.06	3312.90
1257.66	3307.67
1259.26	3309.76
1260.85	3318.14
1262.45	3309.76
1264.05	3313.95
1265.64	3303.49
1267.24	3307.67
1268.83	3313.95
1270.43	3302.44
1272.03	3326.51
1273.62	3307.67
1275.22	3293.02
1276.81	3305.58
1278.41	3304.53
1280.00	3306.62
1281.60	3302.44
1283.19	3283.60
1284.79	3291.98
1286.38	3280.46
1287.97	3293.02
1289.57	3275.23
1291.16	3284.65
1292.75	3267.91
1294.35	3279.42
1295.94	3279.42
1297.53	3289.88
1299.12	3275.23
1300.72	3282.56
1302.31	3253.26
1303.90	3279.42
1305.49	3272.09
1307.08	3257.44
1308.68	3240.70
1310.27	3252.21
1311.86	3254.30
1313.45	3251.17
1315.04	3238.61
1316.63	3245.93
1318.22	3246.98
1319.81	3244.89
1321.40	3235.47
1322.99	3241.75
1324.58	3215.59
1326.17	3222.91
1327.75	3213.50
1329.34	3227.10
1330.93	3216.63
1332.52	3209.31
1334.11	3200.94
1335.70	3204.08
1337.28	3194.66
1338.87	3199.89
1340.46	3192.57
1342.05	3191.52
1343.63	3185.24
1345.22	3191.52
1346.81	3193.61
1348.39	3184.20
1349.98	3183.15
1351.56	3172.69
1353.15	3166.41
1354.73	3175.82
1356.32	3149.66
1357.90	3144.43
1359.49	3142.34
1361.07	3136.06
1362.66	3131.88
1364.24	3129.78
1365.82	3124.55
1367.41	3130.83
1368.99	3103.62
1370.57	3102.58
1372.16	3106.76
1373.74	3103.62
1375.32	3108.86
1376.91	3084.79
1378.49	3062.81
1380.07	3038.75
1381.65	3031.42
1383.23	3008.40
1384.81	3017.82
1386.39	3002.12
1387.97	3000.03
1389.55	2998.98
1391.14	2990.61
1392.72	2975.96
1394.29	2974.92
1395.87	2963.41
1397.45	2951.90
1399.03	2951.90
1400.61	2943.52
1402.19	2929.92
1403.77	2922.60
1405.35	2935.15
1406.92	2917.36
1408.50	2920.50
1410.08	2914.22
1411.66	2910.04
1413.23	2902.71
1414.81	2910.04
1416.39	2901.67
1417.96	2902.71
1419.54	2884.93
1421.12	2892.25
1422.69	2899.58
1424.27	2885.97
1425.84	2898.53
1427.42	2892.25
1428.99	2888.06
1430.57	2895.39
1432.14	2887.02
1433.71	2880.74
1435.29	2883.88
1436.86	2887.02
1438.43	2882.83
1440.01	2874.46
1441.58	2755.17
1443.15	2880.74
1444.72	2884.93
1446.30	2879.69
1447.87	2894.34
1449.44	2870.28
1451.01	2860.86
1452.58	2878.65
1454.15	2890.16
1455.72	2869.23
1457.29	2868.18
1458.86	2877.60
1460.43	2867.14
1462.00	2887.02
1463.57	2872.37
1465.14	2877.60
1466.71	2876.55
1468.28	2878.65
1469.85	2884.93
1471.41	2889.11
1472.98	2866.09
1474.55	2889.11
1476.12	2861.90
1477.68	2866.09
1479.25	2880.74
1480.82	2879.69
1482.38	2885.97
1483.95	2870.28
1485.51	2887.02
1487.08	2894.34
1488.64	2888.06
1490.21	2889.11
1491.77	2874.46
1493.34	2898.53
1494.90	2883.88
1496.46	2885.97
1498.03	2895.39
1499.59	2893.30
1501.15	2889.11
1502.72	2890.16
1504.28	2894.34
1505.84	2887.02
1507.40	2887.02
1508.97	2901.67
1510.53	2894.34
1512.09	2914.22
1513.65	2911.09
1515.21	2910.04
1516.77	2885.97
1518.33	2905.85
1519.89	2904.81
1521.45	2901.67
1523.01	2907.95
1524.57	2914.22
1526.13	2910.04
1527.68	2903.76
1529.24	2912.13
1530.80	2901.67
1532.36	2907.95
1533.92	2900.62
1535.47	2890.16
1537.03	2898.53
1538.59	2907.95
1540.14	2896.44
1541.70	2890.16
1543.25	2907.95
1544.81	2897.48
1546.36	2904.81
1547.92	2889.11
1549.47	2907.95
1551.03	2897.48
1552.58	2894.34
1554.13	2894.34
1555.69	2902.71
1557.24	2896.44
1558.79	2893.30
1560.35	2888.06
1561.90	2901.67
1563.45	2887.02
1565.00	2891.20
1566.55	2884.93
1568.10	2885.97
1569.66	2876.55
1571.21	2889.11
1572.76	2894.34
1574.31	2895.39
1575.86	2897.48
1577.40	2874.46
1578.95	2876.55
1580.50	2877.60
1582.05	2870.28
1583.60	2872.37
1585.15	2866.09
1586.69	2874.46
1588.24	2877.60
1589.79	2883.88
1591.34	2857.72
1592.88	2884.93
1594.43	2859.81
1595.97	2874.46
1597.52	2867.14
1599.06	2874.46
1600.61	2865.04
1602.15	2878.65
1603.70	2859.81
1605.24	2868.18
1606.79	2870.28
1608.33	2854.58
1609.87	2856.67
1611.41	2866.09
1612.96	2857.72
1614.50	2846.21
1616.04	2842.02
1617.58	2850.39
1619.12	2851.44
1620.67	2860.86
1622.21	2829.47
1623.75	2850.39
1625.29	2832.61
1626.83	2832.61
1628.37	2842.02
1629.90	2826.33
1631.44	2827.37
1632.98	2834.70
1634.52	2805.40
1636.06	2802.26
1637.59	2815.86
1639.13	2792.84
1640.67	2794.94
1642.21	2779.24
1643.74	2779.24
1645.28	2754.13
1646.81	2749.94
1648.35	2754.13
1649.88	2730.06
1651.42	2744.71
1652.95	2726.92
1654.49	2738.43
1656.02	2719.59
1657.55	2723.78
1659.09	2698.67
1660.62	2712.27
1662.15	2702.85
1663.68	2711.22
1665.22	2703.90
1666.75	2702.85
1668.28	2688.20
1669.81	2702.85
1671.34	2694.48
1672.87	2698.67
1674.40	2707.04
1675.93	2690.29
1677.46	2672.51
1678.99	2669.37
1680.52	2670.41
1682.04	2677.74
1683.57	2675.65
1685.10	2687.16
1686.63	2670.41
1688.15	2671.46
1689.68	2658.90
1691.21	2663.09
1692.73	2663.09
1694.26	2678.78
1695.78	2664.13
1697.31	2671.46
1698.83	2666.23
1700.36	2667.27
1701.88	2646.35
1703.40	2664.13
1704.93	2659.95
1706.45	2667.27
