896.35	2867.14
897.98	2864.00
899.60	2882.83
901.22	2899.58
902.85	2883.88
904.47	2893.30
906.10	2901.67
907.72	2901.67
909.34	2911.09
910.97	2918.41
912.59	2935.15
914.21	2952.94
915.84	2970.73
917.46	2993.75
919.08	3011.54
920.71	3015.73
922.33	3039.79
923.95	3040.84
925.58	3067.00
927.20	3053.40
928.82	3060.72
930.44	3077.46
932.07	3073.28
933.69	3054.44
935.31	3074.32
936.93	3079.56
938.56	3090.02
940.18	3086.88
941.80	3092.11
943.42	3100.48
945.05	3111.99
946.67	3096.30
948.29	3106.76
949.91	3098.39
951.53	3118.27
953.16	3108.86
954.78	3101.53
956.40	3099.44
958.02	3097.34
959.64	3098.39
961.26	3108.86
962.88	3110.95
964.51	3099.44
966.13	3113.04
967.75	3115.13
969.37	3098.39
970.99	3104.67
972.61	3100.48
974.23	3101.53
975.85	3100.48
977.47	3116.18
979.09	3113.04
980.71	3102.58
982.33	3111.99
983.95	3121.41
985.57	3125.60
987.19	3115.13
988.81	3129.78
990.43	3120.37
992.05	3124.55
993.67	3145.48
995.29	3128.74
996.91	3123.50
998.53	3144.43
1000.15	3146.53
1001.77	3146.53
1003.39	3158.04
1005.01	3151.76
1006.63	3159.08
1008.25	3158.04
1009.86	3163.27
1011.48	3154.90
1013.10	3166.41
1014.72	3174.78
1016.34	3180.01
1017.96	3194.66
1019.58	3175.82
1021.19	3171.64
1022.81	3184.20
1024.43	3191.52
1026.05	3190.47
1027.66	3190.47
1029.28	3187.34
1030.90	3190.47
1032.52	3186.29
1034.13	3197.80
1035.75	3209.31
1037.37	3205.12
1038.98	3220.82
1040.60	3199.89
1042.22	3192.57
1043.83	3193.61
1045.45	3209.31
1047.07	3212.45
1048.68	3223.96
1050.30	3192.57
1051.92	3201.98
1053.53	3204.08
1055.15	3214.54
1056.76	3200.94
1058.38	3213.50
1059.99	3213.50
1061.61	3206.17
1063.22	3194.66
1064.84	3206.17
1066.46	3201.98
1068.07	3201.98
1069.68	3203.03
1071.30	3211.40
1072.91	3191.52
1074.53	3197.80
1076.14	3214.54
1077.76	3203.03
1079.37	3203.03
1080.98	3180.01
1082.60	3194.66
1084.21	3195.71
1085.83	3190.47
1087.44	3196.75
1089.05	3183.15
1090.67	3191.52
1092.28	3183.15
1093.89	3188.38
1095.50	3190.47
1097.12	3183.15
1098.73	3192.57
1100.34	3180.01
1101.95	3189.43
1103.57	3187.34
1105.18	3176.87
1106.79	3176.87
1108.40	3197.80
1110.01	3196.75
1111.63	3186.29
1113.24	3186.29
1114.85	3188.38
1116.46	3184.20
1118.07	3197.80
1119.68	3183.15
1121.29	3184.20
1122.90	3185.24
1124.51	3186.29
1126.12	3192.57
1127.73	3195.71
1129.34	3197.80
1130.95	3208.26
1132.56	3201.98
1134.17	3174.78
1135.78	3190.47
1137.39	3191.52
1139.00	3186.29
1140.61	3189.43
1142.22	3199.89
1143.83	3191.52
1145.44	3177.92
1147.05	3183.15
1148.65	3192.57
1150.26	3184.20
1151.87	3182.10
1153.48	3183.15
1155.09	3194.66
1156.69	3185.24
1158.30	3176.87
1159.91	3184.20
1161.52	3192.57
1163.12	3191.52
1164.73	3187.34
1166.34	3203.03
1167.94	3192.57
1169.55	3184.20
1171.16	3190.47
1172.76	3196.75
1174.37	3188.38
1175.97	3201.98
1177.58	3181.06
1179.19	3201.98
1180.79	3184.20
1182.40	3196.75
1184.00	3189.43
1185.61	3204.08
1187.21	3194.66
1188.82	3192.57
1190.42	3196.75
1192.02	3188.38
1193.63	3182.10
1195.23	3192.57
1196.84	3198.85
1198.44	3207.22
1200.04	3209.31
1201.65	3200.94
1203.25	3204.08
1204.85	3205.12
1206.46	3189.43
1208.06	3188.38
1209.66	3177.92
1211.26	3181.06
1212.87	3205.12
1214.47	3185.24
1216.07	3185.24
1217.67	3185.24
1219.27	3182.10
1220.87	3181.06
1222.48	3178.96
1224.08	3177.92
1225.68	3184.20
1227.28	3173.73
1228.88	3173.73
1230.48	3178.96
1232.08	3164.31
1233.68	3176.87
1235.28	3192.57
1236.88	3167.45
1238.48	3162.22
1240.08	3186.29
1241.68	3155.94
1243.28	3164.31
1244.87	3159.08
1246.47	3162.22
1248.07	3152.80
1249.67	3154.90
1251.27	3160.13
1252.87	3145.48
1254.46	3150.71
1256.06	3145.48
1257.66	3152.80
1259.26	3142.34
1260.85	3150.71
1262.45	3140.25
1264.05	3140.25
1265.64	3139.20
1267.24	3149.66
1268.83	3145.48
1270.43	3138.15
1272.03	3154.90
1273.62	3149.66
1275.22	3126.64
1276.81	3139.20
1278.41	3128.74
1280.00	3133.97
1281.60	3129.78
1283.19	3122.46
1284.79	3132.92
1286.38	3124.55
1287.97	3136.06
1289.57	3130.83
1291.16	3127.69
1292.75	3118.27
1294.35	3129.78
1295.94	3121.41
1297.53	3123.50
1299.12	3109.90
1300.72	3131.88
1302.31	3102.58
1303.90	3128.74
1305.49	3131.88
1307.08	3106.76
1308.68	3095.25
1310.27	3100.48
1311.86	3098.39
1313.45	3095.25
1315.04	3085.83
1316.63	3093.16
1318.22	3092.11
1319.81	3085.83
1321.40	3094.21
1322.99	3090.02
1324.58	3077.46
1326.17	3079.56
1327.75	3069.09
1329.34	3074.32
1330.93	3067.00
1332.52	3057.58
1334.11	3058.63
1335.70	3056.54
1337.28	3043.98
1338.87	3053.40
1340.46	3060.72
1342.05	3048.16
1343.63	3046.07
1345.22	3039.79
1346.81	3051.30
1348.39	3046.07
1349.98	3048.16
1351.56	3030.38
1353.15	3025.14
1354.73	3030.38
1356.32	3023.05
1357.90	3016.77
1359.49	3025.14
1361.07	3012.59
1362.66	3004.22
1364.24	3010.49
1365.82	3009.45
1367.41	3007.35
1368.99	2987.47
1370.57	2991.66
1372.16	2993.75
1373.74	2994.80
1375.32	2988.52
1376.91	2980.15
1378.49	2961.31
1380.07	2934.11
1381.65	2939.34
1383.23	2922.60
1384.81	2920.50
1386.39	2917.36
1387.97	2918.41
1389.55	2907.95
1391.14	2897.48
1392.72	2884.93
1394.29	2888.06
1395.87	2881.79
1397.45	2877.60
1399.03	2871.32
1400.61	2871.32
1402.19	2852.49
1403.77	2842.02
1405.35	2862.95
1406.92	2846.21
1408.50	2845.16
1410.08	2850.39
1411.66	2839.93
1413.23	2843.07
1414.81	2840.98
1416.39	2822.14
1417.96	2836.79
1419.54	2824.23
1421.12	2831.56
1422.69	2846.21
1424.27	2825.28
1425.84	2836.79
1427.42	2824.23
1428.99	2827.37
1430.57	2822.14
1432.14	2813.77
1433.71	2819.00
1435.29	2827.37
1436.86	2825.28
1438.43	2821.10
1440.01	2820.05
1441.58	2693.43
1443.15	2817.96
1444.72	2817.96
1446.30	2816.91
1447.87	2827.37
1449.44	2807.49
1451.01	2797.03
1452.58	2829.47
1454.15	2829.47
1455.72	2814.82
1457.29	2807.49
1458.86	2825.28
1460.43	2812.72
1462.00	2834.70
1463.57	2823.19
1465.14	2822.14
1466.71	2804.35
1468.28	2814.82
1469.85	2813.77
1471.41	2824.23
1472.98	2826.33
1474.55	2828.42
1476.12	2808.54
1477.68	2809.58
1479.25	2824.23
1480.82	2826.33
1482.38	2830.51
1483.95	2814.82
1485.51	2826.33
1487.08	2830.51
1488.64	2825.28
1490.21	2828.42
1491.77	2813.77
1493.34	2836.79
1494.90	2816.91
1496.46	2826.33
1498.03	2827.37
1499.59	2834.70
1501.15	2830.51
1502.72	2831.56
1504.28	2837.84
1505.84	2830.51
1507.40	2824.23
1508.97	2838.88
1510.53	2836.79
1512.09	2850.39
1513.65	2851.44
1515.21	2846.21
1516.77	2830.51
1518.33	2846.21
1519.89	2845.16
1521.45	2832.61
1523.01	2839.93
1524.57	2844.12
1526.13	2835.74
1527.68	2842.02
1529.24	2849.35
1530.80	2837.84
1532.36	2843.07
1533.92	2838.88
1535.47	2829.47
1537.03	2836.79
1538.59	2848.30
1540.14	2843.07
1541.70	2826.33
1543.25	2845.16
1544.81	2846.21
1546.36	2842.02
1547.92	2829.47
1549.47	2846.21
1551.03	2838.88
1552.58	2837.84
1554.13	2835.74
1555.69	2847.26
1557.24	2831.56
1558.79	2832.61
1560.35	2834.70
1561.90	2849.35
1563.45	2834.70
1565.00	2827.37
1566.55	2823.19
1568.10	2833.65
1569.66	2819.00
1571.21	2837.84
1572.76	2828.42
1574.31	2829.47
1575.86	2828.42
1577.40	2821.10
1578.95	2811.68
1580.50	2819.00
1582.05	2824.23
1583.60	2812.72
1585.15	2800.17
1586.69	2811.68
1588.24	2823.19
1589.79	2822.14
1591.34	2805.40
1592.88	2827.37
1594.43	2805.40
1595.97	2817.96
1597.52	2811.68
1599.06	2815.86
1600.61	2803.31
1602.15	2825.28
1603.70	2810.63
1605.24	2811.68
1606.79	2810.63
1608.33	2802.26
1609.87	2804.35
1611.41	2812.72
1612.96	2806.45
1614.50	2788.66
1616.04	2790.75
1617.58	2809.58
1619.12	2800.17
1620.67	2801.21
1622.21	2785.52
1623.75	2805.40
1625.29	2786.56
1626.83	2782.38
1628.37	2792.84
1629.90	2772.96
1631.44	2776.10
1632.98	2784.47
1634.52	2765.64
1636.06	2767.73
1637.59	2774.01
1639.13	2763.54
1640.67	2764.59
1642.21	2748.89
1643.74	2750.99
1645.28	2730.06
1646.81	2721.69
1648.35	2724.83
1649.88	2700.76
1651.42	2705.99
1652.95	2690.29
1654.49	2713.32
1656.02	2688.20
1657.55	2695.53
1659.09	2675.65
1660.62	2696.57
1662.15	2684.02
1663.68	2691.34
1665.22	2680.88
1666.75	2676.69
1668.28	2675.65
1669.81	2698.67
1671.34	2679.83
1672.87	2680.88
1674.40	2681.92
1675.93	2667.27
1677.46	2654.72
1678.99	2655.76
1680.52	2661.00
1682.04	2670.41
1683.57	2653.67
1685.10	2665.18
1686.63	2659.95
1688.15	2664.13
1689.68	2648.44
1691.21	2654.72
1692.73	2656.81
1694.26	2665.18
1695.78	2651.58
1697.31	2651.58
1698.83	2644.25
1700.36	2648.44
1701.88	2635.88
1703.40	2649.49
1704.93	2643.21
1706.45	2637.97
