896.35	3361.04
897.98	3392.43
899.60	3381.97
901.22	3428.01
902.85	3410.22
904.47	3442.66
906.10	3444.75
907.72	3468.82
909.34	3475.10
910.97	3518.00
912.59	3537.88
914.21	3622.64
915.84	3671.82
917.46	3755.53
919.08	3790.06
920.71	3840.29
922.33	3859.12
923.95	3897.84
925.58	3914.58
927.20	3939.70
928.82	3949.11
930.44	4000.39
932.07	3975.27
933.69	4005.62
935.31	4005.62
936.93	4045.38
938.56	4030.73
940.18	4061.08
941.80	4038.06
943.42	4077.82
945.05	4067.36
946.67	4083.05
948.29	4071.54
949.91	4097.70
951.53	4090.38
953.16	4114.45
954.78	4087.24
956.40	4102.94
958.02	4083.05
959.64	4114.45
961.26	4088.29
962.88	4107.12
964.51	4078.87
966.13	4129.10
967.75	4093.52
969.37	4112.35
970.99	4087.24
972.61	4115.49
974.23	4099.80
975.85	4131.19
977.47	4105.03
979.09	4131.19
980.71	4095.61
982.33	4138.51
983.95	4112.35
985.57	4151.07
987.19	4124.91
988.81	4154.21
990.43	4121.77
992.05	4146.88
993.67	4140.61
995.29	4166.77
996.91	4145.84
998.53	4201.30
1000.15	4179.32
1001.77	4209.67
1003.39	4205.48
1005.01	4244.20
1006.63	4232.69
1008.25	4259.90
1009.86	4241.06
1011.48	4269.31
1013.10	4245.25
1014.72	4285.01
1016.34	4268.27
1017.96	4311.17
1019.58	4269.31
1021.19	4299.66
1022.81	4300.70
1024.43	4335.24
1026.05	4308.03
1027.66	4337.33
1029.28	4318.49
1030.90	4344.65
1032.52	4316.40
1034.13	4361.40
1035.75	4353.02
1037.37	4371.86
1038.98	4356.16
1040.60	4372.91
1042.22	4333.14
1043.83	4376.05
1045.45	4355.12
1047.07	4382.32
1048.68	4365.58
1050.30	4376.05
1051.92	4368.72
1053.53	4387.56
1055.15	4365.58
1056.76	4386.51
1058.38	4363.49
1059.99	4399.07
1061.61	4366.63
1063.22	4383.37
1064.84	4364.54
1066.46	4389.65
1068.07	4358.26
1069.68	4375.00
1071.30	4363.49
1072.91	4371.86
1074.53	4334.19
1076.14	4373.95
1077.76	4326.86
1079.37	4360.35
1080.98	4290.24
1082.60	4340.47
1084.21	4316.40
1085.83	4336.28
1087.44	4313.26
1089.05	4319.54
1090.67	4293.38
1092.28	4326.86
1093.89	4311.17
1095.50	4333.14
1097.12	4306.98
1098.73	4340.47
1100.34	4292.33
1101.95	4336.28
1103.57	4315.35
1105.18	4315.35
1106.79	4289.19
1108.40	4312.22
1110.01	4292.33
1111.63	4330.00
1113.24	4297.57
1114.85	4321.63
1116.46	4305.94
1118.07	4334.19
1119.68	4301.75
1121.29	4335.24
1122.90	4312.22
1124.51	4333.14
1126.12	4320.59
1127.73	4361.40
1129.34	4347.79
1130.95	4376.05
1132.56	4351.98
1134.17	4339.42
1135.78	4331.05
1137.39	4367.67
1139.00	4346.75
1140.61	4368.72
1142.22	4361.40
1143.83	4366.63
1145.44	4368.72
1147.05	4396.97
1148.65	4386.51
1150.26	4395.93
1151.87	4368.72
1153.48	4405.34
1155.09	4403.25
1156.69	4414.76
1158.30	4388.60
1159.91	4427.32
1161.52	4416.86
1163.12	4447.20
1164.73	4404.30
1166.34	4449.29
1167.94	4413.72
1169.55	4447.20
1171.16	4430.46
1172.76	4452.43
1174.37	4426.27
1175.97	4451.39
1177.58	4412.67
1179.19	4458.71
1180.79	4427.32
1182.40	4451.39
1184.00	4431.50
1185.61	4471.27
1187.21	4441.97
1188.82	4456.62
1190.42	4444.06
1192.02	4455.57
1193.63	4418.95
1195.23	4455.57
1196.84	4431.50
1198.44	4448.25
1200.04	4433.60
1201.65	4445.11
1203.25	4430.46
1204.85	4463.94
1206.46	4415.81
1208.06	4431.50
1209.66	4413.72
1211.26	4443.02
1212.87	4425.23
1214.47	4428.37
1216.07	4394.88
1217.67	4413.72
1219.27	4387.56
1220.87	4406.39
1222.48	4393.83
1224.08	4401.16
1225.68	4367.67
1227.28	4387.56
1228.88	4367.67
1230.48	4387.56
1232.08	4347.79
1233.68	4373.95
1235.28	4359.30
1236.88	4364.54
1238.48	4323.73
1240.08	4357.21
1241.68	4295.47
1243.28	4322.68
1244.87	4292.33
1246.47	4309.08
1248.07	4272.45
1249.67	4298.61
1251.27	4283.96
1252.87	4292.33
1254.46	4244.20
1256.06	4261.99
1257.66	4242.11
1259.26	4264.08
1260.85	4256.76
1262.45	4266.17
1264.05	4243.15
1265.64	4252.57
1267.24	4234.78
1268.83	4252.57
1270.43	4228.50
1272.03	4260.94
1273.62	4216.99
1275.22	4224.32
1276.81	4208.62
1278.41	4216.99
1280.00	4210.71
1281.60	4219.09
1283.19	4189.79
1284.79	4203.39
1286.38	4172.00
1287.97	4208.62
1289.57	4176.18
1291.16	4201.30
1292.75	4179.32
1294.35	4205.48
1295.94	4176.18
1297.53	4197.11
1299.12	4163.63
1300.72	4192.93
1302.31	4134.33
1303.90	4178.28
1305.49	4153.16
1307.08	4150.02
1308.68	4128.05
1310.27	4160.49
1311.86	4150.02
1313.45	4156.30
1315.04	4140.61
1316.63	4158.39
1318.22	4121.77
1319.81	4135.37
1321.40	4110.26
1322.99	4135.37
1324.58	4089.33
1326.17	4113.40
1327.75	4082.01
1329.34	4106.07
1330.93	4085.15
1332.52	4108.17
1334.11	4089.33
1335.70	4103.98
1337.28	4082.01
1338.87	4098.75
1340.46	4087.24
1342.05	4090.38
1343.63	4071.54
1345.22	4080.96
1346.81	4076.78
1348.39	4076.78
1349.98	4058.99
1351.56	4063.17
1353.15	4037.01
1354.73	4038.06
1356.32	3999.34
1357.90	4022.36
1359.49	3993.06
1361.07	3970.04
1362.66	3944.93
1364.24	3983.65
1365.82	3965.86
1367.41	3986.78
1368.99	3936.56
1370.57	3953.30
1372.16	3943.88
1373.74	3966.90
1375.32	3926.09
1376.91	3898.89
1378.49	3836.10
1380.07	3816.22
1381.65	3781.69
1383.23	3777.50
1384.81	3785.88
1386.39	3806.80
1387.97	3779.60
1389.55	3812.04
1391.14	3803.66
1392.72	3790.06
1394.29	3774.37
1395.87	3779.60
1397.45	3787.97
1399.03	3807.85
1400.61	3796.34
1402.19	3829.82
1403.77	3806.80
1405.35	3831.92
1406.92	3815.18
1408.50	3839.24
1410.08	3826.69
1411.66	3854.94
1413.23	3845.52
1414.81	3860.17
1416.39	3835.06
1417.96	3872.73
1419.54	3842.38
1421.12	3887.38
1422.69	3880.05
1424.27	3867.50
1425.84	3867.50
1427.42	3881.10
1428.99	3874.82
1430.57	3890.52
1432.14	3867.50
1433.71	3883.19
1435.29	3866.45
1436.86	3869.59
1438.43	3857.03
1440.01	3863.31
1441.58	3719.95
1443.15	3865.40
1444.72	3858.08
1446.30	3866.45
1447.87	3850.75
1449.44	3834.01
1451.01	3812.04
1452.58	3843.43
1454.15	3818.31
1455.72	3796.34
1457.29	3784.83
1458.86	3818.31
1460.43	3780.64
1462.00	3807.85
1463.57	3774.37
1465.14	3779.60
1466.71	3746.11
1468.28	3767.04
1469.85	3746.11
1471.41	3765.99
1472.98	3730.42
1474.55	3742.97
1476.12	3706.35
1477.68	3704.26
1479.25	3702.16
1480.82	3700.07
1482.38	3689.61
1483.95	3683.33
1485.51	3680.19
1487.08	3701.12
1488.64	3686.47
1490.21	3707.40
1491.77	3680.19
1493.34	3691.70
1494.90	3648.80
1496.46	3665.54
1498.03	3647.75
1499.59	3652.98
1501.15	3629.96
1502.72	3643.57
1504.28	3631.01
1505.84	3633.10
1507.40	3611.13
1508.97	3634.15
1510.53	3612.17
1512.09	3636.24
1513.65	3623.68
1515.21	3619.50
1516.77	3587.06
1518.33	3612.17
1519.89	3583.92
1521.45	3600.66
1523.01	3587.06
1524.57	3602.76
1526.13	3571.36
1527.68	3588.11
1529.24	3580.78
1530.80	3573.46
1532.36	3566.13
1533.92	3570.32
1535.47	3544.16
1537.03	3555.67
1538.59	3541.02
1540.14	3549.39
1541.70	3523.23
1543.25	3554.62
1544.81	3526.37
1546.36	3533.69
1547.92	3500.21
1549.47	3512.77
1551.03	3499.16
1552.58	3500.21
1554.13	3487.65
1555.69	3504.39
1557.24	3470.91
1558.79	3470.91
1560.35	3455.21
1561.90	3467.77
1563.45	3439.52
1565.00	3447.89
1566.55	3418.59
1568.10	3429.05
1569.66	3415.45
1571.21	3437.42
1572.76	3416.50
1574.31	3418.59
1575.86	3399.75
1577.40	3393.48
1578.95	3386.15
1580.50	3391.38
1582.05	3377.78
1583.60	3383.01
1585.15	3358.94
1586.69	3369.41
1588.24	3367.32
1589.79	3375.69
1591.34	3336.97
1592.88	3373.59
1594.43	3351.62
1595.97	3368.36
1597.52	3344.30
1599.06	3350.57
1600.61	3325.46
1602.15	3346.39
1603.70	3325.46
1605.24	3331.74
1606.79	3317.09
1608.33	3312.90
1609.87	3300.35
1611.41	3312.90
1612.96	3293.02
1614.50	3289.88
1616.04	3276.28
1617.58	3288.84
1619.12	3274.19
1620.67	3287.79
1622.21	3246.98
1623.75	3260.58
1625.29	3234.42
1626.83	3240.70
1628.37	3250.12
1629.90	3214.54
1631.44	3188.38
1632.98	3182.10
1634.52	3148.62
1636.06	3141.29
1637.59	3129.78
1639.13	3090.02
1640.67	3068.05
1642.21	3035.61
1643.74	3006.31
1645.28	2969.68
1646.81	2945.62
1648.35	2944.57
1649.88	2896.44
1651.42	2887.02
1652.95	2861.90
1654.49	2876.55
1656.02	2847.26
1657.55	2842.02
1659.09	2810.63
1660.62	2824.23
1662.15	2807.49
1663.68	2807.49
1665.22	2791.80
1666.75	2780.29
1668.28	2768.78
1669.81	2794.94
1671.34	2774.01
1672.87	2782.38
1674.40	2777.15
1675.93	2764.59
1677.46	2745.75
1678.99	2739.48
1680.52	2733.20
1682.04	2746.80
1683.57	2740.52
1685.10	2749.94
1686.63	2732.15
1688.15	2725.87
1689.68	2717.50
1691.21	2725.87
1692.73	2724.83
1694.26	2736.34
1695.78	2722.73
1697.31	2726.92
1698.83	2708.08
1700.36	2711.22
1701.88	2712.27
1703.40	2733.20
1704.93	2716.45
1706.45	2713.32
