896.35	3131.88
897.98	3148.62
899.60	3152.80
901.22	3180.01
902.85	3170.59
904.47	3191.52
906.10	3192.57
907.72	3208.26
909.34	3212.45
910.97	3243.84
912.59	3266.86
914.21	3307.67
915.84	3344.30
917.46	3404.99
919.08	3420.68
920.71	3461.49
922.33	3480.33
923.95	3506.49
925.58	3532.65
927.20	3539.97
928.82	3545.20
930.44	3581.83
932.07	3551.48
933.69	3566.13
935.31	3570.32
936.93	3595.43
938.56	3592.29
940.18	3617.41
941.80	3605.90
943.42	3624.73
945.05	3620.54
946.67	3612.17
948.29	3612.17
949.91	3624.73
951.53	3635.19
953.16	3651.94
954.78	3634.15
956.40	3626.82
958.02	3611.13
959.64	3635.19
961.26	3611.13
962.88	3627.87
964.51	3600.66
966.13	3646.70
967.75	3634.15
969.37	3625.78
970.99	3611.13
972.61	3631.01
974.23	3620.54
975.85	3631.01
977.47	3627.87
979.09	3638.33
980.71	3622.64
982.33	3645.66
983.95	3633.10
985.57	3664.49
987.19	3635.19
988.81	3656.12
990.43	3640.43
992.05	3656.12
993.67	3655.08
995.29	3676.00
996.91	3659.26
998.53	3693.79
1000.15	3679.14
1001.77	3702.16
1003.39	3684.38
1005.01	3707.40
1006.63	3710.54
1008.25	3727.28
1009.86	3732.51
1011.48	3735.65
1013.10	3724.14
1014.72	3750.30
1016.34	3744.02
1017.96	3779.60
1019.58	3746.11
1021.19	3758.67
1022.81	3759.72
1024.43	3790.06
1026.05	3770.18
1027.66	3789.02
1029.28	3771.23
1030.90	3793.20
1032.52	3769.13
1034.13	3797.39
1035.75	3791.11
1037.37	3815.18
1038.98	3808.90
1040.60	3815.18
1042.22	3793.20
1043.83	3812.04
1045.45	3794.25
1047.07	3819.36
1048.68	3818.31
1050.30	3814.13
1051.92	3809.94
1053.53	3823.55
1055.15	3807.85
1056.76	3818.31
1058.38	3799.48
1059.99	3827.73
1061.61	3805.76
1063.22	3816.22
1064.84	3812.04
1066.46	3803.66
1068.07	3780.64
1069.68	3802.62
1071.30	3796.34
1072.91	3804.71
1074.53	3775.41
1076.14	3806.80
1077.76	3779.60
1079.37	3795.29
1080.98	3755.53
1082.60	3786.92
1084.21	3777.50
1085.83	3781.69
1087.44	3761.81
1089.05	3768.09
1090.67	3751.34
1092.28	3767.04
1093.89	3757.62
1095.50	3768.09
1097.12	3749.25
1098.73	3768.09
1100.34	3736.70
1101.95	3769.13
1103.57	3751.34
1105.18	3754.48
1106.79	3727.28
1108.40	3755.53
1110.01	3749.25
1111.63	3769.13
1113.24	3754.48
1114.85	3757.62
1116.46	3745.07
1118.07	3776.46
1119.68	3741.93
1121.29	3757.62
1122.90	3738.79
1124.51	3759.72
1126.12	3750.30
1127.73	3767.04
1129.34	3753.44
1130.95	3772.27
1132.56	3762.86
1134.17	3742.97
1135.78	3747.16
1137.39	3765.99
1139.00	3734.60
1140.61	3757.62
1142.22	3745.07
1143.83	3744.02
1145.44	3739.83
1147.05	3755.53
1148.65	3745.07
1150.26	3742.97
1151.87	3730.42
1153.48	3752.39
1155.09	3756.58
1156.69	3756.58
1158.30	3734.60
1159.91	3745.07
1161.52	3745.07
1163.12	3754.48
1164.73	3736.70
1166.34	3760.76
1167.94	3728.32
1169.55	3745.07
1171.16	3734.60
1172.76	3767.04
1174.37	3745.07
1175.97	3761.81
1177.58	3721.00
1179.19	3751.34
1180.79	3731.46
1182.40	3748.21
1184.00	3734.60
1185.61	3754.48
1187.21	3732.51
1188.82	3739.83
1190.42	3732.51
1192.02	3741.93
1193.63	3718.91
1195.23	3750.30
1196.84	3741.93
1198.44	3749.25
1200.04	3744.02
1201.65	3745.07
1203.25	3734.60
1204.85	3746.11
1206.46	3716.81
1208.06	3726.23
1209.66	3714.72
1211.26	3728.32
1212.87	3734.60
1214.47	3722.05
1216.07	3703.21
1217.67	3718.91
1219.27	3696.93
1220.87	3712.63
1222.48	3692.75
1224.08	3710.54
1225.68	3693.79
1227.28	3694.84
1228.88	3683.33
1230.48	3695.89
1232.08	3670.77
1233.68	3692.75
1235.28	3685.42
1236.88	3688.56
1238.48	3668.68
1240.08	3696.93
1241.68	3660.31
1243.28	3677.05
1244.87	3647.75
1246.47	3652.98
1248.07	3635.19
1249.67	3639.38
1251.27	3640.43
1252.87	3634.15
1254.46	3615.31
1256.06	3625.78
1257.66	3616.36
1259.26	3613.22
1260.85	3613.22
1262.45	3616.36
1264.05	3604.85
1265.64	3609.03
1267.24	3598.57
1268.83	3607.99
1270.43	3586.01
1272.03	3614.27
1273.62	3595.43
1275.22	3586.01
1276.81	3591.25
1278.41	3599.62
1280.00	3589.15
1281.60	3588.11
1283.19	3569.27
1284.79	3583.92
1286.38	3559.85
1287.97	3577.64
1289.57	3564.04
1291.16	3566.13
1292.75	3533.69
1294.35	3553.58
1295.94	3545.20
1297.53	3561.95
1299.12	3534.74
1300.72	3554.62
1302.31	3514.86
1303.90	3538.93
1305.49	3531.60
1307.08	3519.04
1308.68	3501.26
1310.27	3520.09
1311.86	3506.49
1313.45	3508.58
1315.04	3499.16
1316.63	3498.12
1318.22	3487.65
1319.81	3494.98
1321.40	3483.47
1322.99	3489.74
1324.58	3466.72
1326.17	3467.77
1327.75	3454.17
1329.34	3460.45
1330.93	3453.12
1332.52	3462.54
1334.11	3439.52
1335.70	3442.66
1337.28	3432.19
1338.87	3437.42
1340.46	3423.82
1342.05	3430.10
1343.63	3411.26
1345.22	3417.54
1346.81	3406.03
1348.39	3406.03
1349.98	3392.43
1351.56	3384.06
1353.15	3368.36
1354.73	3378.83
1356.32	3349.53
1357.90	3343.25
1359.49	3348.48
1361.07	3333.83
1362.66	3306.62
1364.24	3320.23
1365.82	3313.95
1367.41	3313.95
1368.99	3296.16
1370.57	3287.79
1372.16	3281.51
1373.74	3279.42
1375.32	3265.82
1376.91	3254.30
1378.49	3219.77
1380.07	3194.66
1381.65	3176.87
1383.23	3149.66
1384.81	3154.90
1386.39	3148.62
1387.97	3140.25
1389.55	3130.83
1391.14	3114.09
1392.72	3097.34
1394.29	3078.51
1395.87	3062.81
1397.45	3051.30
1399.03	3056.54
1400.61	3038.75
1402.19	3028.28
1403.77	3008.40
1405.35	3025.14
1406.92	3003.17
1408.50	3002.12
1410.08	2998.98
1411.66	2997.94
1413.23	2982.24
1414.81	2985.38
1416.39	2966.54
1417.96	2986.43
1419.54	2970.73
1421.12	2975.96
1422.69	2983.29
1424.27	2970.73
1425.84	2973.87
1427.42	2965.50
1428.99	2962.36
1430.57	2963.41
1432.14	2962.36
1433.71	2966.54
1435.29	2964.45
1436.86	2955.03
1438.43	2951.90
1440.01	2950.85
1441.58	2833.65
1443.15	2957.13
1444.72	2947.71
1446.30	2950.85
1447.87	2962.36
1449.44	2946.66
1451.01	2936.20
1452.58	2949.80
1454.15	2938.29
1455.72	2932.01
1457.29	2937.25
1458.86	2944.57
1460.43	2940.38
1462.00	2961.31
1463.57	2944.57
1465.14	2948.76
1466.71	2942.48
1468.28	2949.80
1469.85	2945.62
1471.41	2947.71
1472.98	2945.62
1474.55	2961.31
1476.12	2943.52
1477.68	2939.34
1479.25	2957.13
1480.82	2946.66
1482.38	2956.08
1483.95	2946.66
1485.51	2956.08
1487.08	2969.68
1488.64	2959.22
1490.21	2963.41
1491.77	2946.66
1493.34	2967.59
1494.90	2946.66
1496.46	2956.08
1498.03	2970.73
1499.59	2978.06
1501.15	2963.41
1502.72	2971.78
1504.28	2970.73
1505.84	2971.78
1507.40	2961.31
1508.97	2979.10
1510.53	2965.50
1512.09	2981.19
1513.65	2992.70
1515.21	2991.66
1516.77	2964.45
1518.33	2989.57
1519.89	2980.15
1521.45	2988.52
1523.01	2984.33
1524.57	2994.80
1526.13	2991.66
1527.68	2997.94
1529.24	3006.31
1530.80	3000.03
1532.36	3006.31
1533.92	2984.33
1535.47	2979.10
1537.03	2988.52
1538.59	2992.70
1540.14	2990.61
1541.70	2985.38
1543.25	3002.12
1544.81	2994.80
1546.36	3001.08
1547.92	2992.70
1549.47	2996.89
1551.03	2983.29
1552.58	2979.10
1554.13	2983.29
1555.69	2989.57
1557.24	2979.10
1558.79	2982.24
1560.35	2980.15
1561.90	2994.80
1563.45	2980.15
1565.00	2977.01
1566.55	2968.64
1568.10	2980.15
1569.66	2971.78
1571.21	2978.06
1572.76	2977.01
1574.31	2979.10
1575.86	2971.78
1577.40	2959.22
1578.95	2966.54
1580.50	2971.78
1582.05	2959.22
1583.60	2956.08
1585.15	2946.66
1586.69	2951.90
1588.24	2962.36
1589.79	2973.87
1591.34	2943.52
1592.88	2961.31
1594.43	2938.29
1595.97	2960.27
1597.52	2952.94
1599.06	2964.45
1600.61	2945.62
1602.15	2966.54
1603.70	2949.80
1605.24	2950.85
1606.79	2942.48
1608.33	2928.87
1609.87	2933.06
1611.41	2939.34
1612.96	2942.48
1614.50	2925.74
1616.04	2930.97
1617.58	2937.25
1619.12	2921.55
1620.67	2924.69
1622.21	2901.67
1623.75	2927.83
1625.29	2905.85
1626.83	2907.95
1628.37	2921.55
1629.90	2894.34
1631.44	2888.06
1632.98	2898.53
1634.52	2879.69
1636.06	2875.51
1637.59	2877.60
1639.13	2862.95
1640.67	2851.44
1642.21	2829.47
1643.74	2822.14
1645.28	2801.21
1646.81	2786.56
1648.35	2790.75
1649.88	2768.78
1651.42	2770.87
1652.95	2748.89
1654.49	2768.78
1656.02	2742.62
1657.55	2748.89
1659.09	2724.83
1660.62	2749.94
1662.15	2735.29
1663.68	2740.52
1665.22	2720.64
1666.75	2722.73
1668.28	2714.36
1669.81	2735.29
1671.34	2722.73
1672.87	2726.92
1674.40	2721.69
1675.93	2701.81
1677.46	2692.39
1678.99	2699.71
1680.52	2695.53
1682.04	2705.99
1683.57	2699.71
1685.10	2703.90
1686.63	2700.76
1688.15	2700.76
1689.68	2694.48
1691.21	2695.53
1692.73	2682.97
1694.26	2694.48
1695.78	2679.83
1697.31	2688.20
1698.83	2677.74
1700.36	2690.29
1701.88	2676.69
1703.40	2687.16
1704.93	2676.69
1706.45	2680.88
