896.35	2709.13
897.98	2705.99
899.60	2713.32
901.22	2724.83
902.85	2732.15
904.47	2723.78
906.10	2736.34
907.72	2724.83
909.34	2743.66
910.97	2742.62
912.59	2752.03
914.21	2750.99
915.84	2752.03
917.46	2759.36
919.08	2775.05
920.71	2764.59
922.33	2791.80
923.95	2785.52
925.58	2803.31
927.20	2781.33
928.82	2793.89
930.44	2791.80
932.07	2793.89
933.69	2774.01
935.31	2795.98
936.93	2786.56
938.56	2800.17
940.18	2792.84
941.80	2802.26
943.42	2802.26
945.05	2830.51
946.67	2792.84
948.29	2820.05
949.91	2798.07
951.53	2823.19
953.16	2817.96
954.78	2823.19
956.40	2797.03
958.02	2817.96
959.64	2806.45
961.26	2821.10
962.88	2802.26
964.51	2806.45
966.13	2811.68
967.75	2824.23
969.37	2799.12
970.99	2815.86
972.61	2802.26
974.23	2820.05
975.85	2813.77
977.47	2826.33
979.09	2809.58
980.71	2822.14
982.33	2813.77
983.95	2827.37
985.57	2816.91
987.19	2815.86
988.81	2821.10
990.43	2826.33
992.05	2812.72
993.67	2832.61
995.29	2821.10
996.91	2817.96
998.53	2834.70
1000.15	2843.07
1001.77	2833.65
1003.39	2830.51
1005.01	2821.10
1006.63	2834.70
1008.25	2828.42
1009.86	2852.49
1011.48	2831.56
1013.10	2839.93
1014.72	2835.74
1016.34	2846.21
1017.96	2855.63
1019.58	2844.12
1021.19	2825.28
1022.81	2838.88
1024.43	2840.98
1026.05	2847.26
1027.66	2840.98
1029.28	2846.21
1030.90	2843.07
1032.52	2846.21
1034.13	2839.93
1035.75	2862.95
1037.37	2848.30
1038.98	2873.42
1040.60	2840.98
1042.22	2845.16
1043.83	2837.84
1045.45	2853.53
1047.07	2844.12
1048.68	2856.67
1050.30	2836.79
1051.92	2854.58
1053.53	2840.98
1055.15	2850.39
1056.76	2843.07
1058.38	2861.90
1059.99	2856.67
1061.61	2855.63
1063.22	2840.98
1064.84	2860.86
1066.46	2847.26
1068.07	2848.30
1069.68	2848.30
1071.30	2869.23
1072.91	2842.02
1074.53	2845.16
1076.14	2851.44
1077.76	2853.53
1079.37	2846.21
1080.98	2827.37
1082.60	2839.93
1084.21	2855.63
1085.83	2843.07
1087.44	2860.86
1089.05	2835.74
1090.67	2848.30
1092.28	2834.70
1093.89	2848.30
1095.50	2842.02
1097.12	2848.30
1098.73	2854.58
1100.34	2837.84
1101.95	2845.16
1103.57	2855.63
1105.18	2833.65
1106.79	2835.74
1108.40	2838.88
1110.01	2851.44
1111.63	2848.30
1113.24	2844.12
1114.85	2843.07
1116.46	2858.77
1118.07	2851.44
1119.68	2846.21
1121.29	2840.98
1122.90	2848.30
1124.51	2837.84
1126.12	2857.72
1127.73	2853.53
1129.34	2860.86
1130.95	2854.58
1132.56	2870.28
1134.17	2835.74
1135.78	2846.21
1137.39	2848.30
1139.00	2837.84
1140.61	2832.61
1142.22	2848.30
1143.83	2836.79
1145.44	2853.53
1147.05	2840.98
1148.65	2845.16
1150.26	2831.56
1151.87	2835.74
1153.48	2835.74
1155.09	2857.72
1156.69	2835.74
1158.30	2831.56
1159.91	2832.61
1161.52	2849.35
1163.12	2840.98
1164.73	2843.07
1166.34	2844.12
1167.94	2845.16
1169.55	2842.02
1171.16	2846.21
1172.76	2842.02
1174.37	2834.70
1175.97	2842.02
1177.58	2839.93
1179.19	2843.07
1180.79	2844.12
1182.40	2838.88
1184.00	2839.93
1185.61	2845.16
1187.21	2851.44
1188.82	2839.93
1190.42	2839.93
1192.02	2827.37
1193.63	2843.07
1195.23	2845.16
1196.84	2844.12
1198.44	2833.65
1200.04	2849.35
1201.65	2842.02
1203.25	2848.30
1204.85	2846.21
1206.46	2833.65
1208.06	2836.79
1209.66	2832.61
1211.26	2827.37
1212.87	2850.39
1214.47	2839.93
1216.07	2846.21
1217.67	2835.74
1219.27	2843.07
1220.87	2831.56
1222.48	2847.26
1224.08	2831.56
1225.68	2836.79
1227.28	2834.70
1228.88	2836.79
1230.48	2838.88
1232.08	2830.51
1233.68	2836.79
1235.28	2849.35
1236.88	2830.51
1238.48	2827.37
1240.08	2849.35
1241.68	2828.42
1243.28	2825.28
1244.87	2829.47
1246.47	2824.23
1248.07	2829.47
1249.67	2834.70
1251.27	2848.30
1252.87	2827.37
1254.46	2824.23
1256.06	2822.14
1257.66	2826.33
1259.26	2807.49
1260.85	2832.61
1262.45	2813.77
1264.05	2826.33
1265.64	2812.72
1267.24	2821.10
1268.83	2823.19
1270.43	2830.51
1272.03	2838.88
1273.62	2828.42
1275.22	2805.40
1276.81	2827.37
1278.41	2815.86
1280.00	2834.70
1281.60	2819.00
1283.19	2826.33
1284.79	2816.91
1286.38	2817.96
1287.97	2813.77
1289.57	2812.72
1291.16	2813.77
1292.75	2813.77
1294.35	2814.82
1295.94	2816.91
1297.53	2812.72
1299.12	2815.86
1300.72	2826.33
1302.31	2810.63
1303.90	2825.28
1305.49	2819.00
1307.08	2799.12
1308.68	2812.72
1310.27	2812.72
1311.86	2815.86
1313.45	2807.49
1315.04	2809.58
1316.63	2807.49
1318.22	2811.68
1319.81	2799.12
1321.40	2806.45
1322.99	2806.45
1324.58	2798.07
1326.17	2805.40
1327.75	2801.21
1329.34	2790.75
1330.93	2791.80
1332.52	2786.56
1334.11	2798.07
1335.70	2782.38
1337.28	2785.52
1338.87	2784.47
1340.46	2789.70
1342.05	2780.29
1343.63	2787.61
1345.22	2781.33
1346.81	2790.75
1348.39	2783.42
1349.98	2794.94
1351.56	2782.38
1353.15	2782.38
1354.73	2786.56
1356.32	2779.24
1357.90	2775.05
1359.49	2788.66
1361.07	2782.38
1362.66	2780.29
1364.24	2780.29
1365.82	2792.84
1367.41	2788.66
1368.99	2774.01
1370.57	2764.59
1372.16	2775.05
1373.74	2772.96
1375.32	2782.38
1376.91	2775.05
1378.49	2769.82
1380.07	2760.40
1381.65	2770.87
1383.23	2747.85
1384.81	2748.89
1386.39	2741.57
1387.97	2762.50
1389.55	2745.75
1391.14	2752.03
1392.72	2746.80
1394.29	2750.99
1395.87	2752.03
1397.45	2745.75
1399.03	2740.52
1400.61	2749.94
1402.19	2736.34
1403.77	2723.78
1405.35	2745.75
1406.92	2737.38
1408.50	2735.29
1410.08	2738.43
1411.66	2725.87
1413.23	2738.43
1414.81	2740.52
1416.39	2726.92
1417.96	2733.20
1419.54	2731.10
1421.12	2737.38
1422.69	2737.38
1424.27	2727.97
1425.84	2735.29
1427.42	2729.01
1428.99	2736.34
1430.57	2735.29
1432.14	2736.34
1433.71	2730.06
1435.29	2741.57
1436.86	2725.87
1438.43	2734.24
1440.01	2732.15
1441.58	2609.72
1443.15	2735.29
1444.72	2740.52
1446.30	2730.06
1447.87	2739.48
1449.44	2722.73
1451.01	2727.97
1452.58	2735.29
1454.15	2738.43
1455.72	2730.06
1457.29	2732.15
1458.86	2730.06
1460.43	2721.69
1462.00	2741.57
1463.57	2721.69
1465.14	2734.24
1466.71	2726.92
1468.28	2734.24
1469.85	2739.48
1471.41	2737.38
1472.98	2737.38
1474.55	2742.62
1476.12	2734.24
1477.68	2722.73
1479.25	2733.20
1480.82	2725.87
1482.38	2733.20
1483.95	2725.87
1485.51	2734.24
1487.08	2742.62
1488.64	2742.62
1490.21	2735.29
1491.77	2714.36
1493.34	2733.20
1494.90	2727.97
1496.46	2731.10
1498.03	2737.38
1499.59	2732.15
1501.15	2732.15
1502.72	2732.15
1504.28	2733.20
1505.84	2718.55
1507.40	2729.01
1508.97	2737.38
1510.53	2727.97
1512.09	2734.24
1513.65	2741.57
1515.21	2735.29
1516.77	2720.64
1518.33	2735.29
1519.89	2731.10
1521.45	2730.06
1523.01	2734.24
1524.57	2731.10
1526.13	2724.83
1527.68	2739.48
1529.24	2735.29
1530.80	2735.29
1532.36	2745.75
1533.92	2730.06
1535.47	2722.73
1537.03	2720.64
1538.59	2727.97
1540.14	2717.50
1541.70	2719.59
1543.25	2732.15
1544.81	2724.83
1546.36	2725.87
1547.92	2715.41
1549.47	2731.10
1551.03	2722.73
1552.58	2713.32
1554.13	2711.22
1555.69	2725.87
1557.24	2719.59
1558.79	2721.69
1560.35	2717.50
1561.90	2718.55
1563.45	2712.27
1565.00	2714.36
1566.55	2722.73
1568.10	2713.32
1569.66	2703.90
1571.21	2714.36
1572.76	2722.73
1574.31	2720.64
1575.86	2713.32
1577.40	2705.99
1578.95	2710.18
1580.50	2715.41
1582.05	2704.94
1583.60	2705.99
1585.15	2698.67
1586.69	2710.18
1588.24	2705.99
1589.79	2716.45
1591.34	2697.62
1592.88	2717.50
1594.43	2691.34
1595.97	2713.32
1597.52	2709.13
1599.06	2710.18
1600.61	2702.85
1602.15	2709.13
1603.70	2696.57
1605.24	2711.22
1606.79	2712.27
1608.33	2694.48
1609.87	2697.62
1611.41	2704.94
1612.96	2699.71
1614.50	2693.43
1616.04	2699.71
1617.58	2703.90
1619.12	2694.48
1620.67	2696.57
1622.21	2669.37
1623.75	2699.71
1625.29	2691.34
1626.83	2691.34
1628.37	2703.90
1629.90	2688.20
1631.44	2688.20
1632.98	2697.62
1634.52	2677.74
1636.06	2688.20
1637.59	2699.71
1639.13	2693.43
1640.67	2688.20
1642.21	2677.74
1643.74	2684.02
1645.28	2665.18
1646.81	2672.51
1648.35	2692.39
1649.88	2661.00
1651.42	2670.41
1652.95	2662.04
1654.49	2686.11
1656.02	2662.04
1657.55	2669.37
1659.09	2651.58
1660.62	2678.78
1662.15	2650.53
1663.68	2657.86
1665.22	2655.76
1666.75	2653.67
1668.28	2650.53
1669.81	2672.51
1671.34	2656.81
1672.87	2657.86
1674.40	2664.13
1675.93	2652.62
1677.46	2630.65
1678.99	2643.21
1680.52	2635.88
1682.04	2650.53
1683.57	2647.39
1685.10	2639.02
1686.63	2628.56
1688.15	2642.16
1689.68	2626.46
1691.21	2637.97
1692.73	2640.07
1694.26	2646.35
1695.78	2633.79
1697.31	2641.11
1698.83	2629.60
1700.36	2633.79
1701.88	2628.56
1703.40	2645.30
1704.93	2627.51
1706.45	2626.46
