896.35	2859.81
897.98	2859.81
899.60	2869.23
901.22	2885.97
902.85	2879.69
904.47	2880.74
906.10	2892.25
907.72	2885.97
909.34	2899.58
910.97	2907.95
912.59	2930.97
914.21	2941.43
915.84	2960.27
917.46	2989.57
919.08	3002.12
920.71	3010.49
922.33	3034.56
923.95	3035.61
925.58	3055.49
927.20	3042.93
928.82	3050.26
930.44	3068.05
932.07	3057.58
933.69	3047.12
935.31	3069.09
936.93	3075.37
938.56	3074.32
940.18	3080.60
941.80	3081.65
943.42	3084.79
945.05	3099.44
946.67	3080.60
948.29	3092.11
949.91	3091.07
951.53	3110.95
953.16	3104.67
954.78	3110.95
956.40	3085.83
958.02	3095.25
959.64	3094.21
961.26	3090.02
962.88	3085.83
964.51	3083.74
966.13	3106.76
967.75	3100.48
969.37	3086.88
970.99	3091.07
972.61	3088.97
974.23	3097.34
975.85	3097.34
977.47	3106.76
979.09	3099.44
980.71	3098.39
982.33	3106.76
983.95	3117.23
985.57	3108.86
987.19	3094.21
988.81	3120.37
990.43	3114.09
992.05	3110.95
993.67	3127.69
995.29	3114.09
996.91	3105.72
998.53	3130.83
1000.15	3136.06
1001.77	3135.02
1003.39	3133.97
1005.01	3142.34
1006.63	3149.66
1008.25	3143.39
1009.86	3155.94
1011.48	3149.66
1013.10	3153.85
1014.72	3159.08
1016.34	3169.55
1017.96	3168.50
1019.58	3155.94
1021.19	3154.90
1022.81	3162.22
1024.43	3176.87
1026.05	3172.69
1027.66	3175.82
1029.28	3177.92
1030.90	3177.92
1032.52	3171.64
1034.13	3180.01
1035.75	3194.66
1037.37	3192.57
1038.98	3198.85
1040.60	3180.01
1042.22	3174.78
1043.83	3183.15
1045.45	3195.71
1047.07	3186.29
1048.68	3201.98
1050.30	3181.06
1051.92	3190.47
1053.53	3190.47
1055.15	3187.34
1056.76	3188.38
1058.38	3197.80
1059.99	3199.89
1061.61	3196.75
1063.22	3184.20
1064.84	3189.43
1066.46	3184.20
1068.07	3183.15
1069.68	3185.24
1071.30	3200.94
1072.91	3173.73
1074.53	3177.92
1076.14	3195.71
1077.76	3190.47
1079.37	3178.96
1080.98	3158.04
1082.60	3173.73
1084.21	3188.38
1085.83	3178.96
1087.44	3184.20
1089.05	3167.45
1090.67	3165.36
1092.28	3163.27
1093.89	3181.06
1095.50	3175.82
1097.12	3174.78
1098.73	3181.06
1100.34	3156.99
1101.95	3173.73
1103.57	3173.73
1105.18	3158.04
1106.79	3168.50
1108.40	3169.55
1110.01	3178.96
1111.63	3180.01
1113.24	3184.20
1114.85	3172.69
1116.46	3166.41
1118.07	3178.96
1119.68	3165.36
1121.29	3175.82
1122.90	3164.31
1124.51	3166.41
1126.12	3180.01
1127.73	3182.10
1129.34	3184.20
1130.95	3185.24
1132.56	3183.15
1134.17	3154.90
1135.78	3166.41
1137.39	3176.87
1139.00	3168.50
1140.61	3175.82
1142.22	3175.82
1143.83	3164.31
1145.44	3171.64
1147.05	3170.59
1148.65	3177.92
1150.26	3166.41
1151.87	3169.55
1153.48	3171.64
1155.09	3178.96
1156.69	3177.92
1158.30	3154.90
1159.91	3162.22
1161.52	3172.69
1163.12	3166.41
1164.73	3163.27
1166.34	3173.73
1167.94	3167.45
1169.55	3163.27
1171.16	3167.45
1172.76	3173.73
1174.37	3166.41
1175.97	3183.15
1177.58	3162.22
1179.19	3182.10
1180.79	3171.64
1182.40	3166.41
1184.00	3169.55
1185.61	3180.01
1187.21	3185.24
1188.82	3177.92
1190.42	3174.78
1192.02	3167.45
1193.63	3159.08
1195.23	3168.50
1196.84	3176.87
1198.44	3170.59
1200.04	3175.82
1201.65	3172.69
1203.25	3172.69
1204.85	3181.06
1206.46	3156.99
1208.06	3169.55
1209.66	3163.27
1211.26	3166.41
1212.87	3176.87
1214.47	3161.18
1216.07	3171.64
1217.67	3172.69
1219.27	3172.69
1220.87	3169.55
1222.48	3164.31
1224.08	3156.99
1225.68	3164.31
1227.28	3155.94
1228.88	3150.71
1230.48	3163.27
1232.08	3145.48
1233.68	3161.18
1235.28	3171.64
1236.88	3153.85
1238.48	3149.66
1240.08	3173.73
1241.68	3143.39
1243.28	3146.53
1244.87	3148.62
1246.47	3137.11
1248.07	3135.02
1249.67	3143.39
1251.27	3153.85
1252.87	3132.92
1254.46	3128.74
1256.06	3127.69
1257.66	3131.88
1259.26	3117.23
1260.85	3122.46
1262.45	3118.27
1264.05	3125.60
1265.64	3122.46
1267.24	3129.78
1268.83	3124.55
1270.43	3119.32
1272.03	3130.83
1273.62	3121.41
1275.22	3108.86
1276.81	3123.50
1278.41	3109.90
1280.00	3125.60
1281.60	3105.72
1283.19	3098.39
1284.79	3119.32
1286.38	3108.86
1287.97	3119.32
1289.57	3106.76
1291.16	3091.07
1292.75	3087.93
1294.35	3101.53
1295.94	3101.53
1297.53	3109.90
1299.12	3090.02
1300.72	3101.53
1302.31	3081.65
1303.90	3107.81
1305.49	3104.67
1307.08	3083.74
1308.68	3079.56
1310.27	3076.42
1311.86	3090.02
1313.45	3075.37
1315.04	3077.46
1316.63	3072.23
1318.22	3071.18
1319.81	3065.95
1321.40	3060.72
1322.99	3078.51
1324.58	3061.77
1326.17	3063.86
1327.75	3053.40
1329.34	3055.49
1330.93	3052.35
1332.52	3042.93
1334.11	3048.16
1335.70	3050.26
1337.28	3034.56
1338.87	3039.79
1340.46	3047.12
1342.05	3042.93
1343.63	3031.42
1345.22	3031.42
1346.81	3038.75
1348.39	3032.47
1349.98	3036.65
1351.56	3022.00
1353.15	3013.63
1354.73	3017.82
1356.32	2997.94
1357.90	2997.94
1359.49	3007.35
1361.07	2997.94
1362.66	2992.70
1364.24	2991.66
1365.82	2992.70
1367.41	2994.80
1368.99	2972.82
1370.57	2968.64
1372.16	2984.33
1373.74	2981.19
1375.32	2966.54
1376.91	2958.17
1378.49	2947.71
1380.07	2923.64
1381.65	2929.92
1383.23	2911.09
1384.81	2911.09
1386.39	2903.76
1387.97	2903.76
1389.55	2902.71
1391.14	2890.16
1392.72	2872.37
1394.29	2876.55
1395.87	2876.55
1397.45	2866.09
1399.03	2868.18
1400.61	2867.14
1402.19	2862.95
1403.77	2843.07
1405.35	2859.81
1406.92	2844.12
1408.50	2839.93
1410.08	2845.16
1411.66	2837.84
1413.23	2845.16
1414.81	2839.93
1416.39	2814.82
1417.96	2838.88
1419.54	2828.42
1421.12	2833.65
1422.69	2840.98
1424.27	2828.42
1425.84	2836.79
1427.42	2834.70
1428.99	2832.61
1430.57	2832.61
1432.14	2833.65
1433.71	2828.42
1435.29	2833.65
1436.86	2832.61
1438.43	2823.19
1440.01	2815.86
1441.58	2698.67
1443.15	2827.37
1444.72	2827.37
1446.30	2824.23
1447.87	2836.79
1449.44	2813.77
1451.01	2805.40
1452.58	2821.10
1454.15	2829.47
1455.72	2816.91
1457.29	2815.86
1458.86	2823.19
1460.43	2815.86
1462.00	2832.61
1463.57	2825.28
1465.14	2830.51
1466.71	2813.77
1468.28	2829.47
1469.85	2828.42
1471.41	2831.56
1472.98	2814.82
1474.55	2829.47
1476.12	2811.68
1477.68	2815.86
1479.25	2825.28
1480.82	2814.82
1482.38	2826.33
1483.95	2811.68
1485.51	2832.61
1487.08	2839.93
1488.64	2837.84
1490.21	2836.79
1491.77	2813.77
1493.34	2831.56
1494.90	2820.05
1496.46	2822.14
1498.03	2835.74
1499.59	2832.61
1501.15	2827.37
1502.72	2827.37
1504.28	2825.28
1505.84	2826.33
1507.40	2827.37
1508.97	2843.07
1510.53	2833.65
1512.09	2842.02
1513.65	2846.21
1515.21	2836.79
1516.77	2823.19
1518.33	2840.98
1519.89	2836.79
1521.45	2840.98
1523.01	2840.98
1524.57	2838.88
1526.13	2838.88
1527.68	2846.21
1529.24	2850.39
1530.80	2840.98
1532.36	2846.21
1533.92	2838.88
1535.47	2831.56
1537.03	2836.79
1538.59	2845.16
1540.14	2836.79
1541.70	2822.14
1543.25	2844.12
1544.81	2837.84
1546.36	2844.12
1547.92	2820.05
1549.47	2831.56
1551.03	2829.47
1552.58	2825.28
1554.13	2826.33
1555.69	2843.07
1557.24	2830.51
1558.79	2835.74
1560.35	2826.33
1561.90	2831.56
1563.45	2824.23
1565.00	2824.23
1566.55	2822.14
1568.10	2826.33
1569.66	2816.91
1571.21	2828.42
1572.76	2821.10
1574.31	2824.23
1575.86	2826.33
1577.40	2816.91
1578.95	2817.96
1580.50	2817.96
1582.05	2816.91
1583.60	2813.77
1585.15	2806.45
1586.69	2815.86
1588.24	2819.00
1589.79	2821.10
1591.34	2798.07
1592.88	2819.00
1594.43	2793.89
1595.97	2814.82
1597.52	2822.14
1599.06	2806.45
1600.61	2803.31
1602.15	2816.91
1603.70	2803.31
1605.24	2800.17
1606.79	2799.12
1608.33	2794.94
1609.87	2794.94
1611.41	2807.49
1612.96	2800.17
1614.50	2787.61
1616.04	2793.89
1617.58	2799.12
1619.12	2787.61
1620.67	2794.94
1622.21	2771.91
1623.75	2792.84
1625.29	2776.10
1626.83	2776.10
1628.37	2790.75
1629.90	2766.68
1631.44	2764.59
1632.98	2775.05
1634.52	2759.36
1636.06	2761.45
1637.59	2775.05
1639.13	2755.17
1640.67	2749.94
1642.21	2741.57
1643.74	2740.52
1645.28	2727.97
1646.81	2714.36
1648.35	2727.97
1649.88	2708.08
1651.42	2714.36
1652.95	2700.76
1654.49	2721.69
1656.02	2702.85
1657.55	2703.90
1659.09	2678.78
1660.62	2693.43
1662.15	2686.11
1663.68	2695.53
1665.22	2684.02
1666.75	2685.06
1668.28	2681.92
1669.81	2699.71
1671.34	2669.37
1672.87	2672.51
1674.40	2680.88
1675.93	2676.69
1677.46	2655.76
1678.99	2657.86
1680.52	2655.76
1682.04	2675.65
1683.57	2665.18
1685.10	2670.41
1686.63	2656.81
1688.15	2666.23
1689.68	2656.81
1691.21	2654.72
1692.73	2653.67
1694.26	2661.00
1695.78	2654.72
1697.31	2649.49
1698.83	2644.25
1700.36	2649.49
1701.88	2641.11
1703.40	2656.81
1704.93	2639.02
1706.45	2630.65
