896.35	2891.20
897.98	2894.34
899.60	2900.62
901.22	2922.60
902.85	2915.27
904.47	2922.60
906.10	2934.11
907.72	2929.92
909.34	2946.66
910.97	2962.36
912.59	2980.15
914.21	2987.47
915.84	3004.22
917.46	3038.75
919.08	3059.67
920.71	3069.09
922.33	3088.97
923.95	3086.88
925.58	3118.27
927.20	3103.62
928.82	3120.37
930.44	3132.92
932.07	3122.46
933.69	3108.86
935.31	3127.69
936.93	3130.83
938.56	3136.06
940.18	3148.62
941.80	3144.43
943.42	3160.13
945.05	3174.78
946.67	3159.08
948.29	3163.27
949.91	3144.43
951.53	3164.31
953.16	3167.45
954.78	3165.36
956.40	3150.71
958.02	3156.99
959.64	3155.94
961.26	3163.27
962.88	3161.18
964.51	3158.04
966.13	3171.64
967.75	3173.73
969.37	3163.27
970.99	3167.45
972.61	3153.85
974.23	3155.94
975.85	3165.36
977.47	3167.45
979.09	3163.27
980.71	3163.27
982.33	3168.50
983.95	3171.64
985.57	3186.29
987.19	3180.01
988.81	3186.29
990.43	3181.06
992.05	3184.20
993.67	3189.43
995.29	3180.01
996.91	3177.92
998.53	3203.03
1000.15	3200.94
1001.77	3203.03
1003.39	3209.31
1005.01	3201.98
1006.63	3212.45
1008.25	3216.63
1009.86	3234.42
1011.48	3222.91
1013.10	3223.96
1014.72	3230.24
1016.34	3235.47
1017.96	3245.93
1019.58	3236.52
1021.19	3240.70
1022.81	3235.47
1024.43	3240.70
1026.05	3249.07
1027.66	3257.44
1029.28	3255.35
1030.90	3252.21
1032.52	3241.75
1034.13	3255.35
1035.75	3259.54
1037.37	3258.49
1038.98	3262.68
1040.60	3256.40
1042.22	3250.12
1043.83	3260.58
1045.45	3270.00
1047.07	3267.91
1048.68	3271.05
1050.30	3260.58
1051.92	3277.33
1053.53	3274.19
1055.15	3275.23
1056.76	3263.72
1058.38	3268.95
1059.99	3271.05
1061.61	3275.23
1063.22	3259.54
1064.84	3274.19
1066.46	3264.77
1068.07	3259.54
1069.68	3270.00
1071.30	3271.05
1072.91	3262.68
1074.53	3259.54
1076.14	3268.95
1077.76	3255.35
1079.37	3257.44
1080.98	3234.42
1082.60	3262.68
1084.21	3256.40
1085.83	3250.12
1087.44	3259.54
1089.05	3245.93
1090.67	3253.26
1092.28	3248.03
1093.89	3257.44
1095.50	3252.21
1097.12	3242.79
1098.73	3254.30
1100.34	3233.38
1101.95	3245.93
1103.57	3250.12
1105.18	3237.56
1106.79	3237.56
1108.40	3244.89
1110.01	3240.70
1111.63	3246.98
1113.24	3250.12
1114.85	3249.07
1116.46	3250.12
1118.07	3253.26
1119.68	3248.03
1121.29	3256.40
1122.90	3246.98
1124.51	3241.75
1126.12	3248.03
1127.73	3250.12
1129.34	3257.44
1130.95	3260.58
1132.56	3259.54
1134.17	3240.70
1135.78	3250.12
1137.39	3252.21
1139.00	3239.66
1140.61	3245.93
1142.22	3250.12
1143.83	3243.84
1145.44	3237.56
1147.05	3241.75
1148.65	3255.35
1150.26	3243.84
1151.87	3228.14
1153.48	3234.42
1155.09	3246.98
1156.69	3249.07
1158.30	3238.61
1159.91	3243.84
1161.52	3248.03
1163.12	3241.75
1164.73	3246.98
1166.34	3260.58
1167.94	3242.79
1169.55	3243.84
1171.16	3249.07
1172.76	3248.03
1174.37	3241.75
1175.97	3251.17
1177.58	3233.38
1179.19	3257.44
1180.79	3244.89
1182.40	3248.03
1184.00	3239.66
1185.61	3258.49
1187.21	3254.30
1188.82	3240.70
1190.42	3242.79
1192.02	3242.79
1193.63	3238.61
1195.23	3251.17
1196.84	3248.03
1198.44	3242.79
1200.04	3249.07
1201.65	3253.26
1203.25	3240.70
1204.85	3244.89
1206.46	3239.66
1208.06	3245.93
1209.66	3239.66
1211.26	3238.61
1212.87	3261.63
1214.47	3237.56
1216.07	3238.61
1217.67	3243.84
1219.27	3232.33
1220.87	3235.47
1222.48	3233.38
1224.08	3226.05
1225.68	3240.70
1227.28	3234.42
1228.88	3227.10
1230.48	3233.38
1232.08	3214.54
1233.68	3230.24
1235.28	3237.56
1236.88	3225.01
1238.48	3212.45
1240.08	3239.66
1241.68	3212.45
1243.28	3218.73
1244.87	3204.08
1246.47	3201.98
1248.07	3199.89
1249.67	3205.12
1251.27	3220.82
1252.87	3198.85
1254.46	3197.80
1256.06	3201.98
1257.66	3201.98
1259.26	3185.24
1260.85	3201.98
1262.45	3184.20
1264.05	3185.24
1265.64	3189.43
1267.24	3188.38
1268.83	3189.43
1270.43	3177.92
1272.03	3196.75
1273.62	3180.01
1275.22	3167.45
1276.81	3177.92
1278.41	3174.78
1280.00	3185.24
1281.60	3175.82
1283.19	3170.59
1284.79	3175.82
1286.38	3170.59
1287.97	3177.92
1289.57	3173.73
1291.16	3161.18
1292.75	3149.66
1294.35	3163.27
1295.94	3161.18
1297.53	3167.45
1299.12	3152.80
1300.72	3166.41
1302.31	3136.06
1303.90	3159.08
1305.49	3159.08
1307.08	3150.71
1308.68	3142.34
1310.27	3141.29
1311.86	3141.29
1313.45	3135.02
1315.04	3138.15
1316.63	3137.11
1318.22	3144.43
1319.81	3127.69
1321.40	3131.88
1322.99	3129.78
1324.58	3110.95
1326.17	3117.23
1327.75	3114.09
1329.34	3113.04
1330.93	3106.76
1332.52	3108.86
1334.11	3115.13
1335.70	3099.44
1337.28	3088.97
1338.87	3098.39
1340.46	3101.53
1342.05	3092.11
1343.63	3085.83
1345.22	3080.60
1346.81	3087.93
1348.39	3080.60
1349.98	3083.74
1351.56	3071.18
1353.15	3063.86
1354.73	3069.09
1356.32	3050.26
1357.90	3052.35
1359.49	3055.49
1361.07	3040.84
1362.66	3033.51
1364.24	3034.56
1365.82	3035.61
1367.41	3035.61
1368.99	3026.19
1370.57	3014.68
1372.16	3018.86
1373.74	3011.54
1375.32	3014.68
1376.91	3005.26
1378.49	2972.82
1380.07	2958.17
1381.65	2956.08
1383.23	2939.34
1384.81	2938.29
1386.39	2939.34
1387.97	2933.06
1389.55	2925.74
1391.14	2911.09
1392.72	2902.71
1394.29	2910.04
1395.87	2900.62
1397.45	2882.83
1399.03	2890.16
1400.61	2883.88
1402.19	2877.60
1403.77	2862.95
1405.35	2884.93
1406.92	2870.28
1408.50	2866.09
1410.08	2865.04
1411.66	2855.63
1413.23	2857.72
1414.81	2864.00
1416.39	2839.93
1417.96	2854.58
1419.54	2849.35
1421.12	2847.26
1422.69	2856.67
1424.27	2840.98
1425.84	2848.30
1427.42	2847.26
1428.99	2846.21
1430.57	2847.26
1432.14	2835.74
1433.71	2836.79
1435.29	2845.16
1436.86	2850.39
1438.43	2843.07
1440.01	2834.70
1441.58	2712.27
1443.15	2844.12
1444.72	2846.21
1446.30	2834.70
1447.87	2852.49
1449.44	2830.51
1451.01	2825.28
1452.58	2840.98
1454.15	2831.56
1455.72	2826.33
1457.29	2824.23
1458.86	2830.51
1460.43	2831.56
1462.00	2849.35
1463.57	2842.02
1465.14	2844.12
1466.71	2825.28
1468.28	2824.23
1469.85	2834.70
1471.41	2844.12
1472.98	2839.93
1474.55	2845.16
1476.12	2832.61
1477.68	2831.56
1479.25	2846.21
1480.82	2836.79
1482.38	2840.98
1483.95	2828.42
1485.51	2844.12
1487.08	2853.53
1488.64	2850.39
1490.21	2847.26
1491.77	2836.79
1493.34	2859.81
1494.90	2836.79
1496.46	2845.16
1498.03	2843.07
1499.59	2849.35
1501.15	2839.93
1502.72	2846.21
1504.28	2855.63
1505.84	2855.63
1507.40	2836.79
1508.97	2852.49
1510.53	2847.26
1512.09	2859.81
1513.65	2861.90
1515.21	2853.53
1516.77	2846.21
1518.33	2865.04
1519.89	2865.04
1521.45	2853.53
1523.01	2852.49
1524.57	2859.81
1526.13	2862.95
1527.68	2865.04
1529.24	2868.18
1530.80	2855.63
1532.36	2869.23
1533.92	2868.18
1535.47	2850.39
1537.03	2859.81
1538.59	2859.81
1540.14	2859.81
1541.70	2859.81
1543.25	2875.51
1544.81	2860.86
1546.36	2865.04
1547.92	2850.39
1549.47	2857.72
1551.03	2865.04
1552.58	2854.58
1554.13	2851.44
1555.69	2866.09
1557.24	2854.58
1558.79	2851.44
1560.35	2847.26
1561.90	2856.67
1563.45	2842.02
1565.00	2852.49
1566.55	2849.35
1568.10	2847.26
1569.66	2838.88
1571.21	2850.39
1572.76	2848.30
1574.31	2847.26
1575.86	2844.12
1577.40	2843.07
1578.95	2845.16
1580.50	2844.12
1582.05	2819.00
1583.60	2836.79
1585.15	2825.28
1586.69	2829.47
1588.24	2837.84
1589.79	2840.98
1591.34	2825.28
1592.88	2845.16
1594.43	2823.19
1595.97	2831.56
1597.52	2828.42
1599.06	2827.37
1600.61	2827.37
1602.15	2844.12
1603.70	2830.51
1605.24	2829.47
1606.79	2823.19
1608.33	2817.96
1609.87	2813.77
1611.41	2826.33
1612.96	2832.61
1614.50	2816.91
1616.04	2811.68
1617.58	2820.05
1619.12	2814.82
1620.67	2817.96
1622.21	2794.94
1623.75	2812.72
1625.29	2807.49
1626.83	2804.35
1628.37	2815.86
1629.90	2793.89
1631.44	2789.70
1632.98	2802.26
1634.52	2780.29
1636.06	2776.10
1637.59	2788.66
1639.13	2774.01
1640.67	2767.73
1642.21	2758.31
1643.74	2749.94
1645.28	2741.57
1646.81	2736.34
1648.35	2740.52
1649.88	2718.55
1651.42	2719.59
1652.95	2707.04
1654.49	2718.55
1656.02	2698.67
1657.55	2703.90
1659.09	2686.11
1660.62	2700.76
1662.15	2696.57
1663.68	2686.11
1665.22	2678.78
1666.75	2676.69
1668.28	2678.78
1669.81	2694.48
1671.34	2684.02
1672.87	2677.74
1674.40	2691.34
1675.93	2679.83
1677.46	2663.09
1678.99	2662.04
1680.52	2663.09
1682.04	2688.20
1683.57	2664.13
1685.10	2663.09
1686.63	2657.86
1688.15	2663.09
1689.68	2656.81
1691.21	2655.76
1692.73	2657.86
1694.26	2665.18
1695.78	2653.67
1697.31	2657.86
1698.83	2646.35
1700.36	2650.53
1701.88	2637.97
1703.40	2659.95
1704.93	2654.72
1706.45	2653.67
