896.35	2848.30
897.98	2852.49
899.60	2862.95
901.22	2868.18
902.85	2859.81
904.47	2868.18
906.10	2872.37
907.72	2871.32
909.34	2889.11
910.97	2899.58
912.59	2907.95
914.21	2917.36
915.84	2933.06
917.46	2961.31
919.08	2977.01
920.71	2984.33
922.33	2997.94
923.95	3006.31
925.58	3033.51
927.20	3015.73
928.82	3024.10
930.44	3032.47
932.07	3035.61
933.69	3012.59
935.31	3037.70
936.93	3032.47
938.56	3040.84
940.18	3040.84
941.80	3041.89
943.42	3057.58
945.05	3076.42
946.67	3043.98
948.29	3059.67
949.91	3052.35
951.53	3069.09
953.16	3065.95
954.78	3071.18
956.40	3053.40
958.02	3062.81
959.64	3062.81
961.26	3058.63
962.88	3061.77
964.51	3054.44
966.13	3077.46
967.75	3073.28
969.37	3051.30
970.99	3058.63
972.61	3056.54
974.23	3069.09
975.85	3063.86
977.47	3073.28
979.09	3067.00
980.71	3063.86
982.33	3072.23
983.95	3082.70
985.57	3083.74
987.19	3065.95
988.81	3080.60
990.43	3072.23
992.05	3079.56
993.67	3092.11
995.29	3082.70
996.91	3075.37
998.53	3098.39
1000.15	3102.58
1001.77	3102.58
1003.39	3098.39
1005.01	3093.16
1006.63	3108.86
1008.25	3115.13
1009.86	3119.32
1011.48	3107.81
1013.10	3107.81
1014.72	3119.32
1016.34	3123.50
1017.96	3135.02
1019.58	3119.32
1021.19	3120.37
1022.81	3125.60
1024.43	3142.34
1026.05	3136.06
1027.66	3152.80
1029.28	3136.06
1030.90	3137.11
1032.52	3130.83
1034.13	3133.97
1035.75	3150.71
1037.37	3142.34
1038.98	3156.99
1040.60	3140.25
1042.22	3133.97
1043.83	3142.34
1045.45	3146.53
1047.07	3158.04
1048.68	3163.27
1050.30	3139.20
1051.92	3158.04
1053.53	3141.29
1055.15	3153.85
1056.76	3143.39
1058.38	3149.66
1059.99	3156.99
1061.61	3150.71
1063.22	3142.34
1064.84	3149.66
1066.46	3144.43
1068.07	3147.57
1069.68	3151.76
1071.30	3161.18
1072.91	3142.34
1074.53	3143.39
1076.14	3153.85
1077.76	3147.57
1079.37	3146.53
1080.98	3117.23
1082.60	3143.39
1084.21	3149.66
1085.83	3138.15
1087.44	3146.53
1089.05	3121.41
1090.67	3123.50
1092.28	3125.60
1093.89	3142.34
1095.50	3133.97
1097.12	3127.69
1098.73	3139.20
1100.34	3116.18
1101.95	3135.02
1103.57	3133.97
1105.18	3138.15
1106.79	3125.60
1108.40	3131.88
1110.01	3135.02
1111.63	3132.92
1113.24	3133.97
1114.85	3135.02
1116.46	3132.92
1118.07	3146.53
1119.68	3133.97
1121.29	3142.34
1122.90	3131.88
1124.51	3133.97
1126.12	3146.53
1127.73	3150.71
1129.34	3145.48
1130.95	3141.29
1132.56	3153.85
1134.17	3123.50
1135.78	3135.02
1137.39	3136.06
1139.00	3129.78
1140.61	3129.78
1142.22	3141.29
1143.83	3129.78
1145.44	3139.20
1147.05	3142.34
1148.65	3147.57
1150.26	3113.04
1151.87	3120.37
1153.48	3133.97
1155.09	3146.53
1156.69	3133.97
1158.30	3121.41
1159.91	3125.60
1161.52	3142.34
1163.12	3133.97
1164.73	3121.41
1166.34	3135.02
1167.94	3137.11
1169.55	3143.39
1171.16	3142.34
1172.76	3133.97
1174.37	3130.83
1175.97	3139.20
1177.58	3122.46
1179.19	3138.15
1180.79	3125.60
1182.40	3133.97
1184.00	3131.88
1185.61	3150.71
1187.21	3150.71
1188.82	3147.57
1190.42	3141.29
1192.02	3128.74
1193.63	3117.23
1195.23	3140.25
1196.84	3144.43
1198.44	3141.29
1200.04	3147.57
1201.65	3142.34
1203.25	3140.25
1204.85	3143.39
1206.46	3121.41
1208.06	3133.97
1209.66	3121.41
1211.26	3129.78
1212.87	3139.20
1214.47	3128.74
1216.07	3126.64
1217.67	3133.97
1219.27	3132.92
1220.87	3127.69
1222.48	3123.50
1224.08	3129.78
1225.68	3133.97
1227.28	3125.60
1228.88	3117.23
1230.48	3121.41
1232.08	3110.95
1233.68	3121.41
1235.28	3131.88
1236.88	3115.13
1238.48	3110.95
1240.08	3133.97
1241.68	3108.86
1243.28	3114.09
1244.87	3102.58
1246.47	3093.16
1248.07	3095.25
1249.67	3111.99
1251.27	3111.99
1252.87	3092.11
1254.46	3091.07
1256.06	3090.02
1257.66	3092.11
1259.26	3081.65
1260.85	3085.83
1262.45	3079.56
1264.05	3085.83
1265.64	3086.88
1267.24	3094.21
1268.83	3090.02
1270.43	3082.70
1272.03	3096.30
1273.62	3088.97
1275.22	3077.46
1276.81	3090.02
1278.41	3077.46
1280.00	3079.56
1281.60	3076.42
1283.19	3069.09
1284.79	3077.46
1286.38	3078.51
1287.97	3078.51
1289.57	3064.91
1291.16	3072.23
1292.75	3055.49
1294.35	3064.91
1295.94	3063.86
1297.53	3064.91
1299.12	3059.67
1300.72	3064.91
1302.31	3053.40
1303.90	3071.18
1305.49	3077.46
1307.08	3052.35
1308.68	3042.93
1310.27	3051.30
1311.86	3056.54
1313.45	3041.89
1315.04	3036.65
1316.63	3043.98
1318.22	3043.98
1319.81	3031.42
1321.40	3039.79
1322.99	3045.02
1324.58	3020.96
1326.17	3023.05
1327.75	3020.96
1329.34	3025.14
1330.93	3019.91
1332.52	3013.63
1334.11	3019.91
1335.70	3016.77
1337.28	3006.31
1338.87	3006.31
1340.46	3008.40
1342.05	3008.40
1343.63	3010.49
1345.22	3001.08
1346.81	3006.31
1348.39	3006.31
1349.98	3006.31
1351.56	3000.03
1353.15	2991.66
1354.73	2993.75
1356.32	2974.92
1357.90	2968.64
1359.49	2972.82
1361.07	2966.54
1362.66	2975.96
1364.24	2972.82
1365.82	2963.41
1367.41	2972.82
1368.99	2949.80
1370.57	2947.71
1372.16	2959.22
1373.74	2949.80
1375.32	2946.66
1376.91	2935.15
1378.49	2917.36
1380.07	2901.67
1381.65	2905.85
1383.23	2888.06
1384.81	2888.06
1386.39	2884.93
1387.97	2887.02
1389.55	2878.65
1391.14	2870.28
1392.72	2858.77
1394.29	2859.81
1395.87	2856.67
1397.45	2851.44
1399.03	2842.02
1400.61	2844.12
1402.19	2833.65
1403.77	2831.56
1405.35	2846.21
1406.92	2829.47
1408.50	2826.33
1410.08	2829.47
1411.66	2809.58
1413.23	2816.91
1414.81	2819.00
1416.39	2807.49
1417.96	2829.47
1419.54	2811.68
1421.12	2813.77
1422.69	2817.96
1424.27	2815.86
1425.84	2810.63
1427.42	2811.68
1428.99	2809.58
1430.57	2804.35
1432.14	2803.31
1433.71	2802.26
1435.29	2820.05
1436.86	2814.82
1438.43	2805.40
1440.01	2798.07
1441.58	2678.78
1443.15	2808.54
1444.72	2805.40
1446.30	2801.21
1447.87	2812.72
1449.44	2797.03
1451.01	2787.61
1452.58	2810.63
1454.15	2813.77
1455.72	2806.45
1457.29	2790.75
1458.86	2805.40
1460.43	2801.21
1462.00	2816.91
1463.57	2804.35
1465.14	2806.45
1466.71	2801.21
1468.28	2805.40
1469.85	2805.40
1471.41	2802.26
1472.98	2800.17
1474.55	2812.72
1476.12	2800.17
1477.68	2797.03
1479.25	2807.49
1480.82	2805.40
1482.38	2807.49
1483.95	2799.12
1485.51	2817.96
1487.08	2814.82
1488.64	2805.40
1490.21	2811.68
1491.77	2811.68
1493.34	2820.05
1494.90	2804.35
1496.46	2809.58
1498.03	2807.49
1499.59	2814.82
1501.15	2809.58
1502.72	2807.49
1504.28	2813.77
1505.84	2807.49
1507.40	2808.54
1508.97	2824.23
1510.53	2819.00
1512.09	2824.23
1513.65	2832.61
1515.21	2828.42
1516.77	2813.77
1518.33	2823.19
1519.89	2821.10
1521.45	2813.77
1523.01	2825.28
1524.57	2831.56
1526.13	2817.96
1527.68	2822.14
1529.24	2829.47
1530.80	2819.00
1532.36	2823.19
1533.92	2817.96
1535.47	2811.68
1537.03	2816.91
1538.59	2831.56
1540.14	2811.68
1541.70	2809.58
1543.25	2835.74
1544.81	2832.61
1546.36	2831.56
1547.92	2811.68
1549.47	2825.28
1551.03	2826.33
1552.58	2812.72
1554.13	2813.77
1555.69	2821.10
1557.24	2822.14
1558.79	2808.54
1560.35	2819.00
1561.90	2821.10
1563.45	2810.63
1565.00	2824.23
1566.55	2812.72
1568.10	2817.96
1569.66	2801.21
1571.21	2815.86
1572.76	2806.45
1574.31	2810.63
1575.86	2814.82
1577.40	2805.40
1578.95	2808.54
1580.50	2811.68
1582.05	2798.07
1583.60	2795.98
1585.15	2788.66
1586.69	2790.75
1588.24	2801.21
1589.79	2809.58
1591.34	2788.66
1592.88	2815.86
1594.43	2792.84
1595.97	2801.21
1597.52	2803.31
1599.06	2794.94
1600.61	2785.52
1602.15	2804.35
1603.70	2790.75
1605.24	2803.31
1606.79	2792.84
1608.33	2781.33
1609.87	2783.42
1611.41	2798.07
1612.96	2787.61
1614.50	2779.24
1616.04	2784.47
1617.58	2790.75
1619.12	2782.38
1620.67	2781.33
1622.21	2755.17
1623.75	2779.24
1625.29	2770.87
1626.83	2764.59
1628.37	2778.19
1629.90	2764.59
1631.44	2763.54
1632.98	2764.59
1634.52	2746.80
1636.06	2742.62
1637.59	2762.50
1639.13	2750.99
1640.67	2744.71
1642.21	2738.43
1643.74	2737.38
1645.28	2723.78
1646.81	2713.32
1648.35	2722.73
1649.88	2699.71
1651.42	2704.94
1652.95	2699.71
1654.49	2719.59
1656.02	2686.11
1657.55	2689.25
1659.09	2670.41
1660.62	2694.48
1662.15	2682.97
1663.68	2691.34
1665.22	2676.69
1666.75	2671.46
1668.28	2668.32
1669.81	2686.11
1671.34	2674.60
1672.87	2674.60
1674.40	2681.92
1675.93	2673.55
1677.46	2665.18
1678.99	2658.90
1680.52	2661.00
1682.04	2665.18
1683.57	2661.00
1685.10	2662.04
1686.63	2656.81
1688.15	2664.13
1689.68	2658.90
1691.21	2646.35
1692.73	2649.49
1694.26	2666.23
1695.78	2647.39
1697.31	2650.53
1698.83	2642.16
1700.36	2646.35
1701.88	2640.07
1703.40	2655.76
1704.93	2639.02
1706.45	2641.11
