896.35	2653.67
897.98	2650.53
899.60	2653.67
901.22	2665.18
902.85	2657.86
904.47	2656.81
906.10	2665.18
907.72	2655.76
909.34	2671.46
910.97	2668.32
912.59	2684.02
914.21	2669.37
915.84	2672.51
917.46	2670.41
919.08	2682.97
920.71	2666.23
922.33	2695.53
923.95	2674.60
925.58	2700.76
927.20	2673.55
928.82	2698.67
930.44	2690.29
932.07	2684.02
933.69	2662.04
935.31	2690.29
936.93	2671.46
938.56	2686.11
940.18	2678.78
941.80	2696.57
943.42	2688.20
945.05	2708.08
946.67	2671.46
948.29	2697.62
949.91	2679.83
951.53	2713.32
953.16	2703.90
954.78	2708.08
956.40	2685.06
958.02	2702.85
959.64	2691.34
961.26	2704.94
962.88	2695.53
964.51	2709.13
966.13	2708.08
967.75	2719.59
969.37	2689.25
970.99	2713.32
972.61	2692.39
974.23	2711.22
975.85	2694.48
977.47	2713.32
979.09	2694.48
980.71	2700.76
982.33	2697.62
983.95	2713.32
985.57	2711.22
987.19	2711.22
988.81	2709.13
990.43	2715.41
992.05	2701.81
993.67	2722.73
995.29	2698.67
996.91	2704.94
998.53	2704.94
1000.15	2714.36
1001.77	2698.67
1003.39	2712.27
1005.01	2705.99
1006.63	2721.69
1008.25	2705.99
1009.86	2722.73
1011.48	2699.71
1013.10	2714.36
1014.72	2712.27
1016.34	2725.87
1017.96	2723.78
1019.58	2716.45
1021.19	2698.67
1022.81	2710.18
1024.43	2714.36
1026.05	2717.50
1027.66	2709.13
1029.28	2717.50
1030.90	2711.22
1032.52	2713.32
1034.13	2705.99
1035.75	2727.97
1037.37	2704.94
1038.98	2730.06
1040.60	2702.85
1042.22	2708.08
1043.83	2698.67
1045.45	2720.64
1047.07	2699.71
1048.68	2730.06
1050.30	2705.99
1051.92	2729.01
1053.53	2710.18
1055.15	2721.69
1056.76	2709.13
1058.38	2719.59
1059.99	2710.18
1061.61	2723.78
1063.22	2703.90
1064.84	2722.73
1066.46	2700.76
1068.07	2715.41
1069.68	2708.08
1071.30	2735.29
1072.91	2712.27
1074.53	2720.64
1076.14	2720.64
1077.76	2720.64
1079.37	2707.04
1080.98	2700.76
1082.60	2711.22
1084.21	2731.10
1085.83	2713.32
1087.44	2731.10
1089.05	2710.18
1090.67	2719.59
1092.28	2708.08
1093.89	2720.64
1095.50	2710.18
1097.12	2717.50
1098.73	2716.45
1100.34	2702.85
1101.95	2715.41
1103.57	2725.87
1105.18	2696.57
1106.79	2713.32
1108.40	2711.22
1110.01	2732.15
1111.63	2715.41
1113.24	2727.97
1114.85	2714.36
1116.46	2722.73
1118.07	2721.69
1119.68	2726.92
1121.29	2725.87
1122.90	2726.92
1124.51	2713.32
1126.12	2733.20
1127.73	2724.83
1129.34	2735.29
1130.95	2731.10
1132.56	2735.29
1134.17	2698.67
1135.78	2721.69
1137.39	2715.41
1139.00	2716.45
1140.61	2711.22
1142.22	2730.06
1143.83	2711.22
1145.44	2727.97
1147.05	2715.41
1148.65	2724.83
1150.26	2700.76
1151.87	2713.32
1153.48	2710.18
1155.09	2720.64
1156.69	2708.08
1158.30	2710.18
1159.91	2700.76
1161.52	2726.92
1163.12	2718.55
1164.73	2719.59
1166.34	2720.64
1167.94	2714.36
1169.55	2715.41
1171.16	2722.73
1172.76	2716.45
1174.37	2723.78
1175.97	2720.64
1177.58	2709.13
1179.19	2723.78
1180.79	2723.78
1182.40	2717.50
1184.00	2712.27
1185.61	2715.41
1187.21	2725.87
1188.82	2708.08
1190.42	2722.73
1192.02	2703.90
1193.63	2707.04
1195.23	2708.08
1196.84	2716.45
1198.44	2716.45
1200.04	2736.34
1201.65	2716.45
1203.25	2723.78
1204.85	2723.78
1206.46	2716.45
1208.06	2714.36
1209.66	2711.22
1211.26	2704.94
1212.87	2735.29
1214.47	2708.08
1216.07	2734.24
1217.67	2724.83
1219.27	2722.73
1220.87	2713.32
1222.48	2719.59
1224.08	2712.27
1225.68	2725.87
1227.28	2713.32
1228.88	2720.64
1230.48	2719.59
1232.08	2713.32
1233.68	2725.87
1235.28	2736.34
1236.88	2711.22
1238.48	2716.45
1240.08	2734.24
1241.68	2714.36
1243.28	2718.55
1244.87	2726.92
1246.47	2719.59
1248.07	2725.87
1249.67	2713.32
1251.27	2732.15
1252.87	2716.45
1254.46	2727.97
1256.06	2717.50
1257.66	2727.97
1259.26	2711.22
1260.85	2724.83
1262.45	2711.22
1264.05	2719.59
1265.64	2715.41
1267.24	2736.34
1268.83	2721.69
1270.43	2716.45
1272.03	2724.83
1273.62	2722.73
1275.22	2708.08
1276.81	2726.92
1278.41	2721.69
1280.00	2730.06
1281.60	2717.50
1283.19	2713.32
1284.79	2709.13
1286.38	2720.64
1287.97	2725.87
1289.57	2723.78
1291.16	2713.32
1292.75	2711.22
1294.35	2718.55
1295.94	2722.73
1297.53	2714.36
1299.12	2708.08
1300.72	2727.97
1302.31	2702.85
1303.90	2722.73
1305.49	2732.15
1307.08	2718.55
1308.68	2716.45
1310.27	2709.13
1311.86	2712.27
1313.45	2710.18
1315.04	2716.45
1316.63	2709.13
1318.22	2714.36
1319.81	2701.81
1321.40	2716.45
1322.99	2721.69
1324.58	2717.50
1326.17	2701.81
1327.75	2709.13
1329.34	2709.13
1330.93	2707.04
1332.52	2689.25
1334.11	2707.04
1335.70	2696.57
1337.28	2695.53
1338.87	2707.04
1340.46	2716.45
1342.05	2707.04
1343.63	2707.04
1345.22	2700.76
1346.81	2713.32
1348.39	2703.90
1349.98	2709.13
1351.56	2710.18
1353.15	2710.18
1354.73	2715.41
1356.32	2705.99
1357.90	2694.48
1359.49	2712.27
1361.07	2707.04
1362.66	2716.45
1364.24	2709.13
1365.82	2715.41
1367.41	2709.13
1368.99	2700.76
1370.57	2690.29
1372.16	2720.64
1373.74	2709.13
1375.32	2718.55
1376.91	2708.08
1378.49	2699.71
1380.07	2692.39
1381.65	2712.27
1383.23	2699.71
1384.81	2700.76
1386.39	2691.34
1387.97	2708.08
1389.55	2702.85
1391.14	2697.62
1392.72	2690.29
1394.29	2699.71
1395.87	2703.90
1397.45	2698.67
1399.03	2699.71
1400.61	2703.90
1402.19	2690.29
1403.77	2692.39
1405.35	2709.13
1406.92	2710.18
1408.50	2694.48
1410.08	2703.90
1411.66	2700.76
1413.23	2710.18
1414.81	2705.99
1416.39	2694.48
1417.96	2705.99
1419.54	2700.76
1421.12	2710.18
1422.69	2707.04
1424.27	2693.43
1425.84	2714.36
1427.42	2700.76
1428.99	2712.27
1430.57	2700.76
1432.14	2698.67
1433.71	2693.43
1435.29	2712.27
1436.86	2707.04
1438.43	2705.99
1440.01	2699.71
1441.58	2591.93
1443.15	2705.99
1444.72	2698.67
1446.30	2693.43
1447.87	2707.04
1449.44	2698.67
1451.01	2689.25
1452.58	2707.04
1454.15	2704.94
1455.72	2701.81
1457.29	2705.99
1458.86	2701.81
1460.43	2692.39
1462.00	2722.73
1463.57	2714.36
1465.14	2711.22
1466.71	2697.62
1468.28	2702.85
1469.85	2711.22
1471.41	2707.04
1472.98	2701.81
1474.55	2707.04
1476.12	2695.53
1477.68	2696.57
1479.25	2707.04
1480.82	2697.62
1482.38	2711.22
1483.95	2699.71
1485.51	2703.90
1487.08	2712.27
1488.64	2700.76
1490.21	2705.99
1491.77	2689.25
1493.34	2704.94
1494.90	2692.39
1496.46	2694.48
1498.03	2700.76
1499.59	2699.71
1501.15	2700.76
1502.72	2698.67
1504.28	2695.53
1505.84	2688.20
1507.40	2688.20
1508.97	2703.90
1510.53	2701.81
1512.09	2705.99
1513.65	2705.99
1515.21	2703.90
1516.77	2693.43
1518.33	2703.90
1519.89	2695.53
1521.45	2693.43
1523.01	2693.43
1524.57	2700.76
1526.13	2697.62
1527.68	2695.53
1529.24	2708.08
1530.80	2700.76
1532.36	2707.04
1533.92	2699.71
1535.47	2692.39
1537.03	2692.39
1538.59	2705.99
1540.14	2693.43
1541.70	2681.92
1543.25	2701.81
1544.81	2700.76
1546.36	2705.99
1547.92	2693.43
1549.47	2696.57
1551.03	2701.81
1552.58	2687.16
1554.13	2687.16
1555.69	2698.67
1557.24	2692.39
1558.79	2689.25
1560.35	2692.39
1561.90	2692.39
1563.45	2685.06
1565.00	2690.29
1566.55	2689.25
1568.10	2684.02
1569.66	2681.92
1571.21	2697.62
1572.76	2690.29
1574.31	2687.16
1575.86	2687.16
1577.40	2673.55
1578.95	2677.74
1580.50	2677.74
1582.05	2677.74
1583.60	2676.69
1585.15	2673.55
1586.69	2677.74
1588.24	2682.97
1589.79	2684.02
1591.34	2665.18
1592.88	2682.97
1594.43	2662.04
1595.97	2675.65
1597.52	2676.69
1599.06	2677.74
1600.61	2663.09
1602.15	2681.92
1603.70	2676.69
1605.24	2679.83
1606.79	2679.83
1608.33	2658.90
1609.87	2665.18
1611.41	2678.78
1612.96	2673.55
1614.50	2663.09
1616.04	2662.04
1617.58	2676.69
1619.12	2665.18
1620.67	2677.74
1622.21	2654.72
1623.75	2672.51
1625.29	2661.00
1626.83	2651.58
1628.37	2673.55
1629.90	2656.81
1631.44	2656.81
1632.98	2664.13
1634.52	2652.62
1636.06	2659.95
1637.59	2679.83
1639.13	2669.37
1640.67	2662.04
1642.21	2659.95
1643.74	2671.46
1645.28	2652.62
1646.81	2657.86
1648.35	2666.23
1649.88	2649.49
1651.42	2658.90
1652.95	2648.44
1654.49	2661.00
1656.02	2649.49
1657.55	2654.72
1659.09	2640.07
1660.62	2663.09
1662.15	2647.39
1663.68	2654.72
1665.22	2649.49
1666.75	2651.58
1668.28	2644.25
1669.81	2658.90
1671.34	2645.30
1672.87	2647.39
1674.40	2664.13
1675.93	2644.25
1677.46	2626.46
1678.99	2626.46
1680.52	2631.70
1682.04	2650.53
1683.57	2634.84
1685.10	2641.11
1686.63	2634.84
1688.15	2640.07
1689.68	2622.28
1691.21	2623.33
1692.73	2635.88
1694.26	2646.35
1695.78	2627.51
1697.31	2631.70
1698.83	2620.19
1700.36	2632.74
1701.88	2618.09
1703.40	2631.70
1704.93	2620.19
1706.45	2621.23
