896.35	2864.00
897.98	2866.09
899.60	2874.46
901.22	2893.30
902.85	2879.69
904.47	2892.25
906.10	2897.48
907.72	2898.53
909.34	2910.04
910.97	2921.55
912.59	2935.15
914.21	2947.71
915.84	2962.36
917.46	2993.75
919.08	3010.49
920.71	3013.63
922.33	3041.89
923.95	3045.02
925.58	3073.28
927.20	3052.35
928.82	3068.05
930.44	3079.56
932.07	3065.95
933.69	3062.81
935.31	3070.14
936.93	3081.65
938.56	3084.79
940.18	3082.70
941.80	3088.97
943.42	3098.39
945.05	3118.27
946.67	3087.93
948.29	3092.11
949.91	3094.21
951.53	3110.95
953.16	3114.09
954.78	3115.13
956.40	3097.34
958.02	3103.62
959.64	3099.44
961.26	3105.72
962.88	3101.53
964.51	3092.11
966.13	3114.09
967.75	3117.23
969.37	3096.30
970.99	3104.67
972.61	3106.76
974.23	3106.76
975.85	3104.67
977.47	3111.99
979.09	3108.86
980.71	3102.58
982.33	3106.76
983.95	3127.69
985.57	3125.60
987.19	3121.41
988.81	3128.74
990.43	3125.60
992.05	3118.27
993.67	3130.83
995.29	3127.69
996.91	3123.50
998.53	3145.48
1000.15	3154.90
1001.77	3146.53
1003.39	3143.39
1005.01	3143.39
1006.63	3162.22
1008.25	3158.04
1009.86	3166.41
1011.48	3154.90
1013.10	3164.31
1014.72	3175.82
1016.34	3185.24
1017.96	3192.57
1019.58	3175.82
1021.19	3165.36
1022.81	3174.78
1024.43	3184.20
1026.05	3183.15
1027.66	3190.47
1029.28	3189.43
1030.90	3189.43
1032.52	3180.01
1034.13	3197.80
1035.75	3212.45
1037.37	3200.94
1038.98	3215.59
1040.60	3203.03
1042.22	3185.24
1043.83	3191.52
1045.45	3198.85
1047.07	3196.75
1048.68	3206.17
1050.30	3196.75
1051.92	3214.54
1053.53	3209.31
1055.15	3217.68
1056.76	3200.94
1058.38	3211.40
1059.99	3212.45
1061.61	3207.22
1063.22	3196.75
1064.84	3208.26
1066.46	3194.66
1068.07	3207.22
1069.68	3199.89
1071.30	3207.22
1072.91	3201.98
1074.53	3190.47
1076.14	3200.94
1077.76	3198.85
1079.37	3198.85
1080.98	3176.87
1082.60	3193.61
1084.21	3197.80
1085.83	3193.61
1087.44	3194.66
1089.05	3175.82
1090.67	3177.92
1092.28	3178.96
1093.89	3187.34
1095.50	3185.24
1097.12	3181.06
1098.73	3182.10
1100.34	3169.55
1101.95	3182.10
1103.57	3189.43
1105.18	3166.41
1106.79	3167.45
1108.40	3174.78
1110.01	3172.69
1111.63	3176.87
1113.24	3192.57
1114.85	3187.34
1116.46	3183.15
1118.07	3186.29
1119.68	3173.73
1121.29	3196.75
1122.90	3184.20
1124.51	3178.96
1126.12	3186.29
1127.73	3189.43
1129.34	3197.80
1130.95	3195.71
1132.56	3192.57
1134.17	3166.41
1135.78	3184.20
1137.39	3185.24
1139.00	3169.55
1140.61	3173.73
1142.22	3178.96
1143.83	3185.24
1145.44	3176.87
1147.05	3174.78
1148.65	3180.01
1150.26	3167.45
1151.87	3168.50
1153.48	3181.06
1155.09	3189.43
1156.69	3178.96
1158.30	3162.22
1159.91	3174.78
1161.52	3183.15
1163.12	3184.20
1164.73	3175.82
1166.34	3184.20
1167.94	3181.06
1169.55	3176.87
1171.16	3186.29
1172.76	3178.96
1174.37	3186.29
1175.97	3194.66
1177.58	3169.55
1179.19	3189.43
1180.79	3167.45
1182.40	3170.59
1184.00	3173.73
1185.61	3195.71
1187.21	3182.10
1188.82	3177.92
1190.42	3182.10
1192.02	3184.20
1193.63	3170.59
1195.23	3188.38
1196.84	3183.15
1198.44	3180.01
1200.04	3184.20
1201.65	3175.82
1203.25	3180.01
1204.85	3184.20
1206.46	3170.59
1208.06	3173.73
1209.66	3165.36
1211.26	3169.55
1212.87	3188.38
1214.47	3165.36
1216.07	3174.78
1217.67	3186.29
1219.27	3174.78
1220.87	3156.99
1222.48	3162.22
1224.08	3167.45
1225.68	3167.45
1227.28	3170.59
1228.88	3160.13
1230.48	3161.18
1232.08	3154.90
1233.68	3168.50
1235.28	3167.45
1236.88	3156.99
1238.48	3150.71
1240.08	3169.55
1241.68	3147.57
1243.28	3152.80
1244.87	3145.48
1246.47	3138.15
1248.07	3131.88
1249.67	3137.11
1251.27	3153.85
1252.87	3132.92
1254.46	3125.60
1256.06	3130.83
1257.66	3138.15
1259.26	3127.69
1260.85	3133.97
1262.45	3125.60
1264.05	3121.41
1265.64	3122.46
1267.24	3127.69
1268.83	3130.83
1270.43	3120.37
1272.03	3135.02
1273.62	3124.55
1275.22	3111.99
1276.81	3128.74
1278.41	3115.13
1280.00	3123.50
1281.60	3121.41
1283.19	3117.23
1284.79	3117.23
1286.38	3109.90
1287.97	3113.04
1289.57	3098.39
1291.16	3107.81
1292.75	3099.44
1294.35	3104.67
1295.94	3103.62
1297.53	3114.09
1299.12	3095.25
1300.72	3102.58
1302.31	3076.42
1303.90	3114.09
1305.49	3108.86
1307.08	3088.97
1308.68	3090.02
1310.27	3094.21
1311.86	3087.93
1313.45	3082.70
1315.04	3083.74
1316.63	3087.93
1318.22	3082.70
1319.81	3065.95
1321.40	3071.18
1322.99	3079.56
1324.58	3063.86
1326.17	3071.18
1327.75	3059.67
1329.34	3063.86
1330.93	3054.44
1332.52	3050.26
1334.11	3049.21
1335.70	3045.02
1337.28	3041.89
1338.87	3040.84
1340.46	3037.70
1342.05	3031.42
1343.63	3030.38
1345.22	3027.24
1346.81	3040.84
1348.39	3035.61
1349.98	3033.51
1351.56	3019.91
1353.15	3017.82
1354.73	3023.05
1356.32	3008.40
1357.90	3004.22
1359.49	3006.31
1361.07	2995.84
1362.66	2990.61
1364.24	2987.47
1365.82	2995.84
1367.41	2997.94
1368.99	2981.19
1370.57	2970.73
1372.16	2975.96
1373.74	2979.10
1375.32	2977.01
1376.91	2967.59
1378.49	2945.62
1380.07	2914.22
1381.65	2924.69
1383.23	2905.85
1384.81	2910.04
1386.39	2897.48
1387.97	2904.81
1389.55	2898.53
1391.14	2899.58
1392.72	2872.37
1394.29	2871.32
1395.87	2859.81
1397.45	2854.58
1399.03	2861.90
1400.61	2854.58
1402.19	2842.02
1403.77	2831.56
1405.35	2850.39
1406.92	2837.84
1408.50	2835.74
1410.08	2829.47
1411.66	2822.14
1413.23	2825.28
1414.81	2827.37
1416.39	2811.68
1417.96	2826.33
1419.54	2816.91
1421.12	2822.14
1422.69	2833.65
1424.27	2813.77
1425.84	2819.00
1427.42	2819.00
1428.99	2815.86
1430.57	2817.96
1432.14	2811.68
1433.71	2820.05
1435.29	2828.42
1436.86	2829.47
1438.43	2822.14
1440.01	2812.72
1441.58	2693.43
1443.15	2820.05
1444.72	2817.96
1446.30	2808.54
1447.87	2821.10
1449.44	2811.68
1451.01	2806.45
1452.58	2824.23
1454.15	2823.19
1455.72	2805.40
1457.29	2806.45
1458.86	2815.86
1460.43	2806.45
1462.00	2828.42
1463.57	2815.86
1465.14	2824.23
1466.71	2807.49
1468.28	2806.45
1469.85	2814.82
1471.41	2827.37
1472.98	2810.63
1474.55	2823.19
1476.12	2810.63
1477.68	2805.40
1479.25	2819.00
1480.82	2811.68
1482.38	2825.28
1483.95	2811.68
1485.51	2813.77
1487.08	2817.96
1488.64	2827.37
1490.21	2835.74
1491.77	2811.68
1493.34	2830.51
1494.90	2812.72
1496.46	2817.96
1498.03	2817.96
1499.59	2824.23
1501.15	2832.61
1502.72	2822.14
1504.28	2823.19
1505.84	2813.77
1507.40	2812.72
1508.97	2830.51
1510.53	2825.28
1512.09	2832.61
1513.65	2835.74
1515.21	2834.70
1516.77	2814.82
1518.33	2834.70
1519.89	2829.47
1521.45	2838.88
1523.01	2838.88
1524.57	2836.79
1526.13	2826.33
1527.68	2829.47
1529.24	2840.98
1530.80	2838.88
1532.36	2843.07
1533.92	2832.61
1535.47	2814.82
1537.03	2826.33
1538.59	2837.84
1540.14	2827.37
1541.70	2817.96
1543.25	2846.21
1544.81	2833.65
1546.36	2836.79
1547.92	2826.33
1549.47	2837.84
1551.03	2829.47
1552.58	2820.05
1554.13	2821.10
1555.69	2827.37
1557.24	2817.96
1558.79	2814.82
1560.35	2824.23
1561.90	2833.65
1563.45	2816.91
1565.00	2825.28
1566.55	2816.91
1568.10	2817.96
1569.66	2812.72
1571.21	2830.51
1572.76	2824.23
1574.31	2827.37
1575.86	2823.19
1577.40	2819.00
1578.95	2820.05
1580.50	2809.58
1582.05	2795.98
1583.60	2806.45
1585.15	2801.21
1586.69	2811.68
1588.24	2808.54
1589.79	2809.58
1591.34	2800.17
1592.88	2824.23
1594.43	2790.75
1595.97	2800.17
1597.52	2805.40
1599.06	2811.68
1600.61	2801.21
1602.15	2814.82
1603.70	2800.17
1605.24	2802.26
1606.79	2799.12
1608.33	2794.94
1609.87	2795.98
1611.41	2802.26
1612.96	2799.12
1614.50	2780.29
1616.04	2781.33
1617.58	2799.12
1619.12	2785.52
1620.67	2790.75
1622.21	2769.82
1623.75	2789.70
1625.29	2776.10
1626.83	2779.24
1628.37	2793.89
1629.90	2767.73
1631.44	2771.91
1632.98	2771.91
1634.52	2769.82
1636.06	2756.22
1637.59	2769.82
1639.13	2757.26
1640.67	2752.03
1642.21	2744.71
1643.74	2742.62
1645.28	2726.92
1646.81	2715.41
1648.35	2726.92
1649.88	2702.85
1651.42	2712.27
1652.95	2688.20
1654.49	2715.41
1656.02	2698.67
1657.55	2701.81
1659.09	2676.69
1660.62	2698.67
1662.15	2680.88
1663.68	2690.29
1665.22	2684.02
1666.75	2688.20
1668.28	2678.78
1669.81	2694.48
1671.34	2685.06
1672.87	2681.92
1674.40	2678.78
1675.93	2672.51
1677.46	2657.86
1678.99	2659.95
1680.52	2657.86
1682.04	2668.32
1683.57	2652.62
1685.10	2670.41
1686.63	2659.95
1688.15	2662.04
1689.68	2643.21
1691.21	2653.67
1692.73	2658.90
1694.26	2665.18
1695.78	2659.95
1697.31	2651.58
1698.83	2640.07
1700.36	2647.39
1701.88	2642.16
1703.40	2655.76
1704.93	2647.39
1706.45	2649.49
