896.35	2890.16
897.98	2888.06
899.60	2899.58
901.22	2914.22
902.85	2898.53
904.47	2916.32
906.10	2922.60
907.72	2914.22
909.34	2928.87
910.97	2937.25
912.59	2953.99
914.21	2967.59
915.84	2987.47
917.46	3020.96
919.08	3037.70
920.71	3041.89
922.33	3065.95
923.95	3071.18
925.58	3090.02
927.20	3079.56
928.82	3092.11
930.44	3115.13
932.07	3106.76
933.69	3100.48
935.31	3110.95
936.93	3119.32
938.56	3121.41
940.18	3123.50
941.80	3129.78
943.42	3131.88
945.05	3148.62
946.67	3130.83
948.29	3143.39
949.91	3141.29
951.53	3147.57
953.16	3150.71
954.78	3147.57
956.40	3139.20
958.02	3144.43
959.64	3145.48
961.26	3142.34
962.88	3141.29
964.51	3129.78
966.13	3150.71
967.75	3146.53
969.37	3137.11
970.99	3143.39
972.61	3143.39
974.23	3145.48
975.85	3141.29
977.47	3153.85
979.09	3147.57
980.71	3139.20
982.33	3141.29
983.95	3153.85
985.57	3169.55
987.19	3163.27
988.81	3171.64
990.43	3163.27
992.05	3159.08
993.67	3172.69
995.29	3167.45
996.91	3162.22
998.53	3192.57
1000.15	3177.92
1001.77	3176.87
1003.39	3193.61
1005.01	3188.38
1006.63	3205.12
1008.25	3191.52
1009.86	3204.08
1011.48	3205.12
1013.10	3200.94
1014.72	3210.36
1016.34	3217.68
1017.96	3230.24
1019.58	3222.91
1021.19	3206.17
1022.81	3225.01
1024.43	3232.33
1026.05	3226.05
1027.66	3233.38
1029.28	3233.38
1030.90	3231.28
1032.52	3220.82
1034.13	3231.28
1035.75	3244.89
1037.37	3248.03
1038.98	3256.40
1040.60	3232.33
1042.22	3223.96
1043.83	3242.79
1045.45	3243.84
1047.07	3238.61
1048.68	3250.12
1050.30	3241.75
1051.92	3253.26
1053.53	3242.79
1055.15	3243.84
1056.76	3249.07
1058.38	3255.35
1059.99	3249.07
1061.61	3239.66
1063.22	3238.61
1064.84	3245.93
1066.46	3240.70
1068.07	3241.75
1069.68	3242.79
1071.30	3259.54
1072.91	3242.79
1074.53	3232.33
1076.14	3239.66
1077.76	3245.93
1079.37	3242.79
1080.98	3214.54
1082.60	3223.96
1084.21	3235.47
1085.83	3230.24
1087.44	3234.42
1089.05	3215.59
1090.67	3221.87
1092.28	3226.05
1093.89	3240.70
1095.50	3231.28
1097.12	3218.73
1098.73	3241.75
1100.34	3218.73
1101.95	3237.56
1103.57	3234.42
1105.18	3212.45
1106.79	3214.54
1108.40	3232.33
1110.01	3223.96
1111.63	3228.14
1113.24	3240.70
1114.85	3231.28
1116.46	3217.68
1118.07	3230.24
1119.68	3225.01
1121.29	3237.56
1122.90	3228.14
1124.51	3226.05
1126.12	3235.47
1127.73	3236.52
1129.34	3240.70
1130.95	3235.47
1132.56	3238.61
1134.17	3217.68
1135.78	3223.96
1137.39	3237.56
1139.00	3220.82
1140.61	3226.05
1142.22	3232.33
1143.83	3230.24
1145.44	3231.28
1147.05	3226.05
1148.65	3235.47
1150.26	3210.36
1151.87	3211.40
1153.48	3223.96
1155.09	3234.42
1156.69	3223.96
1158.30	3219.77
1159.91	3220.82
1161.52	3232.33
1163.12	3227.10
1164.73	3223.96
1166.34	3236.52
1167.94	3235.47
1169.55	3226.05
1171.16	3226.05
1172.76	3238.61
1174.37	3228.14
1175.97	3235.47
1177.58	3216.63
1179.19	3236.52
1180.79	3222.91
1182.40	3227.10
1184.00	3222.91
1185.61	3230.24
1187.21	3231.28
1188.82	3229.19
1190.42	3239.66
1192.02	3229.19
1193.63	3217.68
1195.23	3225.01
1196.84	3236.52
1198.44	3232.33
1200.04	3234.42
1201.65	3231.28
1203.25	3229.19
1204.85	3229.19
1206.46	3214.54
1208.06	3233.38
1209.66	3229.19
1211.26	3226.05
1212.87	3244.89
1214.47	3223.96
1216.07	3221.87
1217.67	3226.05
1219.27	3218.73
1220.87	3230.24
1222.48	3220.82
1224.08	3216.63
1225.68	3215.59
1227.28	3211.40
1228.88	3210.36
1230.48	3223.96
1232.08	3203.03
1233.68	3220.82
1235.28	3229.19
1236.88	3210.36
1238.48	3201.98
1240.08	3222.91
1241.68	3197.80
1243.28	3205.12
1244.87	3201.98
1246.47	3198.85
1248.07	3187.34
1249.67	3189.43
1251.27	3205.12
1252.87	3182.10
1254.46	3178.96
1256.06	3178.96
1257.66	3180.01
1259.26	3175.82
1260.85	3182.10
1262.45	3165.36
1264.05	3178.96
1265.64	3178.96
1267.24	3180.01
1268.83	3180.01
1270.43	3169.55
1272.03	3181.06
1273.62	3166.41
1275.22	3151.76
1276.81	3172.69
1278.41	3163.27
1280.00	3170.59
1281.60	3156.99
1283.19	3152.80
1284.79	3171.64
1286.38	3165.36
1287.97	3173.73
1289.57	3158.04
1291.16	3150.71
1292.75	3138.15
1294.35	3149.66
1295.94	3148.62
1297.53	3153.85
1299.12	3137.11
1300.72	3156.99
1302.31	3135.02
1303.90	3155.94
1305.49	3159.08
1307.08	3140.25
1308.68	3129.78
1310.27	3135.02
1311.86	3138.15
1313.45	3132.92
1315.04	3130.83
1316.63	3126.64
1318.22	3121.41
1319.81	3110.95
1321.40	3116.18
1322.99	3123.50
1324.58	3104.67
1326.17	3098.39
1327.75	3104.67
1329.34	3103.62
1330.93	3098.39
1332.52	3103.62
1334.11	3091.07
1335.70	3081.65
1337.28	3075.37
1338.87	3082.70
1340.46	3075.37
1342.05	3077.46
1343.63	3080.60
1345.22	3074.32
1346.81	3085.83
1348.39	3070.14
1349.98	3064.91
1351.56	3056.54
1353.15	3056.54
1354.73	3055.49
1356.32	3041.89
1357.90	3040.84
1359.49	3043.98
1361.07	3027.24
1362.66	3019.91
1364.24	3019.91
1365.82	3026.19
1367.41	3032.47
1368.99	3019.91
1370.57	3011.54
1372.16	3017.82
1373.74	3011.54
1375.32	3009.45
1376.91	3005.26
1378.49	2977.01
1380.07	2949.80
1381.65	2959.22
1383.23	2937.25
1384.81	2938.29
1386.39	2929.92
1387.97	2939.34
1389.55	2918.41
1391.14	2912.13
1392.72	2901.67
1394.29	2903.76
1395.87	2895.39
1397.45	2880.74
1399.03	2877.60
1400.61	2873.42
1402.19	2859.81
1403.77	2851.44
1405.35	2868.18
1406.92	2859.81
1408.50	2849.35
1410.08	2844.12
1411.66	2836.79
1413.23	2845.16
1414.81	2853.53
1416.39	2837.84
1417.96	2846.21
1419.54	2830.51
1421.12	2840.98
1422.69	2845.16
1424.27	2825.28
1425.84	2834.70
1427.42	2829.47
1428.99	2843.07
1430.57	2836.79
1432.14	2829.47
1433.71	2832.61
1435.29	2838.88
1436.86	2837.84
1438.43	2830.51
1440.01	2832.61
1441.58	2710.18
1443.15	2825.28
1444.72	2833.65
1446.30	2821.10
1447.87	2827.37
1449.44	2816.91
1451.01	2817.96
1452.58	2829.47
1454.15	2830.51
1455.72	2816.91
1457.29	2823.19
1458.86	2830.51
1460.43	2825.28
1462.00	2846.21
1463.57	2834.70
1465.14	2822.14
1466.71	2812.72
1468.28	2824.23
1469.85	2829.47
1471.41	2839.93
1472.98	2826.33
1474.55	2838.88
1476.12	2822.14
1477.68	2822.14
1479.25	2835.74
1480.82	2832.61
1482.38	2834.70
1483.95	2817.96
1485.51	2831.56
1487.08	2837.84
1488.64	2843.07
1490.21	2835.74
1491.77	2831.56
1493.34	2840.98
1494.90	2827.37
1496.46	2832.61
1498.03	2833.65
1499.59	2838.88
1501.15	2831.56
1502.72	2846.21
1504.28	2844.12
1505.84	2842.02
1507.40	2836.79
1508.97	2848.30
1510.53	2849.35
1512.09	2853.53
1513.65	2852.49
1515.21	2848.30
1516.77	2837.84
1518.33	2859.81
1519.89	2848.30
1521.45	2851.44
1523.01	2856.67
1524.57	2859.81
1526.13	2857.72
1527.68	2850.39
1529.24	2856.67
1530.80	2851.44
1532.36	2858.77
1533.92	2845.16
1535.47	2842.02
1537.03	2852.49
1538.59	2858.77
1540.14	2851.44
1541.70	2838.88
1543.25	2865.04
1544.81	2862.95
1546.36	2866.09
1547.92	2845.16
1549.47	2854.58
1551.03	2845.16
1552.58	2845.16
1554.13	2843.07
1555.69	2849.35
1557.24	2840.98
1558.79	2844.12
1560.35	2837.84
1561.90	2848.30
1563.45	2835.74
1565.00	2844.12
1566.55	2840.98
1568.10	2835.74
1569.66	2832.61
1571.21	2845.16
1572.76	2837.84
1574.31	2840.98
1575.86	2835.74
1577.40	2825.28
1578.95	2832.61
1580.50	2832.61
1582.05	2819.00
1583.60	2825.28
1585.15	2821.10
1586.69	2834.70
1588.24	2831.56
1589.79	2835.74
1591.34	2813.77
1592.88	2839.93
1594.43	2820.05
1595.97	2826.33
1597.52	2826.33
1599.06	2824.23
1600.61	2811.68
1602.15	2834.70
1603.70	2819.00
1605.24	2821.10
1606.79	2821.10
1608.33	2817.96
1609.87	2814.82
1611.41	2823.19
1612.96	2827.37
1614.50	2817.96
1616.04	2808.54
1617.58	2811.68
1619.12	2802.26
1620.67	2809.58
1622.21	2792.84
1623.75	2811.68
1625.29	2793.89
1626.83	2786.56
1628.37	2810.63
1629.90	2790.75
1631.44	2793.89
1632.98	2790.75
1634.52	2765.64
1636.06	2768.78
1637.59	2786.56
1639.13	2770.87
1640.67	2765.64
1642.21	2756.22
1643.74	2748.89
1645.28	2738.43
1646.81	2721.69
1648.35	2727.97
1649.88	2714.36
1651.42	2721.69
1652.95	2702.85
1654.49	2718.55
1656.02	2698.67
1657.55	2702.85
1659.09	2680.88
1660.62	2707.04
1662.15	2693.43
1663.68	2700.76
1665.22	2687.16
1666.75	2684.02
1668.28	2674.60
1669.81	2695.53
1671.34	2676.69
1672.87	2688.20
1674.40	2685.06
1675.93	2678.78
1677.46	2667.27
1678.99	2663.09
1680.52	2662.04
1682.04	2668.32
1683.57	2669.37
1685.10	2674.60
1686.63	2663.09
1688.15	2666.23
1689.68	2653.67
1691.21	2656.81
1692.73	2663.09
1694.26	2667.27
1695.78	2661.00
1697.31	2663.09
1698.83	2651.58
1700.36	2650.53
1701.88	2644.25
1703.40	2662.04
1704.93	2653.67
1706.45	2652.62
