896.35	2878.65
897.98	2877.60
899.60	2891.20
901.22	2911.09
902.85	2895.39
904.47	2902.71
906.10	2910.04
907.72	2911.09
909.34	2927.83
910.97	2940.38
912.59	2955.03
914.21	2967.59
915.84	2981.19
917.46	3009.45
919.08	3029.33
920.71	3036.65
922.33	3054.44
923.95	3057.58
925.58	3081.65
927.20	3064.91
928.82	3083.74
930.44	3094.21
932.07	3084.79
933.69	3077.46
935.31	3092.11
936.93	3099.44
938.56	3102.58
940.18	3107.81
941.80	3114.09
943.42	3123.50
945.05	3135.02
946.67	3117.23
948.29	3124.55
949.91	3118.27
951.53	3130.83
953.16	3135.02
954.78	3127.69
956.40	3116.18
958.02	3122.46
959.64	3119.32
961.26	3128.74
962.88	3122.46
964.51	3108.86
966.13	3135.02
967.75	3127.69
969.37	3118.27
970.99	3128.74
972.61	3130.83
974.23	3129.78
975.85	3127.69
977.47	3136.06
979.09	3126.64
980.71	3121.41
982.33	3128.74
983.95	3139.20
985.57	3149.66
987.19	3142.34
988.81	3149.66
990.43	3137.11
992.05	3136.06
993.67	3155.94
995.29	3146.53
996.91	3142.34
998.53	3163.27
1000.15	3171.64
1001.77	3165.36
1003.39	3163.27
1005.01	3163.27
1006.63	3168.50
1008.25	3171.64
1009.86	3183.15
1011.48	3183.15
1013.10	3185.24
1014.72	3192.57
1016.34	3199.89
1017.96	3206.17
1019.58	3197.80
1021.19	3185.24
1022.81	3192.57
1024.43	3218.73
1026.05	3212.45
1027.66	3216.63
1029.28	3208.26
1030.90	3214.54
1032.52	3208.26
1034.13	3211.40
1035.75	3220.82
1037.37	3217.68
1038.98	3235.47
1040.60	3216.63
1042.22	3208.26
1043.83	3222.91
1045.45	3225.01
1047.07	3227.10
1048.68	3231.28
1050.30	3220.82
1051.92	3232.33
1053.53	3227.10
1055.15	3240.70
1056.76	3225.01
1058.38	3233.38
1059.99	3229.19
1061.61	3225.01
1063.22	3216.63
1064.84	3232.33
1066.46	3226.05
1068.07	3220.82
1069.68	3229.19
1071.30	3240.70
1072.91	3222.91
1074.53	3219.77
1076.14	3229.19
1077.76	3225.01
1079.37	3233.38
1080.98	3197.80
1082.60	3213.50
1084.21	3214.54
1085.83	3216.63
1087.44	3225.01
1089.05	3197.80
1090.67	3197.80
1092.28	3198.85
1093.89	3220.82
1095.50	3216.63
1097.12	3213.50
1098.73	3213.50
1100.34	3197.80
1101.95	3213.50
1103.57	3211.40
1105.18	3199.89
1106.79	3196.75
1108.40	3209.31
1110.01	3211.40
1111.63	3214.54
1113.24	3225.01
1114.85	3218.73
1116.46	3211.40
1118.07	3217.68
1119.68	3210.36
1121.29	3215.59
1122.90	3207.22
1124.51	3215.59
1126.12	3221.87
1127.73	3218.73
1129.34	3222.91
1130.95	3222.91
1132.56	3228.14
1134.17	3189.43
1135.78	3199.89
1137.39	3211.40
1139.00	3208.26
1140.61	3208.26
1142.22	3214.54
1143.83	3203.03
1145.44	3209.31
1147.05	3211.40
1148.65	3201.98
1150.26	3196.75
1151.87	3205.12
1153.48	3205.12
1155.09	3213.50
1156.69	3207.22
1158.30	3198.85
1159.91	3197.80
1161.52	3210.36
1163.12	3203.03
1164.73	3195.71
1166.34	3210.36
1167.94	3212.45
1169.55	3201.98
1171.16	3206.17
1172.76	3210.36
1174.37	3201.98
1175.97	3214.54
1177.58	3192.57
1179.19	3216.63
1180.79	3204.08
1182.40	3208.26
1184.00	3203.03
1185.61	3214.54
1187.21	3212.45
1188.82	3211.40
1190.42	3212.45
1192.02	3209.31
1193.63	3200.94
1195.23	3205.12
1196.84	3207.22
1198.44	3208.26
1200.04	3215.59
1201.65	3206.17
1203.25	3211.40
1204.85	3218.73
1206.46	3195.71
1208.06	3200.94
1209.66	3188.38
1211.26	3189.43
1212.87	3210.36
1214.47	3193.61
1216.07	3205.12
1217.67	3208.26
1219.27	3190.47
1220.87	3189.43
1222.48	3187.34
1224.08	3190.47
1225.68	3205.12
1227.28	3187.34
1228.88	3191.52
1230.48	3185.24
1232.08	3180.01
1233.68	3187.34
1235.28	3194.66
1236.88	3182.10
1238.48	3177.92
1240.08	3209.31
1241.68	3168.50
1243.28	3175.82
1244.87	3172.69
1246.47	3166.41
1248.07	3158.04
1249.67	3164.31
1251.27	3175.82
1252.87	3155.94
1254.46	3147.57
1256.06	3145.48
1257.66	3153.85
1259.26	3155.94
1260.85	3158.04
1262.45	3154.90
1264.05	3156.99
1265.64	3144.43
1267.24	3147.57
1268.83	3158.04
1270.43	3145.48
1272.03	3162.22
1273.62	3148.62
1275.22	3131.88
1276.81	3137.11
1278.41	3138.15
1280.00	3156.99
1281.60	3136.06
1283.19	3135.02
1284.79	3131.88
1286.38	3130.83
1287.97	3141.29
1289.57	3128.74
1291.16	3124.55
1292.75	3117.23
1294.35	3133.97
1295.94	3126.64
1297.53	3117.23
1299.12	3108.86
1300.72	3131.88
1302.31	3102.58
1303.90	3129.78
1305.49	3123.50
1307.08	3108.86
1308.68	3102.58
1310.27	3102.58
1311.86	3108.86
1313.45	3105.72
1315.04	3104.67
1316.63	3098.39
1318.22	3096.30
1319.81	3092.11
1321.40	3097.34
1322.99	3096.30
1324.58	3077.46
1326.17	3078.51
1327.75	3070.14
1329.34	3076.42
1330.93	3071.18
1332.52	3069.09
1334.11	3072.23
1335.70	3069.09
1337.28	3047.12
1338.87	3058.63
1340.46	3058.63
1342.05	3053.40
1343.63	3046.07
1345.22	3041.89
1346.81	3052.35
1348.39	3035.61
1349.98	3040.84
1351.56	3034.56
1353.15	3026.19
1354.73	3030.38
1356.32	3011.54
1357.90	3010.49
1359.49	3012.59
1361.07	3000.03
1362.66	3001.08
1364.24	3002.12
1365.82	3004.22
1367.41	3003.17
1368.99	2977.01
1370.57	2983.29
1372.16	2984.33
1373.74	2982.24
1375.32	2980.15
1376.91	2968.64
1378.49	2944.57
1380.07	2923.64
1381.65	2927.83
1383.23	2913.18
1384.81	2914.22
1386.39	2898.53
1387.97	2910.04
1389.55	2902.71
1391.14	2892.25
1392.72	2866.09
1394.29	2871.32
1395.87	2869.23
1397.45	2859.81
1399.03	2860.86
1400.61	2850.39
1402.19	2842.02
1403.77	2830.51
1405.35	2848.30
1406.92	2837.84
1408.50	2831.56
1410.08	2834.70
1411.66	2812.72
1413.23	2823.19
1414.81	2827.37
1416.39	2809.58
1417.96	2819.00
1419.54	2806.45
1421.12	2807.49
1422.69	2813.77
1424.27	2803.31
1425.84	2816.91
1427.42	2803.31
1428.99	2808.54
1430.57	2805.40
1432.14	2802.26
1433.71	2800.17
1435.29	2812.72
1436.86	2806.45
1438.43	2801.21
1440.01	2801.21
1441.58	2680.88
1443.15	2799.12
1444.72	2806.45
1446.30	2793.89
1447.87	2809.58
1449.44	2800.17
1451.01	2795.98
1452.58	2805.40
1454.15	2806.45
1455.72	2798.07
1457.29	2797.03
1458.86	2810.63
1460.43	2795.98
1462.00	2819.00
1463.57	2809.58
1465.14	2811.68
1466.71	2803.31
1468.28	2805.40
1469.85	2808.54
1471.41	2812.72
1472.98	2804.35
1474.55	2813.77
1476.12	2806.45
1477.68	2804.35
1479.25	2817.96
1480.82	2798.07
1482.38	2814.82
1483.95	2803.31
1485.51	2823.19
1487.08	2822.14
1488.64	2820.05
1490.21	2814.82
1491.77	2807.49
1493.34	2825.28
1494.90	2808.54
1496.46	2816.91
1498.03	2821.10
1499.59	2812.72
1501.15	2808.54
1502.72	2820.05
1504.28	2823.19
1505.84	2817.96
1507.40	2814.82
1508.97	2829.47
1510.53	2826.33
1512.09	2836.79
1513.65	2840.98
1515.21	2831.56
1516.77	2827.37
1518.33	2843.07
1519.89	2835.74
1521.45	2826.33
1523.01	2826.33
1524.57	2831.56
1526.13	2828.42
1527.68	2834.70
1529.24	2837.84
1530.80	2827.37
1532.36	2842.02
1533.92	2839.93
1535.47	2826.33
1537.03	2833.65
1538.59	2842.02
1540.14	2834.70
1541.70	2822.14
1543.25	2847.26
1544.81	2835.74
1546.36	2832.61
1547.92	2824.23
1549.47	2832.61
1551.03	2832.61
1552.58	2829.47
1554.13	2829.47
1555.69	2839.93
1557.24	2820.05
1558.79	2824.23
1560.35	2825.28
1561.90	2829.47
1563.45	2823.19
1565.00	2830.51
1566.55	2819.00
1568.10	2817.96
1569.66	2810.63
1571.21	2832.61
1572.76	2832.61
1574.31	2827.37
1575.86	2814.82
1577.40	2812.72
1578.95	2816.91
1580.50	2816.91
1582.05	2808.54
1583.60	2810.63
1585.15	2801.21
1586.69	2804.35
1588.24	2817.96
1589.79	2826.33
1591.34	2800.17
1592.88	2810.63
1594.43	2802.26
1595.97	2812.72
1597.52	2809.58
1599.06	2812.72
1600.61	2803.31
1602.15	2816.91
1603.70	2810.63
1605.24	2812.72
1606.79	2804.35
1608.33	2788.66
1609.87	2792.84
1611.41	2806.45
1612.96	2804.35
1614.50	2788.66
1616.04	2791.80
1617.58	2802.26
1619.12	2793.89
1620.67	2801.21
1622.21	2782.38
1623.75	2805.40
1625.29	2785.52
1626.83	2778.19
1628.37	2792.84
1629.90	2781.33
1631.44	2779.24
1632.98	2777.15
1634.52	2762.50
1636.06	2766.68
1637.59	2779.24
1639.13	2762.50
1640.67	2754.13
1642.21	2738.43
1643.74	2738.43
1645.28	2723.78
1646.81	2720.64
1648.35	2729.01
1649.88	2703.90
1651.42	2715.41
1652.95	2695.53
1654.49	2721.69
1656.02	2701.81
1657.55	2700.76
1659.09	2676.69
1660.62	2699.71
1662.15	2691.34
1663.68	2698.67
1665.22	2687.16
1666.75	2684.02
1668.28	2677.74
1669.81	2695.53
1671.34	2675.65
1672.87	2689.25
1674.40	2678.78
1675.93	2681.92
1677.46	2662.04
1678.99	2655.76
1680.52	2666.23
1682.04	2676.69
1683.57	2664.13
1685.10	2676.69
1686.63	2665.18
1688.15	2672.51
1689.68	2648.44
1691.21	2656.81
1692.73	2656.81
1694.26	2661.00
1695.78	2652.62
1697.31	2647.39
1698.83	2647.39
1700.36	2656.81
1701.88	2648.44
1703.40	2664.13
1704.93	2648.44
1706.45	2658.90
