896.35	2806.45
897.98	2802.26
899.60	2800.17
901.22	2811.68
902.85	2807.49
904.47	2817.96
906.10	2832.61
907.72	2816.91
909.34	2838.88
910.97	2836.79
912.59	2851.44
914.21	2851.44
915.84	2869.23
917.46	2887.02
919.08	2905.85
920.71	2906.90
922.33	2924.69
923.95	2925.74
925.58	2950.85
927.20	2930.97
928.82	2944.57
930.44	2953.99
932.07	2950.85
933.69	2929.92
935.31	2940.38
936.93	2948.76
938.56	2961.31
940.18	2962.36
941.80	2962.36
943.42	2963.41
945.05	2984.33
946.67	2960.27
948.29	2974.92
949.91	2958.17
951.53	2982.24
953.16	2978.06
954.78	2974.92
956.40	2956.08
958.02	2969.68
959.64	2971.78
961.26	2982.24
962.88	2974.92
964.51	2971.78
966.13	2987.47
967.75	2988.52
969.37	2965.50
970.99	2980.15
972.61	2964.45
974.23	2972.82
975.85	2975.96
977.47	2987.47
979.09	2978.06
980.71	2975.96
982.33	2983.29
983.95	2994.80
985.57	2996.89
987.19	2987.47
988.81	2985.38
990.43	2992.70
992.05	2985.38
993.67	3004.22
995.29	2994.80
996.91	2987.47
998.53	3005.26
1000.15	3005.26
1001.77	3001.08
1003.39	3009.45
1005.01	3001.08
1006.63	3007.35
1008.25	3002.12
1009.86	3019.91
1011.48	3011.54
1013.10	3011.54
1014.72	3022.00
1016.34	3023.05
1017.96	3029.33
1019.58	3024.10
1021.19	3014.68
1022.81	3019.91
1024.43	3030.38
1026.05	3024.10
1027.66	3033.51
1029.28	3034.56
1030.90	3035.61
1032.52	3023.05
1034.13	3032.47
1035.75	3048.16
1037.37	3035.61
1038.98	3055.49
1040.60	3037.70
1042.22	3040.84
1043.83	3038.75
1045.45	3052.35
1047.07	3045.02
1048.68	3056.54
1050.30	3031.42
1051.92	3050.26
1053.53	3037.70
1055.15	3047.12
1056.76	3046.07
1058.38	3053.40
1059.99	3048.16
1061.61	3048.16
1063.22	3034.56
1064.84	3041.89
1066.46	3035.61
1068.07	3049.21
1069.68	3045.02
1071.30	3063.86
1072.91	3040.84
1074.53	3040.84
1076.14	3045.02
1077.76	3049.21
1079.37	3039.79
1080.98	3026.19
1082.60	3032.47
1084.21	3049.21
1085.83	3036.65
1087.44	3038.75
1089.05	3025.14
1090.67	3032.47
1092.28	3028.28
1093.89	3036.65
1095.50	3031.42
1097.12	3037.70
1098.73	3041.89
1100.34	3034.56
1101.95	3035.61
1103.57	3043.98
1105.18	3025.14
1106.79	3024.10
1108.40	3029.33
1110.01	3040.84
1111.63	3034.56
1113.24	3038.75
1114.85	3028.28
1116.46	3038.75
1118.07	3039.79
1119.68	3034.56
1121.29	3038.75
1122.90	3028.28
1124.51	3028.28
1126.12	3040.84
1127.73	3036.65
1129.34	3048.16
1130.95	3038.75
1132.56	3039.79
1134.17	3010.49
1135.78	3031.42
1137.39	3034.56
1139.00	3023.05
1140.61	3025.14
1142.22	3043.98
1143.83	3031.42
1145.44	3039.79
1147.05	3023.05
1148.65	3034.56
1150.26	3019.91
1151.87	3017.82
1153.48	3027.24
1155.09	3034.56
1156.69	3027.24
1158.30	3018.86
1159.91	3020.96
1161.52	3031.42
1163.12	3029.33
1164.73	3025.14
1166.34	3034.56
1167.94	3028.28
1169.55	3029.33
1171.16	3038.75
1172.76	3029.33
1174.37	3039.79
1175.97	3041.89
1177.58	3030.38
1179.19	3042.93
1180.79	3026.19
1182.40	3025.14
1184.00	3035.61
1185.61	3049.21
1187.21	3043.98
1188.82	3036.65
1190.42	3035.61
1192.02	3033.51
1193.63	3019.91
1195.23	3037.70
1196.84	3035.61
1198.44	3030.38
1200.04	3042.93
1201.65	3039.79
1203.25	3034.56
1204.85	3040.84
1206.46	3025.14
1208.06	3024.10
1209.66	3022.00
1211.26	3017.82
1212.87	3039.79
1214.47	3022.00
1216.07	3022.00
1217.67	3022.00
1219.27	3023.05
1220.87	3019.91
1222.48	3027.24
1224.08	3024.10
1225.68	3027.24
1227.28	3026.19
1228.88	3024.10
1230.48	3024.10
1232.08	3014.68
1233.68	3017.82
1235.28	3028.28
1236.88	3007.35
1238.48	3006.31
1240.08	3034.56
1241.68	3004.22
1243.28	3007.35
1244.87	3008.40
1246.47	3009.45
1248.07	3003.17
1249.67	3005.26
1251.27	3013.63
1252.87	2996.89
1254.46	2997.94
1256.06	3003.17
1257.66	3002.12
1259.26	2992.70
1260.85	3007.35
1262.45	2998.98
1264.05	2994.80
1265.64	2995.84
1267.24	3001.08
1268.83	3002.12
1270.43	2992.70
1272.03	3008.40
1273.62	3002.12
1275.22	2990.61
1276.81	3008.40
1278.41	2992.70
1280.00	2987.47
1281.60	2986.43
1283.19	2984.33
1284.79	2992.70
1286.38	2988.52
1287.97	2990.61
1289.57	2977.01
1291.16	2973.87
1292.75	2967.59
1294.35	2974.92
1295.94	2979.10
1297.53	2977.01
1299.12	2968.64
1300.72	2983.29
1302.31	2965.50
1303.90	2989.57
1305.49	2980.15
1307.08	2962.36
1308.68	2969.68
1310.27	2969.68
1311.86	2962.36
1313.45	2963.41
1315.04	2962.36
1316.63	2959.22
1318.22	2965.50
1319.81	2955.03
1321.40	2946.66
1322.99	2952.94
1324.58	2941.43
1326.17	2944.57
1327.75	2938.29
1329.34	2941.43
1330.93	2934.11
1332.52	2930.97
1334.11	2943.52
1335.70	2940.38
1337.28	2932.01
1338.87	2937.25
1340.46	2938.29
1342.05	2921.55
1343.63	2923.64
1345.22	2920.50
1346.81	2930.97
1348.39	2923.64
1349.98	2921.55
1351.56	2912.13
1353.15	2917.36
1354.73	2919.46
1356.32	2908.99
1357.90	2904.81
1359.49	2918.41
1361.07	2896.44
1362.66	2895.39
1364.24	2898.53
1365.82	2902.71
1367.41	2905.85
1368.99	2882.83
1370.57	2875.51
1372.16	2884.93
1373.74	2880.74
1375.32	2893.30
1376.91	2882.83
1378.49	2862.95
1380.07	2850.39
1381.65	2857.72
1383.23	2837.84
1384.81	2833.65
1386.39	2825.28
1387.97	2840.98
1389.55	2827.37
1391.14	2825.28
1392.72	2811.68
1394.29	2816.91
1395.87	2806.45
1397.45	2794.94
1399.03	2804.35
1400.61	2806.45
1402.19	2789.70
1403.77	2785.52
1405.35	2804.35
1406.92	2795.98
1408.50	2793.89
1410.08	2789.70
1411.66	2785.52
1413.23	2790.75
1414.81	2789.70
1416.39	2769.82
1417.96	2781.33
1419.54	2769.82
1421.12	2779.24
1422.69	2783.42
1424.27	2770.87
1425.84	2783.42
1427.42	2768.78
1428.99	2775.05
1430.57	2776.10
1432.14	2771.91
1433.71	2765.64
1435.29	2783.42
1436.86	2781.33
1438.43	2779.24
1440.01	2778.19
1441.58	2652.62
1443.15	2776.10
1444.72	2781.33
1446.30	2770.87
1447.87	2776.10
1449.44	2772.96
1451.01	2763.54
1452.58	2771.91
1454.15	2779.24
1455.72	2765.64
1457.29	2775.05
1458.86	2779.24
1460.43	2772.96
1462.00	2786.56
1463.57	2779.24
1465.14	2772.96
1466.71	2764.59
1468.28	2766.68
1469.85	2774.01
1471.41	2774.01
1472.98	2770.87
1474.55	2780.29
1476.12	2762.50
1477.68	2770.87
1479.25	2779.24
1480.82	2776.10
1482.38	2777.15
1483.95	2760.40
1485.51	2776.10
1487.08	2780.29
1488.64	2781.33
1490.21	2785.52
1491.77	2769.82
1493.34	2781.33
1494.90	2770.87
1496.46	2777.15
1498.03	2785.52
1499.59	2785.52
1501.15	2783.42
1502.72	2784.47
1504.28	2783.42
1505.84	2777.15
1507.40	2776.10
1508.97	2790.75
1510.53	2783.42
1512.09	2785.52
1513.65	2786.56
1515.21	2789.70
1516.77	2778.19
1518.33	2792.84
1519.89	2781.33
1521.45	2783.42
1523.01	2786.56
1524.57	2797.03
1526.13	2783.42
1527.68	2789.70
1529.24	2790.75
1530.80	2785.52
1532.36	2795.98
1533.92	2792.84
1535.47	2782.38
1537.03	2781.33
1538.59	2788.66
1540.14	2778.19
1541.70	2775.05
1543.25	2792.84
1544.81	2781.33
1546.36	2784.47
1547.92	2770.87
1549.47	2785.52
1551.03	2786.56
1552.58	2777.15
1554.13	2771.91
1555.69	2787.61
1557.24	2775.05
1558.79	2775.05
1560.35	2776.10
1561.90	2784.47
1563.45	2772.96
1565.00	2775.05
1566.55	2765.64
1568.10	2768.78
1569.66	2756.22
1571.21	2785.52
1572.76	2789.70
1574.31	2781.33
1575.86	2782.38
1577.40	2767.73
1578.95	2771.91
1580.50	2770.87
1582.05	2764.59
1583.60	2763.54
1585.15	2750.99
1586.69	2761.45
1588.24	2770.87
1589.79	2772.96
1591.34	2762.50
1592.88	2768.78
1594.43	2745.75
1595.97	2764.59
1597.52	2763.54
1599.06	2764.59
1600.61	2754.13
1602.15	2775.05
1603.70	2756.22
1605.24	2757.26
1606.79	2753.08
1608.33	2755.17
1609.87	2746.80
1611.41	2753.08
1612.96	2753.08
1614.50	2747.85
1616.04	2749.94
1617.58	2761.45
1619.12	2747.85
1620.67	2752.03
1622.21	2730.06
1623.75	2752.03
1625.29	2737.38
1626.83	2736.34
1628.37	2756.22
1629.90	2739.48
1631.44	2737.38
1632.98	2739.48
1634.52	2729.01
1636.06	2730.06
1637.59	2739.48
1639.13	2724.83
1640.67	2729.01
1642.21	2723.78
1643.74	2718.55
1645.28	2700.76
1646.81	2700.76
1648.35	2712.27
1649.88	2694.48
1651.42	2699.71
1652.95	2677.74
1654.49	2698.67
1656.02	2690.29
1657.55	2691.34
1659.09	2668.32
1660.62	2685.06
1662.15	2674.60
1663.68	2686.11
1665.22	2675.65
1666.75	2677.74
1668.28	2666.23
1669.81	2682.97
1671.34	2663.09
1672.87	2671.46
1674.40	2677.74
1675.93	2669.37
1677.46	2651.58
1678.99	2644.25
1680.52	2657.86
1682.04	2667.27
1683.57	2655.76
1685.10	2665.18
1686.63	2655.76
1688.15	2655.76
1689.68	2655.76
1691.21	2650.53
1692.73	2650.53
1694.26	2648.44
1695.78	2637.97
1697.31	2657.86
1698.83	2644.25
1700.36	2648.44
1701.88	2641.11
1703.40	2648.44
1704.93	2640.07
1706.45	2636.93
