896.35	3036.65
897.98	3050.26
899.60	3055.49
901.22	3072.23
902.85	3055.49
904.47	3077.46
906.10	3080.60
907.72	3090.02
909.34	3102.58
910.97	3127.69
912.59	3140.25
914.21	3180.01
915.84	3196.75
917.46	3256.40
919.08	3275.23
920.71	3293.02
922.33	3308.72
923.95	3332.78
925.58	3353.71
927.20	3359.99
928.82	3368.36
930.44	3395.57
932.07	3378.83
933.69	3381.97
935.31	3389.29
936.93	3410.22
938.56	3408.13
940.18	3426.96
941.80	3412.31
943.42	3432.19
945.05	3432.19
946.67	3428.01
948.29	3433.24
949.91	3433.24
951.53	3428.01
953.16	3453.12
954.78	3436.38
956.40	3430.10
958.02	3432.19
959.64	3440.56
961.26	3432.19
962.88	3434.29
964.51	3421.73
966.13	3458.35
967.75	3442.66
969.37	3441.61
970.99	3430.10
972.61	3438.47
974.23	3426.96
975.85	3439.52
977.47	3443.70
979.09	3443.70
980.71	3435.33
982.33	3452.07
983.95	3442.66
985.57	3462.54
987.19	3445.80
988.81	3471.96
990.43	3462.54
992.05	3471.96
993.67	3475.10
995.29	3479.28
996.91	3463.58
998.53	3500.21
1000.15	3496.02
1001.77	3505.44
1003.39	3496.02
1005.01	3511.72
1006.63	3499.16
1008.25	3513.81
1009.86	3520.09
1011.48	3524.28
1013.10	3523.23
1014.72	3558.81
1016.34	3537.88
1017.96	3562.99
1019.58	3542.06
1021.19	3551.48
1022.81	3551.48
1024.43	3574.50
1026.05	3566.13
1027.66	3582.87
1029.28	3574.50
1030.90	3589.15
1032.52	3569.27
1034.13	3591.25
1035.75	3592.29
1037.37	3604.85
1038.98	3605.90
1040.60	3604.85
1042.22	3590.20
1043.83	3595.43
1045.45	3595.43
1047.07	3615.31
1048.68	3601.71
1050.30	3597.52
1051.92	3599.62
1053.53	3604.85
1055.15	3600.66
1056.76	3607.99
1058.38	3601.71
1059.99	3618.45
1061.61	3595.43
1063.22	3605.90
1064.84	3603.80
1066.46	3603.80
1068.07	3599.62
1069.68	3595.43
1071.30	3589.15
1072.91	3594.38
1074.53	3582.87
1076.14	3606.94
1077.76	3582.87
1079.37	3599.62
1080.98	3560.90
1082.60	3591.25
1084.21	3587.06
1085.83	3581.83
1087.44	3580.78
1089.05	3572.41
1090.67	3556.71
1092.28	3564.04
1093.89	3576.60
1095.50	3575.55
1097.12	3557.76
1098.73	3584.97
1100.34	3547.30
1101.95	3574.50
1103.57	3568.22
1105.18	3566.13
1106.79	3553.58
1108.40	3568.22
1110.01	3554.62
1111.63	3570.32
1113.24	3566.13
1114.85	3570.32
1116.46	3567.18
1118.07	3575.55
1119.68	3556.71
1121.29	3576.60
1122.90	3552.53
1124.51	3567.18
1126.12	3559.85
1127.73	3576.60
1129.34	3566.13
1130.95	3588.11
1132.56	3582.87
1134.17	3557.76
1135.78	3553.58
1137.39	3575.55
1139.00	3559.85
1140.61	3564.04
1142.22	3565.09
1143.83	3566.13
1145.44	3566.13
1147.05	3564.04
1148.65	3561.95
1150.26	3549.39
1151.87	3541.02
1153.48	3561.95
1155.09	3555.67
1156.69	3562.99
1158.30	3541.02
1159.91	3559.85
1161.52	3562.99
1163.12	3572.41
1164.73	3566.13
1166.34	3580.78
1167.94	3566.13
1169.55	3576.60
1171.16	3560.90
1172.76	3580.78
1174.37	3567.18
1175.97	3579.74
1177.58	3557.76
1179.19	3584.97
1180.79	3564.04
1182.40	3576.60
1184.00	3561.95
1185.61	3580.78
1187.21	3572.41
1188.82	3578.69
1190.42	3558.81
1192.02	3565.09
1193.63	3546.25
1195.23	3572.41
1196.84	3567.18
1198.44	3570.32
1200.04	3573.46
1201.65	3575.55
1203.25	3557.76
1204.85	3568.22
1206.46	3545.20
1208.06	3574.50
1209.66	3553.58
1211.26	3559.85
1212.87	3572.41
1214.47	3562.99
1216.07	3553.58
1217.67	3552.53
1219.27	3549.39
1220.87	3555.67
1222.48	3546.25
1224.08	3551.48
1225.68	3549.39
1227.28	3551.48
1228.88	3524.28
1230.48	3539.97
1232.08	3525.32
1233.68	3543.11
1235.28	3533.69
1236.88	3530.55
1238.48	3513.81
1240.08	3548.34
1241.68	3507.53
1243.28	3511.72
1244.87	3497.07
1246.47	3496.02
1248.07	3487.65
1249.67	3500.21
1251.27	3502.30
1252.87	3485.56
1254.46	3479.28
1256.06	3481.37
1257.66	3471.96
1259.26	3465.68
1260.85	3476.14
1262.45	3474.05
1264.05	3477.19
1265.64	3475.10
1267.24	3464.63
1268.83	3475.10
1270.43	3459.40
1272.03	3481.37
1273.62	3469.86
1275.22	3452.07
1276.81	3458.35
1278.41	3457.31
1280.00	3446.84
1281.60	3446.84
1283.19	3438.47
1284.79	3456.26
1286.38	3447.89
1287.97	3454.17
1289.57	3426.96
1291.16	3430.10
1292.75	3414.40
1294.35	3432.19
1295.94	3420.68
1297.53	3426.96
1299.12	3412.31
1300.72	3435.33
1302.31	3397.66
1303.90	3425.91
1305.49	3415.45
1307.08	3404.99
1308.68	3393.48
1310.27	3399.75
1311.86	3389.29
1313.45	3393.48
1315.04	3387.20
1316.63	3395.57
1318.22	3381.97
1319.81	3379.87
1321.40	3380.92
1322.99	3391.38
1324.58	3361.04
1326.17	3368.36
1327.75	3347.43
1329.34	3369.41
1330.93	3348.48
1332.52	3349.53
1334.11	3341.16
1335.70	3346.39
1337.28	3324.41
1338.87	3338.02
1340.46	3324.41
1342.05	3317.09
1343.63	3310.81
1345.22	3308.72
1346.81	3311.86
1348.39	3304.53
1349.98	3299.30
1351.56	3285.70
1353.15	3270.00
1354.73	3274.19
1356.32	3252.21
1357.90	3256.40
1359.49	3243.84
1361.07	3232.33
1362.66	3218.73
1364.24	3233.38
1365.82	3227.10
1367.41	3233.38
1368.99	3209.31
1370.57	3206.17
1372.16	3208.26
1373.74	3193.61
1375.32	3180.01
1376.91	3171.64
1378.49	3139.20
1380.07	3108.86
1381.65	3099.44
1383.23	3077.46
1384.81	3078.51
1386.39	3063.86
1387.97	3053.40
1389.55	3050.26
1391.14	3046.07
1392.72	3030.38
1394.29	3013.63
1395.87	3000.03
1397.45	2988.52
1399.03	2994.80
1400.61	2974.92
1402.19	2971.78
1403.77	2948.76
1405.35	2964.45
1406.92	2944.57
1408.50	2945.62
1410.08	2940.38
1411.66	2930.97
1413.23	2933.06
1414.81	2937.25
1416.39	2920.50
1417.96	2926.78
1419.54	2910.04
1421.12	2922.60
1422.69	2926.78
1424.27	2906.90
1425.84	2920.50
1427.42	2912.13
1428.99	2905.85
1430.57	2913.18
1432.14	2903.76
1433.71	2903.76
1435.29	2913.18
1436.86	2903.76
1438.43	2908.99
1440.01	2892.25
1441.58	2780.29
1443.15	2899.58
1444.72	2900.62
1446.30	2890.16
1447.87	2903.76
1449.44	2897.48
1451.01	2888.06
1452.58	2898.53
1454.15	2897.48
1455.72	2873.42
1457.29	2876.55
1458.86	2897.48
1460.43	2888.06
1462.00	2910.04
1463.57	2893.30
1465.14	2899.58
1466.71	2890.16
1468.28	2894.34
1469.85	2899.58
1471.41	2898.53
1472.98	2900.62
1474.55	2906.90
1476.12	2884.93
1477.68	2884.93
1479.25	2903.76
1480.82	2903.76
1482.38	2901.67
1483.95	2898.53
1485.51	2903.76
1487.08	2927.83
1488.64	2917.36
1490.21	2914.22
1491.77	2896.44
1493.34	2927.83
1494.90	2916.32
1496.46	2914.22
1498.03	2905.85
1499.59	2920.50
1501.15	2922.60
1502.72	2921.55
1504.28	2921.55
1505.84	2916.32
1507.40	2912.13
1508.97	2937.25
1510.53	2942.48
1512.09	2934.11
1513.65	2937.25
1515.21	2936.20
1516.77	2927.83
1518.33	2944.57
1519.89	2941.43
1521.45	2943.52
1523.01	2938.29
1524.57	2946.66
1526.13	2934.11
1527.68	2944.57
1529.24	2948.76
1530.80	2943.52
1532.36	2951.90
1533.92	2951.90
1535.47	2936.20
1537.03	2939.34
1538.59	2941.43
1540.14	2938.29
1541.70	2933.06
1543.25	2955.03
1544.81	2948.76
1546.36	2956.08
1547.92	2935.15
1549.47	2944.57
1551.03	2943.52
1552.58	2945.62
1554.13	2940.38
1555.69	2949.80
1557.24	2926.78
1558.79	2936.20
1560.35	2933.06
1561.90	2936.20
1563.45	2928.87
1565.00	2941.43
1566.55	2930.97
1568.10	2930.97
1569.66	2916.32
1571.21	2948.76
1572.76	2948.76
1574.31	2938.29
1575.86	2924.69
1577.40	2926.78
1578.95	2926.78
1580.50	2932.01
1582.05	2918.41
1583.60	2926.78
1585.15	2911.09
1586.69	2922.60
1588.24	2919.46
1589.79	2932.01
1591.34	2919.46
1592.88	2926.78
1594.43	2902.71
1595.97	2924.69
1597.52	2918.41
1599.06	2914.22
1600.61	2908.99
1602.15	2921.55
1603.70	2910.04
1605.24	2915.27
1606.79	2911.09
1608.33	2900.62
1609.87	2895.39
1611.41	2906.90
1612.96	2908.99
1614.50	2903.76
1616.04	2894.34
1617.58	2898.53
1619.12	2889.11
1620.67	2908.99
1622.21	2871.32
1623.75	2898.53
1625.29	2878.65
1626.83	2876.55
1628.37	2899.58
1629.90	2873.42
1631.44	2872.37
1632.98	2871.32
1634.52	2846.21
1636.06	2845.16
1637.59	2849.35
1639.13	2831.56
1640.67	2829.47
1642.21	2807.49
1643.74	2802.26
1645.28	2779.24
1646.81	2769.82
1648.35	2780.29
1649.88	2745.75
1651.42	2762.50
1652.95	2742.62
1654.49	2757.26
1656.02	2730.06
1657.55	2733.20
1659.09	2710.18
1660.62	2730.06
1662.15	2719.59
1663.68	2722.73
1665.22	2710.18
1666.75	2713.32
1668.28	2704.94
1669.81	2722.73
1671.34	2701.81
1672.87	2707.04
1674.40	2708.08
1675.93	2697.62
1677.46	2676.69
1678.99	2681.92
1680.52	2686.11
1682.04	2696.57
1683.57	2685.06
1685.10	2692.39
1686.63	2685.06
1688.15	2690.29
1689.68	2675.65
1691.21	2674.60
1692.73	2678.78
1694.26	2685.06
1695.78	2680.88
1697.31	2681.92
1698.83	2673.55
1700.36	2677.74
1701.88	2662.04
1703.40	2677.74
1704.93	2669.37
1706.45	2667.27
