896.35	2949.80
897.98	2957.13
899.60	2961.31
901.22	2987.47
902.85	2978.06
904.47	2986.43
906.10	2984.33
907.72	2994.80
909.34	3015.73
910.97	3019.91
912.59	3033.51
914.21	3061.77
915.84	3080.60
917.46	3123.50
919.08	3143.39
920.71	3155.94
922.33	3182.10
923.95	3187.34
925.58	3209.31
927.20	3205.12
928.82	3221.87
930.44	3231.28
932.07	3219.77
933.69	3210.36
935.31	3235.47
936.93	3236.52
938.56	3239.66
940.18	3242.79
941.80	3250.12
943.42	3262.68
945.05	3273.14
946.67	3254.30
948.29	3259.54
949.91	3250.12
951.53	3268.95
953.16	3278.37
954.78	3271.05
956.40	3259.54
958.02	3258.49
959.64	3259.54
961.26	3262.68
962.88	3271.05
964.51	3258.49
966.13	3281.51
967.75	3272.09
969.37	3260.58
970.99	3267.91
972.61	3262.68
974.23	3266.86
975.85	3271.05
977.47	3279.42
979.09	3272.09
980.71	3270.00
982.33	3276.28
983.95	3276.28
985.57	3285.70
987.19	3282.56
988.81	3295.11
990.43	3284.65
992.05	3289.88
993.67	3300.35
995.29	3296.16
996.91	3300.35
998.53	3325.46
1000.15	3317.09
1001.77	3321.27
1003.39	3324.41
1005.01	3320.23
1006.63	3334.88
1008.25	3335.92
1009.86	3348.48
1011.48	3344.30
1013.10	3342.20
1014.72	3353.71
1016.34	3358.94
1017.96	3375.69
1019.58	3351.62
1021.19	3359.99
1022.81	3357.90
1024.43	3378.83
1026.05	3369.41
1027.66	3384.06
1029.28	3372.55
1030.90	3374.64
1032.52	3368.36
1034.13	3383.01
1035.75	3394.52
1037.37	3392.43
1038.98	3396.62
1040.60	3392.43
1042.22	3378.83
1043.83	3390.34
1045.45	3394.52
1047.07	3404.99
1048.68	3409.17
1050.30	3397.66
1051.92	3400.80
1053.53	3399.75
1055.15	3400.80
1056.76	3402.89
1058.38	3400.80
1059.99	3409.17
1061.61	3403.94
1063.22	3391.38
1064.84	3395.57
1066.46	3396.62
1068.07	3381.97
1069.68	3394.52
1071.30	3404.99
1072.91	3387.20
1074.53	3389.29
1076.14	3396.62
1077.76	3377.78
1079.37	3383.01
1080.98	3353.71
1082.60	3375.69
1084.21	3379.87
1085.83	3379.87
1087.44	3377.78
1089.05	3367.32
1090.67	3366.27
1092.28	3370.46
1093.89	3367.32
1095.50	3370.46
1097.12	3370.46
1098.73	3379.87
1100.34	3347.43
1101.95	3369.41
1103.57	3370.46
1105.18	3358.94
1106.79	3357.90
1108.40	3365.22
1110.01	3369.41
1111.63	3374.64
1113.24	3372.55
1114.85	3359.99
1116.46	3359.99
1118.07	3383.01
1119.68	3364.18
1121.29	3373.59
1122.90	3363.13
1124.51	3367.32
1126.12	3368.36
1127.73	3375.69
1129.34	3376.73
1130.95	3375.69
1132.56	3372.55
1134.17	3348.48
1135.78	3362.08
1137.39	3375.69
1139.00	3364.18
1140.61	3362.08
1142.22	3365.22
1143.83	3361.04
1145.44	3355.81
1147.05	3351.62
1148.65	3363.13
1150.26	3357.90
1151.87	3348.48
1153.48	3351.62
1155.09	3362.08
1156.69	3363.13
1158.30	3354.76
1159.91	3362.08
1161.52	3371.50
1163.12	3377.78
1164.73	3359.99
1166.34	3376.73
1167.94	3364.18
1169.55	3368.36
1171.16	3370.46
1172.76	3367.32
1174.37	3359.99
1175.97	3370.46
1177.58	3352.67
1179.19	3375.69
1180.79	3356.85
1182.40	3366.27
1184.00	3353.71
1185.61	3367.32
1187.21	3368.36
1188.82	3364.18
1190.42	3358.94
1192.02	3358.94
1193.63	3353.71
1195.23	3364.18
1196.84	3362.08
1198.44	3366.27
1200.04	3366.27
1201.65	3362.08
1203.25	3353.71
1204.85	3368.36
1206.46	3347.43
1208.06	3363.13
1209.66	3352.67
1211.26	3350.57
1212.87	3365.22
1214.47	3350.57
1216.07	3354.76
1217.67	3361.04
1219.27	3349.53
1220.87	3341.16
1222.48	3342.20
1224.08	3346.39
1225.68	3347.43
1227.28	3346.39
1228.88	3335.92
1230.48	3345.34
1232.08	3330.69
1233.68	3341.16
1235.28	3344.30
1236.88	3329.65
1238.48	3311.86
1240.08	3342.20
1241.68	3310.81
1243.28	3327.55
1244.87	3312.90
1246.47	3307.67
1248.07	3302.44
1249.67	3300.35
1251.27	3315.00
1252.87	3301.39
1254.46	3289.88
1256.06	3295.11
1257.66	3299.30
1259.26	3289.88
1260.85	3287.79
1262.45	3285.70
1264.05	3293.02
1265.64	3287.79
1267.24	3294.07
1268.83	3291.98
1270.43	3284.65
1272.03	3301.39
1273.62	3276.28
1275.22	3265.82
1276.81	3272.09
1278.41	3276.28
1280.00	3287.79
1281.60	3272.09
1283.19	3260.58
1284.79	3273.14
1286.38	3259.54
1287.97	3265.82
1289.57	3256.40
1291.16	3261.63
1292.75	3248.03
1294.35	3266.86
1295.94	3258.49
1297.53	3255.35
1299.12	3242.79
1300.72	3259.54
1302.31	3225.01
1303.90	3253.26
1305.49	3250.12
1307.08	3220.82
1308.68	3221.87
1310.27	3235.47
1311.86	3229.19
1313.45	3225.01
1315.04	3216.63
1316.63	3221.87
1318.22	3223.96
1319.81	3216.63
1321.40	3211.40
1322.99	3227.10
1324.58	3199.89
1326.17	3201.98
1327.75	3190.47
1329.34	3199.89
1330.93	3189.43
1332.52	3187.34
1334.11	3187.34
1335.70	3182.10
1337.28	3168.50
1338.87	3177.92
1340.46	3174.78
1342.05	3173.73
1343.63	3166.41
1345.22	3160.13
1346.81	3168.50
1348.39	3166.41
1349.98	3160.13
1351.56	3138.15
1353.15	3129.78
1354.73	3135.02
1356.32	3113.04
1357.90	3119.32
1359.49	3117.23
1361.07	3097.34
1362.66	3107.81
1364.24	3102.58
1365.82	3098.39
1367.41	3098.39
1368.99	3084.79
1370.57	3077.46
1372.16	3078.51
1373.74	3074.32
1375.32	3071.18
1376.91	3063.86
1378.49	3030.38
1380.07	3015.73
1381.65	3011.54
1383.23	2994.80
1384.81	2992.70
1386.39	2975.96
1387.97	2978.06
1389.55	2972.82
1391.14	2962.36
1392.72	2940.38
1394.29	2950.85
1395.87	2937.25
1397.45	2920.50
1399.03	2918.41
1400.61	2913.18
1402.19	2899.58
1403.77	2893.30
1405.35	2907.95
1406.92	2893.30
1408.50	2892.25
1410.08	2888.06
1411.66	2881.79
1413.23	2883.88
1414.81	2888.06
1416.39	2873.42
1417.96	2877.60
1419.54	2865.04
1421.12	2874.46
1422.69	2889.11
1424.27	2866.09
1425.84	2880.74
1427.42	2865.04
1428.99	2869.23
1430.57	2865.04
1432.14	2861.90
1433.71	2859.81
1435.29	2870.28
1436.86	2868.18
1438.43	2856.67
1440.01	2853.53
1441.58	2737.38
1443.15	2855.63
1444.72	2864.00
1446.30	2860.86
1447.87	2871.32
1449.44	2857.72
1451.01	2847.26
1452.58	2859.81
1454.15	2868.18
1455.72	2846.21
1457.29	2848.30
1458.86	2854.58
1460.43	2848.30
1462.00	2873.42
1463.57	2858.77
1465.14	2858.77
1466.71	2859.81
1468.28	2854.58
1469.85	2858.77
1471.41	2861.90
1472.98	2851.44
1474.55	2869.23
1476.12	2851.44
1477.68	2861.90
1479.25	2869.23
1480.82	2862.95
1482.38	2858.77
1483.95	2849.35
1485.51	2859.81
1487.08	2873.42
1488.64	2866.09
1490.21	2875.51
1491.77	2861.90
1493.34	2874.46
1494.90	2859.81
1496.46	2859.81
1498.03	2866.09
1499.59	2868.18
1501.15	2873.42
1502.72	2872.37
1504.28	2877.60
1505.84	2873.42
1507.40	2872.37
1508.97	2887.02
1510.53	2885.97
1512.09	2893.30
1513.65	2891.20
1515.21	2879.69
1516.77	2875.51
1518.33	2897.48
1519.89	2889.11
1521.45	2878.65
1523.01	2882.83
1524.57	2896.44
1526.13	2889.11
1527.68	2897.48
1529.24	2900.62
1530.80	2887.02
1532.36	2896.44
1533.92	2896.44
1535.47	2884.93
1537.03	2885.97
1538.59	2889.11
1540.14	2888.06
1541.70	2882.83
1543.25	2905.85
1544.81	2897.48
1546.36	2897.48
1547.92	2877.60
1549.47	2890.16
1551.03	2883.88
1552.58	2880.74
1554.13	2881.79
1555.69	2887.02
1557.24	2875.51
1558.79	2881.79
1560.35	2879.69
1561.90	2895.39
1563.45	2876.55
1565.00	2879.69
1566.55	2880.74
1568.10	2873.42
1569.66	2866.09
1571.21	2881.79
1572.76	2874.46
1574.31	2875.51
1575.86	2873.42
1577.40	2866.09
1578.95	2872.37
1580.50	2874.46
1582.05	2854.58
1583.60	2856.67
1585.15	2855.63
1586.69	2867.14
1588.24	2864.00
1589.79	2875.51
1591.34	2850.39
1592.88	2870.28
1594.43	2846.21
1595.97	2859.81
1597.52	2858.77
1599.06	2869.23
1600.61	2859.81
1602.15	2865.04
1603.70	2847.26
1605.24	2858.77
1606.79	2856.67
1608.33	2840.98
1609.87	2838.88
1611.41	2857.72
1612.96	2852.49
1614.50	2843.07
1616.04	2837.84
1617.58	2840.98
1619.12	2838.88
1620.67	2845.16
1622.21	2820.05
1623.75	2848.30
1625.29	2829.47
1626.83	2832.61
1628.37	2843.07
1629.90	2822.14
1631.44	2814.82
1632.98	2815.86
1634.52	2799.12
1636.06	2804.35
1637.59	2816.91
1639.13	2793.89
1640.67	2792.84
1642.21	2774.01
1643.74	2770.87
1645.28	2754.13
1646.81	2749.94
1648.35	2753.08
1649.88	2731.10
1651.42	2739.48
1652.95	2720.64
1654.49	2737.38
1656.02	2716.45
1657.55	2722.73
1659.09	2697.62
1660.62	2714.36
1662.15	2700.76
1663.68	2712.27
1665.22	2705.99
1666.75	2704.94
1668.28	2679.83
1669.81	2709.13
1671.34	2697.62
1672.87	2700.76
1674.40	2701.81
1675.93	2686.11
1677.46	2672.51
1678.99	2675.65
1680.52	2668.32
1682.04	2685.06
1683.57	2674.60
1685.10	2678.78
1686.63	2666.23
1688.15	2669.37
1689.68	2661.00
1691.21	2672.51
1692.73	2674.60
1694.26	2677.74
1695.78	2670.41
1697.31	2670.41
1698.83	2663.09
1700.36	2670.41
1701.88	2659.95
1703.40	2667.27
1704.93	2663.09
1706.45	2658.90
