896.35	2960.27
897.98	2965.50
899.60	2980.15
901.22	2994.80
902.85	2985.38
904.47	2995.84
906.10	3000.03
907.72	3008.40
909.34	3019.91
910.97	3034.56
912.59	3058.63
914.21	3078.51
915.84	3090.02
917.46	3129.78
919.08	3154.90
920.71	3176.87
922.33	3190.47
923.95	3206.17
925.58	3225.01
927.20	3222.91
928.82	3216.63
930.44	3245.93
932.07	3249.07
933.69	3235.47
935.31	3248.03
936.93	3255.35
938.56	3258.49
940.18	3268.95
941.80	3265.82
943.42	3278.37
945.05	3290.93
946.67	3275.23
948.29	3281.51
949.91	3280.46
951.53	3289.88
953.16	3286.74
954.78	3285.70
956.40	3275.23
958.02	3278.37
959.64	3284.65
961.26	3281.51
962.88	3283.60
964.51	3275.23
966.13	3300.35
967.75	3290.93
969.37	3272.09
970.99	3274.19
972.61	3287.79
974.23	3283.60
975.85	3279.42
977.47	3296.16
979.09	3285.70
980.71	3281.51
982.33	3290.93
983.95	3293.02
985.57	3309.76
987.19	3304.53
988.81	3305.58
990.43	3291.98
992.05	3305.58
993.67	3321.27
995.29	3316.04
996.91	3305.58
998.53	3331.74
1000.15	3333.83
1001.77	3339.06
1003.39	3344.30
1005.01	3338.02
1006.63	3342.20
1008.25	3350.57
1009.86	3359.99
1011.48	3352.67
1013.10	3353.71
1014.72	3367.32
1016.34	3370.46
1017.96	3391.38
1019.58	3369.41
1021.19	3368.36
1022.81	3378.83
1024.43	3398.71
1026.05	3385.10
1027.66	3391.38
1029.28	3392.43
1030.90	3397.66
1032.52	3383.01
1034.13	3399.75
1035.75	3407.08
1037.37	3404.99
1038.98	3417.54
1040.60	3404.99
1042.22	3392.43
1043.83	3412.31
1045.45	3410.22
1047.07	3407.08
1048.68	3413.36
1050.30	3403.94
1051.92	3417.54
1053.53	3418.59
1055.15	3417.54
1056.76	3414.40
1058.38	3408.13
1059.99	3434.29
1061.61	3422.78
1063.22	3402.89
1064.84	3401.85
1066.46	3408.13
1068.07	3398.71
1069.68	3412.31
1071.30	3413.36
1072.91	3408.13
1074.53	3399.75
1076.14	3411.26
1077.76	3393.48
1079.37	3404.99
1080.98	3374.64
1082.60	3384.06
1084.21	3391.38
1085.83	3395.57
1087.44	3398.71
1089.05	3384.06
1090.67	3380.92
1092.28	3380.92
1093.89	3391.38
1095.50	3387.20
1097.12	3381.97
1098.73	3396.62
1100.34	3372.55
1101.95	3396.62
1103.57	3384.06
1105.18	3378.83
1106.79	3359.99
1108.40	3383.01
1110.01	3385.10
1111.63	3388.24
1113.24	3389.29
1114.85	3386.15
1116.46	3381.97
1118.07	3394.52
1119.68	3376.73
1121.29	3394.52
1122.90	3387.20
1124.51	3392.43
1126.12	3388.24
1127.73	3394.52
1129.34	3394.52
1130.95	3396.62
1132.56	3391.38
1134.17	3367.32
1135.78	3368.36
1137.39	3388.24
1139.00	3368.36
1140.61	3374.64
1142.22	3377.78
1143.83	3380.92
1145.44	3381.97
1147.05	3373.59
1148.65	3384.06
1150.26	3373.59
1151.87	3365.22
1153.48	3377.78
1155.09	3383.01
1156.69	3378.83
1158.30	3372.55
1159.91	3376.73
1161.52	3386.15
1163.12	3381.97
1164.73	3368.36
1166.34	3387.20
1167.94	3378.83
1169.55	3380.92
1171.16	3381.97
1172.76	3378.83
1174.37	3385.10
1175.97	3391.38
1177.58	3374.64
1179.19	3385.10
1180.79	3365.22
1182.40	3381.97
1184.00	3368.36
1185.61	3393.48
1187.21	3386.15
1188.82	3385.10
1190.42	3380.92
1192.02	3381.97
1193.63	3363.13
1195.23	3389.29
1196.84	3384.06
1198.44	3379.87
1200.04	3378.83
1201.65	3383.01
1203.25	3370.46
1204.85	3383.01
1206.46	3366.27
1208.06	3366.27
1209.66	3359.99
1211.26	3363.13
1212.87	3379.87
1214.47	3362.08
1216.07	3366.27
1217.67	3369.41
1219.27	3354.76
1220.87	3368.36
1222.48	3362.08
1224.08	3358.94
1225.68	3355.81
1227.28	3356.85
1228.88	3352.67
1230.48	3358.94
1232.08	3343.25
1233.68	3350.57
1235.28	3356.85
1236.88	3343.25
1238.48	3333.83
1240.08	3362.08
1241.68	3331.74
1243.28	3331.74
1244.87	3324.41
1246.47	3321.27
1248.07	3317.09
1249.67	3316.04
1251.27	3321.27
1252.87	3316.04
1254.46	3311.86
1256.06	3303.49
1257.66	3294.07
1259.26	3300.35
1260.85	3304.53
1262.45	3304.53
1264.05	3306.62
1265.64	3303.49
1267.24	3300.35
1268.83	3300.35
1270.43	3296.16
1272.03	3317.09
1273.62	3298.25
1275.22	3278.37
1276.81	3295.11
1278.41	3285.70
1280.00	3291.98
1281.60	3285.70
1283.19	3284.65
1284.79	3286.74
1286.38	3286.74
1287.97	3284.65
1289.57	3275.23
1291.16	3272.09
1292.75	3254.30
1294.35	3274.19
1295.94	3274.19
1297.53	3276.28
1299.12	3257.44
1300.72	3274.19
1302.31	3251.17
1303.90	3274.19
1305.49	3266.86
1307.08	3239.66
1308.68	3231.28
1310.27	3238.61
1311.86	3243.84
1313.45	3237.56
1315.04	3232.33
1316.63	3243.84
1318.22	3226.05
1319.81	3225.01
1321.40	3222.91
1322.99	3229.19
1324.58	3213.50
1326.17	3215.59
1327.75	3203.03
1329.34	3206.17
1330.93	3189.43
1332.52	3190.47
1334.11	3192.57
1335.70	3191.52
1337.28	3180.01
1338.87	3185.24
1340.46	3178.96
1342.05	3175.82
1343.63	3167.45
1345.22	3177.92
1346.81	3183.15
1348.39	3180.01
1349.98	3170.59
1351.56	3159.08
1353.15	3151.76
1354.73	3146.53
1356.32	3132.92
1357.90	3130.83
1359.49	3122.46
1361.07	3116.18
1362.66	3108.86
1364.24	3110.95
1365.82	3114.09
1367.41	3114.09
1368.99	3097.34
1370.57	3086.88
1372.16	3091.07
1373.74	3091.07
1375.32	3085.83
1376.91	3069.09
1378.49	3035.61
1380.07	3022.00
1381.65	3017.82
1383.23	3004.22
1384.81	2993.75
1386.39	2977.01
1387.97	2986.43
1389.55	2984.33
1391.14	2971.78
1392.72	2956.08
1394.29	2949.80
1395.87	2940.38
1397.45	2929.92
1399.03	2924.69
1400.61	2911.09
1402.19	2898.53
1403.77	2902.71
1405.35	2920.50
1406.92	2906.90
1408.50	2897.48
1410.08	2891.20
1411.66	2882.83
1413.23	2884.93
1414.81	2891.20
1416.39	2873.42
1417.96	2883.88
1419.54	2874.46
1421.12	2888.06
1422.69	2882.83
1424.27	2867.14
1425.84	2879.69
1427.42	2869.23
1428.99	2872.37
1430.57	2870.28
1432.14	2871.32
1433.71	2867.14
1435.29	2875.51
1436.86	2872.37
1438.43	2862.95
1440.01	2858.77
1441.58	2741.57
1443.15	2867.14
1444.72	2866.09
1446.30	2861.90
1447.87	2869.23
1449.44	2857.72
1451.01	2846.21
1452.58	2858.77
1454.15	2862.95
1455.72	2858.77
1457.29	2848.30
1458.86	2861.90
1460.43	2847.26
1462.00	2873.42
1463.57	2869.23
1465.14	2867.14
1466.71	2859.81
1468.28	2864.00
1469.85	2866.09
1471.41	2872.37
1472.98	2858.77
1474.55	2866.09
1476.12	2847.26
1477.68	2854.58
1479.25	2875.51
1480.82	2865.04
1482.38	2871.32
1483.95	2856.67
1485.51	2868.18
1487.08	2874.46
1488.64	2872.37
1490.21	2874.46
1491.77	2864.00
1493.34	2882.83
1494.90	2856.67
1496.46	2864.00
1498.03	2872.37
1499.59	2880.74
1501.15	2878.65
1502.72	2873.42
1504.28	2877.60
1505.84	2874.46
1507.40	2878.65
1508.97	2890.16
1510.53	2877.60
1512.09	2882.83
1513.65	2895.39
1515.21	2898.53
1516.77	2879.69
1518.33	2893.30
1519.89	2887.02
1521.45	2881.79
1523.01	2889.11
1524.57	2897.48
1526.13	2888.06
1527.68	2888.06
1529.24	2905.85
1530.80	2904.81
1532.36	2902.71
1533.92	2885.97
1535.47	2881.79
1537.03	2884.93
1538.59	2896.44
1540.14	2889.11
1541.70	2881.79
1543.25	2906.90
1544.81	2893.30
1546.36	2898.53
1547.92	2879.69
1549.47	2894.34
1551.03	2890.16
1552.58	2878.65
1554.13	2880.74
1555.69	2892.25
1557.24	2878.65
1558.79	2885.97
1560.35	2878.65
1561.90	2885.97
1563.45	2872.37
1565.00	2882.83
1566.55	2871.32
1568.10	2878.65
1569.66	2866.09
1571.21	2884.93
1572.76	2892.25
1574.31	2890.16
1575.86	2883.88
1577.40	2865.04
1578.95	2868.18
1580.50	2871.32
1582.05	2858.77
1583.60	2866.09
1585.15	2857.72
1586.69	2866.09
1588.24	2869.23
1589.79	2876.55
1591.34	2852.49
1592.88	2873.42
1594.43	2852.49
1595.97	2868.18
1597.52	2871.32
1599.06	2862.95
1600.61	2853.53
1602.15	2870.28
1603.70	2852.49
1605.24	2860.86
1606.79	2857.72
1608.33	2852.49
1609.87	2853.53
1611.41	2861.90
1612.96	2859.81
1614.50	2849.35
1616.04	2851.44
1617.58	2855.63
1619.12	2844.12
1620.67	2858.77
1622.21	2830.51
1623.75	2846.21
1625.29	2824.23
1626.83	2831.56
1628.37	2851.44
1629.90	2829.47
1631.44	2827.37
1632.98	2827.37
1634.52	2807.49
1636.06	2802.26
1637.59	2815.86
1639.13	2800.17
1640.67	2799.12
1642.21	2786.56
1643.74	2775.05
1645.28	2756.22
1646.81	2756.22
1648.35	2761.45
1649.88	2731.10
1651.42	2739.48
1652.95	2718.55
1654.49	2736.34
1656.02	2711.22
1657.55	2720.64
1659.09	2700.76
1660.62	2718.55
1662.15	2695.53
1663.68	2699.71
1665.22	2690.29
1666.75	2701.81
1668.28	2690.29
1669.81	2709.13
1671.34	2692.39
1672.87	2698.67
1674.40	2705.99
1675.93	2693.43
1677.46	2681.92
1678.99	2674.60
1680.52	2668.32
1682.04	2690.29
1683.57	2681.92
1685.10	2685.06
1686.63	2676.69
1688.15	2677.74
1689.68	2669.37
1691.21	2673.55
1692.73	2663.09
1694.26	2676.69
1695.78	2663.09
1697.31	2668.32
1698.83	2666.23
1700.36	2669.37
1701.88	2662.04
1703.40	2670.41
1704.93	2661.00
1706.45	2664.13
