896.35	2848.30
897.98	2851.44
899.60	2854.58
901.22	2867.14
902.85	2856.67
904.47	2865.04
906.10	2875.51
907.72	2870.28
909.34	2890.16
910.97	2894.34
912.59	2910.04
914.21	2910.04
915.84	2924.69
917.46	2948.76
919.08	2968.64
920.71	2973.87
922.33	2995.84
923.95	2992.70
925.58	3016.77
927.20	3002.12
928.82	3015.73
930.44	3030.38
932.07	3014.68
933.69	2997.94
935.31	3020.96
936.93	3030.38
938.56	3038.75
940.18	3040.84
941.80	3039.79
943.42	3043.98
945.05	3056.54
946.67	3030.38
948.29	3043.98
949.91	3041.89
951.53	3052.35
953.16	3053.40
954.78	3056.54
956.40	3039.79
958.02	3047.12
959.64	3049.21
961.26	3053.40
962.88	3052.35
964.51	3039.79
966.13	3058.63
967.75	3057.58
969.37	3047.12
970.99	3051.30
972.61	3047.12
974.23	3053.40
975.85	3048.16
977.47	3056.54
979.09	3053.40
980.71	3054.44
982.33	3056.54
983.95	3064.91
985.57	3069.09
987.19	3061.77
988.81	3071.18
990.43	3072.23
992.05	3068.05
993.67	3082.70
995.29	3073.28
996.91	3065.95
998.53	3087.93
1000.15	3087.93
1001.77	3080.60
1003.39	3092.11
1005.01	3086.88
1006.63	3088.97
1008.25	3095.25
1009.86	3111.99
1011.48	3104.67
1013.10	3106.76
1014.72	3111.99
1016.34	3117.23
1017.96	3131.88
1019.58	3111.99
1021.19	3113.04
1022.81	3118.27
1024.43	3119.32
1026.05	3113.04
1027.66	3124.55
1029.28	3135.02
1030.90	3123.50
1032.52	3127.69
1034.13	3133.97
1035.75	3142.34
1037.37	3129.78
1038.98	3151.76
1040.60	3139.20
1042.22	3132.92
1043.83	3131.88
1045.45	3133.97
1047.07	3133.97
1048.68	3146.53
1050.30	3133.97
1051.92	3143.39
1053.53	3138.15
1055.15	3148.62
1056.76	3135.02
1058.38	3141.29
1059.99	3145.48
1061.61	3147.57
1063.22	3130.83
1064.84	3149.66
1066.46	3130.83
1068.07	3136.06
1069.68	3142.34
1071.30	3147.57
1072.91	3135.02
1074.53	3132.92
1076.14	3140.25
1077.76	3131.88
1079.37	3131.88
1080.98	3111.99
1082.60	3130.83
1084.21	3139.20
1085.83	3127.69
1087.44	3138.15
1089.05	3119.32
1090.67	3126.64
1092.28	3122.46
1093.89	3135.02
1095.50	3123.50
1097.12	3125.60
1098.73	3125.60
1100.34	3105.72
1101.95	3127.69
1103.57	3125.60
1105.18	3120.37
1106.79	3103.62
1108.40	3122.46
1110.01	3125.60
1111.63	3131.88
1113.24	3129.78
1114.85	3126.64
1116.46	3127.69
1118.07	3128.74
1119.68	3118.27
1121.29	3120.37
1122.90	3117.23
1124.51	3115.13
1126.12	3132.92
1127.73	3136.06
1129.34	3135.02
1130.95	3123.50
1132.56	3135.02
1134.17	3109.90
1135.78	3115.13
1137.39	3124.55
1139.00	3118.27
1140.61	3119.32
1142.22	3121.41
1143.83	3119.32
1145.44	3129.78
1147.05	3122.46
1148.65	3114.09
1150.26	3107.81
1151.87	3105.72
1153.48	3118.27
1155.09	3122.46
1156.69	3119.32
1158.30	3109.90
1159.91	3113.04
1161.52	3131.88
1163.12	3115.13
1164.73	3110.95
1166.34	3120.37
1167.94	3120.37
1169.55	3120.37
1171.16	3123.50
1172.76	3123.50
1174.37	3124.55
1175.97	3127.69
1177.58	3110.95
1179.19	3130.83
1180.79	3111.99
1182.40	3125.60
1184.00	3120.37
1185.61	3127.69
1187.21	3136.06
1188.82	3122.46
1190.42	3124.55
1192.02	3116.18
1193.63	3106.76
1195.23	3113.04
1196.84	3125.60
1198.44	3129.78
1200.04	3126.64
1201.65	3117.23
1203.25	3125.60
1204.85	3137.11
1206.46	3117.23
1208.06	3108.86
1209.66	3109.90
1211.26	3102.58
1212.87	3131.88
1214.47	3111.99
1216.07	3117.23
1217.67	3116.18
1219.27	3108.86
1220.87	3105.72
1222.48	3113.04
1224.08	3109.90
1225.68	3114.09
1227.28	3110.95
1228.88	3104.67
1230.48	3107.81
1232.08	3090.02
1233.68	3109.90
1235.28	3113.04
1236.88	3103.62
1238.48	3101.53
1240.08	3122.46
1241.68	3091.07
1243.28	3084.79
1244.87	3086.88
1246.47	3077.46
1248.07	3081.65
1249.67	3083.74
1251.27	3092.11
1252.87	3075.37
1254.46	3072.23
1256.06	3072.23
1257.66	3084.79
1259.26	3069.09
1260.85	3080.60
1262.45	3063.86
1264.05	3070.14
1265.64	3071.18
1267.24	3076.42
1268.83	3079.56
1270.43	3072.23
1272.03	3086.88
1273.62	3074.32
1275.22	3053.40
1276.81	3063.86
1278.41	3055.49
1280.00	3065.95
1281.60	3059.67
1283.19	3058.63
1284.79	3057.58
1286.38	3057.58
1287.97	3063.86
1289.57	3056.54
1291.16	3058.63
1292.75	3057.58
1294.35	3052.35
1295.94	3041.89
1297.53	3057.58
1299.12	3045.02
1300.72	3057.58
1302.31	3032.47
1303.90	3053.40
1305.49	3053.40
1307.08	3031.42
1308.68	3027.24
1310.27	3036.65
1311.86	3033.51
1313.45	3026.19
1315.04	3033.51
1316.63	3036.65
1318.22	3037.70
1319.81	3019.91
1321.40	3019.91
1322.99	3026.19
1324.58	3018.86
1326.17	3016.77
1327.75	3011.54
1329.34	3017.82
1330.93	3010.49
1332.52	3003.17
1334.11	3007.35
1335.70	3001.08
1337.28	3000.03
1338.87	2997.94
1340.46	2996.89
1342.05	2996.89
1343.63	2995.84
1345.22	2982.24
1346.81	2986.43
1348.39	2988.52
1349.98	2986.43
1351.56	2974.92
1353.15	2970.73
1354.73	2973.87
1356.32	2961.31
1357.90	2960.27
1359.49	2970.73
1361.07	2955.03
1362.66	2961.31
1364.24	2951.90
1365.82	2951.90
1367.41	2950.85
1368.99	2938.29
1370.57	2930.97
1372.16	2934.11
1373.74	2934.11
1375.32	2940.38
1376.91	2925.74
1378.49	2910.04
1380.07	2900.62
1381.65	2897.48
1383.23	2871.32
1384.81	2877.60
1386.39	2874.46
1387.97	2876.55
1389.55	2867.14
1391.14	2862.95
1392.72	2850.39
1394.29	2851.44
1395.87	2851.44
1397.45	2837.84
1399.03	2843.07
1400.61	2827.37
1402.19	2825.28
1403.77	2826.33
1405.35	2831.56
1406.92	2826.33
1408.50	2825.28
1410.08	2823.19
1411.66	2810.63
1413.23	2812.72
1414.81	2822.14
1416.39	2803.31
1417.96	2816.91
1419.54	2812.72
1421.12	2810.63
1422.69	2810.63
1424.27	2795.98
1425.84	2810.63
1427.42	2809.58
1428.99	2802.26
1430.57	2802.26
1432.14	2801.21
1433.71	2797.03
1435.29	2808.54
1436.86	2798.07
1438.43	2802.26
1440.01	2798.07
1441.58	2680.88
1443.15	2801.21
1444.72	2799.12
1446.30	2798.07
1447.87	2804.35
1449.44	2788.66
1451.01	2790.75
1452.58	2801.21
1454.15	2800.17
1455.72	2791.80
1457.29	2785.52
1458.86	2793.89
1460.43	2788.66
1462.00	2807.49
1463.57	2793.89
1465.14	2797.03
1466.71	2785.52
1468.28	2791.80
1469.85	2802.26
1471.41	2806.45
1472.98	2801.21
1474.55	2806.45
1476.12	2797.03
1477.68	2797.03
1479.25	2810.63
1480.82	2798.07
1482.38	2806.45
1483.95	2795.98
1485.51	2809.58
1487.08	2814.82
1488.64	2798.07
1490.21	2807.49
1491.77	2804.35
1493.34	2817.96
1494.90	2803.31
1496.46	2804.35
1498.03	2808.54
1499.59	2811.68
1501.15	2803.31
1502.72	2807.49
1504.28	2807.49
1505.84	2804.35
1507.40	2800.17
1508.97	2808.54
1510.53	2806.45
1512.09	2822.14
1513.65	2826.33
1515.21	2817.96
1516.77	2803.31
1518.33	2819.00
1519.89	2815.86
1521.45	2813.77
1523.01	2817.96
1524.57	2820.05
1526.13	2813.77
1527.68	2814.82
1529.24	2825.28
1530.80	2822.14
1532.36	2830.51
1533.92	2813.77
1535.47	2808.54
1537.03	2810.63
1538.59	2821.10
1540.14	2815.86
1541.70	2807.49
1543.25	2820.05
1544.81	2815.86
1546.36	2820.05
1547.92	2817.96
1549.47	2824.23
1551.03	2820.05
1552.58	2806.45
1554.13	2815.86
1555.69	2816.91
1557.24	2804.35
1558.79	2811.68
1560.35	2807.49
1561.90	2815.86
1563.45	2802.26
1565.00	2804.35
1566.55	2801.21
1568.10	2798.07
1569.66	2798.07
1571.21	2815.86
1572.76	2812.72
1574.31	2810.63
1575.86	2808.54
1577.40	2797.03
1578.95	2803.31
1580.50	2798.07
1582.05	2790.75
1583.60	2783.42
1585.15	2776.10
1586.69	2801.21
1588.24	2802.26
1589.79	2794.94
1591.34	2782.38
1592.88	2799.12
1594.43	2779.24
1595.97	2792.84
1597.52	2790.75
1599.06	2785.52
1600.61	2786.56
1602.15	2798.07
1603.70	2790.75
1605.24	2787.61
1606.79	2783.42
1608.33	2768.78
1609.87	2770.87
1611.41	2784.47
1612.96	2783.42
1614.50	2768.78
1616.04	2769.82
1617.58	2776.10
1619.12	2767.73
1620.67	2789.70
1622.21	2765.64
1623.75	2771.91
1625.29	2758.31
1626.83	2758.31
1628.37	2775.05
1629.90	2753.08
1631.44	2754.13
1632.98	2761.45
1634.52	2740.52
1636.06	2745.75
1637.59	2760.40
1639.13	2744.71
1640.67	2747.85
1642.21	2736.34
1643.74	2729.01
1645.28	2710.18
1646.81	2713.32
1648.35	2721.69
1649.88	2701.81
1651.42	2712.27
1652.95	2685.06
1654.49	2712.27
1656.02	2692.39
1657.55	2695.53
1659.09	2682.97
1660.62	2698.67
1662.15	2685.06
1663.68	2687.16
1665.22	2680.88
1666.75	2679.83
1668.28	2673.55
1669.81	2687.16
1671.34	2677.74
1672.87	2677.74
1674.40	2672.51
1675.93	2669.37
1677.46	2663.09
1678.99	2663.09
1680.52	2662.04
1682.04	2667.27
1683.57	2663.09
1685.10	2661.00
1686.63	2655.76
1688.15	2665.18
1689.68	2651.58
1691.21	2651.58
1692.73	2651.58
1694.26	2665.18
1695.78	2652.62
1697.31	2656.81
1698.83	2650.53
1700.36	2653.67
1701.88	2645.30
1703.40	2651.58
1704.93	2643.21
1706.45	2646.35
