896.35	2962.36
897.98	2971.78
899.60	2974.92
901.22	2990.61
902.85	2987.47
904.47	3002.12
906.10	3001.08
907.72	3000.03
909.34	3023.05
910.97	3035.61
912.59	3053.40
914.21	3080.60
915.84	3094.21
917.46	3135.02
919.08	3158.04
920.71	3172.69
922.33	3196.75
923.95	3205.12
925.58	3223.96
927.20	3216.63
928.82	3227.10
930.44	3248.03
932.07	3240.70
933.69	3221.87
935.31	3241.75
936.93	3248.03
938.56	3256.40
940.18	3268.95
941.80	3265.82
943.42	3272.09
945.05	3288.84
946.67	3277.33
948.29	3280.46
949.91	3268.95
951.53	3277.33
953.16	3288.84
954.78	3295.11
956.40	3279.42
958.02	3277.33
959.64	3278.37
961.26	3275.23
962.88	3278.37
964.51	3265.82
966.13	3291.98
967.75	3293.02
969.37	3277.33
970.99	3278.37
972.61	3273.14
974.23	3282.56
975.85	3286.74
977.47	3293.02
979.09	3290.93
980.71	3277.33
982.33	3289.88
983.95	3296.16
985.57	3310.81
987.19	3291.98
988.81	3304.53
990.43	3296.16
992.05	3306.62
993.67	3320.23
995.29	3309.76
996.91	3302.44
998.53	3329.65
1000.15	3329.65
1001.77	3331.74
1003.39	3335.92
1005.01	3335.92
1006.63	3342.20
1008.25	3350.57
1009.86	3353.71
1011.48	3348.48
1013.10	3357.90
1014.72	3379.87
1016.34	3371.50
1017.96	3381.97
1019.58	3365.22
1021.19	3375.69
1022.81	3373.59
1024.43	3390.34
1026.05	3377.78
1027.66	3387.20
1029.28	3389.29
1030.90	3393.48
1032.52	3378.83
1034.13	3397.66
1035.75	3415.45
1037.37	3404.99
1038.98	3415.45
1040.60	3401.85
1042.22	3391.38
1043.83	3403.94
1045.45	3407.08
1047.07	3413.36
1048.68	3410.22
1050.30	3399.75
1051.92	3408.13
1053.53	3418.59
1055.15	3419.64
1056.76	3407.08
1058.38	3404.99
1059.99	3419.64
1061.61	3407.08
1063.22	3410.22
1064.84	3407.08
1066.46	3407.08
1068.07	3395.57
1069.68	3407.08
1071.30	3414.40
1072.91	3411.26
1074.53	3400.80
1076.14	3415.45
1077.76	3400.80
1079.37	3407.08
1080.98	3376.73
1082.60	3390.34
1084.21	3394.52
1085.83	3389.29
1087.44	3392.43
1089.05	3376.73
1090.67	3376.73
1092.28	3384.06
1093.89	3392.43
1095.50	3387.20
1097.12	3386.15
1098.73	3395.57
1100.34	3366.27
1101.95	3378.83
1103.57	3376.73
1105.18	3371.50
1106.79	3365.22
1108.40	3381.97
1110.01	3379.87
1111.63	3379.87
1113.24	3380.92
1114.85	3385.10
1116.46	3377.78
1118.07	3386.15
1119.68	3371.50
1121.29	3385.10
1122.90	3372.55
1124.51	3376.73
1126.12	3381.97
1127.73	3389.29
1129.34	3388.24
1130.95	3388.24
1132.56	3388.24
1134.17	3367.32
1135.78	3373.59
1137.39	3392.43
1139.00	3371.50
1140.61	3375.69
1142.22	3384.06
1143.83	3377.78
1145.44	3372.55
1147.05	3378.83
1148.65	3384.06
1150.26	3370.46
1151.87	3351.62
1153.48	3366.27
1155.09	3377.78
1156.69	3379.87
1158.30	3371.50
1159.91	3371.50
1161.52	3380.92
1163.12	3380.92
1164.73	3370.46
1166.34	3384.06
1167.94	3378.83
1169.55	3384.06
1171.16	3385.10
1172.76	3381.97
1174.37	3371.50
1175.97	3389.29
1177.58	3367.32
1179.19	3389.29
1180.79	3371.50
1182.40	3376.73
1184.00	3369.41
1185.61	3389.29
1187.21	3390.34
1188.82	3381.97
1190.42	3384.06
1192.02	3385.10
1193.63	3364.18
1195.23	3376.73
1196.84	3370.46
1198.44	3376.73
1200.04	3386.15
1201.65	3379.87
1203.25	3377.78
1204.85	3378.83
1206.46	3354.76
1208.06	3373.59
1209.66	3365.22
1211.26	3358.94
1212.87	3371.50
1214.47	3367.32
1216.07	3359.99
1217.67	3366.27
1219.27	3354.76
1220.87	3367.32
1222.48	3358.94
1224.08	3357.90
1225.68	3369.41
1227.28	3359.99
1228.88	3342.20
1230.48	3349.53
1232.08	3335.92
1233.68	3348.48
1235.28	3356.85
1236.88	3348.48
1238.48	3336.97
1240.08	3365.22
1241.68	3333.83
1243.28	3344.30
1244.87	3332.78
1246.47	3316.04
1248.07	3312.90
1249.67	3315.00
1251.27	3326.51
1252.87	3308.72
1254.46	3298.25
1256.06	3304.53
1257.66	3307.67
1259.26	3300.35
1260.85	3310.81
1262.45	3303.49
1264.05	3302.44
1265.64	3298.25
1267.24	3302.44
1268.83	3310.81
1270.43	3293.02
1272.03	3313.95
1273.62	3294.07
1275.22	3283.60
1276.81	3297.21
1278.41	3285.70
1280.00	3285.70
1281.60	3277.33
1283.19	3274.19
1284.79	3283.60
1286.38	3282.56
1287.97	3285.70
1289.57	3271.05
1291.16	3273.14
1292.75	3257.44
1294.35	3274.19
1295.94	3260.58
1297.53	3276.28
1299.12	3262.68
1300.72	3275.23
1302.31	3238.61
1303.90	3264.77
1305.49	3273.14
1307.08	3252.21
1308.68	3238.61
1310.27	3248.03
1311.86	3245.93
1313.45	3233.38
1315.04	3239.66
1316.63	3235.47
1318.22	3228.14
1319.81	3222.91
1321.40	3230.24
1322.99	3234.42
1324.58	3209.31
1326.17	3212.45
1327.75	3197.80
1329.34	3207.22
1330.93	3199.89
1332.52	3193.61
1334.11	3189.43
1335.70	3192.57
1337.28	3181.06
1338.87	3184.20
1340.46	3184.20
1342.05	3174.78
1343.63	3173.73
1345.22	3167.45
1346.81	3174.78
1348.39	3164.31
1349.98	3163.27
1351.56	3152.80
1353.15	3152.80
1354.73	3150.71
1356.32	3133.97
1357.90	3123.50
1359.49	3121.41
1361.07	3106.76
1362.66	3101.53
1364.24	3106.76
1365.82	3117.23
1367.41	3113.04
1368.99	3093.16
1370.57	3084.79
1372.16	3087.93
1373.74	3084.79
1375.32	3083.74
1376.91	3073.28
1378.49	3047.12
1380.07	3013.63
1381.65	3002.12
1383.23	2990.61
1384.81	2989.57
1386.39	2973.87
1387.97	2977.01
1389.55	2971.78
1391.14	2964.45
1392.72	2953.99
1394.29	2949.80
1395.87	2942.48
1397.45	2932.01
1399.03	2923.64
1400.61	2916.32
1402.19	2903.76
1403.77	2893.30
1405.35	2911.09
1406.92	2887.02
1408.50	2892.25
1410.08	2887.02
1411.66	2880.74
1413.23	2878.65
1414.81	2885.97
1416.39	2865.04
1417.96	2882.83
1419.54	2873.42
1421.12	2880.74
1422.69	2881.79
1424.27	2867.14
1425.84	2876.55
1427.42	2866.09
1428.99	2866.09
1430.57	2865.04
1432.14	2861.90
1433.71	2864.00
1435.29	2871.32
1436.86	2867.14
1438.43	2857.72
1440.01	2851.44
1441.58	2735.29
1443.15	2858.77
1444.72	2867.14
1446.30	2859.81
1447.87	2858.77
1449.44	2846.21
1451.01	2842.02
1452.58	2859.81
1454.15	2856.67
1455.72	2855.63
1457.29	2854.58
1458.86	2855.63
1460.43	2839.93
1462.00	2867.14
1463.57	2854.58
1465.14	2860.86
1466.71	2851.44
1468.28	2864.00
1469.85	2859.81
1471.41	2864.00
1472.98	2862.95
1474.55	2866.09
1476.12	2856.67
1477.68	2857.72
1479.25	2866.09
1480.82	2862.95
1482.38	2872.37
1483.95	2861.90
1485.51	2872.37
1487.08	2873.42
1488.64	2861.90
1490.21	2872.37
1491.77	2850.39
1493.34	2873.42
1494.90	2861.90
1496.46	2871.32
1498.03	2870.28
1499.59	2872.37
1501.15	2873.42
1502.72	2879.69
1504.28	2881.79
1505.84	2876.55
1507.40	2866.09
1508.97	2879.69
1510.53	2877.60
1512.09	2884.93
1513.65	2890.16
1515.21	2885.97
1516.77	2872.37
1518.33	2896.44
1519.89	2895.39
1521.45	2888.06
1523.01	2879.69
1524.57	2891.20
1526.13	2880.74
1527.68	2894.34
1529.24	2910.04
1530.80	2895.39
1532.36	2897.48
1533.92	2893.30
1535.47	2878.65
1537.03	2883.88
1538.59	2893.30
1540.14	2877.60
1541.70	2878.65
1543.25	2910.04
1544.81	2894.34
1546.36	2897.48
1547.92	2878.65
1549.47	2887.02
1551.03	2892.25
1552.58	2884.93
1554.13	2882.83
1555.69	2897.48
1557.24	2888.06
1558.79	2883.88
1560.35	2879.69
1561.90	2883.88
1563.45	2871.32
1565.00	2878.65
1566.55	2876.55
1568.10	2880.74
1569.66	2869.23
1571.21	2881.79
1572.76	2879.69
1574.31	2880.74
1575.86	2882.83
1577.40	2869.23
1578.95	2869.23
1580.50	2867.14
1582.05	2859.81
1583.60	2862.95
1585.15	2855.63
1586.69	2865.04
1588.24	2865.04
1589.79	2868.18
1591.34	2847.26
1592.88	2876.55
1594.43	2851.44
1595.97	2861.90
1597.52	2864.00
1599.06	2859.81
1600.61	2858.77
1602.15	2872.37
1603.70	2859.81
1605.24	2855.63
1606.79	2858.77
1608.33	2849.35
1609.87	2838.88
1611.41	2846.21
1612.96	2850.39
1614.50	2844.12
1616.04	2846.21
1617.58	2852.49
1619.12	2842.02
1620.67	2848.30
1622.21	2817.96
1623.75	2851.44
1625.29	2828.42
1626.83	2833.65
1628.37	2853.53
1629.90	2822.14
1631.44	2817.96
1632.98	2814.82
1634.52	2800.17
1636.06	2801.21
1637.59	2816.91
1639.13	2798.07
1640.67	2797.03
1642.21	2785.52
1643.74	2780.29
1645.28	2760.40
1646.81	2747.85
1648.35	2749.94
1649.88	2722.73
1651.42	2744.71
1652.95	2723.78
1654.49	2742.62
1656.02	2716.45
1657.55	2718.55
1659.09	2701.81
1660.62	2715.41
1662.15	2702.85
1663.68	2710.18
1665.22	2704.94
1666.75	2691.34
1668.28	2690.29
1669.81	2702.85
1671.34	2692.39
1672.87	2696.57
1674.40	2702.85
1675.93	2689.25
1677.46	2676.69
1678.99	2675.65
1680.52	2672.51
1682.04	2686.11
1683.57	2672.51
1685.10	2687.16
1686.63	2677.74
1688.15	2677.74
1689.68	2661.00
1691.21	2665.18
1692.73	2672.51
1694.26	2671.46
1695.78	2669.37
1697.31	2667.27
1698.83	2665.18
1700.36	2670.41
1701.88	2663.09
1703.40	2676.69
1704.93	2661.00
1706.45	2658.90
