896.35	2891.20
897.98	2891.20
899.60	2903.76
901.22	2927.83
902.85	2920.50
904.47	2929.92
906.10	2929.92
907.72	2927.83
909.34	2943.52
910.97	2953.99
912.59	2980.15
914.21	2985.38
915.84	3007.35
917.46	3031.42
919.08	3056.54
920.71	3059.67
922.33	3084.79
923.95	3086.88
925.58	3116.18
927.20	3099.44
928.82	3115.13
930.44	3125.60
932.07	3120.37
933.69	3114.09
935.31	3120.37
936.93	3130.83
938.56	3138.15
940.18	3149.66
941.80	3145.48
943.42	3141.29
945.05	3159.08
946.67	3152.80
948.29	3155.94
949.91	3144.43
951.53	3163.27
953.16	3169.55
954.78	3167.45
956.40	3155.94
958.02	3164.31
959.64	3159.08
961.26	3164.31
962.88	3159.08
964.51	3145.48
966.13	3162.22
967.75	3161.18
969.37	3155.94
970.99	3153.85
972.61	3155.94
974.23	3164.31
975.85	3155.94
977.47	3161.18
979.09	3159.08
980.71	3156.99
982.33	3159.08
983.95	3174.78
985.57	3178.96
987.19	3170.59
988.81	3178.96
990.43	3177.92
992.05	3169.55
993.67	3181.06
995.29	3180.01
996.91	3187.34
998.53	3203.03
1000.15	3203.03
1001.77	3200.94
1003.39	3211.40
1005.01	3207.22
1006.63	3212.45
1008.25	3212.45
1009.86	3225.01
1011.48	3215.59
1013.10	3220.82
1014.72	3214.54
1016.34	3232.33
1017.96	3260.58
1019.58	3233.38
1021.19	3236.52
1022.81	3241.75
1024.43	3251.17
1026.05	3243.84
1027.66	3258.49
1029.28	3253.26
1030.90	3257.44
1032.52	3239.66
1034.13	3255.35
1035.75	3261.63
1037.37	3259.54
1038.98	3265.82
1040.60	3262.68
1042.22	3254.30
1043.83	3258.49
1045.45	3262.68
1047.07	3271.05
1048.68	3275.23
1050.30	3250.12
1051.92	3267.91
1053.53	3270.00
1055.15	3266.86
1056.76	3263.72
1058.38	3268.95
1059.99	3273.14
1061.61	3281.51
1063.22	3270.00
1064.84	3270.00
1066.46	3259.54
1068.07	3262.68
1069.68	3262.68
1071.30	3275.23
1072.91	3257.44
1074.53	3256.40
1076.14	3275.23
1077.76	3259.54
1079.37	3264.77
1080.98	3234.42
1082.60	3250.12
1084.21	3260.58
1085.83	3252.21
1087.44	3260.58
1089.05	3251.17
1090.67	3244.89
1092.28	3248.03
1093.89	3256.40
1095.50	3260.58
1097.12	3249.07
1098.73	3256.40
1100.34	3232.33
1101.95	3251.17
1103.57	3250.12
1105.18	3231.28
1106.79	3232.33
1108.40	3243.84
1110.01	3241.75
1111.63	3243.84
1113.24	3249.07
1114.85	3241.75
1116.46	3245.93
1118.07	3254.30
1119.68	3242.79
1121.29	3253.26
1122.90	3244.89
1124.51	3250.12
1126.12	3256.40
1127.73	3258.49
1129.34	3262.68
1130.95	3266.86
1132.56	3261.63
1134.17	3231.28
1135.78	3237.56
1137.39	3245.93
1139.00	3236.52
1140.61	3245.93
1142.22	3243.84
1143.83	3236.52
1145.44	3238.61
1147.05	3241.75
1148.65	3239.66
1150.26	3235.47
1151.87	3234.42
1153.48	3240.70
1155.09	3235.47
1156.69	3238.61
1158.30	3218.73
1159.91	3229.19
1161.52	3243.84
1163.12	3238.61
1164.73	3238.61
1166.34	3250.12
1167.94	3236.52
1169.55	3239.66
1171.16	3240.70
1172.76	3245.93
1174.37	3251.17
1175.97	3251.17
1177.58	3235.47
1179.19	3250.12
1180.79	3245.93
1182.40	3248.03
1184.00	3244.89
1185.61	3252.21
1187.21	3249.07
1188.82	3246.98
1190.42	3248.03
1192.02	3240.70
1193.63	3236.52
1195.23	3254.30
1196.84	3257.44
1198.44	3250.12
1200.04	3248.03
1201.65	3249.07
1203.25	3243.84
1204.85	3243.84
1206.46	3227.10
1208.06	3236.52
1209.66	3234.42
1211.26	3225.01
1212.87	3253.26
1214.47	3228.14
1216.07	3233.38
1217.67	3238.61
1219.27	3239.66
1220.87	3232.33
1222.48	3235.47
1224.08	3230.24
1225.68	3237.56
1227.28	3243.84
1228.88	3231.28
1230.48	3236.52
1232.08	3214.54
1233.68	3227.10
1235.28	3232.33
1236.88	3220.82
1238.48	3215.59
1240.08	3240.70
1241.68	3214.54
1243.28	3211.40
1244.87	3210.36
1246.47	3201.98
1248.07	3199.89
1249.67	3201.98
1251.27	3211.40
1252.87	3196.75
1254.46	3189.43
1256.06	3192.57
1257.66	3194.66
1259.26	3185.24
1260.85	3200.94
1262.45	3192.57
1264.05	3199.89
1265.64	3186.29
1267.24	3182.10
1268.83	3185.24
1270.43	3186.29
1272.03	3198.85
1273.62	3181.06
1275.22	3171.64
1276.81	3183.15
1278.41	3182.10
1280.00	3190.47
1281.60	3184.20
1283.19	3177.92
1284.79	3175.82
1286.38	3172.69
1287.97	3180.01
1289.57	3166.41
1291.16	3167.45
1292.75	3152.80
1294.35	3168.50
1295.94	3164.31
1297.53	3168.50
1299.12	3155.94
1300.72	3169.55
1302.31	3140.25
1303.90	3164.31
1305.49	3165.36
1307.08	3139.20
1308.68	3136.06
1310.27	3138.15
1311.86	3133.97
1313.45	3136.06
1315.04	3136.06
1316.63	3141.29
1318.22	3140.25
1319.81	3133.97
1321.40	3124.55
1322.99	3126.64
1324.58	3105.72
1326.17	3110.95
1327.75	3115.13
1329.34	3116.18
1330.93	3108.86
1332.52	3099.44
1334.11	3094.21
1335.70	3101.53
1337.28	3094.21
1338.87	3099.44
1340.46	3100.48
1342.05	3080.60
1343.63	3077.46
1345.22	3077.46
1346.81	3084.79
1348.39	3076.42
1349.98	3076.42
1351.56	3063.86
1353.15	3060.72
1354.73	3055.49
1356.32	3043.98
1357.90	3049.21
1359.49	3056.54
1361.07	3032.47
1362.66	3020.96
1364.24	3029.33
1365.82	3037.70
1367.41	3037.70
1368.99	3011.54
1370.57	3007.35
1372.16	3014.68
1373.74	3010.49
1375.32	3013.63
1376.91	3008.40
1378.49	2980.15
1380.07	2951.90
1381.65	2947.71
1383.23	2933.06
1384.81	2933.06
1386.39	2927.83
1387.97	2933.06
1389.55	2919.46
1391.14	2907.95
1392.72	2894.34
1394.29	2891.20
1395.87	2887.02
1397.45	2873.42
1399.03	2878.65
1400.61	2868.18
1402.19	2852.49
1403.77	2839.93
1405.35	2865.04
1406.92	2857.72
1408.50	2847.26
1410.08	2838.88
1411.66	2835.74
1413.23	2835.74
1414.81	2839.93
1416.39	2826.33
1417.96	2828.42
1419.54	2829.47
1421.12	2836.79
1422.69	2838.88
1424.27	2813.77
1425.84	2828.42
1427.42	2817.96
1428.99	2819.00
1430.57	2823.19
1432.14	2816.91
1433.71	2814.82
1435.29	2828.42
1436.86	2825.28
1438.43	2816.91
1440.01	2806.45
1441.58	2689.25
1443.15	2820.05
1444.72	2824.23
1446.30	2814.82
1447.87	2815.86
1449.44	2805.40
1451.01	2797.03
1452.58	2815.86
1454.15	2813.77
1455.72	2808.54
1457.29	2813.77
1458.86	2811.68
1460.43	2809.58
1462.00	2830.51
1463.57	2810.63
1465.14	2813.77
1466.71	2806.45
1468.28	2814.82
1469.85	2814.82
1471.41	2821.10
1472.98	2815.86
1474.55	2824.23
1476.12	2806.45
1477.68	2806.45
1479.25	2822.14
1480.82	2821.10
1482.38	2831.56
1483.95	2816.91
1485.51	2830.51
1487.08	2837.84
1488.64	2826.33
1490.21	2830.51
1491.77	2821.10
1493.34	2835.74
1494.90	2829.47
1496.46	2827.37
1498.03	2839.93
1499.59	2829.47
1501.15	2823.19
1502.72	2830.51
1504.28	2829.47
1505.84	2830.51
1507.40	2825.28
1508.97	2850.39
1510.53	2835.74
1512.09	2852.49
1513.65	2849.35
1515.21	2856.67
1516.77	2835.74
1518.33	2858.77
1519.89	2840.98
1521.45	2846.21
1523.01	2851.44
1524.57	2847.26
1526.13	2844.12
1527.68	2851.44
1529.24	2862.95
1530.80	2853.53
1532.36	2852.49
1533.92	2852.49
1535.47	2840.98
1537.03	2849.35
1538.59	2853.53
1540.14	2849.35
1541.70	2840.98
1543.25	2860.86
1544.81	2846.21
1546.36	2853.53
1547.92	2846.21
1549.47	2855.63
1551.03	2848.30
1552.58	2838.88
1554.13	2842.02
1555.69	2844.12
1557.24	2842.02
1558.79	2845.16
1560.35	2840.98
1561.90	2854.58
1563.45	2843.07
1565.00	2840.98
1566.55	2827.37
1568.10	2833.65
1569.66	2831.56
1571.21	2855.63
1572.76	2844.12
1574.31	2845.16
1575.86	2836.79
1577.40	2836.79
1578.95	2836.79
1580.50	2837.84
1582.05	2825.28
1583.60	2819.00
1585.15	2816.91
1586.69	2829.47
1588.24	2837.84
1589.79	2845.16
1591.34	2821.10
1592.88	2840.98
1594.43	2817.96
1595.97	2825.28
1597.52	2822.14
1599.06	2824.23
1600.61	2817.96
1602.15	2832.61
1603.70	2825.28
1605.24	2829.47
1606.79	2823.19
1608.33	2815.86
1609.87	2813.77
1611.41	2824.23
1612.96	2822.14
1614.50	2810.63
1616.04	2807.49
1617.58	2821.10
1619.12	2814.82
1620.67	2821.10
1622.21	2789.70
1623.75	2814.82
1625.29	2795.98
1626.83	2789.70
1628.37	2812.72
1629.90	2792.84
1631.44	2789.70
1632.98	2799.12
1634.52	2767.73
1636.06	2774.01
1637.59	2779.24
1639.13	2775.05
1640.67	2774.01
1642.21	2765.64
1643.74	2754.13
1645.28	2730.06
1646.81	2725.87
1648.35	2738.43
1649.88	2709.13
1651.42	2722.73
1652.95	2704.94
1654.49	2729.01
1656.02	2710.18
1657.55	2712.27
1659.09	2688.20
1660.62	2711.22
1662.15	2687.16
1663.68	2698.67
1665.22	2673.55
1666.75	2687.16
1668.28	2681.92
1669.81	2700.76
1671.34	2684.02
1672.87	2686.11
1674.40	2690.29
1675.93	2674.60
1677.46	2658.90
1678.99	2668.32
1680.52	2666.23
1682.04	2675.65
1683.57	2668.32
1685.10	2663.09
1686.63	2658.90
1688.15	2671.46
1689.68	2665.18
1691.21	2662.04
1692.73	2664.13
1694.26	2672.51
1695.78	2666.23
1697.31	2663.09
1698.83	2657.86
1700.36	2647.39
1701.88	2643.21
1703.40	2662.04
1704.93	2645.30
1706.45	2648.44
