896.35	3364.18
897.98	3391.38
899.60	3388.24
901.22	3417.54
902.85	3404.99
904.47	3439.52
906.10	3430.10
907.72	3458.35
909.34	3468.82
910.97	3520.09
912.59	3548.34
914.21	3625.78
915.84	3663.45
917.46	3750.30
919.08	3770.18
920.71	3835.06
922.33	3857.03
923.95	3899.93
925.58	3912.49
927.20	3943.88
928.82	3937.60
930.44	3996.20
932.07	3971.09
933.69	4006.67
935.31	3999.34
936.93	4027.59
938.56	4022.36
940.18	4063.17
941.80	4042.24
943.42	4076.78
945.05	4069.45
946.67	4088.29
948.29	4061.08
949.91	4086.19
951.53	4073.64
953.16	4111.31
954.78	4085.15
956.40	4097.70
958.02	4079.91
959.64	4108.17
961.26	4082.01
962.88	4101.89
964.51	4068.40
966.13	4108.17
967.75	4084.10
969.37	4098.75
970.99	4092.47
972.61	4112.35
974.23	4094.56
975.85	4102.94
977.47	4092.47
979.09	4117.58
980.71	4093.52
982.33	4119.68
983.95	4094.56
985.57	4135.37
987.19	4105.03
988.81	4142.70
990.43	4123.86
992.05	4153.16
993.67	4135.37
995.29	4169.90
996.91	4146.88
998.53	4198.16
1000.15	4180.37
1001.77	4211.76
1003.39	4195.02
1005.01	4226.41
1006.63	4216.99
1008.25	4242.11
1009.86	4226.41
1011.48	4263.03
1013.10	4245.25
1014.72	4276.64
1016.34	4253.62
1017.96	4301.75
1019.58	4270.36
1021.19	4293.38
1022.81	4281.87
1024.43	4320.59
1026.05	4306.98
1027.66	4338.38
1029.28	4312.22
1030.90	4348.84
1032.52	4316.40
1034.13	4355.12
1035.75	4341.51
1037.37	4369.77
1038.98	4356.16
1040.60	4376.05
1042.22	4331.05
1043.83	4362.44
1045.45	4354.07
1047.07	4384.42
1048.68	4358.26
1050.30	4375.00
1051.92	4370.81
1053.53	4383.37
1055.15	4359.30
1056.76	4378.14
1058.38	4349.89
1059.99	4389.65
1061.61	4353.02
1063.22	4378.14
1064.84	4354.07
1066.46	4373.95
1068.07	4349.89
1069.68	4373.95
1071.30	4360.35
1072.91	4363.49
1074.53	4334.19
1076.14	4358.26
1077.76	4324.77
1079.37	4362.44
1080.98	4305.94
1082.60	4333.14
1084.21	4316.40
1085.83	4333.14
1087.44	4318.49
1089.05	4323.73
1090.67	4295.47
1092.28	4316.40
1093.89	4308.03
1095.50	4322.68
1097.12	4286.06
1098.73	4316.40
1100.34	4283.96
1101.95	4324.77
1103.57	4296.52
1105.18	4305.94
1106.79	4270.36
1108.40	4306.98
1110.01	4277.68
1111.63	4310.12
1113.24	4299.66
1114.85	4323.73
1116.46	4295.47
1118.07	4330.00
1119.68	4297.57
1121.29	4324.77
1122.90	4298.61
1124.51	4321.63
1126.12	4312.22
1127.73	4350.93
1129.34	4326.86
1130.95	4358.26
1132.56	4336.28
1134.17	4340.47
1135.78	4335.24
1137.39	4366.63
1139.00	4339.42
1140.61	4372.91
1142.22	4354.07
1143.83	4378.14
1145.44	4354.07
1147.05	4379.18
1148.65	4358.26
1150.26	4386.51
1151.87	4368.72
1153.48	4387.56
1155.09	4377.09
1156.69	4405.34
1158.30	4375.00
1159.91	4409.53
1161.52	4393.83
1163.12	4409.53
1164.73	4395.93
1166.34	4431.50
1167.94	4412.67
1169.55	4439.88
1171.16	4423.13
1172.76	4439.88
1174.37	4416.86
1175.97	4449.29
1177.58	4411.62
1179.19	4448.25
1180.79	4410.58
1182.40	4445.11
1184.00	4419.99
1185.61	4461.85
1187.21	4432.55
1188.82	4452.43
1190.42	4419.99
1192.02	4438.83
1193.63	4407.44
1195.23	4444.06
1196.84	4426.27
1198.44	4446.15
1200.04	4435.69
1201.65	4458.71
1203.25	4423.13
1204.85	4438.83
1206.46	4399.07
1208.06	4423.13
1209.66	4406.39
1211.26	4426.27
1212.87	4414.76
1214.47	4418.95
1216.07	4385.46
1217.67	4422.09
1219.27	4393.83
1220.87	4410.58
1222.48	4387.56
1224.08	4414.76
1225.68	4383.37
1227.28	4393.83
1228.88	4360.35
1230.48	4385.46
1232.08	4341.51
1233.68	4377.09
1235.28	4343.61
1236.88	4343.61
1238.48	4308.03
1240.08	4354.07
1241.68	4301.75
1243.28	4333.14
1244.87	4295.47
1246.47	4300.70
1248.07	4258.85
1249.67	4294.43
1251.27	4280.82
1252.87	4277.68
1254.46	4253.62
1256.06	4268.27
1257.66	4233.74
1259.26	4242.11
1260.85	4241.06
1262.45	4248.38
1264.05	4225.36
1265.64	4234.78
1267.24	4206.53
1268.83	4234.78
1270.43	4212.81
1272.03	4249.43
1273.62	4205.48
1275.22	4209.67
1276.81	4211.76
1278.41	4211.76
1280.00	4209.67
1281.60	4225.36
1283.19	4201.30
1284.79	4209.67
1286.38	4181.42
1287.97	4204.44
1289.57	4169.90
1291.16	4193.97
1292.75	4153.16
1294.35	4183.51
1295.94	4163.63
1297.53	4185.60
1299.12	4147.93
1300.72	4177.23
1302.31	4129.10
1303.90	4167.81
1305.49	4140.61
1307.08	4157.35
1308.68	4121.77
1310.27	4146.88
1311.86	4127.00
1313.45	4134.33
1315.04	4119.68
1316.63	4146.88
1318.22	4118.63
1319.81	4125.96
1321.40	4110.26
1322.99	4131.19
1324.58	4091.42
1326.17	4116.54
1327.75	4105.03
1329.34	4124.91
1330.93	4094.56
1332.52	4118.63
1334.11	4098.75
1335.70	4113.40
1337.28	4078.87
1338.87	4103.98
1340.46	4085.15
1342.05	4091.42
1343.63	4062.13
1345.22	4076.78
1346.81	4069.45
1348.39	4075.73
1349.98	4049.57
1351.56	4048.52
1353.15	4015.04
1354.73	4011.90
1356.32	3989.92
1357.90	4004.57
1359.49	3987.83
1361.07	3960.62
1362.66	3936.56
1364.24	3956.44
1365.82	3951.21
1367.41	3956.44
1368.99	3917.72
1370.57	3934.46
1372.16	3932.37
1373.74	3954.35
1375.32	3909.35
1376.91	3897.84
1378.49	3840.29
1380.07	3794.25
1381.65	3754.48
1383.23	3751.34
1384.81	3768.09
1386.39	3785.88
1387.97	3781.69
1389.55	3812.04
1391.14	3805.76
1392.72	3793.20
1394.29	3791.11
1395.87	3780.64
1397.45	3778.55
1399.03	3801.57
1400.61	3772.27
1402.19	3816.22
1403.77	3799.48
1405.35	3828.78
1406.92	3805.76
1408.50	3841.34
1410.08	3836.10
1411.66	3865.40
1413.23	3851.80
1414.81	3869.59
1416.39	3845.52
1417.96	3873.77
1419.54	3848.66
1421.12	3877.96
1422.69	3876.91
1424.27	3863.31
1425.84	3865.40
1427.42	3876.91
1428.99	3864.36
1430.57	3888.42
1432.14	3861.22
1433.71	3875.87
1435.29	3862.26
1436.86	3867.50
1438.43	3842.38
1440.01	3858.08
1441.58	3719.95
1443.15	3865.40
1444.72	3831.92
1446.30	3835.06
1447.87	3828.78
1449.44	3832.96
1451.01	3800.53
1452.58	3828.78
1454.15	3816.22
1455.72	3812.04
1457.29	3798.43
1458.86	3813.08
1460.43	3771.23
1462.00	3803.66
1463.57	3763.90
1465.14	3782.74
1466.71	3751.34
1468.28	3751.34
1469.85	3736.70
1471.41	3749.25
1472.98	3704.26
1474.55	3726.23
1476.12	3694.84
1477.68	3701.12
1479.25	3683.33
1480.82	3684.38
1482.38	3669.73
1483.95	3670.77
1485.51	3679.14
1487.08	3699.02
1488.64	3686.47
1490.21	3693.79
1491.77	3661.35
1493.34	3688.56
1494.90	3648.80
1496.46	3650.89
1498.03	3638.33
1499.59	3650.89
1501.15	3635.19
1502.72	3638.33
1504.28	3618.45
1505.84	3622.64
1507.40	3604.85
1508.97	3629.96
1510.53	3614.27
1512.09	3637.29
1513.65	3624.73
1515.21	3617.41
1516.77	3579.74
1518.33	3613.22
1519.89	3592.29
1521.45	3598.57
1523.01	3587.06
1524.57	3604.85
1526.13	3578.69
1527.68	3579.74
1529.24	3570.32
1530.80	3564.04
1532.36	3552.53
1533.92	3560.90
1535.47	3542.06
1537.03	3544.16
1538.59	3529.51
1540.14	3527.42
1541.70	3508.58
1543.25	3531.60
1544.81	3512.77
1546.36	3518.00
1547.92	3489.74
1549.47	3507.53
1551.03	3492.88
1552.58	3489.74
1554.13	3468.82
1555.69	3491.84
1557.24	3464.63
1558.79	3474.05
1560.35	3454.17
1561.90	3456.26
1563.45	3433.24
1565.00	3447.89
1566.55	3426.96
1568.10	3435.33
1569.66	3417.54
1571.21	3431.15
1572.76	3414.40
1574.31	3418.59
1575.86	3393.48
1577.40	3386.15
1578.95	3378.83
1580.50	3391.38
1582.05	3372.55
1583.60	3383.01
1585.15	3351.62
1586.69	3368.36
1588.24	3359.99
1589.79	3371.50
1591.34	3341.16
1592.88	3357.90
1594.43	3319.18
1595.97	3347.43
1597.52	3339.06
1599.06	3336.97
1600.61	3320.23
1602.15	3341.16
1603.70	3315.00
1605.24	3322.32
1606.79	3308.72
1608.33	3303.49
1609.87	3290.93
1611.41	3305.58
1612.96	3295.11
1614.50	3286.74
1616.04	3282.56
1617.58	3290.93
1619.12	3268.95
1620.67	3281.51
1622.21	3236.52
1623.75	3258.49
1625.29	3233.38
1626.83	3230.24
1628.37	3222.91
1629.90	3200.94
1631.44	3180.01
1632.98	3177.92
1634.52	3141.29
1636.06	3133.97
1637.59	3120.37
1639.13	3080.60
1640.67	3055.49
1642.21	3027.24
1643.74	3007.35
1645.28	2981.19
1646.81	2945.62
1648.35	2935.15
1649.88	2887.02
1651.42	2884.93
1652.95	2858.77
1654.49	2872.37
1656.02	2840.98
1657.55	2835.74
1659.09	2799.12
1660.62	2814.82
1662.15	2788.66
1663.68	2794.94
1665.22	2778.19
1666.75	2782.38
1668.28	2765.64
1669.81	2781.33
1671.34	2763.54
1672.87	2765.64
1674.40	2763.54
1675.93	2756.22
1677.46	2741.57
1678.99	2730.06
1680.52	2734.24
1682.04	2742.62
1683.57	2727.97
1685.10	2741.57
1686.63	2732.15
1688.15	2723.78
1689.68	2713.32
1691.21	2720.64
1692.73	2722.73
1694.26	2731.10
1695.78	2715.41
1697.31	2722.73
1698.83	2711.22
1700.36	2717.50
1701.88	2701.81
1703.40	2730.06
1704.93	2705.99
1706.45	2707.04
