896.35	3375.69
897.98	3413.36
899.60	3399.75
901.22	3442.66
902.85	3435.33
904.47	3464.63
906.10	3463.58
907.72	3483.47
909.34	3500.21
910.97	3544.16
912.59	3571.36
914.21	3645.66
915.84	3688.56
917.46	3774.37
919.08	3815.18
920.71	3864.36
922.33	3887.38
923.95	3924.00
925.58	3934.46
927.20	3965.86
928.82	3973.18
930.44	4031.78
932.07	4001.43
933.69	4033.87
935.31	4034.92
936.93	4070.50
938.56	4056.89
940.18	4107.12
941.80	4076.78
943.42	4111.31
945.05	4088.29
946.67	4115.49
948.29	4105.03
949.91	4127.00
951.53	4105.03
953.16	4142.70
954.78	4109.21
956.40	4125.96
958.02	4108.17
959.64	4146.88
961.26	4116.54
962.88	4141.65
964.51	4111.31
966.13	4155.26
967.75	4129.10
969.37	4147.93
970.99	4125.96
972.61	4143.74
974.23	4117.58
975.85	4138.51
977.47	4123.86
979.09	4151.07
980.71	4125.96
982.33	4164.67
983.95	4147.93
985.57	4184.55
987.19	4151.07
988.81	4193.97
990.43	4162.58
992.05	4183.51
993.67	4180.37
995.29	4213.85
996.91	4188.74
998.53	4240.01
1000.15	4230.60
1001.77	4260.94
1003.39	4237.92
1005.01	4257.80
1006.63	4246.29
1008.25	4291.29
1009.86	4283.96
1011.48	4311.17
1013.10	4282.92
1014.72	4319.54
1016.34	4299.66
1017.96	4349.89
1019.58	4312.22
1021.19	4354.07
1022.81	4328.96
1024.43	4363.49
1026.05	4344.65
1027.66	4385.46
1029.28	4368.72
1030.90	4385.46
1032.52	4356.16
1034.13	4402.21
1035.75	4394.88
1037.37	4414.76
1038.98	4400.11
1040.60	4409.53
1042.22	4373.95
1043.83	4412.67
1045.45	4393.83
1047.07	4423.13
1048.68	4403.25
1050.30	4424.18
1051.92	4407.44
1053.53	4416.86
1055.15	4394.88
1056.76	4431.50
1058.38	4405.34
1059.99	4439.88
1061.61	4400.11
1063.22	4425.23
1064.84	4402.21
1066.46	4418.95
1068.07	4385.46
1069.68	4415.81
1071.30	4406.39
1072.91	4414.76
1074.53	4377.09
1076.14	4406.39
1077.76	4373.95
1079.37	4408.48
1080.98	4343.61
1082.60	4377.09
1084.21	4351.98
1085.83	4371.86
1087.44	4355.12
1089.05	4356.16
1090.67	4338.38
1092.28	4379.18
1093.89	4364.54
1095.50	4370.81
1097.12	4330.00
1098.73	4372.91
1100.34	4320.59
1101.95	4365.58
1103.57	4349.89
1105.18	4348.84
1106.79	4315.35
1108.40	4355.12
1110.01	4337.33
1111.63	4377.09
1113.24	4358.26
1114.85	4381.28
1116.46	4351.98
1118.07	4373.95
1119.68	4345.70
1121.29	4385.46
1122.90	4357.21
1124.51	4377.09
1126.12	4359.30
1127.73	4391.74
1129.34	4371.86
1130.95	4406.39
1132.56	4391.74
1134.17	4382.32
1135.78	4370.81
1137.39	4412.67
1139.00	4378.14
1140.61	4413.72
1142.22	4407.44
1143.83	4436.74
1145.44	4404.30
1147.05	4434.64
1148.65	4408.48
1150.26	4411.62
1151.87	4402.21
1153.48	4437.78
1155.09	4418.95
1156.69	4456.62
1158.30	4432.55
1159.91	4455.57
1161.52	4443.02
1163.12	4459.76
1164.73	4432.55
1166.34	4475.45
1167.94	4444.06
1169.55	4488.01
1171.16	4463.94
1172.76	4492.20
1174.37	4473.36
1175.97	4506.85
1177.58	4453.48
1179.19	4495.34
1180.79	4467.08
1182.40	4488.01
1184.00	4464.99
1185.61	4498.47
1187.21	4475.45
1188.82	4500.57
1190.42	4471.27
1192.02	4496.38
1193.63	4454.53
1195.23	4496.38
1196.84	4464.99
1198.44	4496.38
1200.04	4478.59
1201.65	4497.43
1203.25	4472.31
1204.85	4492.20
1206.46	4446.15
1208.06	4478.59
1209.66	4446.15
1211.26	4479.64
1212.87	4464.99
1214.47	4481.73
1216.07	4451.39
1217.67	4472.31
1219.27	4431.50
1220.87	4451.39
1222.48	4425.23
1224.08	4429.41
1225.68	4415.81
1227.28	4428.37
1228.88	4398.02
1230.48	4423.13
1232.08	4378.14
1233.68	4414.76
1235.28	4382.32
1236.88	4394.88
1238.48	4363.49
1240.08	4395.93
1241.68	4340.47
1243.28	4364.54
1244.87	4341.51
1246.47	4355.12
1248.07	4324.77
1249.67	4342.56
1251.27	4318.49
1252.87	4318.49
1254.46	4278.73
1256.06	4306.98
1257.66	4286.06
1259.26	4294.43
1260.85	4275.59
1262.45	4286.06
1264.05	4270.36
1265.64	4292.33
1267.24	4265.13
1268.83	4297.57
1270.43	4261.99
1272.03	4296.52
1273.62	4248.38
1275.22	4248.38
1276.81	4241.06
1278.41	4252.57
1280.00	4245.25
1281.60	4255.71
1283.19	4229.55
1284.79	4248.38
1286.38	4219.09
1287.97	4248.38
1289.57	4214.90
1291.16	4238.97
1292.75	4204.44
1294.35	4228.50
1295.94	4215.95
1297.53	4228.50
1299.12	4186.65
1300.72	4226.41
1302.31	4170.95
1303.90	4202.34
1305.49	4196.06
1307.08	4190.83
1308.68	4155.26
1310.27	4193.97
1311.86	4167.81
1313.45	4188.74
1315.04	4168.86
1316.63	4185.60
1318.22	4162.58
1319.81	4176.18
1321.40	4165.72
1322.99	4177.23
1324.58	4147.93
1326.17	4160.49
1327.75	4132.23
1329.34	4147.93
1330.93	4129.10
1332.52	4150.02
1334.11	4134.33
1335.70	4155.26
1337.28	4125.96
1338.87	4135.37
1340.46	4106.07
1342.05	4113.40
1343.63	4099.80
1345.22	4117.58
1346.81	4101.89
1348.39	4115.49
1349.98	4079.91
1351.56	4076.78
1353.15	4051.66
1354.73	4055.85
1356.32	4021.32
1357.90	4038.06
1359.49	4008.76
1361.07	3979.46
1362.66	3964.81
1364.24	3983.65
1365.82	3973.18
1367.41	3993.06
1368.99	3960.62
1370.57	3972.14
1372.16	3977.37
1373.74	3985.74
1375.32	3951.21
1376.91	3933.42
1378.49	3868.54
1380.07	3826.69
1381.65	3789.02
1383.23	3784.83
1384.81	3802.62
1386.39	3816.22
1387.97	3805.76
1389.55	3838.20
1391.14	3831.92
1392.72	3818.31
1394.29	3809.94
1395.87	3816.22
1397.45	3823.55
1399.03	3839.24
1400.61	3801.57
1402.19	3854.94
1403.77	3839.24
1405.35	3855.98
1406.92	3836.10
1408.50	3872.73
1410.08	3858.08
1411.66	3881.10
1413.23	3871.68
1414.81	3898.89
1416.39	3885.28
1417.96	3918.77
1419.54	3889.47
1421.12	3921.91
1422.69	3915.63
1424.27	3906.21
1425.84	3904.12
1427.42	3912.49
1428.99	3906.21
1430.57	3917.72
1432.14	3886.33
1433.71	3902.03
1435.29	3888.42
1436.86	3902.03
1438.43	3884.24
1440.01	3903.07
1441.58	3759.72
1443.15	3899.93
1444.72	3864.36
1446.30	3866.45
1447.87	3864.36
1449.44	3862.26
1451.01	3829.82
1452.58	3869.59
1454.15	3840.29
1455.72	3840.29
1457.29	3807.85
1458.86	3832.96
1460.43	3805.76
1462.00	3841.34
1463.57	3800.53
1465.14	3803.66
1466.71	3777.50
1468.28	3790.06
1469.85	3771.23
1471.41	3783.78
1472.98	3742.97
1474.55	3759.72
1476.12	3727.28
1477.68	3734.60
1479.25	3723.09
1480.82	3726.23
1482.38	3703.21
1483.95	3702.16
1485.51	3694.84
1487.08	3727.28
1488.64	3712.63
1490.21	3726.23
1491.77	3692.75
1493.34	3719.95
1494.90	3680.19
1496.46	3689.61
1498.03	3664.49
1499.59	3681.24
1501.15	3668.68
1502.72	3665.54
1504.28	3647.75
1505.84	3650.89
1507.40	3639.38
1508.97	3655.08
1510.53	3621.59
1512.09	3659.26
1513.65	3643.57
1515.21	3646.70
1516.77	3610.08
1518.33	3641.47
1519.89	3618.45
1521.45	3626.82
1523.01	3609.03
1524.57	3613.22
1526.13	3588.11
1527.68	3605.90
1529.24	3602.76
1530.80	3603.80
1532.36	3589.15
1533.92	3579.74
1535.47	3561.95
1537.03	3573.46
1538.59	3567.18
1540.14	3558.81
1541.70	3544.16
1543.25	3561.95
1544.81	3545.20
1546.36	3549.39
1547.92	3523.23
1549.47	3537.88
1551.03	3520.09
1552.58	3519.04
1554.13	3496.02
1555.69	3512.77
1557.24	3483.47
1558.79	3502.30
1560.35	3484.51
1561.90	3488.70
1563.45	3463.58
1565.00	3471.96
1566.55	3451.03
1568.10	3449.98
1569.66	3435.33
1571.21	3451.03
1572.76	3434.29
1574.31	3443.70
1575.86	3425.91
1577.40	3416.50
1578.95	3412.31
1580.50	3407.08
1582.05	3395.57
1583.60	3400.80
1585.15	3381.97
1586.69	3381.97
1588.24	3380.92
1589.79	3397.66
1591.34	3361.04
1592.88	3385.10
1594.43	3349.53
1595.97	3358.94
1597.52	3349.53
1599.06	3357.90
1600.61	3335.92
1602.15	3354.76
1603.70	3328.60
1605.24	3340.11
1606.79	3326.51
1608.33	3325.46
1609.87	3311.86
1611.41	3326.51
1612.96	3313.95
1614.50	3306.62
1616.04	3301.39
1617.58	3311.86
1619.12	3277.33
1620.67	3298.25
1622.21	3263.72
1623.75	3279.42
1625.29	3252.21
1626.83	3250.12
1628.37	3256.40
1629.90	3223.96
1631.44	3205.12
1632.98	3194.66
1634.52	3152.80
1636.06	3146.53
1637.59	3127.69
1639.13	3094.21
1640.67	3067.00
1642.21	3046.07
1643.74	3014.68
1645.28	2987.47
1646.81	2957.13
1648.35	2946.66
1649.88	2912.13
1651.42	2903.76
1652.95	2869.23
1654.49	2882.83
1656.02	2844.12
1657.55	2845.16
1659.09	2809.58
1660.62	2827.37
1662.15	2808.54
1663.68	2810.63
1665.22	2797.03
1666.75	2785.52
1668.28	2771.91
1669.81	2785.52
1671.34	2765.64
1672.87	2771.91
1674.40	2770.87
1675.93	2760.40
1677.46	2749.94
1678.99	2752.03
1680.52	2749.94
1682.04	2757.26
1683.57	2742.62
1685.10	2744.71
1686.63	2732.15
1688.15	2737.38
1689.68	2726.92
1691.21	2727.97
1692.73	2724.83
1694.26	2730.06
1695.78	2719.59
1697.31	2724.83
1698.83	2723.78
1700.36	2720.64
1701.88	2702.85
1703.40	2719.59
1704.93	2713.32
1706.45	2713.32
