896.35	2958.17
897.98	2964.45
899.60	2964.45
901.22	2989.57
902.85	2980.15
904.47	2994.80
906.10	3006.31
907.72	3004.22
909.34	3010.49
910.97	3029.33
912.59	3052.35
914.21	3072.23
915.84	3095.25
917.46	3136.06
919.08	3150.71
920.71	3162.22
922.33	3188.38
923.95	3195.71
925.58	3212.45
927.20	3215.59
928.82	3218.73
930.44	3244.89
932.07	3221.87
933.69	3220.82
935.31	3234.42
936.93	3254.30
938.56	3260.58
940.18	3263.72
941.80	3263.72
943.42	3272.09
945.05	3286.74
946.67	3273.14
948.29	3279.42
949.91	3265.82
951.53	3278.37
953.16	3283.60
954.78	3281.51
956.40	3272.09
958.02	3278.37
959.64	3274.19
961.26	3265.82
962.88	3281.51
964.51	3264.77
966.13	3294.07
967.75	3288.84
969.37	3276.28
970.99	3281.51
972.61	3273.14
974.23	3276.28
975.85	3285.70
977.47	3296.16
979.09	3287.79
980.71	3279.42
982.33	3291.98
983.95	3298.25
985.57	3304.53
987.19	3295.11
988.81	3304.53
990.43	3298.25
992.05	3296.16
993.67	3312.90
995.29	3315.00
996.91	3304.53
998.53	3331.74
1000.15	3321.27
1001.77	3328.60
1003.39	3326.51
1005.01	3336.97
1006.63	3338.02
1008.25	3348.48
1009.86	3354.76
1011.48	3354.76
1013.10	3347.43
1014.72	3369.41
1016.34	3369.41
1017.96	3394.52
1019.58	3373.59
1021.19	3374.64
1022.81	3375.69
1024.43	3390.34
1026.05	3386.15
1027.66	3392.43
1029.28	3389.29
1030.90	3396.62
1032.52	3385.10
1034.13	3391.38
1035.75	3398.71
1037.37	3402.89
1038.98	3421.73
1040.60	3408.13
1042.22	3391.38
1043.83	3402.89
1045.45	3410.22
1047.07	3409.17
1048.68	3408.13
1050.30	3402.89
1051.92	3420.68
1053.53	3417.54
1055.15	3410.22
1056.76	3408.13
1058.38	3412.31
1059.99	3421.73
1061.61	3412.31
1063.22	3410.22
1064.84	3416.50
1066.46	3409.17
1068.07	3398.71
1069.68	3408.13
1071.30	3418.59
1072.91	3401.85
1074.53	3400.80
1076.14	3415.45
1077.76	3398.71
1079.37	3404.99
1080.98	3380.92
1082.60	3398.71
1084.21	3400.80
1085.83	3397.66
1087.44	3395.57
1089.05	3377.78
1090.67	3376.73
1092.28	3381.97
1093.89	3388.24
1095.50	3390.34
1097.12	3376.73
1098.73	3385.10
1100.34	3363.13
1101.95	3376.73
1103.57	3379.87
1105.18	3374.64
1106.79	3368.36
1108.40	3379.87
1110.01	3377.78
1111.63	3386.15
1113.24	3394.52
1114.85	3391.38
1116.46	3379.87
1118.07	3393.48
1119.68	3374.64
1121.29	3383.01
1122.90	3375.69
1124.51	3378.83
1126.12	3389.29
1127.73	3398.71
1129.34	3398.71
1130.95	3395.57
1132.56	3398.71
1134.17	3365.22
1135.78	3367.32
1137.39	3394.52
1139.00	3385.10
1140.61	3381.97
1142.22	3381.97
1143.83	3384.06
1145.44	3381.97
1147.05	3383.01
1148.65	3390.34
1150.26	3377.78
1151.87	3374.64
1153.48	3388.24
1155.09	3377.78
1156.69	3385.10
1158.30	3376.73
1159.91	3377.78
1161.52	3390.34
1163.12	3391.38
1164.73	3379.87
1166.34	3397.66
1167.94	3385.10
1169.55	3393.48
1171.16	3393.48
1172.76	3400.80
1174.37	3396.62
1175.97	3398.71
1177.58	3377.78
1179.19	3401.85
1180.79	3389.29
1182.40	3394.52
1184.00	3381.97
1185.61	3394.52
1187.21	3388.24
1188.82	3386.15
1190.42	3392.43
1192.02	3377.78
1193.63	3372.55
1195.23	3385.10
1196.84	3396.62
1198.44	3395.57
1200.04	3393.48
1201.65	3397.66
1203.25	3391.38
1204.85	3391.38
1206.46	3369.41
1208.06	3384.06
1209.66	3380.92
1211.26	3379.87
1212.87	3388.24
1214.47	3384.06
1216.07	3386.15
1217.67	3385.10
1219.27	3370.46
1220.87	3372.55
1222.48	3370.46
1224.08	3368.36
1225.68	3369.41
1227.28	3369.41
1228.88	3358.94
1230.48	3372.55
1232.08	3345.34
1233.68	3368.36
1235.28	3363.13
1236.88	3355.81
1238.48	3342.20
1240.08	3369.41
1241.68	3333.83
1243.28	3344.30
1244.87	3328.60
1246.47	3326.51
1248.07	3318.14
1249.67	3338.02
1251.27	3341.16
1252.87	3321.27
1254.46	3312.90
1256.06	3323.37
1257.66	3318.14
1259.26	3310.81
1260.85	3325.46
1262.45	3315.00
1264.05	3315.00
1265.64	3309.76
1267.24	3307.67
1268.83	3307.67
1270.43	3308.72
1272.03	3325.46
1273.62	3302.44
1275.22	3297.21
1276.81	3302.44
1278.41	3303.49
1280.00	3302.44
1281.60	3305.58
1283.19	3294.07
1284.79	3297.21
1286.38	3294.07
1287.97	3298.25
1289.57	3283.60
1291.16	3284.65
1292.75	3278.37
1294.35	3286.74
1295.94	3279.42
1297.53	3282.56
1299.12	3260.58
1300.72	3285.70
1302.31	3258.49
1303.90	3283.60
1305.49	3286.74
1307.08	3261.63
1308.68	3254.30
1310.27	3263.72
1311.86	3252.21
1313.45	3250.12
1315.04	3240.70
1316.63	3250.12
1318.22	3251.17
1319.81	3242.79
1321.40	3237.56
1322.99	3242.79
1324.58	3222.91
1326.17	3228.14
1327.75	3213.50
1329.34	3231.28
1330.93	3216.63
1332.52	3217.68
1334.11	3227.10
1335.70	3214.54
1337.28	3193.61
1338.87	3203.03
1340.46	3206.17
1342.05	3199.89
1343.63	3191.52
1345.22	3187.34
1346.81	3197.80
1348.39	3182.10
1349.98	3183.15
1351.56	3168.50
1353.15	3171.64
1354.73	3171.64
1356.32	3151.76
1357.90	3143.39
1359.49	3148.62
1361.07	3131.88
1362.66	3124.55
1364.24	3128.74
1365.82	3130.83
1367.41	3137.11
1368.99	3115.13
1370.57	3111.99
1372.16	3107.81
1373.74	3097.34
1375.32	3105.72
1376.91	3087.93
1378.49	3065.95
1380.07	3036.65
1381.65	3027.24
1383.23	3013.63
1384.81	3016.77
1386.39	3006.31
1387.97	3013.63
1389.55	3009.45
1391.14	2997.94
1392.72	2975.96
1394.29	2970.73
1395.87	2971.78
1397.45	2958.17
1399.03	2956.08
1400.61	2949.80
1402.19	2941.43
1403.77	2927.83
1405.35	2945.62
1406.92	2929.92
1408.50	2925.74
1410.08	2918.41
1411.66	2915.27
1413.23	2915.27
1414.81	2923.64
1416.39	2904.81
1417.96	2921.55
1419.54	2910.04
1421.12	2912.13
1422.69	2920.50
1424.27	2905.85
1425.84	2912.13
1427.42	2905.85
1428.99	2906.90
1430.57	2900.62
1432.14	2896.44
1433.71	2896.44
1435.29	2899.58
1436.86	2903.76
1438.43	2903.76
1440.01	2898.53
1441.58	2782.38
1443.15	2894.34
1444.72	2900.62
1446.30	2901.67
1447.87	2911.09
1449.44	2895.39
1451.01	2883.88
1452.58	2899.58
1454.15	2897.48
1455.72	2885.97
1457.29	2888.06
1458.86	2899.58
1460.43	2893.30
1462.00	2915.27
1463.57	2900.62
1465.14	2893.30
1466.71	2878.65
1468.28	2887.02
1469.85	2885.97
1471.41	2894.34
1472.98	2883.88
1474.55	2900.62
1476.12	2883.88
1477.68	2889.11
1479.25	2899.58
1480.82	2895.39
1482.38	2893.30
1483.95	2882.83
1485.51	2892.25
1487.08	2908.99
1488.64	2898.53
1490.21	2903.76
1491.77	2884.93
1493.34	2902.71
1494.90	2885.97
1496.46	2895.39
1498.03	2902.71
1499.59	2903.76
1501.15	2898.53
1502.72	2894.34
1504.28	2899.58
1505.84	2900.62
1507.40	2891.20
1508.97	2911.09
1510.53	2906.90
1512.09	2922.60
1513.65	2918.41
1515.21	2915.27
1516.77	2904.81
1518.33	2928.87
1519.89	2917.36
1521.45	2917.36
1523.01	2907.95
1524.57	2914.22
1526.13	2906.90
1527.68	2915.27
1529.24	2920.50
1530.80	2915.27
1532.36	2918.41
1533.92	2911.09
1535.47	2899.58
1537.03	2907.95
1538.59	2922.60
1540.14	2910.04
1541.70	2898.53
1543.25	2920.50
1544.81	2915.27
1546.36	2917.36
1547.92	2901.67
1549.47	2919.46
1551.03	2918.41
1552.58	2911.09
1554.13	2906.90
1555.69	2913.18
1557.24	2895.39
1558.79	2900.62
1560.35	2899.58
1561.90	2904.81
1563.45	2894.34
1565.00	2898.53
1566.55	2887.02
1568.10	2891.20
1569.66	2884.93
1571.21	2898.53
1572.76	2900.62
1574.31	2901.67
1575.86	2894.34
1577.40	2891.20
1578.95	2888.06
1580.50	2893.30
1582.05	2881.79
1583.60	2887.02
1585.15	2878.65
1586.69	2881.79
1588.24	2879.69
1589.79	2892.25
1591.34	2861.90
1592.88	2883.88
1594.43	2869.23
1595.97	2877.60
1597.52	2873.42
1599.06	2883.88
1600.61	2874.46
1602.15	2890.16
1603.70	2867.14
1605.24	2873.42
1606.79	2866.09
1608.33	2855.63
1609.87	2865.04
1611.41	2869.23
1612.96	2866.09
1614.50	2858.77
1616.04	2858.77
1617.58	2865.04
1619.12	2853.53
1620.67	2855.63
1622.21	2836.79
1623.75	2857.72
1625.29	2845.16
1626.83	2844.12
1628.37	2862.95
1629.90	2834.70
1631.44	2834.70
1632.98	2836.79
1634.52	2812.72
1636.06	2809.58
1637.59	2812.72
1639.13	2804.35
1640.67	2802.26
1642.21	2783.42
1643.74	2783.42
1645.28	2762.50
1646.81	2753.08
1648.35	2758.31
1649.88	2736.34
1651.42	2743.66
1652.95	2718.55
1654.49	2742.62
1656.02	2721.69
1657.55	2720.64
1659.09	2693.43
1660.62	2726.92
1662.15	2705.99
1663.68	2711.22
1665.22	2693.43
1666.75	2694.48
1668.28	2693.43
1669.81	2707.04
1671.34	2694.48
1672.87	2697.62
1674.40	2700.76
1675.93	2685.06
1677.46	2678.78
1678.99	2676.69
1680.52	2682.97
1682.04	2688.20
1683.57	2678.78
1685.10	2685.06
1686.63	2666.23
1688.15	2671.46
1689.68	2666.23
1691.21	2672.51
1692.73	2677.74
1694.26	2678.78
1695.78	2669.37
1697.31	2672.51
1698.83	2663.09
1700.36	2668.32
1701.88	2658.90
1703.40	2671.46
1704.93	2649.49
1706.45	2654.72
