896.35	2963.41
897.98	2975.96
899.60	2975.96
901.22	2996.89
902.85	2983.29
904.47	3000.03
906.10	3002.12
907.72	3007.35
909.34	3026.19
910.97	3043.98
912.59	3053.40
914.21	3075.37
915.84	3099.44
917.46	3139.20
919.08	3158.04
920.71	3177.92
922.33	3204.08
923.95	3212.45
925.58	3227.10
927.20	3225.01
928.82	3232.33
930.44	3257.44
932.07	3249.07
933.69	3241.75
935.31	3249.07
936.93	3258.49
938.56	3267.91
940.18	3273.14
941.80	3268.95
943.42	3281.51
945.05	3287.79
946.67	3280.46
948.29	3285.70
949.91	3284.65
951.53	3298.25
953.16	3301.39
954.78	3289.88
956.40	3282.56
958.02	3283.60
959.64	3283.60
961.26	3287.79
962.88	3286.74
964.51	3275.23
966.13	3298.25
967.75	3293.02
969.37	3286.74
970.99	3290.93
972.61	3294.07
974.23	3290.93
975.85	3289.88
977.47	3288.84
979.09	3291.98
980.71	3288.84
982.33	3298.25
983.95	3299.30
985.57	3313.95
987.19	3300.35
988.81	3313.95
990.43	3307.67
992.05	3308.72
993.67	3316.04
995.29	3324.41
996.91	3313.95
998.53	3343.25
1000.15	3338.02
1001.77	3349.53
1003.39	3345.34
1005.01	3346.39
1006.63	3358.94
1008.25	3361.04
1009.86	3367.32
1011.48	3369.41
1013.10	3367.32
1014.72	3376.73
1016.34	3369.41
1017.96	3390.34
1019.58	3375.69
1021.19	3377.78
1022.81	3384.06
1024.43	3401.85
1026.05	3387.20
1027.66	3404.99
1029.28	3403.94
1030.90	3407.08
1032.52	3393.48
1034.13	3400.80
1035.75	3408.13
1037.37	3416.50
1038.98	3422.78
1040.60	3416.50
1042.22	3399.75
1043.83	3413.36
1045.45	3414.40
1047.07	3420.68
1048.68	3422.78
1050.30	3424.87
1051.92	3422.78
1053.53	3416.50
1055.15	3428.01
1056.76	3421.73
1058.38	3419.64
1059.99	3435.33
1061.61	3414.40
1063.22	3414.40
1064.84	3422.78
1066.46	3423.82
1068.07	3413.36
1069.68	3424.87
1071.30	3431.15
1072.91	3423.82
1074.53	3411.26
1076.14	3421.73
1077.76	3417.54
1079.37	3415.45
1080.98	3390.34
1082.60	3398.71
1084.21	3399.75
1085.83	3400.80
1087.44	3402.89
1089.05	3388.24
1090.67	3386.15
1092.28	3388.24
1093.89	3392.43
1095.50	3396.62
1097.12	3392.43
1098.73	3400.80
1100.34	3375.69
1101.95	3395.57
1103.57	3394.52
1105.18	3378.83
1106.79	3375.69
1108.40	3389.29
1110.01	3391.38
1111.63	3401.85
1113.24	3389.29
1114.85	3387.20
1116.46	3383.01
1118.07	3394.52
1119.68	3377.78
1121.29	3393.48
1122.90	3383.01
1124.51	3386.15
1126.12	3391.38
1127.73	3392.43
1129.34	3395.57
1130.95	3402.89
1132.56	3407.08
1134.17	3372.55
1135.78	3376.73
1137.39	3392.43
1139.00	3374.64
1140.61	3390.34
1142.22	3392.43
1143.83	3383.01
1145.44	3375.69
1147.05	3384.06
1148.65	3392.43
1150.26	3377.78
1151.87	3373.59
1153.48	3383.01
1155.09	3378.83
1156.69	3374.64
1158.30	3371.50
1159.91	3377.78
1161.52	3387.20
1163.12	3387.20
1164.73	3386.15
1166.34	3403.94
1167.94	3389.29
1169.55	3392.43
1171.16	3391.38
1172.76	3391.38
1174.37	3386.15
1175.97	3400.80
1177.58	3379.87
1179.19	3400.80
1180.79	3391.38
1182.40	3403.94
1184.00	3392.43
1185.61	3404.99
1187.21	3393.48
1188.82	3385.10
1190.42	3388.24
1192.02	3388.24
1193.63	3376.73
1195.23	3392.43
1196.84	3388.24
1198.44	3386.15
1200.04	3392.43
1201.65	3391.38
1203.25	3388.24
1204.85	3389.29
1206.46	3368.36
1208.06	3380.92
1209.66	3373.59
1211.26	3375.69
1212.87	3393.48
1214.47	3373.59
1216.07	3383.01
1217.67	3379.87
1219.27	3365.22
1220.87	3367.32
1222.48	3372.55
1224.08	3369.41
1225.68	3368.36
1227.28	3364.18
1228.88	3354.76
1230.48	3366.27
1232.08	3352.67
1233.68	3364.18
1235.28	3366.27
1236.88	3352.67
1238.48	3339.06
1240.08	3365.22
1241.68	3331.74
1243.28	3331.74
1244.87	3334.88
1246.47	3335.92
1248.07	3327.55
1249.67	3338.02
1251.27	3346.39
1252.87	3318.14
1254.46	3311.86
1256.06	3310.81
1257.66	3309.76
1259.26	3302.44
1260.85	3313.95
1262.45	3307.67
1264.05	3316.04
1265.64	3304.53
1267.24	3304.53
1268.83	3301.39
1270.43	3295.11
1272.03	3318.14
1273.62	3302.44
1275.22	3298.25
1276.81	3299.30
1278.41	3298.25
1280.00	3291.98
1281.60	3291.98
1283.19	3282.56
1284.79	3288.84
1286.38	3283.60
1287.97	3290.93
1289.57	3278.37
1291.16	3270.00
1292.75	3257.44
1294.35	3276.28
1295.94	3266.86
1297.53	3281.51
1299.12	3264.77
1300.72	3280.46
1302.31	3254.30
1303.90	3288.84
1305.49	3266.86
1307.08	3252.21
1308.68	3245.93
1310.27	3254.30
1311.86	3251.17
1313.45	3243.84
1315.04	3249.07
1316.63	3242.79
1318.22	3245.93
1319.81	3226.05
1321.40	3220.82
1322.99	3236.52
1324.58	3218.73
1326.17	3220.82
1327.75	3217.68
1329.34	3221.87
1330.93	3218.73
1332.52	3210.36
1334.11	3204.08
1335.70	3198.85
1337.28	3195.71
1338.87	3196.75
1340.46	3183.15
1342.05	3187.34
1343.63	3177.92
1345.22	3173.73
1346.81	3182.10
1348.39	3174.78
1349.98	3171.64
1351.56	3160.13
1353.15	3152.80
1354.73	3149.66
1356.32	3126.64
1357.90	3127.69
1359.49	3129.78
1361.07	3118.27
1362.66	3116.18
1364.24	3116.18
1365.82	3116.18
1367.41	3117.23
1368.99	3094.21
1370.57	3096.30
1372.16	3098.39
1373.74	3093.16
1375.32	3080.60
1376.91	3067.00
1378.49	3050.26
1380.07	3029.33
1381.65	3025.14
1383.23	3001.08
1384.81	3002.12
1386.39	2990.61
1387.97	2990.61
1389.55	2985.38
1391.14	2974.92
1392.72	2961.31
1394.29	2956.08
1395.87	2953.99
1397.45	2943.52
1399.03	2943.52
1400.61	2929.92
1402.19	2915.27
1403.77	2915.27
1405.35	2923.64
1406.92	2906.90
1408.50	2899.58
1410.08	2907.95
1411.66	2894.34
1413.23	2897.48
1414.81	2903.76
1416.39	2882.83
1417.96	2883.88
1419.54	2878.65
1421.12	2892.25
1422.69	2897.48
1424.27	2876.55
1425.84	2889.11
1427.42	2879.69
1428.99	2877.60
1430.57	2884.93
1432.14	2874.46
1433.71	2872.37
1435.29	2878.65
1436.86	2877.60
1438.43	2867.14
1440.01	2870.28
1441.58	2747.85
1443.15	2874.46
1444.72	2872.37
1446.30	2866.09
1447.87	2874.46
1449.44	2872.37
1451.01	2864.00
1452.58	2880.74
1454.15	2860.86
1455.72	2853.53
1457.29	2865.04
1458.86	2875.51
1460.43	2859.81
1462.00	2877.60
1463.57	2868.18
1465.14	2870.28
1466.71	2868.18
1468.28	2865.04
1469.85	2871.32
1471.41	2874.46
1472.98	2862.95
1474.55	2882.83
1476.12	2868.18
1477.68	2861.90
1479.25	2876.55
1480.82	2871.32
1482.38	2877.60
1483.95	2871.32
1485.51	2879.69
1487.08	2890.16
1488.64	2872.37
1490.21	2879.69
1491.77	2881.79
1493.34	2890.16
1494.90	2871.32
1496.46	2871.32
1498.03	2887.02
1499.59	2883.88
1501.15	2889.11
1502.72	2881.79
1504.28	2884.93
1505.84	2878.65
1507.40	2877.60
1508.97	2899.58
1510.53	2894.34
1512.09	2902.71
1513.65	2895.39
1515.21	2901.67
1516.77	2884.93
1518.33	2897.48
1519.89	2895.39
1521.45	2891.20
1523.01	2899.58
1524.57	2906.90
1526.13	2899.58
1527.68	2904.81
1529.24	2903.76
1530.80	2896.44
1532.36	2907.95
1533.92	2904.81
1535.47	2889.11
1537.03	2896.44
1538.59	2902.71
1540.14	2897.48
1541.70	2893.30
1543.25	2912.13
1544.81	2900.62
1546.36	2897.48
1547.92	2892.25
1549.47	2905.85
1551.03	2900.62
1552.58	2895.39
1554.13	2890.16
1555.69	2894.34
1557.24	2888.06
1558.79	2891.20
1560.35	2893.30
1561.90	2897.48
1563.45	2891.20
1565.00	2890.16
1566.55	2884.93
1568.10	2884.93
1569.66	2875.51
1571.21	2887.02
1572.76	2884.93
1574.31	2880.74
1575.86	2878.65
1577.40	2869.23
1578.95	2865.04
1580.50	2879.69
1582.05	2873.42
1583.60	2869.23
1585.15	2861.90
1586.69	2873.42
1588.24	2876.55
1589.79	2881.79
1591.34	2849.35
1592.88	2878.65
1594.43	2851.44
1595.97	2868.18
1597.52	2869.23
1599.06	2862.95
1600.61	2861.90
1602.15	2876.55
1603.70	2858.77
1605.24	2860.86
1606.79	2857.72
1608.33	2853.53
1609.87	2853.53
1611.41	2858.77
1612.96	2861.90
1614.50	2850.39
1616.04	2847.26
1617.58	2861.90
1619.12	2846.21
1620.67	2854.58
1622.21	2830.51
1623.75	2853.53
1625.29	2832.61
1626.83	2834.70
1628.37	2850.39
1629.90	2828.42
1631.44	2826.33
1632.98	2826.33
1634.52	2804.35
1636.06	2805.40
1637.59	2819.00
1639.13	2802.26
1640.67	2789.70
1642.21	2782.38
1643.74	2774.01
1645.28	2760.40
1646.81	2745.75
1648.35	2756.22
1649.88	2733.20
1651.42	2742.62
1652.95	2722.73
1654.49	2742.62
1656.02	2714.36
1657.55	2724.83
1659.09	2703.90
1660.62	2715.41
1662.15	2699.71
1663.68	2709.13
1665.22	2691.34
1666.75	2700.76
1668.28	2697.62
1669.81	2714.36
1671.34	2695.53
1672.87	2695.53
1674.40	2705.99
1675.93	2692.39
1677.46	2674.60
1678.99	2671.46
1680.52	2675.65
1682.04	2684.02
1683.57	2672.51
1685.10	2677.74
1686.63	2671.46
1688.15	2670.41
1689.68	2669.37
1691.21	2665.18
1692.73	2675.65
1694.26	2677.74
1695.78	2667.27
1697.31	2674.60
1698.83	2656.81
1700.36	2669.37
1701.88	2655.76
1703.40	2673.55
1704.93	2661.00
1706.45	2654.72
