896.35	2907.95
897.98	2913.18
899.60	2923.64
901.22	2941.43
902.85	2932.01
904.47	2941.43
906.10	2955.03
907.72	2949.80
909.34	2966.54
910.97	2979.10
912.59	3000.03
914.21	3024.10
915.84	3037.70
917.46	3073.28
919.08	3083.74
920.71	3095.25
922.33	3118.27
923.95	3126.64
925.58	3148.62
927.20	3145.48
928.82	3151.76
930.44	3165.36
932.07	3160.13
933.69	3153.85
935.31	3164.31
936.93	3178.96
938.56	3191.52
940.18	3193.61
941.80	3190.47
943.42	3199.89
945.05	3208.26
946.67	3193.61
948.29	3206.17
949.91	3204.08
951.53	3220.82
953.16	3213.50
954.78	3211.40
956.40	3203.03
958.02	3211.40
959.64	3206.17
961.26	3201.98
962.88	3215.59
964.51	3200.94
966.13	3219.77
967.75	3223.96
969.37	3211.40
970.99	3215.59
972.61	3207.22
974.23	3211.40
975.85	3215.59
977.47	3225.01
979.09	3211.40
980.71	3208.26
982.33	3216.63
983.95	3225.01
985.57	3231.28
987.19	3222.91
988.81	3228.14
990.43	3221.87
992.05	3219.77
993.67	3239.66
995.29	3239.66
996.91	3229.19
998.53	3252.21
1000.15	3249.07
1001.77	3251.17
1003.39	3254.30
1005.01	3258.49
1006.63	3268.95
1008.25	3271.05
1009.86	3276.28
1011.48	3265.82
1013.10	3274.19
1014.72	3288.84
1016.34	3286.74
1017.96	3308.72
1019.58	3290.93
1021.19	3288.84
1022.81	3295.11
1024.43	3309.76
1026.05	3301.39
1027.66	3312.90
1029.28	3310.81
1030.90	3312.90
1032.52	3308.72
1034.13	3315.00
1035.75	3321.27
1037.37	3326.51
1038.98	3338.02
1040.60	3324.41
1042.22	3313.95
1043.83	3322.32
1045.45	3325.46
1047.07	3327.55
1048.68	3329.65
1050.30	3325.46
1051.92	3329.65
1053.53	3325.46
1055.15	3329.65
1056.76	3317.09
1058.38	3328.60
1059.99	3338.02
1061.61	3331.74
1063.22	3319.18
1064.84	3332.78
1066.46	3323.37
1068.07	3320.23
1069.68	3326.51
1071.30	3338.02
1072.91	3319.18
1074.53	3322.32
1076.14	3328.60
1077.76	3318.14
1079.37	3326.51
1080.98	3301.39
1082.60	3310.81
1084.21	3311.86
1085.83	3313.95
1087.44	3316.04
1089.05	3298.25
1090.67	3301.39
1092.28	3299.30
1093.89	3301.39
1095.50	3301.39
1097.12	3299.30
1098.73	3311.86
1100.34	3295.11
1101.95	3311.86
1103.57	3303.49
1105.18	3294.07
1106.79	3283.60
1108.40	3304.53
1110.01	3306.62
1111.63	3304.53
1113.24	3312.90
1114.85	3305.58
1116.46	3301.39
1118.07	3312.90
1119.68	3297.21
1121.29	3316.04
1122.90	3308.72
1124.51	3310.81
1126.12	3306.62
1127.73	3309.76
1129.34	3312.90
1130.95	3326.51
1132.56	3322.32
1134.17	3293.02
1135.78	3295.11
1137.39	3305.58
1139.00	3293.02
1140.61	3305.58
1142.22	3317.09
1143.83	3298.25
1145.44	3317.09
1147.05	3309.76
1148.65	3304.53
1150.26	3293.02
1151.87	3298.25
1153.48	3306.62
1155.09	3311.86
1156.69	3312.90
1158.30	3297.21
1159.91	3303.49
1161.52	3311.86
1163.12	3304.53
1164.73	3299.30
1166.34	3327.55
1167.94	3317.09
1169.55	3316.04
1171.16	3310.81
1172.76	3316.04
1174.37	3315.00
1175.97	3318.14
1177.58	3304.53
1179.19	3325.46
1180.79	3305.58
1182.40	3316.04
1184.00	3317.09
1185.61	3326.51
1187.21	3321.27
1188.82	3311.86
1190.42	3312.90
1192.02	3315.00
1193.63	3305.58
1195.23	3318.14
1196.84	3312.90
1198.44	3319.18
1200.04	3321.27
1201.65	3323.37
1203.25	3322.32
1204.85	3318.14
1206.46	3305.58
1208.06	3318.14
1209.66	3295.11
1211.26	3302.44
1212.87	3319.18
1214.47	3303.49
1216.07	3311.86
1217.67	3307.67
1219.27	3309.76
1220.87	3304.53
1222.48	3304.53
1224.08	3300.35
1225.68	3308.72
1227.28	3304.53
1228.88	3296.16
1230.48	3293.02
1232.08	3279.42
1233.68	3302.44
1235.28	3300.35
1236.88	3284.65
1238.48	3279.42
1240.08	3304.53
1241.68	3261.63
1243.28	3279.42
1244.87	3283.60
1246.47	3272.09
1248.07	3262.68
1249.67	3270.00
1251.27	3278.37
1252.87	3262.68
1254.46	3253.26
1256.06	3257.44
1257.66	3256.40
1259.26	3256.40
1260.85	3260.58
1262.45	3260.58
1264.05	3256.40
1265.64	3252.21
1267.24	3250.12
1268.83	3257.44
1270.43	3254.30
1272.03	3259.54
1273.62	3246.98
1275.22	3233.38
1276.81	3245.93
1278.41	3235.47
1280.00	3241.75
1281.60	3229.19
1283.19	3233.38
1284.79	3248.03
1286.38	3229.19
1287.97	3232.33
1289.57	3225.01
1291.16	3231.28
1292.75	3217.68
1294.35	3225.01
1295.94	3215.59
1297.53	3226.05
1299.12	3208.26
1300.72	3225.01
1302.31	3196.75
1303.90	3222.91
1305.49	3220.82
1307.08	3212.45
1308.68	3203.03
1310.27	3208.26
1311.86	3194.66
1313.45	3193.61
1315.04	3190.47
1316.63	3199.89
1318.22	3196.75
1319.81	3186.29
1321.40	3178.96
1322.99	3189.43
1324.58	3167.45
1326.17	3178.96
1327.75	3174.78
1329.34	3168.50
1330.93	3164.31
1332.52	3161.18
1334.11	3163.27
1335.70	3154.90
1337.28	3147.57
1338.87	3153.85
1340.46	3155.94
1342.05	3147.57
1343.63	3144.43
1345.22	3158.04
1346.81	3148.62
1348.39	3138.15
1349.98	3137.11
1351.56	3125.60
1353.15	3118.27
1354.73	3123.50
1356.32	3111.99
1357.90	3115.13
1359.49	3111.99
1361.07	3098.39
1362.66	3093.16
1364.24	3088.97
1365.82	3086.88
1367.41	3092.11
1368.99	3078.51
1370.57	3072.23
1372.16	3074.32
1373.74	3072.23
1375.32	3071.18
1376.91	3061.77
1378.49	3042.93
1380.07	3013.63
1381.65	3004.22
1383.23	2993.75
1384.81	2988.52
1386.39	2983.29
1387.97	2993.75
1389.55	2984.33
1391.14	2974.92
1392.72	2956.08
1394.29	2951.90
1395.87	2947.71
1397.45	2936.20
1399.03	2938.29
1400.61	2924.69
1402.19	2907.95
1403.77	2912.13
1405.35	2932.01
1406.92	2918.41
1408.50	2912.13
1410.08	2910.04
1411.66	2906.90
1413.23	2903.76
1414.81	2908.99
1416.39	2894.34
1417.96	2901.67
1419.54	2890.16
1421.12	2891.20
1422.69	2901.67
1424.27	2883.88
1425.84	2895.39
1427.42	2883.88
1428.99	2878.65
1430.57	2878.65
1432.14	2876.55
1433.71	2873.42
1435.29	2883.88
1436.86	2882.83
1438.43	2879.69
1440.01	2875.51
1441.58	2757.26
1443.15	2878.65
1444.72	2876.55
1446.30	2872.37
1447.87	2877.60
1449.44	2866.09
1451.01	2864.00
1452.58	2879.69
1454.15	2873.42
1455.72	2861.90
1457.29	2862.95
1458.86	2871.32
1460.43	2860.86
1462.00	2879.69
1463.57	2878.65
1465.14	2881.79
1466.71	2859.81
1468.28	2860.86
1469.85	2869.23
1471.41	2873.42
1472.98	2862.95
1474.55	2876.55
1476.12	2859.81
1477.68	2868.18
1479.25	2878.65
1480.82	2868.18
1482.38	2874.46
1483.95	2861.90
1485.51	2872.37
1487.08	2884.93
1488.64	2879.69
1490.21	2881.79
1491.77	2871.32
1493.34	2885.97
1494.90	2881.79
1496.46	2880.74
1498.03	2889.11
1499.59	2880.74
1501.15	2878.65
1502.72	2876.55
1504.28	2889.11
1505.84	2877.60
1507.40	2881.79
1508.97	2895.39
1510.53	2892.25
1512.09	2897.48
1513.65	2897.48
1515.21	2895.39
1516.77	2883.88
1518.33	2904.81
1519.89	2889.11
1521.45	2891.20
1523.01	2895.39
1524.57	2891.20
1526.13	2891.20
1527.68	2898.53
1529.24	2905.85
1530.80	2893.30
1532.36	2901.67
1533.92	2897.48
1535.47	2883.88
1537.03	2883.88
1538.59	2893.30
1540.14	2891.20
1541.70	2885.97
1543.25	2897.48
1544.81	2895.39
1546.36	2898.53
1547.92	2883.88
1549.47	2896.44
1551.03	2888.06
1552.58	2882.83
1554.13	2884.93
1555.69	2894.34
1557.24	2878.65
1558.79	2877.60
1560.35	2866.09
1561.90	2884.93
1563.45	2878.65
1565.00	2885.97
1566.55	2879.69
1568.10	2875.51
1569.66	2868.18
1571.21	2882.83
1572.76	2878.65
1574.31	2873.42
1575.86	2873.42
1577.40	2870.28
1578.95	2870.28
1580.50	2871.32
1582.05	2857.72
1583.60	2859.81
1585.15	2847.26
1586.69	2862.95
1588.24	2865.04
1589.79	2865.04
1591.34	2844.12
1592.88	2869.23
1594.43	2849.35
1595.97	2866.09
1597.52	2857.72
1599.06	2857.72
1600.61	2847.26
1602.15	2853.53
1603.70	2852.49
1605.24	2850.39
1606.79	2855.63
1608.33	2842.02
1609.87	2845.16
1611.41	2850.39
1612.96	2853.53
1614.50	2828.42
1616.04	2830.51
1617.58	2842.02
1619.12	2844.12
1620.67	2840.98
1622.21	2814.82
1623.75	2838.88
1625.29	2817.96
1626.83	2816.91
1628.37	2833.65
1629.90	2816.91
1631.44	2811.68
1632.98	2808.54
1634.52	2791.80
1636.06	2798.07
1637.59	2810.63
1639.13	2790.75
1640.67	2785.52
1642.21	2777.15
1643.74	2765.64
1645.28	2750.99
1646.81	2735.29
1648.35	2750.99
1649.88	2723.78
1651.42	2725.87
1652.95	2710.18
1654.49	2727.97
1656.02	2703.90
1657.55	2714.36
1659.09	2694.48
1660.62	2705.99
1662.15	2697.62
1663.68	2696.57
1665.22	2689.25
1666.75	2691.34
1668.28	2677.74
1669.81	2698.67
1671.34	2682.97
1672.87	2687.16
1674.40	2688.20
1675.93	2678.78
1677.46	2664.13
1678.99	2666.23
1680.52	2665.18
1682.04	2679.83
1683.57	2669.37
1685.10	2672.51
1686.63	2665.18
1688.15	2671.46
1689.68	2661.00
1691.21	2656.81
1692.73	2652.62
1694.26	2665.18
1695.78	2651.58
1697.31	2662.04
1698.83	2649.49
1700.36	2656.81
1701.88	2642.16
1703.40	2661.00
1704.93	2646.35
1706.45	2646.35
