896.35	2980.15
897.98	2992.70
899.60	2998.98
901.22	3026.19
902.85	3016.77
904.47	3028.28
906.10	3029.33
907.72	3039.79
909.34	3054.44
910.97	3073.28
912.59	3100.48
914.21	3123.50
915.84	3137.11
917.46	3182.10
919.08	3205.12
920.71	3222.91
922.33	3243.84
923.95	3254.30
925.58	3276.28
927.20	3265.82
928.82	3279.42
930.44	3305.58
932.07	3293.02
933.69	3287.79
935.31	3305.58
936.93	3319.18
938.56	3322.32
940.18	3322.32
941.80	3322.32
943.42	3333.83
945.05	3346.39
946.67	3333.83
948.29	3339.06
949.91	3342.20
951.53	3345.34
953.16	3358.94
954.78	3356.85
956.40	3350.57
958.02	3350.57
959.64	3353.71
961.26	3342.20
962.88	3350.57
964.51	3330.69
966.13	3358.94
967.75	3355.81
969.37	3346.39
970.99	3352.67
972.61	3348.48
974.23	3346.39
975.85	3340.11
977.47	3352.67
979.09	3349.53
980.71	3346.39
982.33	3354.76
983.95	3358.94
985.57	3376.73
987.19	3359.99
988.81	3373.59
990.43	3364.18
992.05	3372.55
993.67	3383.01
995.29	3387.20
996.91	3370.46
998.53	3402.89
1000.15	3402.89
1001.77	3406.03
1003.39	3404.99
1005.01	3410.22
1006.63	3409.17
1008.25	3426.96
1009.86	3435.33
1011.48	3431.15
1013.10	3424.87
1014.72	3438.47
1016.34	3429.05
1017.96	3458.35
1019.58	3440.56
1021.19	3447.89
1022.81	3454.17
1024.43	3467.77
1026.05	3460.45
1027.66	3480.33
1029.28	3477.19
1030.90	3475.10
1032.52	3459.40
1034.13	3483.47
1035.75	3487.65
1037.37	3488.70
1038.98	3494.98
1040.60	3490.79
1042.22	3473.00
1043.83	3497.07
1045.45	3490.79
1047.07	3497.07
1048.68	3492.88
1050.30	3490.79
1051.92	3490.79
1053.53	3493.93
1055.15	3489.74
1056.76	3497.07
1058.38	3497.07
1059.99	3508.58
1061.61	3491.84
1063.22	3488.70
1064.84	3492.88
1066.46	3483.47
1068.07	3476.14
1069.68	3481.37
1071.30	3490.79
1072.91	3482.42
1074.53	3476.14
1076.14	3491.84
1077.76	3483.47
1079.37	3491.84
1080.98	3453.12
1082.60	3469.86
1084.21	3461.49
1085.83	3466.72
1087.44	3483.47
1089.05	3457.31
1090.67	3449.98
1092.28	3459.40
1093.89	3465.68
1095.50	3464.63
1097.12	3463.58
1098.73	3477.19
1100.34	3442.66
1101.95	3468.82
1103.57	3463.58
1105.18	3459.40
1106.79	3452.07
1108.40	3467.77
1110.01	3456.26
1111.63	3463.58
1113.24	3466.72
1114.85	3461.49
1116.46	3451.03
1118.07	3460.45
1119.68	3447.89
1121.29	3460.45
1122.90	3454.17
1124.51	3468.82
1126.12	3473.00
1127.73	3478.23
1129.34	3477.19
1130.95	3482.42
1132.56	3479.28
1134.17	3457.31
1135.78	3458.35
1137.39	3471.96
1139.00	3446.84
1140.61	3461.49
1142.22	3464.63
1143.83	3463.58
1145.44	3460.45
1147.05	3464.63
1148.65	3467.77
1150.26	3460.45
1151.87	3455.21
1153.48	3462.54
1155.09	3466.72
1156.69	3466.72
1158.30	3445.80
1159.91	3460.45
1161.52	3475.10
1163.12	3469.86
1164.73	3461.49
1166.34	3479.28
1167.94	3460.45
1169.55	3473.00
1171.16	3470.91
1172.76	3474.05
1174.37	3460.45
1175.97	3474.05
1177.58	3456.26
1179.19	3491.84
1180.79	3465.68
1182.40	3476.14
1184.00	3457.31
1185.61	3480.33
1187.21	3475.10
1188.82	3479.28
1190.42	3463.58
1192.02	3466.72
1193.63	3460.45
1195.23	3477.19
1196.84	3471.96
1198.44	3474.05
1200.04	3480.33
1201.65	3485.56
1203.25	3463.58
1204.85	3479.28
1206.46	3462.54
1208.06	3464.63
1209.66	3456.26
1211.26	3464.63
1212.87	3478.23
1214.47	3460.45
1216.07	3462.54
1217.67	3454.17
1219.27	3449.98
1220.87	3451.03
1222.48	3451.03
1224.08	3441.61
1225.68	3444.75
1227.28	3447.89
1228.88	3436.38
1230.48	3446.84
1232.08	3429.05
1233.68	3445.80
1235.28	3445.80
1236.88	3440.56
1238.48	3433.24
1240.08	3447.89
1241.68	3407.08
1243.28	3419.64
1244.87	3402.89
1246.47	3400.80
1248.07	3397.66
1249.67	3410.22
1251.27	3413.36
1252.87	3396.62
1254.46	3384.06
1256.06	3391.38
1257.66	3391.38
1259.26	3386.15
1260.85	3383.01
1262.45	3379.87
1264.05	3371.50
1265.64	3375.69
1267.24	3380.92
1268.83	3387.20
1270.43	3380.92
1272.03	3398.71
1273.62	3375.69
1275.22	3363.13
1276.81	3380.92
1278.41	3372.55
1280.00	3366.27
1281.60	3372.55
1283.19	3359.99
1284.79	3369.41
1286.38	3357.90
1287.97	3366.27
1289.57	3350.57
1291.16	3350.57
1292.75	3341.16
1294.35	3345.34
1295.94	3347.43
1297.53	3361.04
1299.12	3338.02
1300.72	3352.67
1302.31	3318.14
1303.90	3353.71
1305.49	3343.25
1307.08	3327.55
1308.68	3326.51
1310.27	3328.60
1311.86	3322.32
1313.45	3322.32
1315.04	3311.86
1316.63	3318.14
1318.22	3315.00
1319.81	3307.67
1321.40	3305.58
1322.99	3320.23
1324.58	3289.88
1326.17	3297.21
1327.75	3279.42
1329.34	3288.84
1330.93	3282.56
1332.52	3288.84
1334.11	3273.14
1335.70	3262.68
1337.28	3259.54
1338.87	3277.33
1340.46	3266.86
1342.05	3265.82
1343.63	3261.63
1345.22	3255.35
1346.81	3251.17
1348.39	3251.17
1349.98	3239.66
1351.56	3237.56
1353.15	3225.01
1354.73	3226.05
1356.32	3209.31
1357.90	3210.36
1359.49	3205.12
1361.07	3194.66
1362.66	3184.20
1364.24	3181.06
1365.82	3187.34
1367.41	3194.66
1368.99	3165.36
1370.57	3161.18
1372.16	3176.87
1373.74	3169.55
1375.32	3146.53
1376.91	3146.53
1378.49	3109.90
1380.07	3086.88
1381.65	3083.74
1383.23	3069.09
1384.81	3067.00
1386.39	3059.67
1387.97	3056.54
1389.55	3048.16
1391.14	3042.93
1392.72	3015.73
1394.29	3013.63
1395.87	3014.68
1397.45	3004.22
1399.03	3004.22
1400.61	2987.47
1402.19	2987.47
1403.77	2970.73
1405.35	2985.38
1406.92	2967.59
1408.50	2964.45
1410.08	2962.36
1411.66	2961.31
1413.23	2958.17
1414.81	2959.22
1416.39	2946.66
1417.96	2961.31
1419.54	2946.66
1421.12	2949.80
1422.69	2952.94
1424.27	2943.52
1425.84	2949.80
1427.42	2946.66
1428.99	2943.52
1430.57	2934.11
1432.14	2922.60
1433.71	2929.92
1435.29	2937.25
1436.86	2942.48
1438.43	2927.83
1440.01	2921.55
1441.58	2801.21
1443.15	2926.78
1444.72	2928.87
1446.30	2927.83
1447.87	2929.92
1449.44	2915.27
1451.01	2910.04
1452.58	2923.64
1454.15	2921.55
1455.72	2907.95
1457.29	2912.13
1458.86	2920.50
1460.43	2911.09
1462.00	2932.01
1463.57	2916.32
1465.14	2919.46
1466.71	2906.90
1468.28	2916.32
1469.85	2919.46
1471.41	2920.50
1472.98	2907.95
1474.55	2934.11
1476.12	2907.95
1477.68	2916.32
1479.25	2925.74
1480.82	2916.32
1482.38	2919.46
1483.95	2908.99
1485.51	2922.60
1487.08	2935.15
1488.64	2930.97
1490.21	2927.83
1491.77	2915.27
1493.34	2940.38
1494.90	2917.36
1496.46	2920.50
1498.03	2922.60
1499.59	2920.50
1501.15	2926.78
1502.72	2929.92
1504.28	2935.15
1505.84	2927.83
1507.40	2922.60
1508.97	2943.52
1510.53	2933.06
1512.09	2943.52
1513.65	2939.34
1515.21	2946.66
1516.77	2934.11
1518.33	2947.71
1519.89	2935.15
1521.45	2937.25
1523.01	2942.48
1524.57	2950.85
1526.13	2944.57
1527.68	2951.90
1529.24	2958.17
1530.80	2946.66
1532.36	2943.52
1533.92	2940.38
1535.47	2940.38
1537.03	2937.25
1538.59	2945.62
1540.14	2933.06
1541.70	2925.74
1543.25	2950.85
1544.81	2941.43
1546.36	2949.80
1547.92	2932.01
1549.47	2933.06
1551.03	2930.97
1552.58	2928.87
1554.13	2930.97
1555.69	2947.71
1557.24	2930.97
1558.79	2929.92
1560.35	2928.87
1561.90	2934.11
1563.45	2916.32
1565.00	2922.60
1566.55	2910.04
1568.10	2917.36
1569.66	2911.09
1571.21	2930.97
1572.76	2928.87
1574.31	2924.69
1575.86	2920.50
1577.40	2908.99
1578.95	2912.13
1580.50	2907.95
1582.05	2902.71
1583.60	2901.67
1585.15	2891.20
1586.69	2902.71
1588.24	2901.67
1589.79	2906.90
1591.34	2889.11
1592.88	2913.18
1594.43	2896.44
1595.97	2898.53
1597.52	2896.44
1599.06	2897.48
1600.61	2885.97
1602.15	2907.95
1603.70	2901.67
1605.24	2901.67
1606.79	2892.25
1608.33	2885.97
1609.87	2885.97
1611.41	2895.39
1612.96	2890.16
1614.50	2876.55
1616.04	2880.74
1617.58	2887.02
1619.12	2874.46
1620.67	2884.93
1622.21	2849.35
1623.75	2881.79
1625.29	2860.86
1626.83	2864.00
1628.37	2874.46
1629.90	2847.26
1631.44	2842.02
1632.98	2846.21
1634.52	2824.23
1636.06	2825.28
1637.59	2834.70
1639.13	2823.19
1640.67	2808.54
1642.21	2795.98
1643.74	2798.07
1645.28	2777.15
1646.81	2756.22
1648.35	2767.73
1649.88	2744.71
1651.42	2753.08
1652.95	2735.29
1654.49	2742.62
1656.02	2715.41
1657.55	2721.69
1659.09	2694.48
1660.62	2713.32
1662.15	2705.99
1663.68	2707.04
1665.22	2696.57
1666.75	2696.57
1668.28	2691.34
1669.81	2708.08
1671.34	2687.16
1672.87	2694.48
1674.40	2699.71
1675.93	2687.16
1677.46	2678.78
1678.99	2672.51
1680.52	2680.88
1682.04	2686.11
1683.57	2674.60
1685.10	2679.83
1686.63	2671.46
1688.15	2677.74
1689.68	2664.13
1691.21	2672.51
1692.73	2669.37
1694.26	2680.88
1695.78	2672.51
1697.31	2665.18
1698.83	2651.58
1700.36	2654.72
1701.88	2649.49
1703.40	2672.51
1704.93	2658.90
1706.45	2662.04
