896.35	2815.86
897.98	2816.21
899.60	2821.44
901.22	2824.58
902.85	2825.63
904.47	2828.77
906.10	2829.12
907.72	2835.40
909.34	2836.09
910.97	2845.86
912.59	2847.60
914.21	2852.14
915.84	2855.63
917.46	2865.74
919.08	2869.23
920.71	2879.69
922.33	2881.09
923.95	2895.04
925.58	2889.81
927.20	2892.95
928.82	2891.55
930.44	2897.13
932.07	2889.46
933.69	2884.58
935.31	2884.93
936.93	2897.13
938.56	2898.18
940.18	2900.97
941.80	2900.27
943.42	2912.13
945.05	2908.64
946.67	2914.92
948.29	2903.06
949.91	2914.92
951.53	2914.22
953.16	2926.78
954.78	2919.46
956.40	2918.76
958.02	2911.43
959.64	2918.76
961.26	2918.41
962.88	2921.20
964.51	2920.50
966.13	2926.43
967.75	2921.20
969.37	2921.20
970.99	2913.53
972.61	2922.60
974.23	2919.81
975.85	2926.78
977.47	2920.85
979.09	2924.34
980.71	2919.46
982.33	2929.57
983.95	2933.06
985.57	2940.73
987.19	2942.83
988.81	2943.18
990.43	2936.20
992.05	2936.20
993.67	2932.36
995.29	2935.15
996.91	2934.80
998.53	2940.38
1000.15	2943.87
1001.77	2943.52
1003.39	2939.34
1005.01	2944.57
1006.63	2945.27
1008.25	2954.34
1009.86	2951.20
1011.48	2953.64
1013.10	2952.94
1014.72	2960.62
1016.34	2965.50
1017.96	2964.45
1019.58	2952.94
1021.19	2948.76
1022.81	2950.50
1024.43	2958.87
1026.05	2959.22
1027.66	2962.71
1029.28	2963.06
1030.90	2963.41
1032.52	2956.78
1034.13	2962.01
1035.75	2959.57
1037.37	2968.99
1038.98	2960.96
1040.60	2962.01
1042.22	2952.94
1043.83	2961.31
1045.45	2964.45
1047.07	2977.01
1048.68	2970.03
1050.30	2974.92
1051.92	2966.89
1053.53	2976.31
1055.15	2971.43
1056.76	2975.96
1058.38	2972.13
1059.99	2973.87
1061.61	2966.54
1063.22	2969.68
1064.84	2967.24
1066.46	2970.73
1068.07	2964.10
1069.68	2973.17
1071.30	2973.87
1072.91	2976.66
1074.53	2972.82
1076.14	2974.22
1077.76	2973.52
1079.37	2964.45
1080.98	2961.31
1082.60	2964.80
1084.21	2968.29
1085.83	2974.57
1087.44	2965.50
1089.05	2967.94
1090.67	2960.96
1092.28	2970.03
1093.89	2970.73
1095.50	2972.82
1097.12	2970.73
1098.73	2967.94
1100.34	2967.59
1101.95	2968.29
1103.57	2967.94
1105.18	2968.29
1106.79	2964.80
1108.40	2968.99
1110.01	2970.38
1111.63	2976.31
1113.24	2973.52
1114.85	2971.78
1116.46	2970.38
1118.07	2974.92
1119.68	2978.40
1121.29	2975.26
1122.90	2971.43
1124.51	2974.57
1126.12	2977.01
1127.73	2984.68
1129.34	2984.68
1130.95	2988.87
1132.56	2975.26
1134.17	2971.78
1135.78	2967.59
1137.39	2975.96
1139.00	2971.78
1140.61	2976.66
1142.22	2974.57
1143.83	2979.45
1145.44	2972.47
1147.05	2980.15
1148.65	2975.96
1150.26	2979.10
1151.87	2970.03
1153.48	2979.10
1155.09	2978.06
1156.69	2979.10
1158.30	2972.47
1159.91	2975.96
1161.52	2978.40
1163.12	2977.01
1164.73	2974.57
1166.34	2974.92
1167.94	2977.71
1169.55	2981.19
1171.16	2982.24
1172.76	2982.59
1174.37	2977.71
1175.97	2975.26
1177.58	2975.96
1179.19	2975.96
1180.79	2976.31
1182.40	2974.22
1184.00	2977.36
1185.61	2985.03
1187.21	2985.03
1188.82	2987.47
1190.42	2980.15
1192.02	2980.15
1193.63	2975.96
1195.23	2978.75
1196.84	2980.15
1198.44	2985.73
1200.04	2984.68
1201.65	2985.73
1203.25	2983.29
1204.85	2982.59
1206.46	2981.54
1208.06	2978.40
1209.66	2979.80
1211.26	2986.08
1212.87	2983.29
1214.47	2986.43
1216.07	2980.15
1217.67	2986.43
1219.27	2981.54
1220.87	2984.33
1222.48	2977.36
1224.08	2983.98
1225.68	2984.33
1227.28	2989.22
1228.88	2986.78
1230.48	2983.64
1232.08	2982.94
1233.68	2985.03
1235.28	2983.64
1236.88	2985.03
1238.48	2987.47
1240.08	2988.52
1241.68	2985.38
1243.28	2980.50
1244.87	2978.75
1246.47	2980.50
1248.07	2977.71
1249.67	2989.91
1251.27	2986.78
1252.87	2986.08
1254.46	2973.87
1256.06	2978.75
1257.66	2973.52
1259.26	2975.26
1260.85	2970.73
1262.45	2977.71
1264.05	2974.22
1265.64	2979.10
1267.24	2978.06
1268.83	2980.50
1270.43	2980.15
1272.03	2982.94
1273.62	2979.45
1275.22	2981.54
1276.81	2976.66
1278.41	2982.94
1280.00	2975.61
1281.60	2974.92
1283.19	2970.73
1284.79	2971.08
1286.38	2971.78
1287.97	2973.87
1289.57	2972.82
1291.16	2967.24
1292.75	2965.15
1294.35	2966.89
1295.94	2974.22
1297.53	2971.43
1299.12	2973.17
1300.72	2967.94
1302.31	2973.17
1303.90	2977.36
1305.49	2978.75
1307.08	2975.61
1308.68	2966.89
1310.27	2969.68
1311.86	2967.24
1313.45	2966.89
1315.04	2964.80
1316.63	2968.29
1318.22	2965.15
1319.81	2965.15
1321.40	2965.85
1322.99	2964.45
1324.58	2958.17
1326.17	2952.94
1327.75	2953.99
1329.34	2956.78
1330.93	2955.03
1332.52	2955.73
1334.11	2955.73
1335.70	2952.94
1337.28	2950.85
1338.87	2948.76
1340.46	2949.10
1342.05	2949.45
1343.63	2946.66
1345.22	2951.90
1346.81	2949.80
1348.39	2950.50
1349.98	2945.27
1351.56	2945.62
1353.15	2947.71
1354.73	2944.22
1356.32	2941.08
1357.90	2941.08
1359.49	2942.13
1361.07	2942.83
1362.66	2934.80
1364.24	2934.80
1365.82	2936.90
1367.41	2939.69
1368.99	2933.06
1370.57	2932.01
1372.16	2929.22
1373.74	2932.71
1375.32	2928.18
1376.91	2923.64
1378.49	2917.71
1380.07	2913.53
1381.65	2911.09
1383.23	2911.43
1384.81	2906.55
1386.39	2905.50
1387.97	2900.62
1389.55	2902.02
1391.14	2896.44
1392.72	2896.78
1394.29	2892.60
1395.87	2890.86
1397.45	2888.06
1399.03	2888.76
1400.61	2889.46
1402.19	2883.18
1403.77	2883.88
1405.35	2883.18
1406.92	2887.02
1408.50	2884.93
1410.08	2883.53
1411.66	2884.23
1413.23	2885.97
1414.81	2882.83
1416.39	2887.37
1417.96	2881.79
1419.54	2887.37
1421.12	2883.18
1422.69	2881.44
1424.27	2882.83
1425.84	2880.04
1427.42	2883.53
1428.99	2882.83
1430.57	2882.83
1432.14	2880.74
1433.71	2885.62
1435.29	2885.97
1436.86	2888.76
1438.43	2879.69
1440.01	2820.05
1441.58	2820.40
1443.15	2822.14
1444.72	2879.69
1446.30	2881.09
1447.87	2881.79
1449.44	2881.79
1451.01	2878.30
1452.58	2880.04
1454.15	2879.69
1455.72	2879.00
1457.29	2880.74
1458.86	2881.44
1460.43	2889.81
1462.00	2887.02
1463.57	2887.72
1465.14	2877.60
1466.71	2873.76
1468.28	2876.21
1469.85	2879.34
1471.41	2880.74
1472.98	2883.88
1474.55	2881.09
1476.12	2881.79
1477.68	2879.34
1479.25	2882.14
1480.82	2885.62
1482.38	2883.18
1483.95	2883.88
1485.51	2886.67
1487.08	2890.16
1488.64	2892.95
1490.21	2884.58
1491.77	2885.97
1493.34	2880.39
1494.90	2881.79
1496.46	2882.14
1498.03	2883.53
1499.59	2888.41
1501.15	2885.97
1502.72	2887.72
1504.28	2884.23
1505.84	2879.00
1507.40	2883.53
1508.97	2887.37
1510.53	2896.78
1512.09	2895.39
1513.65	2894.69
1515.21	2887.02
1516.77	2886.67
1518.33	2885.62
1519.89	2888.06
1521.45	2887.02
1523.01	2890.86
1524.57	2895.04
1526.13	2895.74
1527.68	2897.48
1529.24	2896.78
1530.80	2899.23
1532.36	2892.60
1533.92	2886.32
1535.47	2881.09
1537.03	2882.83
1538.59	2886.67
1540.14	2885.62
1541.70	2889.11
1543.25	2890.86
1544.81	2897.13
1546.36	2891.90
1547.92	2893.30
1549.47	2890.86
1551.03	2890.16
1552.58	2887.37
1554.13	2887.37
1555.69	2886.32
1557.24	2885.27
1558.79	2882.48
1560.35	2886.67
1561.90	2884.93
1563.45	2884.58
1565.00	2882.83
1566.55	2882.83
1568.10	2879.34
1569.66	2881.44
1571.21	2885.97
1572.76	2890.86
1574.31	2889.11
1575.86	2882.83
1577.40	2881.44
1578.95	2878.65
1580.50	2874.46
1582.05	2872.37
1583.60	2868.88
1585.15	2871.32
1586.69	2871.67
1588.24	2878.30
1589.79	2877.25
1591.34	2878.65
1592.88	2868.88
1594.43	2871.67
1595.97	2866.79
1597.52	2870.62
1599.06	2865.39
1600.61	2869.23
1602.15	2867.49
1603.70	2867.49
1605.24	2861.56
1606.79	2857.72
1608.33	2856.67
1609.87	2856.67
1611.41	2862.25
1612.96	2862.60
1614.50	2862.25
1616.04	2861.21
1617.58	2860.16
1619.12	2861.90
1620.67	2852.84
1622.21	2857.02
1623.75	2853.18
1625.29	2854.23
1626.83	2854.58
1628.37	2852.49
1629.90	2853.18
1631.44	2847.95
1632.98	2843.42
1634.52	2841.67
1636.06	2843.77
1637.59	2844.46
1639.13	2846.21
1640.67	2835.40
1642.21	2833.65
1643.74	2824.93
1645.28	2820.05
1646.81	2817.61
1648.35	2808.89
1649.88	2809.24
1651.42	2798.77
1652.95	2805.05
1654.49	2798.42
1656.02	2799.82
1657.55	2786.91
1659.09	2789.35
1660.62	2785.17
1662.15	2792.49
1663.68	2784.82
1665.22	2782.03
1666.75	2775.05
1668.28	2779.59
1669.81	2779.59
1671.34	2780.29
1672.87	2779.59
1674.40	2776.80
1675.93	2769.82
1677.46	2760.06
1678.99	2755.17
1680.52	2761.45
1682.04	2762.85
1683.57	2767.38
1685.10	2759.36
1686.63	2761.80
1688.15	2754.47
1689.68	2756.57
1691.21	2752.03
1692.73	2757.26
1694.26	2754.13
1695.78	2750.64
1697.31	2745.06
1698.83	2746.80
1700.36	2742.62
1701.88	2745.41
1703.40	2739.48
1704.93	2739.82
1706.45	2733.20
