896.35	2761.45
897.98	2753.78
899.60	2755.52
901.22	2761.10
902.85	2762.85
904.47	2766.68
906.10	2765.29
907.72	2770.17
909.34	2766.68
910.97	2773.66
912.59	2770.87
914.21	2773.31
915.84	2774.01
917.46	2783.42
919.08	2785.17
920.71	2793.19
922.33	2787.61
923.95	2800.52
925.58	2794.24
927.20	2799.82
928.82	2793.19
930.44	2799.12
932.07	2794.94
933.69	2796.33
935.31	2793.54
936.93	2802.96
938.56	2799.82
940.18	2802.61
941.80	2798.77
943.42	2810.28
945.05	2807.49
946.67	2815.17
948.29	2803.31
949.91	2812.38
951.53	2810.28
953.16	2819.70
954.78	2811.68
956.40	2812.72
958.02	2806.10
959.64	2814.12
961.26	2810.63
962.88	2816.91
964.51	2816.91
966.13	2825.63
967.75	2820.75
969.37	2823.54
970.99	2812.72
972.61	2817.26
974.23	2810.28
975.85	2821.79
977.47	2818.65
979.09	2820.75
980.71	2814.12
982.33	2823.19
983.95	2829.82
985.57	2836.79
987.19	2836.79
988.81	2836.79
990.43	2832.61
992.05	2835.40
993.67	2834.70
995.29	2832.61
996.91	2828.07
998.53	2831.56
1000.15	2834.70
1001.77	2837.14
1003.39	2831.21
1005.01	2840.63
1006.63	2838.54
1008.25	2849.35
1009.86	2841.67
1011.48	2843.77
1013.10	2837.84
1014.72	2843.77
1016.34	2849.70
1017.96	2850.74
1019.58	2841.67
1021.19	2834.35
1022.81	2832.61
1024.43	2841.67
1026.05	2844.81
1027.66	2847.95
1029.28	2840.98
1030.90	2840.98
1032.52	2836.44
1034.13	2844.81
1035.75	2843.07
1037.37	2853.88
1038.98	2849.35
1040.60	2849.35
1042.22	2835.74
1043.83	2837.49
1045.45	2833.30
1047.07	2844.12
1048.68	2837.84
1050.30	2846.56
1051.92	2837.84
1053.53	2848.65
1055.15	2843.07
1056.76	2851.44
1058.38	2847.95
1059.99	2852.84
1061.61	2843.77
1063.22	2847.60
1064.84	2842.02
1066.46	2848.30
1068.07	2839.23
1069.68	2851.09
1071.30	2846.21
1072.91	2849.35
1074.53	2842.72
1076.14	2849.00
1077.76	2850.74
1079.37	2846.56
1080.98	2842.72
1082.60	2843.07
1084.21	2844.12
1085.83	2849.00
1087.44	2841.67
1089.05	2843.07
1090.67	2834.70
1092.28	2843.07
1093.89	2843.42
1095.50	2847.95
1097.12	2846.21
1098.73	2844.46
1100.34	2845.16
1101.95	2848.30
1103.57	2845.16
1105.18	2843.77
1106.79	2838.54
1108.40	2846.56
1110.01	2846.91
1111.63	2850.74
1113.24	2846.56
1114.85	2848.65
1116.46	2846.21
1118.07	2850.05
1119.68	2850.05
1121.29	2849.70
1122.90	2845.16
1124.51	2846.91
1126.12	2849.00
1127.73	2856.32
1129.34	2857.02
1130.95	2862.60
1132.56	2853.18
1134.17	2850.74
1135.78	2846.91
1137.39	2853.53
1139.00	2848.30
1140.61	2849.70
1142.22	2847.95
1143.83	2856.32
1145.44	2850.05
1147.05	2856.67
1148.65	2851.79
1150.26	2856.67
1151.87	2849.35
1153.48	2854.93
1155.09	2851.09
1156.69	2849.00
1158.30	2840.28
1159.91	2845.86
1161.52	2847.95
1163.12	2853.53
1164.73	2852.49
1166.34	2854.23
1167.94	2853.18
1169.55	2853.88
1171.16	2853.53
1172.76	2854.58
1174.37	2852.49
1175.97	2851.79
1177.58	2853.18
1179.19	2850.39
1180.79	2847.26
1182.40	2845.86
1184.00	2849.00
1185.61	2857.72
1187.21	2853.88
1188.82	2855.98
1190.42	2850.39
1192.02	2851.09
1193.63	2847.26
1195.23	2851.79
1196.84	2855.98
1198.44	2862.25
1200.04	2858.42
1201.65	2858.42
1203.25	2853.88
1204.85	2853.88
1206.46	2851.09
1208.06	2846.56
1209.66	2844.81
1211.26	2853.53
1212.87	2852.49
1214.47	2857.02
1216.07	2849.00
1217.67	2855.63
1219.27	2850.39
1220.87	2854.58
1222.48	2847.26
1224.08	2853.53
1225.68	2849.00
1227.28	2855.98
1228.88	2854.93
1230.48	2856.67
1232.08	2855.28
1233.68	2859.46
1235.28	2856.67
1236.88	2858.07
1238.48	2858.77
1240.08	2860.16
1241.68	2857.72
1243.28	2852.49
1244.87	2851.79
1246.47	2852.84
1248.07	2852.49
1249.67	2859.46
1251.27	2855.28
1252.87	2853.88
1254.46	2845.16
1256.06	2853.18
1257.66	2848.65
1259.26	2853.18
1260.85	2849.00
1262.45	2858.07
1264.05	2855.28
1265.64	2860.51
1267.24	2856.32
1268.83	2859.11
1270.43	2859.46
1272.03	2860.86
1273.62	2853.88
1275.22	2853.88
1276.81	2850.74
1278.41	2860.86
1280.00	2854.93
1281.60	2855.63
1283.19	2850.39
1284.79	2853.88
1286.38	2855.28
1287.97	2856.67
1289.57	2851.79
1291.16	2849.70
1292.75	2850.39
1294.35	2853.53
1295.94	2854.93
1297.53	2852.49
1299.12	2852.14
1300.72	2849.70
1302.31	2854.23
1303.90	2859.11
1305.49	2858.42
1307.08	2854.58
1308.68	2846.91
1310.27	2852.49
1311.86	2847.95
1313.45	2847.60
1315.04	2842.72
1316.63	2846.56
1318.22	2842.72
1319.81	2841.67
1321.40	2840.63
1322.99	2840.63
1324.58	2839.93
1326.17	2837.84
1327.75	2837.84
1329.34	2839.23
1330.93	2837.14
1332.52	2839.58
1334.11	2835.74
1335.70	2832.26
1337.28	2827.72
1338.87	2831.21
1340.46	2835.05
1342.05	2837.84
1343.63	2834.00
1345.22	2838.88
1346.81	2839.23
1348.39	2840.98
1349.98	2832.95
1351.56	2831.91
1353.15	2836.44
1354.73	2840.63
1356.32	2839.23
1357.90	2839.58
1359.49	2839.58
1361.07	2845.51
1362.66	2840.28
1364.24	2841.33
1365.82	2839.58
1367.41	2838.54
1368.99	2832.26
1370.57	2831.91
1372.16	2832.26
1373.74	2839.93
1375.32	2839.23
1376.91	2840.98
1378.49	2835.74
1380.07	2836.79
1381.65	2833.30
1383.23	2833.30
1384.81	2826.68
1386.39	2830.16
1387.97	2828.77
1389.55	2833.30
1391.14	2829.12
1392.72	2830.16
1394.29	2829.47
1395.87	2826.68
1397.45	2827.72
1399.03	2830.16
1400.61	2834.00
1402.19	2832.61
1403.77	2835.74
1405.35	2838.19
1406.92	2842.72
1408.50	2839.23
1410.08	2836.44
1411.66	2834.70
1413.23	2838.54
1414.81	2836.44
1416.39	2837.49
1417.96	2832.61
1419.54	2837.49
1421.12	2838.54
1422.69	2831.91
1424.27	2830.51
1425.84	2826.33
1427.42	2829.82
1428.99	2830.51
1430.57	2829.12
1432.14	2829.47
1433.71	2835.05
1435.29	2839.58
1436.86	2842.37
1438.43	2834.70
1440.01	2774.01
1441.58	2775.75
1443.15	2781.68
1444.72	2841.67
1446.30	2842.72
1447.87	2836.79
1449.44	2831.56
1451.01	2829.12
1452.58	2834.70
1454.15	2837.14
1455.72	2834.00
1457.29	2832.95
1458.86	2834.70
1460.43	2840.98
1462.00	2841.33
1463.57	2844.12
1465.14	2838.19
1466.71	2833.30
1468.28	2834.00
1469.85	2838.88
1471.41	2842.37
1472.98	2841.67
1474.55	2836.79
1476.12	2834.35
1477.68	2835.74
1479.25	2836.09
1480.82	2839.58
1482.38	2831.91
1483.95	2836.09
1485.51	2839.23
1487.08	2846.21
1488.64	2842.02
1490.21	2834.00
1491.77	2833.30
1493.34	2831.56
1494.90	2832.95
1496.46	2834.35
1498.03	2836.44
1499.59	2836.79
1501.15	2832.26
1502.72	2834.35
1504.28	2834.35
1505.84	2832.26
1507.40	2831.56
1508.97	2832.61
1510.53	2839.93
1512.09	2842.72
1513.65	2844.12
1515.21	2837.14
1516.77	2835.74
1518.33	2831.91
1519.89	2830.51
1521.45	2827.37
1523.01	2828.42
1524.57	2829.12
1526.13	2828.07
1527.68	2832.26
1529.24	2831.21
1530.80	2836.79
1532.36	2830.86
1533.92	2827.72
1535.47	2819.35
1537.03	2817.96
1538.59	2819.70
1540.14	2816.21
1541.70	2819.70
1543.25	2822.14
1544.81	2828.42
1546.36	2820.05
1547.92	2817.96
1549.47	2816.91
1551.03	2817.96
1552.58	2817.96
1554.13	2817.26
1555.69	2820.40
1557.24	2820.40
1558.79	2816.56
1560.35	2815.51
1561.90	2810.28
1563.45	2811.33
1565.00	2810.63
1566.55	2813.07
1568.10	2806.45
1569.66	2805.05
1571.21	2805.05
1572.76	2810.63
1574.31	2810.98
1575.86	2808.89
1577.40	2805.75
1578.95	2802.61
1580.50	2798.07
1582.05	2795.63
1583.60	2791.80
1585.15	2792.84
1586.69	2794.59
1588.24	2799.47
1589.79	2796.33
1591.34	2796.68
1592.88	2787.61
1594.43	2792.49
1595.97	2790.05
1597.52	2795.63
1599.06	2792.14
1600.61	2797.38
1602.15	2798.42
1603.70	2798.77
1605.24	2793.89
1606.79	2789.70
1608.33	2786.91
1609.87	2786.91
1611.41	2792.49
1612.96	2793.54
1614.50	2792.49
1616.04	2787.96
1617.58	2789.01
1619.12	2789.01
1620.67	2781.68
1622.21	2780.29
1623.75	2774.70
1625.29	2778.54
1626.83	2782.38
1628.37	2782.38
1629.90	2780.98
1631.44	2774.70
1632.98	2772.96
1634.52	2771.22
1636.06	2777.84
1637.59	2783.08
1639.13	2786.22
1640.67	2780.29
1642.21	2778.54
1643.74	2775.75
1645.28	2770.52
1646.81	2773.66
1648.35	2771.57
1649.88	2775.05
1651.42	2765.64
1652.95	2769.12
1654.49	2765.64
1656.02	2767.73
1657.55	2760.75
1659.09	2762.50
1660.62	2759.71
1662.15	2764.59
1663.68	2761.10
1665.22	2761.80
1666.75	2757.96
1668.28	2763.54
1669.81	2762.85
1671.34	2764.59
1672.87	2762.50
1674.40	2760.40
1675.93	2754.13
1677.46	2746.80
1678.99	2742.96
1680.52	2746.45
1682.04	2746.80
1683.57	2750.99
1685.10	2745.75
1686.63	2747.15
1688.15	2740.52
1689.68	2740.52
1691.21	2736.69
1692.73	2739.48
1694.26	2739.13
1695.78	2739.13
1697.31	2735.64
1698.83	2733.90
1700.36	2728.31
1701.88	2731.80
1703.40	2729.36
1704.93	2731.10
1706.45	2726.92
