896.35	2868.18
897.98	2867.83
899.60	2874.46
901.22	2881.44
902.85	2882.14
904.47	2884.58
906.10	2886.32
907.72	2892.95
909.34	2895.04
910.97	2904.11
912.59	2912.13
914.21	2921.20
915.84	2930.27
917.46	2942.48
919.08	2948.06
920.71	2960.27
922.33	2964.80
923.95	2983.29
925.58	2979.45
927.20	2985.38
928.82	2985.03
930.44	2992.36
932.07	2988.17
933.69	2986.08
935.31	2987.82
936.93	2996.89
938.56	2998.63
940.18	3001.77
941.80	3004.56
943.42	3016.77
945.05	3013.98
946.67	3019.56
948.29	3006.66
949.91	3016.07
951.53	3016.07
953.16	3026.89
954.78	3020.61
956.40	3018.52
958.02	3012.59
959.64	3019.21
961.26	3016.07
962.88	3015.73
964.51	3016.07
966.13	3025.14
967.75	3024.45
969.37	3024.79
970.99	3017.47
972.61	3027.93
974.23	3027.93
975.85	3035.26
977.47	3028.28
979.09	3030.38
980.71	3027.24
982.33	3036.30
983.95	3039.44
985.57	3046.07
987.19	3044.68
988.81	3045.02
990.43	3040.14
992.05	3044.33
993.67	3042.93
995.29	3041.19
996.91	3041.19
998.53	3047.12
1000.15	3056.88
1001.77	3057.58
1003.39	3053.05
1005.01	3055.84
1006.63	3054.09
1008.25	3065.60
1009.86	3062.81
1011.48	3065.95
1013.10	3062.81
1014.72	3068.74
1016.34	3076.77
1017.96	3077.46
1019.58	3075.37
1021.19	3072.58
1022.81	3075.02
1024.43	3080.25
1026.05	3081.30
1027.66	3084.09
1029.28	3080.95
1030.90	3080.60
1032.52	3076.42
1034.13	3085.83
1035.75	3087.58
1037.37	3099.44
1038.98	3091.07
1040.60	3089.67
1042.22	3080.25
1043.83	3085.83
1045.45	3088.97
1047.07	3097.00
1048.68	3092.81
1050.30	3099.79
1051.92	3094.90
1053.53	3102.58
1055.15	3094.55
1056.76	3099.44
1058.38	3097.34
1059.99	3101.18
1061.61	3095.60
1063.22	3099.79
1064.84	3098.74
1066.46	3100.48
1068.07	3092.81
1069.68	3098.74
1071.30	3099.44
1072.91	3102.93
1074.53	3099.09
1076.14	3100.48
1077.76	3100.48
1079.37	3091.07
1080.98	3088.28
1082.60	3090.37
1084.21	3097.69
1085.83	3104.32
1087.44	3097.00
1089.05	3095.60
1090.67	3087.23
1092.28	3093.16
1093.89	3093.51
1095.50	3092.11
1097.12	3088.62
1098.73	3084.09
1100.34	3086.53
1101.95	3091.76
1103.57	3094.55
1105.18	3095.95
1106.79	3090.02
1108.40	3095.60
1110.01	3098.04
1111.63	3102.23
1113.24	3100.14
1114.85	3095.95
1116.46	3095.95
1118.07	3093.86
1119.68	3097.34
1121.29	3095.25
1122.90	3094.90
1124.51	3098.39
1126.12	3101.18
1127.73	3110.25
1129.34	3111.99
1130.95	3116.18
1132.56	3105.37
1134.17	3099.09
1135.78	3094.21
1137.39	3098.39
1139.00	3095.25
1140.61	3097.00
1142.22	3094.90
1143.83	3098.04
1145.44	3094.21
1147.05	3103.62
1148.65	3100.48
1150.26	3102.23
1151.87	3094.90
1153.48	3106.41
1155.09	3107.11
1156.69	3109.55
1158.30	3100.83
1159.91	3106.06
1161.52	3106.41
1163.12	3108.16
1164.73	3104.67
1166.34	3103.62
1167.94	3106.41
1169.55	3108.16
1171.16	3110.60
1172.76	3111.30
1174.37	3111.65
1175.97	3109.55
1177.58	3113.39
1179.19	3111.99
1180.79	3115.48
1182.40	3110.95
1184.00	3111.65
1185.61	3117.23
1187.21	3120.02
1188.82	3124.20
1190.42	3120.02
1192.02	3117.92
1193.63	3116.18
1195.23	3118.62
1196.84	3121.41
1198.44	3126.64
1200.04	3124.55
1201.65	3126.99
1203.25	3125.25
1204.85	3123.85
1206.46	3121.06
1208.06	3117.58
1209.66	3119.67
1211.26	3126.64
1212.87	3124.20
1214.47	3125.60
1216.07	3120.71
1217.67	3124.20
1219.27	3122.11
1220.87	3121.41
1222.48	3116.53
1224.08	3117.92
1225.68	3114.78
1227.28	3117.23
1228.88	3116.53
1230.48	3117.23
1232.08	3118.27
1233.68	3124.55
1235.28	3126.64
1236.88	3124.55
1238.48	3124.20
1240.08	3120.37
1241.68	3119.32
1243.28	3113.04
1244.87	3113.04
1246.47	3114.09
1248.07	3110.60
1249.67	3118.27
1251.27	3116.53
1252.87	3117.23
1254.46	3106.41
1256.06	3106.76
1257.66	3101.88
1259.26	3104.32
1260.85	3103.97
1262.45	3108.51
1264.05	3105.37
1265.64	3106.76
1267.24	3106.06
1268.83	3108.86
1270.43	3112.34
1272.03	3114.09
1273.62	3107.46
1275.22	3105.37
1276.81	3099.79
1278.41	3109.55
1280.00	3106.41
1281.60	3111.99
1283.19	3110.60
1284.79	3109.90
1286.38	3109.90
1287.97	3108.16
1289.57	3107.11
1291.16	3101.53
1292.75	3101.88
1294.35	3105.72
1295.94	3109.20
1297.53	3105.37
1299.12	3105.37
1300.72	3101.18
1302.31	3106.76
1303.90	3109.20
1305.49	3111.30
1307.08	3105.37
1308.68	3098.04
1310.27	3099.79
1311.86	3099.79
1313.45	3098.74
1315.04	3092.81
1316.63	3092.11
1318.22	3089.67
1319.81	3093.16
1321.40	3097.69
1322.99	3095.60
1324.58	3092.81
1326.17	3087.58
1327.75	3091.07
1329.34	3090.37
1330.93	3087.58
1332.52	3084.79
1334.11	3085.49
1335.70	3080.25
1337.28	3077.11
1338.87	3075.02
1340.46	3078.51
1342.05	3079.56
1343.63	3076.77
1345.22	3077.46
1346.81	3075.72
1348.39	3077.11
1349.98	3072.58
1351.56	3069.09
1353.15	3065.95
1354.73	3060.72
1356.32	3057.93
1357.90	3054.79
1359.49	3051.65
1361.07	3047.47
1362.66	3040.49
1364.24	3042.23
1365.82	3049.21
1367.41	3047.47
1368.99	3041.89
1370.57	3038.05
1372.16	3043.63
1373.74	3053.05
1375.32	3053.05
1376.91	3045.72
1378.49	3027.93
1380.07	3016.07
1381.65	3008.40
1383.23	3009.10
1384.81	3004.22
1386.39	3003.17
1387.97	3000.38
1389.55	3000.73
1391.14	2995.84
1392.72	2994.80
1394.29	2991.31
1395.87	2986.43
1397.45	2983.98
1399.03	2981.54
1400.61	2982.59
1402.19	2974.22
1403.77	2975.61
1405.35	2972.82
1406.92	2976.66
1408.50	2970.73
1410.08	2969.68
1411.66	2965.85
1413.23	2967.59
1414.81	2960.96
1416.39	2963.41
1417.96	2960.62
1419.54	2967.59
1421.12	2969.68
1422.69	2963.41
1424.27	2962.71
1425.84	2957.82
1427.42	2963.75
1428.99	2964.80
1430.57	2962.01
1432.14	2958.87
1433.71	2958.52
1435.29	2963.06
1436.86	2965.85
1438.43	2961.31
1440.01	2898.18
1441.58	2897.48
1443.15	2902.02
1444.72	2959.57
1446.30	2962.01
1447.87	2959.22
1449.44	2957.48
1451.01	2956.43
1452.58	2957.13
1454.15	2959.22
1455.72	2957.82
1457.29	2962.01
1458.86	2962.01
1460.43	2966.89
1462.00	2964.80
1463.57	2968.64
1465.14	2963.41
1466.71	2962.01
1468.28	2964.10
1469.85	2966.20
1471.41	2965.15
1472.98	2965.85
1474.55	2962.71
1476.12	2960.96
1477.68	2961.66
1479.25	2963.06
1480.82	2970.73
1482.38	2966.20
1483.95	2969.34
1485.51	2969.34
1487.08	2972.47
1488.64	2975.96
1490.21	2969.68
1491.77	2974.57
1493.34	2966.54
1494.90	2967.94
1496.46	2966.54
1498.03	2973.17
1499.59	2977.36
1501.15	2975.96
1502.72	2974.92
1504.28	2974.92
1505.84	2968.99
1507.40	2971.43
1508.97	2970.73
1510.53	2979.10
1512.09	2982.24
1513.65	2985.38
1515.21	2981.19
1516.77	2978.40
1518.33	2974.57
1519.89	2977.71
1521.45	2977.36
1523.01	2983.98
1524.57	2985.38
1526.13	2984.33
1527.68	2986.08
1529.24	2983.98
1530.80	2987.82
1532.36	2981.54
1533.92	2976.66
1535.47	2971.78
1537.03	2973.87
1538.59	2979.45
1540.14	2977.01
1541.70	2982.24
1543.25	2981.89
1544.81	2988.52
1546.36	2980.15
1547.92	2982.94
1549.47	2981.89
1551.03	2982.24
1552.58	2979.80
1554.13	2981.19
1555.69	2985.73
1557.24	2987.82
1558.79	2983.98
1560.35	2985.03
1561.90	2982.94
1563.45	2984.33
1565.00	2983.29
1566.55	2980.85
1568.10	2979.45
1569.66	2981.19
1571.21	2985.03
1572.76	2987.12
1574.31	2982.24
1575.86	2979.10
1577.40	2976.31
1578.95	2977.71
1580.50	2972.82
1582.05	2972.47
1583.60	2964.80
1585.15	2968.99
1586.69	2971.78
1588.24	2979.80
1589.79	2973.52
1591.34	2969.34
1592.88	2958.87
1594.43	2963.75
1595.97	2962.36
1597.52	2965.50
1599.06	2963.75
1600.61	2967.94
1602.15	2969.34
1603.70	2970.73
1605.24	2963.75
1606.79	2959.92
1608.33	2955.73
1609.87	2956.08
1611.41	2957.82
1612.96	2954.69
1614.50	2955.03
1616.04	2955.73
1617.58	2956.78
1619.12	2955.03
1620.67	2942.83
1622.21	2945.27
1623.75	2941.08
1625.29	2947.36
1626.83	2948.06
1628.37	2947.36
1629.90	2943.18
1631.44	2935.85
1632.98	2929.57
1634.52	2923.64
1636.06	2918.41
1637.59	2914.22
1639.13	2911.09
1640.67	2901.32
1642.21	2896.09
1643.74	2883.88
1645.28	2873.07
1646.81	2866.44
1648.35	2854.58
1649.88	2852.14
1651.42	2837.14
1652.95	2842.37
1654.49	2831.91
1656.02	2828.42
1657.55	2809.93
1659.09	2809.93
1660.62	2804.00
1662.15	2809.93
1663.68	2801.21
1665.22	2799.12
1666.75	2791.80
1668.28	2795.98
1669.81	2793.54
1671.34	2792.49
1672.87	2789.01
1674.40	2787.61
1675.93	2783.08
1677.46	2775.05
1678.99	2770.17
1680.52	2772.26
1682.04	2772.26
1683.57	2773.66
1685.10	2767.73
1686.63	2769.12
1688.15	2762.85
1689.68	2761.45
1691.21	2755.17
1692.73	2759.36
1694.26	2759.01
1695.78	2760.06
1697.31	2753.08
1698.83	2752.03
1700.36	2745.06
1701.88	2747.85
1703.40	2745.41
1704.93	2748.89
1706.45	2748.89
