896.35	2814.82
897.98	2814.47
899.60	2819.35
901.22	2823.54
902.85	2824.23
904.47	2828.07
906.10	2827.72
907.72	2836.09
909.34	2838.19
910.97	2850.05
912.59	2847.95
914.21	2853.18
915.84	2857.72
917.46	2873.07
919.08	2874.11
920.71	2881.44
922.33	2877.60
923.95	2892.25
925.58	2890.86
927.20	2897.83
928.82	2897.48
930.44	2901.67
932.07	2895.39
933.69	2890.86
935.31	2891.20
936.93	2900.27
938.56	2901.32
940.18	2903.41
941.80	2903.76
943.42	2914.92
945.05	2913.53
946.67	2922.25
948.29	2913.18
949.91	2923.29
951.53	2920.85
953.16	2931.66
954.78	2924.34
956.40	2923.29
958.02	2914.22
959.64	2922.60
961.26	2920.15
962.88	2926.08
964.51	2922.25
966.13	2933.41
967.75	2929.57
969.37	2933.76
970.99	2923.99
972.61	2931.32
974.23	2926.08
975.85	2933.41
977.47	2927.83
979.09	2930.62
980.71	2924.34
982.33	2930.27
983.95	2934.80
985.57	2941.78
987.19	2944.92
988.81	2945.97
990.43	2940.73
992.05	2942.83
993.67	2938.99
995.29	2940.38
996.91	2938.64
998.53	2944.92
1000.15	2950.15
1001.77	2952.24
1003.39	2949.80
1005.01	2954.69
1006.63	2951.20
1008.25	2956.43
1009.86	2948.76
1011.48	2950.15
1013.10	2948.41
1014.72	2956.08
1016.34	2963.41
1017.96	2965.15
1019.58	2961.66
1021.19	2960.27
1022.81	2965.15
1024.43	2970.38
1026.05	2968.29
1027.66	2967.94
1029.28	2963.41
1030.90	2962.71
1032.52	2954.34
1034.13	2965.15
1035.75	2967.24
1037.37	2980.50
1038.98	2972.47
1040.60	2974.22
1042.22	2964.45
1043.83	2968.64
1045.45	2967.24
1047.07	2975.96
1048.68	2969.34
1050.30	2973.52
1051.92	2967.24
1053.53	2978.75
1055.15	2976.31
1056.76	2982.24
1058.38	2978.75
1059.99	2982.24
1061.61	2974.22
1063.22	2977.71
1064.84	2974.57
1066.46	2982.59
1068.07	2975.26
1069.68	2980.50
1071.30	2978.40
1072.91	2983.29
1074.53	2980.15
1076.14	2980.15
1077.76	2979.10
1079.37	2972.82
1080.98	2967.94
1082.60	2968.99
1084.21	2973.17
1085.83	2983.64
1087.44	2978.75
1089.05	2979.80
1090.67	2970.73
1092.28	2978.06
1093.89	2979.80
1095.50	2981.19
1097.12	2979.10
1098.73	2974.22
1100.34	2974.92
1101.95	2975.61
1103.57	2975.61
1105.18	2974.92
1106.79	2969.34
1108.40	2973.52
1110.01	2974.92
1111.63	2982.59
1113.24	2980.50
1114.85	2983.64
1116.46	2979.80
1118.07	2981.89
1119.68	2979.45
1121.29	2980.15
1122.90	2977.01
1124.51	2983.29
1126.12	2984.68
1127.73	2993.40
1129.34	2989.57
1130.95	2990.96
1132.56	2978.06
1134.17	2974.22
1135.78	2969.68
1137.39	2976.31
1139.00	2973.52
1140.61	2976.31
1142.22	2972.82
1143.83	2979.80
1145.44	2977.01
1147.05	2985.38
1148.65	2980.15
1150.26	2980.85
1151.87	2976.31
1153.48	2984.33
1155.09	2987.12
1156.69	2988.52
1158.30	2980.50
1159.91	2981.89
1161.52	2979.45
1163.12	2980.85
1164.73	2981.54
1166.34	2984.33
1167.94	2985.38
1169.55	2984.33
1171.16	2984.33
1172.76	2985.73
1174.37	2983.98
1175.97	2980.85
1177.58	2985.03
1179.19	2983.98
1180.79	2984.33
1182.40	2981.19
1184.00	2982.94
1185.61	2989.91
1187.21	2987.47
1188.82	2991.31
1190.42	2986.78
1192.02	2984.33
1193.63	2981.54
1195.23	2983.98
1196.84	2988.17
1198.44	2989.91
1200.04	2989.57
1201.65	2992.01
1203.25	2989.91
1204.85	2987.47
1206.46	2985.38
1208.06	2984.33
1209.66	2984.33
1211.26	2989.57
1212.87	2987.12
1214.47	2992.01
1216.07	2987.47
1217.67	2992.01
1219.27	2986.08
1220.87	2986.43
1222.48	2980.50
1224.08	2986.43
1225.68	2988.17
1227.28	2993.05
1228.88	2993.05
1230.48	2990.26
1232.08	2989.57
1233.68	2993.40
1235.28	2993.40
1236.88	2992.70
1238.48	2992.36
1240.08	2992.01
1241.68	2990.96
1243.28	2985.73
1244.87	2985.38
1246.47	2987.12
1248.07	2983.29
1249.67	2990.26
1251.27	2985.03
1252.87	2985.73
1254.46	2975.26
1256.06	2979.10
1257.66	2976.66
1259.26	2982.59
1260.85	2981.89
1262.45	2987.47
1264.05	2986.08
1265.64	2992.01
1267.24	2989.57
1268.83	2989.91
1270.43	2986.43
1272.03	2987.12
1273.62	2981.54
1275.22	2986.78
1276.81	2983.98
1278.41	2991.31
1280.00	2982.24
1281.60	2981.19
1283.19	2976.66
1284.79	2976.31
1286.38	2979.45
1287.97	2979.45
1289.57	2978.06
1291.16	2973.17
1292.75	2973.17
1294.35	2975.61
1295.94	2979.80
1297.53	2978.40
1299.12	2981.19
1300.72	2976.66
1302.31	2982.24
1303.90	2984.68
1305.49	2988.52
1307.08	2980.85
1308.68	2974.92
1310.27	2974.92
1311.86	2976.66
1313.45	2975.61
1315.04	2973.52
1316.63	2973.17
1318.22	2970.38
1319.81	2974.22
1321.40	2976.31
1322.99	2977.01
1324.58	2969.68
1326.17	2964.10
1327.75	2959.92
1329.34	2959.92
1330.93	2957.48
1332.52	2959.22
1334.11	2955.73
1335.70	2952.59
1337.28	2949.80
1338.87	2953.29
1340.46	2954.69
1342.05	2954.34
1343.63	2950.50
1345.22	2955.73
1346.81	2955.38
1348.39	2957.48
1349.98	2950.85
1351.56	2951.55
1353.15	2952.24
1354.73	2949.80
1356.32	2946.31
1357.90	2944.22
1359.49	2944.57
1361.07	2947.36
1362.66	2944.22
1364.24	2945.97
1365.82	2944.92
1367.41	2942.48
1368.99	2936.55
1370.57	2934.11
1372.16	2934.80
1373.74	2940.73
1375.32	2939.69
1376.91	2934.11
1378.49	2921.20
1380.07	2914.92
1381.65	2910.74
1383.23	2911.43
1384.81	2907.25
1386.39	2908.30
1387.97	2906.90
1389.55	2905.16
1391.14	2900.27
1392.72	2902.02
1394.29	2903.06
1395.87	2903.76
1397.45	2899.23
1399.03	2897.83
1400.61	2894.69
1402.19	2889.11
1403.77	2889.81
1405.35	2890.86
1406.92	2893.99
1408.50	2892.25
1410.08	2887.02
1411.66	2884.93
1413.23	2885.62
1414.81	2881.79
1416.39	2885.62
1417.96	2879.34
1419.54	2883.53
1421.12	2882.14
1422.69	2879.00
1424.27	2880.39
1425.84	2874.11
1427.42	2877.25
1428.99	2879.69
1430.57	2885.97
1432.14	2887.37
1433.71	2890.51
1435.29	2891.20
1436.86	2892.95
1438.43	2887.02
1440.01	2823.89
1441.58	2820.75
1443.15	2821.79
1444.72	2878.65
1446.30	2882.83
1447.87	2880.04
1449.44	2878.65
1451.01	2875.16
1452.58	2879.00
1454.15	2879.69
1455.72	2879.00
1457.29	2881.09
1458.86	2883.53
1460.43	2892.60
1462.00	2891.55
1463.57	2893.99
1465.14	2884.93
1466.71	2883.53
1468.28	2884.58
1469.85	2888.06
1471.41	2886.67
1472.98	2887.72
1474.55	2884.23
1476.12	2882.83
1477.68	2884.23
1479.25	2887.02
1480.82	2892.60
1482.38	2888.06
1483.95	2889.81
1485.51	2893.30
1487.08	2898.53
1488.64	2901.67
1490.21	2893.99
1491.77	2893.99
1493.34	2888.76
1494.90	2889.11
1496.46	2890.86
1498.03	2892.25
1499.59	2893.99
1501.15	2889.81
1502.72	2888.76
1504.28	2888.06
1505.84	2887.72
1507.40	2892.25
1508.97	2895.04
1510.53	2901.32
1512.09	2902.37
1513.65	2903.41
1515.21	2896.44
1516.77	2895.04
1518.33	2893.65
1519.89	2896.44
1521.45	2899.23
1523.01	2904.11
1524.57	2906.20
1526.13	2904.11
1527.68	2906.55
1529.24	2903.76
1530.80	2905.16
1532.36	2898.88
1533.92	2896.44
1535.47	2891.20
1537.03	2891.90
1538.59	2896.09
1540.14	2896.09
1541.70	2899.92
1543.25	2901.32
1544.81	2905.85
1546.36	2898.18
1547.92	2894.69
1549.47	2892.95
1551.03	2892.60
1552.58	2893.65
1554.13	2894.34
1555.69	2897.83
1557.24	2895.04
1558.79	2892.95
1560.35	2892.95
1561.90	2892.95
1563.45	2893.30
1565.00	2889.81
1566.55	2889.46
1568.10	2883.18
1569.66	2884.58
1571.21	2887.02
1572.76	2892.60
1574.31	2893.99
1575.86	2888.41
1577.40	2883.53
1578.95	2879.00
1580.50	2874.11
1582.05	2875.16
1583.60	2873.42
1585.15	2878.65
1586.69	2881.09
1588.24	2885.27
1589.79	2881.44
1591.34	2882.83
1592.88	2874.81
1594.43	2879.00
1595.97	2871.32
1597.52	2874.46
1599.06	2868.88
1600.61	2876.55
1602.15	2876.55
1603.70	2879.00
1605.24	2872.72
1606.79	2869.93
1608.33	2867.49
1609.87	2864.00
1611.41	2866.09
1612.96	2862.95
1614.50	2863.30
1616.04	2860.86
1617.58	2863.65
1619.12	2864.00
1620.67	2858.07
1622.21	2857.02
1623.75	2852.14
1625.29	2853.53
1626.83	2858.77
1628.37	2860.51
1629.90	2861.90
1631.44	2855.28
1632.98	2851.09
1634.52	2846.21
1636.06	2846.56
1637.59	2846.91
1639.13	2847.95
1640.67	2844.12
1642.21	2841.67
1643.74	2833.65
1645.28	2822.84
1646.81	2819.70
1648.35	2813.77
1649.88	2814.47
1651.42	2802.96
1652.95	2807.84
1654.49	2800.52
1656.02	2800.17
1657.55	2786.22
1659.09	2787.26
1660.62	2783.77
1662.15	2788.31
1663.68	2780.98
1665.22	2778.89
1666.75	2774.36
1668.28	2780.63
1669.81	2780.98
1671.34	2780.63
1672.87	2777.84
1674.40	2774.01
1675.93	2768.08
1677.46	2759.01
1678.99	2753.08
1680.52	2754.82
1682.04	2754.13
1683.57	2757.96
1685.10	2753.78
1686.63	2756.22
1688.15	2751.34
1689.68	2750.64
1691.21	2749.24
1692.73	2753.78
1694.26	2754.47
1695.78	2753.43
1697.31	2748.20
1698.83	2747.85
1700.36	2739.48
1701.88	2742.96
1703.40	2738.43
1704.93	2741.57
1706.45	2737.38
