896.35	2840.98
897.98	2836.09
899.60	2838.88
901.22	2844.81
902.85	2844.46
904.47	2847.95
906.10	2847.95
907.72	2857.02
909.34	2860.16
910.97	2870.28
912.59	2873.76
914.21	2880.74
915.84	2889.81
917.46	2903.06
919.08	2907.60
920.71	2916.32
922.33	2917.71
923.95	2934.11
925.58	2929.92
927.20	2933.76
928.82	2929.92
930.44	2936.20
932.07	2933.06
933.69	2930.97
935.31	2932.36
936.93	2940.04
938.56	2943.52
940.18	2946.66
941.80	2948.06
943.42	2957.82
945.05	2954.69
946.67	2959.57
948.29	2947.71
949.91	2958.87
951.53	2960.27
953.16	2972.47
954.78	2964.80
956.40	2964.80
958.02	2959.57
959.64	2967.94
961.26	2967.24
962.88	2967.94
964.51	2966.54
966.13	2970.73
967.75	2968.64
969.37	2971.43
970.99	2964.80
972.61	2971.08
974.23	2967.59
975.85	2975.96
977.47	2970.38
979.09	2968.29
980.71	2963.41
982.33	2971.78
983.95	2977.36
985.57	2981.54
987.19	2985.03
988.81	2987.47
990.43	2983.98
992.05	2984.68
993.67	2983.98
995.29	2982.94
996.91	2982.24
998.53	2987.82
1000.15	2995.50
1001.77	2998.63
1003.39	2993.40
1005.01	2997.59
1006.63	2994.80
1008.25	3003.52
1009.86	2999.68
1011.48	3004.22
1013.10	3001.77
1014.72	3010.14
1016.34	3015.03
1017.96	3017.82
1019.58	3010.14
1021.19	3005.96
1022.81	3007.70
1024.43	3014.68
1026.05	3016.42
1027.66	3017.47
1029.28	3016.42
1030.90	3017.82
1032.52	3014.68
1034.13	3021.31
1035.75	3019.56
1037.37	3031.07
1038.98	3025.84
1040.60	3027.58
1042.22	3017.82
1043.83	3022.00
1045.45	3019.91
1047.07	3025.49
1048.68	3021.66
1050.30	3028.63
1051.92	3024.10
1053.53	3030.03
1055.15	3022.70
1056.76	3031.42
1058.38	3028.63
1059.99	3037.35
1061.61	3028.63
1063.22	3034.91
1064.84	3029.68
1066.46	3032.82
1068.07	3024.79
1069.68	3032.12
1071.30	3031.42
1072.91	3036.65
1074.53	3033.86
1076.14	3037.35
1077.76	3034.56
1079.37	3026.89
1080.98	3024.10
1082.60	3027.58
1084.21	3031.07
1085.83	3034.91
1087.44	3027.93
1089.05	3029.68
1090.67	3022.00
1092.28	3027.58
1093.89	3027.58
1095.50	3030.03
1097.12	3028.63
1098.73	3023.75
1100.34	3021.31
1101.95	3022.00
1103.57	3020.61
1105.18	3023.40
1106.79	3020.96
1108.40	3028.63
1110.01	3029.68
1111.63	3035.61
1113.24	3034.91
1114.85	3034.91
1116.46	3031.42
1118.07	3030.03
1119.68	3030.72
1121.29	3029.33
1122.90	3028.98
1124.51	3032.47
1126.12	3035.61
1127.73	3041.89
1129.34	3041.54
1130.95	3043.98
1132.56	3033.17
1134.17	3029.33
1135.78	3026.54
1137.39	3031.42
1139.00	3029.33
1140.61	3030.38
1142.22	3029.33
1143.83	3033.17
1145.44	3028.98
1147.05	3034.91
1148.65	3030.72
1150.26	3029.33
1151.87	3022.00
1153.48	3030.03
1155.09	3031.77
1156.69	3033.86
1158.30	3028.28
1159.91	3032.47
1161.52	3033.51
1163.12	3035.96
1164.73	3037.00
1166.34	3039.10
1167.94	3039.44
1169.55	3038.75
1171.16	3040.49
1172.76	3042.58
1174.37	3041.89
1175.97	3038.05
1177.58	3038.75
1179.19	3034.91
1180.79	3037.00
1182.40	3032.47
1184.00	3039.44
1185.61	3044.33
1187.21	3046.42
1188.82	3043.98
1190.42	3037.00
1192.02	3035.96
1193.63	3032.47
1195.23	3038.05
1196.84	3040.84
1198.44	3047.82
1200.04	3045.72
1201.65	3047.82
1203.25	3046.42
1204.85	3044.68
1206.46	3040.49
1208.06	3036.30
1209.66	3038.05
1211.26	3047.47
1212.87	3048.86
1214.47	3050.61
1216.07	3045.02
1217.67	3049.91
1219.27	3048.16
1220.87	3050.95
1222.48	3045.02
1224.08	3052.70
1225.68	3052.70
1227.28	3058.98
1228.88	3053.40
1230.48	3047.82
1232.08	3045.37
1233.68	3050.95
1235.28	3052.00
1236.88	3050.95
1238.48	3052.35
1240.08	3052.35
1241.68	3050.61
1243.28	3043.63
1244.87	3041.54
1246.47	3043.28
1248.07	3041.89
1249.67	3053.05
1251.27	3049.56
1252.87	3048.86
1254.46	3038.40
1256.06	3041.89
1257.66	3037.70
1259.26	3037.70
1260.85	3031.42
1262.45	3038.75
1264.05	3038.75
1265.64	3043.63
1267.24	3040.49
1268.83	3041.89
1270.43	3046.42
1272.03	3046.42
1273.62	3037.00
1275.22	3033.51
1276.81	3030.03
1278.41	3041.19
1280.00	3037.70
1281.60	3041.54
1283.19	3037.00
1284.79	3037.00
1286.38	3037.35
1287.97	3039.79
1289.57	3039.10
1291.16	3033.86
1292.75	3033.51
1294.35	3033.51
1295.94	3035.26
1297.53	3028.98
1299.12	3033.17
1300.72	3031.77
1302.31	3040.84
1303.90	3042.93
1305.49	3042.58
1307.08	3032.82
1308.68	3024.45
1310.27	3023.40
1311.86	3023.05
1313.45	3022.70
1315.04	3022.35
1316.63	3023.40
1318.22	3018.17
1319.81	3020.61
1321.40	3021.66
1322.99	3022.35
1324.58	3019.21
1326.17	3014.33
1327.75	3013.63
1329.34	3012.59
1330.93	3011.54
1332.52	3011.19
1334.11	3009.10
1335.70	3008.75
1337.28	3011.19
1338.87	3015.03
1340.46	3015.03
1342.05	3013.63
1343.63	3009.45
1345.22	3013.63
1346.81	3013.63
1348.39	3014.68
1349.98	3009.80
1351.56	3005.61
1353.15	3003.52
1354.73	2998.29
1356.32	2993.05
1357.90	2988.52
1359.49	2986.78
1361.07	2988.17
1362.66	2985.38
1364.24	2988.17
1365.82	2990.26
1367.41	2988.52
1368.99	2978.40
1370.57	2974.92
1372.16	2976.66
1373.74	2985.38
1375.32	2986.78
1376.91	2980.85
1378.49	2970.73
1380.07	2960.96
1381.65	2953.64
1383.23	2949.45
1384.81	2943.52
1386.39	2945.97
1387.97	2943.18
1389.55	2943.52
1391.14	2935.50
1392.72	2934.11
1394.29	2929.92
1395.87	2926.78
1397.45	2923.64
1399.03	2923.64
1400.61	2922.94
1402.19	2919.11
1403.77	2919.81
1405.35	2918.41
1406.92	2918.06
1408.50	2913.18
1410.08	2912.13
1411.66	2913.53
1413.23	2916.32
1414.81	2912.83
1416.39	2912.48
1417.96	2906.55
1419.54	2910.04
1421.12	2909.34
1422.69	2907.25
1424.27	2908.30
1425.84	2904.46
1427.42	2908.30
1428.99	2906.90
1430.57	2908.30
1432.14	2906.20
1433.71	2911.43
1435.29	2915.62
1436.86	2917.36
1438.43	2910.39
1440.01	2847.26
1441.58	2847.60
1443.15	2852.84
1444.72	2910.74
1446.30	2912.48
1447.87	2907.60
1449.44	2904.46
1451.01	2901.32
1452.58	2904.11
1454.15	2906.20
1455.72	2906.20
1457.29	2906.90
1458.86	2905.85
1460.43	2911.43
1462.00	2910.74
1463.57	2915.97
1465.14	2907.95
1466.71	2906.20
1468.28	2907.25
1469.85	2913.18
1471.41	2913.88
1472.98	2918.06
1474.55	2914.22
1476.12	2914.22
1477.68	2912.83
1479.25	2912.13
1480.82	2913.18
1482.38	2906.20
1483.95	2911.43
1485.51	2917.71
1487.08	2924.34
1488.64	2921.55
1490.21	2911.09
1491.77	2910.74
1493.34	2910.04
1494.90	2915.27
1496.46	2918.06
1498.03	2919.81
1499.59	2921.90
1501.15	2917.36
1502.72	2920.50
1504.28	2919.46
1505.84	2919.11
1507.40	2919.81
1508.97	2922.60
1510.53	2929.57
1512.09	2933.06
1513.65	2936.55
1515.21	2931.32
1516.77	2930.97
1518.33	2926.08
1519.89	2926.43
1521.45	2923.99
1523.01	2929.22
1524.57	2932.01
1526.13	2932.01
1527.68	2934.46
1529.24	2934.46
1530.80	2940.04
1532.36	2934.11
1533.92	2930.62
1535.47	2923.64
1537.03	2923.99
1538.59	2928.53
1540.14	2927.13
1541.70	2931.66
1543.25	2933.41
1544.81	2939.69
1546.36	2933.41
1547.92	2930.62
1549.47	2927.13
1551.03	2926.78
1552.58	2924.69
1554.13	2924.69
1555.69	2924.34
1557.24	2924.69
1558.79	2921.20
1560.35	2923.64
1561.90	2922.60
1563.45	2924.69
1565.00	2920.85
1566.55	2918.76
1568.10	2914.57
1569.66	2916.32
1571.21	2919.81
1572.76	2924.34
1574.31	2926.08
1575.86	2922.25
1577.40	2921.55
1578.95	2919.81
1580.50	2916.67
1582.05	2916.67
1583.60	2911.43
1585.15	2914.22
1586.69	2914.22
1588.24	2920.15
1589.79	2917.36
1591.34	2917.02
1592.88	2906.55
1594.43	2908.99
1595.97	2902.37
1597.52	2905.85
1599.06	2902.37
1600.61	2910.04
1602.15	2910.74
1603.70	2911.78
1605.24	2904.46
1606.79	2902.02
1608.33	2900.62
1609.87	2901.67
1611.41	2903.76
1612.96	2902.37
1614.50	2899.58
1616.04	2900.62
1617.58	2902.02
1619.12	2902.37
1620.67	2893.65
1622.21	2894.34
1623.75	2890.51
1625.29	2892.25
1626.83	2893.30
1628.37	2890.16
1629.90	2886.32
1631.44	2881.09
1632.98	2877.25
1634.52	2875.86
1636.06	2875.86
1637.59	2876.90
1639.13	2877.25
1640.67	2867.49
1642.21	2863.65
1643.74	2853.88
1645.28	2845.51
1646.81	2842.37
1648.35	2834.00
1649.88	2831.91
1651.42	2821.44
1652.95	2827.02
1654.49	2821.44
1656.02	2818.30
1657.55	2803.31
1659.09	2801.21
1660.62	2794.94
1662.15	2796.68
1663.68	2790.40
1665.22	2789.35
1666.75	2780.98
1668.28	2783.08
1669.81	2778.54
1671.34	2782.38
1672.87	2779.24
1674.40	2779.59
1675.93	2772.96
1677.46	2764.59
1678.99	2758.66
1680.52	2761.80
1682.04	2763.54
1683.57	2769.82
1685.10	2766.33
1686.63	2768.43
1688.15	2760.40
1689.68	2757.26
1691.21	2752.38
1692.73	2755.17
1694.26	2754.82
1695.78	2754.47
1697.31	2747.50
1698.83	2745.06
1700.36	2738.08
1701.88	2741.22
1703.40	2737.73
1704.93	2740.17
1706.45	2740.52
