896.35	2761.45
897.98	2756.57
899.60	2760.06
901.22	2764.94
902.85	2767.03
904.47	2771.91
906.10	2770.87
907.72	2775.40
909.34	2770.87
910.97	2780.29
912.59	2779.59
914.21	2783.42
915.84	2781.33
917.46	2789.01
919.08	2786.56
920.71	2792.84
922.33	2789.35
923.95	2804.35
925.58	2797.73
927.20	2798.77
928.82	2792.49
930.44	2798.77
932.07	2794.24
933.69	2791.45
935.31	2790.75
936.93	2800.86
938.56	2800.86
940.18	2803.31
941.80	2800.86
943.42	2812.03
945.05	2808.19
946.67	2817.96
948.29	2805.40
949.91	2814.47
951.53	2810.28
953.16	2822.14
954.78	2815.86
956.40	2819.35
958.02	2813.42
959.64	2822.84
961.26	2816.56
962.88	2818.65
964.51	2815.86
966.13	2824.23
967.75	2819.00
969.37	2821.10
970.99	2812.72
972.61	2823.54
974.23	2818.65
975.85	2828.42
977.47	2821.10
979.09	2824.93
980.71	2818.65
982.33	2828.77
983.95	2829.12
985.57	2834.70
987.19	2835.05
988.81	2836.79
990.43	2830.86
992.05	2832.95
993.67	2830.16
995.29	2828.77
996.91	2824.58
998.53	2830.86
1000.15	2838.54
1001.77	2840.28
1003.39	2835.40
1005.01	2837.49
1006.63	2834.00
1008.25	2843.07
1009.86	2839.23
1011.48	2841.67
1013.10	2836.79
1014.72	2842.37
1016.34	2846.56
1017.96	2846.91
1019.58	2838.54
1021.19	2839.23
1022.81	2838.88
1024.43	2847.26
1026.05	2844.12
1027.66	2850.39
1029.28	2846.56
1030.90	2846.21
1032.52	2834.35
1034.13	2840.28
1035.75	2840.28
1037.37	2854.23
1038.98	2846.56
1040.60	2847.26
1042.22	2834.35
1043.83	2840.63
1045.45	2837.14
1047.07	2846.91
1048.68	2839.93
1050.30	2847.60
1051.92	2840.98
1053.53	2853.18
1055.15	2846.21
1056.76	2853.18
1058.38	2846.21
1059.99	2851.09
1061.61	2842.37
1063.22	2846.56
1064.84	2841.67
1066.46	2849.70
1068.07	2843.07
1069.68	2852.14
1071.30	2845.86
1072.91	2851.44
1074.53	2847.95
1076.14	2854.23
1077.76	2853.53
1079.37	2846.56
1080.98	2841.33
1082.60	2842.02
1084.21	2846.21
1085.83	2855.98
1087.44	2849.35
1089.05	2851.79
1090.67	2842.37
1092.28	2852.14
1093.89	2850.05
1095.50	2852.49
1097.12	2848.65
1098.73	2846.21
1100.34	2846.56
1101.95	2849.35
1103.57	2848.30
1105.18	2848.65
1106.79	2841.67
1108.40	2850.39
1110.01	2851.09
1111.63	2858.07
1113.24	2852.84
1114.85	2852.84
1116.46	2849.70
1118.07	2852.14
1119.68	2852.49
1121.29	2851.44
1122.90	2845.86
1124.51	2848.65
1126.12	2852.14
1127.73	2862.95
1129.34	2861.56
1130.95	2864.00
1132.56	2852.84
1134.17	2853.88
1135.78	2849.00
1137.39	2854.93
1139.00	2847.95
1140.61	2852.84
1142.22	2849.70
1143.83	2855.28
1145.44	2850.39
1147.05	2859.46
1148.65	2855.28
1150.26	2854.93
1151.87	2845.86
1153.48	2851.79
1155.09	2851.09
1156.69	2852.84
1158.30	2846.56
1159.91	2851.79
1161.52	2852.84
1163.12	2853.53
1164.73	2850.05
1166.34	2849.35
1167.94	2849.35
1169.55	2850.74
1171.16	2851.44
1172.76	2854.23
1174.37	2852.84
1175.97	2851.09
1177.58	2853.88
1179.19	2854.58
1180.79	2855.28
1182.40	2852.14
1184.00	2853.18
1185.61	2860.86
1187.21	2858.42
1188.82	2859.11
1190.42	2850.74
1192.02	2849.35
1193.63	2842.72
1195.23	2846.91
1196.84	2851.09
1198.44	2858.42
1200.04	2856.67
1201.65	2858.77
1203.25	2857.72
1204.85	2856.32
1206.46	2852.14
1208.06	2849.35
1209.66	2848.30
1211.26	2854.93
1212.87	2851.79
1214.47	2856.67
1216.07	2852.84
1217.67	2860.86
1219.27	2856.67
1220.87	2859.46
1222.48	2850.74
1224.08	2855.63
1225.68	2850.74
1227.28	2857.02
1228.88	2855.98
1230.48	2854.58
1232.08	2852.49
1233.68	2857.37
1235.28	2857.37
1236.88	2855.63
1238.48	2855.28
1240.08	2856.67
1241.68	2855.63
1243.28	2850.74
1244.87	2849.70
1246.47	2854.58
1248.07	2855.28
1249.67	2867.49
1251.27	2862.95
1252.87	2863.65
1254.46	2853.18
1256.06	2856.32
1257.66	2850.05
1259.26	2853.53
1260.85	2852.49
1262.45	2861.56
1264.05	2857.37
1265.64	2861.56
1267.24	2857.02
1268.83	2858.07
1270.43	2857.72
1272.03	2858.07
1273.62	2851.79
1275.22	2851.09
1276.81	2846.21
1278.41	2854.23
1280.00	2850.05
1281.60	2853.53
1283.19	2851.44
1284.79	2854.93
1286.38	2853.88
1287.97	2854.58
1289.57	2847.60
1291.16	2844.81
1292.75	2846.21
1294.35	2849.35
1295.94	2853.18
1297.53	2847.60
1299.12	2851.79
1300.72	2847.95
1302.31	2853.53
1303.90	2853.88
1305.49	2855.98
1307.08	2853.18
1308.68	2844.12
1310.27	2842.72
1311.86	2839.58
1313.45	2842.37
1315.04	2840.63
1316.63	2844.12
1318.22	2843.42
1319.81	2847.95
1321.40	2851.09
1322.99	2851.79
1324.58	2848.30
1326.17	2844.81
1327.75	2841.67
1329.34	2840.63
1330.93	2833.65
1332.52	2835.74
1334.11	2834.35
1335.70	2835.74
1337.28	2834.35
1338.87	2837.84
1340.46	2839.23
1342.05	2838.88
1343.63	2834.70
1345.22	2839.23
1346.81	2842.72
1348.39	2848.30
1349.98	2844.12
1351.56	2843.07
1353.15	2841.67
1354.73	2840.63
1356.32	2838.19
1357.90	2842.37
1359.49	2845.86
1361.07	2851.09
1362.66	2843.42
1364.24	2842.02
1365.82	2842.02
1367.41	2843.42
1368.99	2837.14
1370.57	2835.40
1372.16	2832.61
1373.74	2839.58
1375.32	2837.84
1376.91	2838.88
1378.49	2833.65
1380.07	2833.65
1381.65	2831.21
1383.23	2834.00
1384.81	2828.42
1386.39	2831.56
1387.97	2828.77
1389.55	2832.61
1391.14	2829.47
1392.72	2831.91
1394.29	2831.56
1395.87	2831.91
1397.45	2829.47
1399.03	2832.26
1400.61	2832.95
1402.19	2829.47
1403.77	2830.51
1405.35	2830.16
1406.92	2835.40
1408.50	2833.65
1410.08	2833.65
1411.66	2831.21
1413.23	2833.65
1414.81	2829.47
1416.39	2831.91
1417.96	2825.63
1419.54	2829.82
1421.12	2831.21
1422.69	2830.51
1424.27	2834.35
1425.84	2833.30
1427.42	2838.19
1428.99	2838.54
1430.57	2840.28
1432.14	2838.54
1433.71	2842.72
1435.29	2843.42
1436.86	2846.21
1438.43	2839.58
1440.01	2779.59
1441.58	2778.19
1443.15	2781.33
1444.72	2837.14
1446.30	2839.93
1447.87	2837.14
1449.44	2837.14
1451.01	2836.09
1452.58	2839.23
1454.15	2838.19
1455.72	2832.61
1457.29	2832.95
1458.86	2834.70
1460.43	2841.67
1462.00	2838.88
1463.57	2840.98
1465.14	2838.19
1466.71	2838.88
1468.28	2841.67
1469.85	2843.07
1471.41	2841.67
1472.98	2842.37
1474.55	2838.19
1476.12	2837.14
1477.68	2835.40
1479.25	2834.70
1480.82	2838.19
1482.38	2833.65
1483.95	2836.44
1485.51	2837.49
1487.08	2840.63
1488.64	2843.42
1490.21	2837.84
1491.77	2842.37
1493.34	2834.35
1494.90	2836.09
1496.46	2832.61
1498.03	2835.74
1499.59	2837.49
1501.15	2836.09
1502.72	2838.54
1504.28	2835.74
1505.84	2830.51
1507.40	2829.12
1508.97	2831.21
1510.53	2835.74
1512.09	2837.14
1513.65	2836.44
1515.21	2832.26
1516.77	2832.26
1518.33	2830.16
1519.89	2830.86
1521.45	2827.02
1523.01	2828.42
1524.57	2829.12
1526.13	2826.33
1527.68	2828.07
1529.24	2828.77
1530.80	2834.35
1532.36	2830.51
1533.92	2825.63
1535.47	2820.75
1537.03	2823.89
1538.59	2827.37
1540.14	2824.58
1541.70	2824.93
1543.25	2828.77
1544.81	2835.74
1546.36	2829.12
1547.92	2824.93
1549.47	2819.70
1551.03	2817.26
1552.58	2815.17
1554.13	2815.51
1555.69	2817.96
1557.24	2816.21
1558.79	2813.07
1560.35	2814.47
1561.90	2814.47
1563.45	2814.82
1565.00	2811.68
1566.55	2810.63
1568.10	2808.54
1569.66	2808.54
1571.21	2812.03
1572.76	2814.82
1574.31	2816.56
1575.86	2811.68
1577.40	2808.54
1578.95	2805.40
1580.50	2800.17
1582.05	2800.17
1583.60	2793.19
1585.15	2794.59
1586.69	2794.59
1588.24	2802.61
1589.79	2797.73
1591.34	2798.77
1592.88	2791.45
1594.43	2799.12
1595.97	2792.84
1597.52	2794.94
1599.06	2790.75
1600.61	2798.42
1602.15	2797.38
1603.70	2796.68
1605.24	2789.70
1606.79	2786.56
1608.33	2786.91
1609.87	2787.61
1611.41	2792.84
1612.96	2791.45
1614.50	2788.66
1616.04	2786.56
1617.58	2784.82
1619.12	2786.91
1620.67	2779.94
1622.21	2786.91
1623.75	2783.77
1625.29	2786.22
1626.83	2784.82
1628.37	2782.38
1629.90	2781.33
1631.44	2777.84
1632.98	2778.19
1634.52	2777.50
1636.06	2780.63
1637.59	2783.08
1639.13	2787.26
1640.67	2782.03
1642.21	2783.42
1643.74	2778.89
1645.28	2776.45
1646.81	2779.24
1648.35	2775.05
1649.88	2777.15
1651.42	2765.98
1652.95	2773.66
1654.49	2769.47
1656.02	2772.96
1657.55	2762.85
1659.09	2767.38
1660.62	2763.89
1662.15	2771.22
1663.68	2764.24
1665.22	2764.24
1666.75	2756.57
1668.28	2762.85
1669.81	2761.45
1671.34	2764.94
1672.87	2762.85
1674.40	2763.54
1675.93	2757.96
1677.46	2748.20
1678.99	2743.31
1680.52	2748.89
1682.04	2751.34
1683.57	2754.82
1685.10	2749.24
1686.63	2752.73
1688.15	2747.85
1689.68	2746.45
1691.21	2741.22
1692.73	2745.06
1694.26	2743.66
1695.78	2742.62
1697.31	2734.59
1698.83	2734.59
1700.36	2730.76
1701.88	2737.03
1703.40	2734.59
1704.93	2735.29
1706.45	2730.06
