896.35	2927.83
897.98	2934.11
899.60	2940.38
901.22	2956.08
902.85	2943.52
904.47	2958.17
906.10	2967.59
907.72	2965.50
909.34	2985.38
910.97	3001.08
912.59	3013.63
914.21	3031.42
915.84	3049.21
917.46	3084.79
919.08	3094.21
920.71	3110.95
922.33	3142.34
923.95	3140.25
925.58	3164.31
927.20	3150.71
928.82	3166.41
930.44	3189.43
932.07	3176.87
933.69	3165.36
935.31	3181.06
936.93	3190.47
938.56	3193.61
940.18	3212.45
941.80	3204.08
943.42	3209.31
945.05	3228.14
946.67	3209.31
948.29	3215.59
949.91	3210.36
951.53	3230.24
953.16	3230.24
954.78	3232.33
956.40	3215.59
958.02	3223.96
959.64	3226.05
961.26	3230.24
962.88	3223.96
964.51	3208.26
966.13	3232.33
967.75	3225.01
969.37	3217.68
970.99	3219.77
972.61	3221.87
974.23	3221.87
975.85	3222.91
977.47	3223.96
979.09	3226.05
980.71	3214.54
982.33	3226.05
983.95	3226.05
985.57	3246.98
987.19	3233.38
988.81	3253.26
990.43	3234.42
992.05	3235.47
993.67	3256.40
995.29	3253.26
996.91	3248.03
998.53	3270.00
1000.15	3258.49
1001.77	3267.91
1003.39	3276.28
1005.01	3267.91
1006.63	3273.14
1008.25	3280.46
1009.86	3283.60
1011.48	3286.74
1013.10	3281.51
1014.72	3302.44
1016.34	3301.39
1017.96	3318.14
1019.58	3303.49
1021.19	3306.62
1022.81	3310.81
1024.43	3325.46
1026.05	3307.67
1027.66	3322.32
1029.28	3318.14
1030.90	3330.69
1032.52	3317.09
1034.13	3338.02
1035.75	3331.74
1037.37	3332.78
1038.98	3350.57
1040.60	3333.83
1042.22	3330.69
1043.83	3333.83
1045.45	3338.02
1047.07	3345.34
1048.68	3346.39
1050.30	3332.78
1051.92	3347.43
1053.53	3350.57
1055.15	3338.02
1056.76	3342.20
1058.38	3343.25
1059.99	3349.53
1061.61	3344.30
1063.22	3344.30
1064.84	3345.34
1066.46	3338.02
1068.07	3326.51
1069.68	3335.92
1071.30	3347.43
1072.91	3336.97
1074.53	3335.92
1076.14	3350.57
1077.76	3334.88
1079.37	3341.16
1080.98	3307.67
1082.60	3332.78
1084.21	3328.60
1085.83	3327.55
1087.44	3329.65
1089.05	3316.04
1090.67	3316.04
1092.28	3317.09
1093.89	3319.18
1095.50	3322.32
1097.12	3318.14
1098.73	3325.46
1100.34	3306.62
1101.95	3316.04
1103.57	3316.04
1105.18	3311.86
1106.79	3300.35
1108.40	3316.04
1110.01	3322.32
1111.63	3324.41
1113.24	3331.74
1114.85	3318.14
1116.46	3318.14
1118.07	3328.60
1119.68	3327.55
1121.29	3329.65
1122.90	3316.04
1124.51	3318.14
1126.12	3325.46
1127.73	3331.74
1129.34	3328.60
1130.95	3332.78
1132.56	3335.92
1134.17	3313.95
1135.78	3317.09
1137.39	3322.32
1139.00	3316.04
1140.61	3327.55
1142.22	3334.88
1143.83	3321.27
1145.44	3317.09
1147.05	3309.76
1148.65	3321.27
1150.26	3316.04
1151.87	3316.04
1153.48	3325.46
1155.09	3326.51
1156.69	3329.65
1158.30	3310.81
1159.91	3316.04
1161.52	3317.09
1163.12	3327.55
1164.73	3320.23
1166.34	3345.34
1167.94	3330.69
1169.55	3330.69
1171.16	3326.51
1172.76	3331.74
1174.37	3328.60
1175.97	3340.11
1177.58	3313.95
1179.19	3341.16
1180.79	3317.09
1182.40	3320.23
1184.00	3317.09
1185.61	3339.06
1187.21	3329.65
1188.82	3327.55
1190.42	3328.60
1192.02	3326.51
1193.63	3324.41
1195.23	3330.69
1196.84	3330.69
1198.44	3339.06
1200.04	3342.20
1201.65	3329.65
1203.25	3326.51
1204.85	3331.74
1206.46	3317.09
1208.06	3332.78
1209.66	3315.00
1211.26	3319.18
1212.87	3341.16
1214.47	3324.41
1216.07	3327.55
1217.67	3324.41
1219.27	3312.90
1220.87	3318.14
1222.48	3311.86
1224.08	3307.67
1225.68	3311.86
1227.28	3312.90
1228.88	3308.72
1230.48	3320.23
1232.08	3305.58
1233.68	3312.90
1235.28	3319.18
1236.88	3304.53
1238.48	3286.74
1240.08	3316.04
1241.68	3274.19
1243.28	3284.65
1244.87	3288.84
1246.47	3283.60
1248.07	3280.46
1249.67	3280.46
1251.27	3294.07
1252.87	3270.00
1254.46	3267.91
1256.06	3268.95
1257.66	3273.14
1259.26	3263.72
1260.85	3274.19
1262.45	3271.05
1264.05	3277.33
1265.64	3260.58
1267.24	3254.30
1268.83	3260.58
1270.43	3250.12
1272.03	3257.44
1273.62	3253.26
1275.22	3240.70
1276.81	3250.12
1278.41	3242.79
1280.00	3258.49
1281.60	3251.17
1283.19	3235.47
1284.79	3246.98
1286.38	3243.84
1287.97	3246.98
1289.57	3233.38
1291.16	3233.38
1292.75	3230.24
1294.35	3237.56
1295.94	3234.42
1297.53	3237.56
1299.12	3234.42
1300.72	3238.61
1302.31	3215.59
1303.90	3245.93
1305.49	3234.42
1307.08	3221.87
1308.68	3210.36
1310.27	3210.36
1311.86	3212.45
1313.45	3211.40
1315.04	3214.54
1316.63	3213.50
1318.22	3210.36
1319.81	3200.94
1321.40	3200.94
1322.99	3209.31
1324.58	3184.20
1326.17	3188.38
1327.75	3181.06
1329.34	3190.47
1330.93	3188.38
1332.52	3180.01
1334.11	3164.31
1335.70	3164.31
1337.28	3172.69
1338.87	3169.55
1340.46	3170.59
1342.05	3165.36
1343.63	3150.71
1345.22	3159.08
1346.81	3167.45
1348.39	3153.85
1349.98	3151.76
1351.56	3147.57
1353.15	3126.64
1354.73	3133.97
1356.32	3126.64
1357.90	3120.37
1359.49	3117.23
1361.07	3098.39
1362.66	3097.34
1364.24	3100.48
1365.82	3097.34
1367.41	3103.62
1368.99	3086.88
1370.57	3080.60
1372.16	3083.74
1373.74	3077.46
1375.32	3077.46
1376.91	3067.00
1378.49	3043.98
1380.07	3020.96
1381.65	3014.68
1383.23	3004.22
1384.81	3004.22
1386.39	3002.12
1387.97	3002.12
1389.55	2991.66
1391.14	2977.01
1392.72	2960.27
1394.29	2958.17
1395.87	2955.03
1397.45	2943.52
1399.03	2948.76
1400.61	2941.43
1402.19	2933.06
1403.77	2916.32
1405.35	2939.34
1406.92	2923.64
1408.50	2930.97
1410.08	2920.50
1411.66	2912.13
1413.23	2905.85
1414.81	2915.27
1416.39	2889.11
1417.96	2906.90
1419.54	2894.34
1421.12	2900.62
1422.69	2903.76
1424.27	2893.30
1425.84	2900.62
1427.42	2901.67
1428.99	2900.62
1430.57	2898.53
1432.14	2887.02
1433.71	2898.53
1435.29	2900.62
1436.86	2897.48
1438.43	2885.97
1440.01	2884.93
1441.58	2760.40
1443.15	2891.20
1444.72	2895.39
1446.30	2891.20
1447.87	2899.58
1449.44	2884.93
1451.01	2872.37
1452.58	2889.11
1454.15	2885.97
1455.72	2878.65
1457.29	2884.93
1458.86	2888.06
1460.43	2885.97
1462.00	2893.30
1463.57	2880.74
1465.14	2878.65
1466.71	2871.32
1468.28	2877.60
1469.85	2881.79
1471.41	2884.93
1472.98	2882.83
1474.55	2896.44
1476.12	2881.79
1477.68	2876.55
1479.25	2885.97
1480.82	2881.79
1482.38	2887.02
1483.95	2874.46
1485.51	2894.34
1487.08	2899.58
1488.64	2895.39
1490.21	2894.34
1491.77	2876.55
1493.34	2903.76
1494.90	2892.25
1496.46	2891.20
1498.03	2899.58
1499.59	2890.16
1501.15	2882.83
1502.72	2896.44
1504.28	2896.44
1505.84	2897.48
1507.40	2891.20
1508.97	2900.62
1510.53	2896.44
1512.09	2908.99
1513.65	2910.04
1515.21	2908.99
1516.77	2891.20
1518.33	2911.09
1519.89	2913.18
1521.45	2908.99
1523.01	2905.85
1524.57	2902.71
1526.13	2902.71
1527.68	2912.13
1529.24	2916.32
1530.80	2913.18
1532.36	2912.13
1533.92	2905.85
1535.47	2893.30
1537.03	2908.99
1538.59	2905.85
1540.14	2889.11
1541.70	2883.88
1543.25	2912.13
1544.81	2905.85
1546.36	2904.81
1547.92	2895.39
1549.47	2902.71
1551.03	2900.62
1552.58	2893.30
1554.13	2888.06
1555.69	2901.67
1557.24	2898.53
1558.79	2888.06
1560.35	2892.25
1561.90	2898.53
1563.45	2887.02
1565.00	2889.11
1566.55	2883.88
1568.10	2882.83
1569.66	2873.42
1571.21	2888.06
1572.76	2893.30
1574.31	2898.53
1575.86	2883.88
1577.40	2877.60
1578.95	2875.51
1580.50	2883.88
1582.05	2870.28
1583.60	2879.69
1585.15	2861.90
1586.69	2868.18
1588.24	2874.46
1589.79	2880.74
1591.34	2859.81
1592.88	2874.46
1594.43	2860.86
1595.97	2871.32
1597.52	2876.55
1599.06	2867.14
1600.61	2856.67
1602.15	2876.55
1603.70	2862.95
1605.24	2864.00
1606.79	2854.58
1608.33	2853.53
1609.87	2859.81
1611.41	2872.37
1612.96	2857.72
1614.50	2849.35
1616.04	2850.39
1617.58	2857.72
1619.12	2842.02
1620.67	2854.58
1622.21	2824.23
1623.75	2851.44
1625.29	2839.93
1626.83	2837.84
1628.37	2838.88
1629.90	2820.05
1631.44	2827.37
1632.98	2828.42
1634.52	2807.49
1636.06	2807.49
1637.59	2811.68
1639.13	2798.07
1640.67	2792.84
1642.21	2778.19
1643.74	2777.15
1645.28	2757.26
1646.81	2742.62
1648.35	2748.89
1649.88	2726.92
1651.42	2740.52
1652.95	2719.59
1654.49	2737.38
1656.02	2719.59
1657.55	2719.59
1659.09	2701.81
1660.62	2717.50
1662.15	2698.67
1663.68	2698.67
1665.22	2690.29
1666.75	2694.48
1668.28	2682.97
1669.81	2701.81
1671.34	2692.39
1672.87	2693.43
1674.40	2690.29
1675.93	2682.97
1677.46	2676.69
1678.99	2670.41
1680.52	2679.83
1682.04	2688.20
1683.57	2670.41
1685.10	2677.74
1686.63	2667.27
1688.15	2664.13
1689.68	2657.86
1691.21	2664.13
1692.73	2664.13
1694.26	2673.55
1695.78	2669.37
1697.31	2668.32
1698.83	2654.72
1700.36	2657.86
1701.88	2649.49
1703.40	2669.37
1704.93	2651.58
1706.45	2657.86
