896.35	2989.57
897.98	2991.66
899.60	2993.75
901.22	3012.59
902.85	3011.54
904.47	3032.47
906.10	3033.51
907.72	3034.56
909.34	3049.21
910.97	3071.18
912.59	3087.93
914.21	3111.99
915.84	3139.20
917.46	3182.10
919.08	3198.85
920.71	3217.68
922.33	3227.10
923.95	3241.75
925.58	3271.05
927.20	3273.14
928.82	3281.51
930.44	3301.39
932.07	3290.93
933.69	3287.79
935.31	3295.11
936.93	3304.53
938.56	3308.72
940.18	3318.14
941.80	3309.76
943.42	3332.78
945.05	3346.39
946.67	3334.88
948.29	3342.20
949.91	3332.78
951.53	3336.97
953.16	3349.53
954.78	3340.11
956.40	3339.06
958.02	3329.65
959.64	3341.16
961.26	3329.65
962.88	3341.16
964.51	3326.51
966.13	3351.62
967.75	3350.57
969.37	3348.48
970.99	3343.25
972.61	3338.02
974.23	3343.25
975.85	3344.30
977.47	3356.85
979.09	3346.39
980.71	3339.06
982.33	3348.48
983.95	3348.48
985.57	3370.46
987.19	3354.76
988.81	3367.32
990.43	3353.71
992.05	3365.22
993.67	3371.50
995.29	3373.59
996.91	3359.99
998.53	3394.52
1000.15	3396.62
1001.77	3400.80
1003.39	3400.80
1005.01	3407.08
1006.63	3414.40
1008.25	3414.40
1009.86	3420.68
1011.48	3417.54
1013.10	3417.54
1014.72	3437.42
1016.34	3435.33
1017.96	3449.98
1019.58	3433.24
1021.19	3437.42
1022.81	3438.47
1024.43	3460.45
1026.05	3444.75
1027.66	3463.58
1029.28	3460.45
1030.90	3469.86
1032.52	3456.26
1034.13	3470.91
1035.75	3475.10
1037.37	3473.00
1038.98	3488.70
1040.60	3481.37
1042.22	3462.54
1043.83	3485.56
1045.45	3481.37
1047.07	3485.56
1048.68	3480.33
1050.30	3471.96
1051.92	3482.42
1053.53	3485.56
1055.15	3480.33
1056.76	3484.51
1058.38	3482.42
1059.99	3489.74
1061.61	3478.23
1063.22	3474.05
1064.84	3481.37
1066.46	3481.37
1068.07	3477.19
1069.68	3480.33
1071.30	3490.79
1072.91	3478.23
1074.53	3469.86
1076.14	3489.74
1077.76	3467.77
1079.37	3468.82
1080.98	3441.61
1082.60	3470.91
1084.21	3464.63
1085.83	3463.58
1087.44	3455.21
1089.05	3444.75
1090.67	3443.70
1092.28	3442.66
1093.89	3443.70
1095.50	3464.63
1097.12	3453.12
1098.73	3456.26
1100.34	3424.87
1101.95	3452.07
1103.57	3446.84
1105.18	3437.42
1106.79	3432.19
1108.40	3453.12
1110.01	3445.80
1111.63	3464.63
1113.24	3457.31
1114.85	3452.07
1116.46	3449.98
1118.07	3464.63
1119.68	3441.61
1121.29	3456.26
1122.90	3441.61
1124.51	3443.70
1126.12	3455.21
1127.73	3458.35
1129.34	3458.35
1130.95	3462.54
1132.56	3463.58
1134.17	3432.19
1135.78	3440.56
1137.39	3460.45
1139.00	3442.66
1140.61	3449.98
1142.22	3456.26
1143.83	3455.21
1145.44	3451.03
1147.05	3453.12
1148.65	3449.98
1150.26	3441.61
1151.87	3434.29
1153.48	3445.80
1155.09	3448.94
1156.69	3457.31
1158.30	3445.80
1159.91	3446.84
1161.52	3452.07
1163.12	3452.07
1164.73	3442.66
1166.34	3462.54
1167.94	3445.80
1169.55	3456.26
1171.16	3458.35
1172.76	3470.91
1174.37	3449.98
1175.97	3467.77
1177.58	3437.42
1179.19	3460.45
1180.79	3442.66
1182.40	3458.35
1184.00	3448.94
1185.61	3465.68
1187.21	3457.31
1188.82	3454.17
1190.42	3454.17
1192.02	3463.58
1193.63	3443.70
1195.23	3455.21
1196.84	3456.26
1198.44	3463.58
1200.04	3455.21
1201.65	3453.12
1203.25	3453.12
1204.85	3454.17
1206.46	3435.33
1208.06	3449.98
1209.66	3432.19
1211.26	3436.38
1212.87	3449.98
1214.47	3444.75
1216.07	3434.29
1217.67	3440.56
1219.27	3425.91
1220.87	3441.61
1222.48	3433.24
1224.08	3430.10
1225.68	3437.42
1227.28	3439.52
1228.88	3417.54
1230.48	3425.91
1232.08	3408.13
1233.68	3429.05
1235.28	3429.05
1236.88	3417.54
1238.48	3399.75
1240.08	3431.15
1241.68	3394.52
1243.28	3404.99
1244.87	3393.48
1246.47	3380.92
1248.07	3384.06
1249.67	3401.85
1251.27	3399.75
1252.87	3384.06
1254.46	3372.55
1256.06	3376.73
1257.66	3370.46
1259.26	3367.32
1260.85	3366.27
1262.45	3364.18
1264.05	3355.81
1265.64	3359.99
1267.24	3356.85
1268.83	3368.36
1270.43	3357.90
1272.03	3369.41
1273.62	3350.57
1275.22	3347.43
1276.81	3354.76
1278.41	3354.76
1280.00	3359.99
1281.60	3349.53
1283.19	3343.25
1284.79	3355.81
1286.38	3339.06
1287.97	3347.43
1289.57	3338.02
1291.16	3340.11
1292.75	3315.00
1294.35	3326.51
1295.94	3327.55
1297.53	3334.88
1299.12	3309.76
1300.72	3325.46
1302.31	3296.16
1303.90	3328.60
1305.49	3321.27
1307.08	3307.67
1308.68	3297.21
1310.27	3306.62
1311.86	3307.67
1313.45	3303.49
1315.04	3299.30
1316.63	3302.44
1318.22	3293.02
1319.81	3287.79
1321.40	3280.46
1322.99	3290.93
1324.58	3267.91
1326.17	3278.37
1327.75	3268.95
1329.34	3283.60
1330.93	3253.26
1332.52	3258.49
1334.11	3250.12
1335.70	3259.54
1337.28	3243.84
1338.87	3249.07
1340.46	3248.03
1342.05	3248.03
1343.63	3236.52
1345.22	3234.42
1346.81	3239.66
1348.39	3228.14
1349.98	3217.68
1351.56	3206.17
1353.15	3200.94
1354.73	3204.08
1356.32	3191.52
1357.90	3192.57
1359.49	3189.43
1361.07	3171.64
1362.66	3164.31
1364.24	3168.50
1365.82	3172.69
1367.41	3182.10
1368.99	3140.25
1370.57	3140.25
1372.16	3141.29
1373.74	3147.57
1375.32	3145.48
1376.91	3133.97
1378.49	3098.39
1380.07	3067.00
1381.65	3067.00
1383.23	3050.26
1384.81	3052.35
1386.39	3042.93
1387.97	3035.61
1389.55	3035.61
1391.14	3027.24
1392.72	3016.77
1394.29	3004.22
1395.87	2992.70
1397.45	2982.24
1399.03	2982.24
1400.61	2969.68
1402.19	2966.54
1403.77	2952.94
1405.35	2971.78
1406.92	2953.99
1408.50	2957.13
1410.08	2942.48
1411.66	2946.66
1413.23	2942.48
1414.81	2943.52
1416.39	2924.69
1417.96	2944.57
1419.54	2933.06
1421.12	2935.15
1422.69	2932.01
1424.27	2911.09
1425.84	2930.97
1427.42	2921.55
1428.99	2921.55
1430.57	2919.46
1432.14	2916.32
1433.71	2918.41
1435.29	2920.50
1436.86	2919.46
1438.43	2918.41
1440.01	2915.27
1441.58	2788.66
1443.15	2911.09
1444.72	2921.55
1446.30	2917.36
1447.87	2919.46
1449.44	2899.58
1451.01	2888.06
1452.58	2912.13
1454.15	2914.22
1455.72	2899.58
1457.29	2901.67
1458.86	2914.22
1460.43	2907.95
1462.00	2919.46
1463.57	2899.58
1465.14	2914.22
1466.71	2899.58
1468.28	2908.99
1469.85	2910.04
1471.41	2908.99
1472.98	2900.62
1474.55	2915.27
1476.12	2894.34
1477.68	2896.44
1479.25	2912.13
1480.82	2901.67
1482.38	2904.81
1483.95	2898.53
1485.51	2914.22
1487.08	2927.83
1488.64	2922.60
1490.21	2924.69
1491.77	2905.85
1493.34	2924.69
1494.90	2914.22
1496.46	2916.32
1498.03	2924.69
1499.59	2916.32
1501.15	2917.36
1502.72	2916.32
1504.28	2918.41
1505.84	2922.60
1507.40	2917.36
1508.97	2930.97
1510.53	2921.55
1512.09	2934.11
1513.65	2929.92
1515.21	2934.11
1516.77	2918.41
1518.33	2938.29
1519.89	2934.11
1521.45	2933.06
1523.01	2927.83
1524.57	2933.06
1526.13	2923.64
1527.68	2937.25
1529.24	2941.43
1530.80	2939.34
1532.36	2943.52
1533.92	2936.20
1535.47	2930.97
1537.03	2925.74
1538.59	2935.15
1540.14	2925.74
1541.70	2917.36
1543.25	2946.66
1544.81	2936.20
1546.36	2939.34
1547.92	2924.69
1549.47	2937.25
1551.03	2929.92
1552.58	2939.34
1554.13	2932.01
1555.69	2928.87
1557.24	2920.50
1558.79	2922.60
1560.35	2922.60
1561.90	2927.83
1563.45	2918.41
1565.00	2919.46
1566.55	2908.99
1568.10	2920.50
1569.66	2907.95
1571.21	2915.27
1572.76	2907.95
1574.31	2905.85
1575.86	2912.13
1577.40	2898.53
1578.95	2903.76
1580.50	2905.85
1582.05	2887.02
1583.60	2904.81
1585.15	2885.97
1586.69	2890.16
1588.24	2889.11
1589.79	2894.34
1591.34	2882.83
1592.88	2898.53
1594.43	2875.51
1595.97	2895.39
1597.52	2890.16
1599.06	2887.02
1600.61	2882.83
1602.15	2898.53
1603.70	2877.60
1605.24	2888.06
1606.79	2887.02
1608.33	2881.79
1609.87	2875.51
1611.41	2891.20
1612.96	2883.88
1614.50	2877.60
1616.04	2874.46
1617.58	2881.79
1619.12	2867.14
1620.67	2882.83
1622.21	2855.63
1623.75	2877.60
1625.29	2852.49
1626.83	2852.49
1628.37	2860.86
1629.90	2849.35
1631.44	2842.02
1632.98	2848.30
1634.52	2829.47
1636.06	2820.05
1637.59	2829.47
1639.13	2817.96
1640.67	2805.40
1642.21	2788.66
1643.74	2785.52
1645.28	2768.78
1646.81	2768.78
1648.35	2764.59
1649.88	2742.62
1651.42	2748.89
1652.95	2733.20
1654.49	2760.40
1656.02	2732.15
1657.55	2733.20
1659.09	2700.76
1660.62	2721.69
1662.15	2700.76
1663.68	2715.41
1665.22	2697.62
1666.75	2701.81
1668.28	2698.67
1669.81	2717.50
1671.34	2701.81
1672.87	2710.18
1674.40	2705.99
1675.93	2692.39
1677.46	2679.83
1678.99	2677.74
1680.52	2684.02
1682.04	2693.43
1683.57	2677.74
1685.10	2685.06
1686.63	2672.51
1688.15	2677.74
1689.68	2664.13
1691.21	2674.60
1692.73	2678.78
1694.26	2679.83
1695.78	2661.00
1697.31	2671.46
1698.83	2671.46
1700.36	2669.37
1701.88	2665.18
1703.40	2674.60
1704.93	2663.09
1706.45	2665.18
