896.35	2947.71
897.98	2956.08
899.60	2962.36
901.22	2979.10
902.85	2977.01
904.47	2983.29
906.10	2993.75
907.72	2987.47
909.34	3007.35
910.97	3024.10
912.59	3039.79
914.21	3064.91
915.84	3081.65
917.46	3121.41
919.08	3132.92
920.71	3144.43
922.33	3169.55
923.95	3184.20
925.58	3204.08
927.20	3196.75
928.82	3205.12
930.44	3225.01
932.07	3221.87
933.69	3219.77
935.31	3223.96
936.93	3236.52
938.56	3235.47
940.18	3249.07
941.80	3240.70
943.42	3251.17
945.05	3265.82
946.67	3249.07
948.29	3251.17
949.91	3251.17
951.53	3277.33
953.16	3275.23
954.78	3259.54
956.40	3252.21
958.02	3258.49
959.64	3264.77
961.26	3258.49
962.88	3266.86
964.51	3252.21
966.13	3277.33
967.75	3266.86
969.37	3256.40
970.99	3255.35
972.61	3254.30
974.23	3256.40
975.85	3264.77
977.47	3278.37
979.09	3273.14
980.71	3265.82
982.33	3271.05
983.95	3280.46
985.57	3293.02
987.19	3282.56
988.81	3295.11
990.43	3291.98
992.05	3286.74
993.67	3289.88
995.29	3286.74
996.91	3276.28
998.53	3307.67
1000.15	3308.72
1001.77	3313.95
1003.39	3316.04
1005.01	3316.04
1006.63	3328.60
1008.25	3328.60
1009.86	3341.16
1011.48	3328.60
1013.10	3325.46
1014.72	3344.30
1016.34	3343.25
1017.96	3366.27
1019.58	3343.25
1021.19	3343.25
1022.81	3345.34
1024.43	3362.08
1026.05	3353.71
1027.66	3376.73
1029.28	3373.59
1030.90	3372.55
1032.52	3365.22
1034.13	3384.06
1035.75	3387.20
1037.37	3392.43
1038.98	3391.38
1040.60	3378.83
1042.22	3366.27
1043.83	3372.55
1045.45	3378.83
1047.07	3378.83
1048.68	3389.29
1050.30	3388.24
1051.92	3393.48
1053.53	3392.43
1055.15	3389.29
1056.76	3387.20
1058.38	3387.20
1059.99	3397.66
1061.61	3391.38
1063.22	3381.97
1064.84	3387.20
1066.46	3375.69
1068.07	3372.55
1069.68	3380.92
1071.30	3393.48
1072.91	3379.87
1074.53	3378.83
1076.14	3392.43
1077.76	3377.78
1079.37	3385.10
1080.98	3355.81
1082.60	3366.27
1084.21	3375.69
1085.83	3375.69
1087.44	3372.55
1089.05	3365.22
1090.67	3351.62
1092.28	3353.71
1093.89	3364.18
1095.50	3365.22
1097.12	3355.81
1098.73	3362.08
1100.34	3344.30
1101.95	3365.22
1103.57	3362.08
1105.18	3351.62
1106.79	3348.48
1108.40	3359.99
1110.01	3359.99
1111.63	3357.90
1113.24	3358.94
1114.85	3357.90
1116.46	3353.71
1118.07	3363.13
1119.68	3346.39
1121.29	3366.27
1122.90	3355.81
1124.51	3362.08
1126.12	3370.46
1127.73	3368.36
1129.34	3385.10
1130.95	3373.59
1132.56	3369.41
1134.17	3345.34
1135.78	3354.76
1137.39	3358.94
1139.00	3354.76
1140.61	3361.04
1142.22	3364.18
1143.83	3351.62
1145.44	3359.99
1147.05	3361.04
1148.65	3353.71
1150.26	3351.62
1151.87	3343.25
1153.48	3349.53
1155.09	3358.94
1156.69	3367.32
1158.30	3347.43
1159.91	3351.62
1161.52	3362.08
1163.12	3366.27
1164.73	3361.04
1166.34	3358.94
1167.94	3364.18
1169.55	3374.64
1171.16	3361.04
1172.76	3365.22
1174.37	3368.36
1175.97	3374.64
1177.58	3350.57
1179.19	3367.32
1180.79	3354.76
1182.40	3366.27
1184.00	3362.08
1185.61	3379.87
1187.21	3366.27
1188.82	3357.90
1190.42	3354.76
1192.02	3357.90
1193.63	3349.53
1195.23	3369.41
1196.84	3364.18
1198.44	3368.36
1200.04	3363.13
1201.65	3364.18
1203.25	3357.90
1204.85	3371.50
1206.46	3353.71
1208.06	3366.27
1209.66	3348.48
1211.26	3355.81
1212.87	3373.59
1214.47	3349.53
1216.07	3347.43
1217.67	3354.76
1219.27	3351.62
1220.87	3350.57
1222.48	3344.30
1224.08	3339.06
1225.68	3344.30
1227.28	3340.11
1228.88	3333.83
1230.48	3341.16
1232.08	3318.14
1233.68	3341.16
1235.28	3348.48
1236.88	3326.51
1238.48	3317.09
1240.08	3344.30
1241.68	3310.81
1243.28	3328.60
1244.87	3321.27
1246.47	3316.04
1248.07	3304.53
1249.67	3309.76
1251.27	3316.04
1252.87	3305.58
1254.46	3298.25
1256.06	3293.02
1257.66	3304.53
1259.26	3295.11
1260.85	3296.16
1262.45	3288.84
1264.05	3285.70
1265.64	3284.65
1267.24	3289.88
1268.83	3284.65
1270.43	3279.42
1272.03	3303.49
1273.62	3284.65
1275.22	3275.23
1276.81	3278.37
1278.41	3279.42
1280.00	3279.42
1281.60	3273.14
1283.19	3266.86
1284.79	3276.28
1286.38	3270.00
1287.97	3273.14
1289.57	3262.68
1291.16	3263.72
1292.75	3252.21
1294.35	3270.00
1295.94	3257.44
1297.53	3260.58
1299.12	3248.03
1300.72	3260.58
1302.31	3230.24
1303.90	3259.54
1305.49	3245.93
1307.08	3240.70
1308.68	3237.56
1310.27	3242.79
1311.86	3241.75
1313.45	3241.75
1315.04	3238.61
1316.63	3235.47
1318.22	3230.24
1319.81	3214.54
1321.40	3216.63
1322.99	3222.91
1324.58	3206.17
1326.17	3211.40
1327.75	3200.94
1329.34	3212.45
1330.93	3198.85
1332.52	3189.43
1334.11	3194.66
1335.70	3199.89
1337.28	3181.06
1338.87	3188.38
1340.46	3183.15
1342.05	3178.96
1343.63	3169.55
1345.22	3171.64
1346.81	3173.73
1348.39	3160.13
1349.98	3166.41
1351.56	3155.94
1353.15	3149.66
1354.73	3159.08
1356.32	3137.11
1357.90	3143.39
1359.49	3138.15
1361.07	3119.32
1362.66	3118.27
1364.24	3121.41
1365.82	3126.64
1367.41	3119.32
1368.99	3093.16
1370.57	3096.30
1372.16	3100.48
1373.74	3097.34
1375.32	3095.25
1376.91	3088.97
1378.49	3063.86
1380.07	3035.61
1381.65	3032.47
1383.23	3009.45
1384.81	3007.35
1386.39	3002.12
1387.97	3007.35
1389.55	2997.94
1391.14	2994.80
1392.72	2971.78
1394.29	2971.78
1395.87	2963.41
1397.45	2943.52
1399.03	2947.71
1400.61	2942.48
1402.19	2933.06
1403.77	2920.50
1405.35	2938.29
1406.92	2926.78
1408.50	2927.83
1410.08	2926.78
1411.66	2915.27
1413.23	2913.18
1414.81	2914.22
1416.39	2896.44
1417.96	2907.95
1419.54	2896.44
1421.12	2902.71
1422.69	2915.27
1424.27	2889.11
1425.84	2897.48
1427.42	2895.39
1428.99	2893.30
1430.57	2893.30
1432.14	2895.39
1433.71	2891.20
1435.29	2896.44
1436.86	2895.39
1438.43	2895.39
1440.01	2893.30
1441.58	2763.54
1443.15	2887.02
1444.72	2892.25
1446.30	2889.11
1447.87	2900.62
1449.44	2887.02
1451.01	2877.60
1452.58	2889.11
1454.15	2882.83
1455.72	2874.46
1457.29	2880.74
1458.86	2891.20
1460.43	2882.83
1462.00	2894.34
1463.57	2883.88
1465.14	2885.97
1466.71	2876.55
1468.28	2876.55
1469.85	2892.25
1471.41	2894.34
1472.98	2887.02
1474.55	2894.34
1476.12	2875.51
1477.68	2875.51
1479.25	2887.02
1480.82	2884.93
1482.38	2889.11
1483.95	2878.65
1485.51	2891.20
1487.08	2899.58
1488.64	2885.97
1490.21	2893.30
1491.77	2875.51
1493.34	2896.44
1494.90	2881.79
1496.46	2883.88
1498.03	2896.44
1499.59	2891.20
1501.15	2889.11
1502.72	2891.20
1504.28	2896.44
1505.84	2889.11
1507.40	2889.11
1508.97	2910.04
1510.53	2903.76
1512.09	2910.04
1513.65	2913.18
1515.21	2907.95
1516.77	2904.81
1518.33	2921.55
1519.89	2916.32
1521.45	2911.09
1523.01	2903.76
1524.57	2911.09
1526.13	2897.48
1527.68	2911.09
1529.24	2916.32
1530.80	2910.04
1532.36	2918.41
1533.92	2912.13
1535.47	2905.85
1537.03	2906.90
1538.59	2914.22
1540.14	2897.48
1541.70	2895.39
1543.25	2924.69
1544.81	2916.32
1546.36	2914.22
1547.92	2907.95
1549.47	2912.13
1551.03	2910.04
1552.58	2901.67
1554.13	2896.44
1555.69	2915.27
1557.24	2895.39
1558.79	2892.25
1560.35	2890.16
1561.90	2905.85
1563.45	2884.93
1565.00	2897.48
1566.55	2890.16
1568.10	2893.30
1569.66	2880.74
1571.21	2895.39
1572.76	2892.25
1574.31	2891.20
1575.86	2889.11
1577.40	2876.55
1578.95	2894.34
1580.50	2887.02
1582.05	2876.55
1583.60	2881.79
1585.15	2870.28
1586.69	2874.46
1588.24	2874.46
1589.79	2881.79
1591.34	2859.81
1592.88	2883.88
1594.43	2862.95
1595.97	2882.83
1597.52	2868.18
1599.06	2874.46
1600.61	2864.00
1602.15	2885.97
1603.70	2871.32
1605.24	2872.37
1606.79	2873.42
1608.33	2853.53
1609.87	2852.49
1611.41	2865.04
1612.96	2858.77
1614.50	2849.35
1616.04	2856.67
1617.58	2861.90
1619.12	2853.53
1620.67	2854.58
1622.21	2825.28
1623.75	2853.53
1625.29	2832.61
1626.83	2836.79
1628.37	2847.26
1629.90	2828.42
1631.44	2823.19
1632.98	2828.42
1634.52	2807.49
1636.06	2808.54
1637.59	2813.77
1639.13	2800.17
1640.67	2797.03
1642.21	2786.56
1643.74	2784.47
1645.28	2757.26
1646.81	2748.89
1648.35	2755.17
1649.88	2732.15
1651.42	2737.38
1652.95	2721.69
1654.49	2746.80
1656.02	2724.83
1657.55	2723.78
1659.09	2702.85
1660.62	2712.27
1662.15	2699.71
1663.68	2712.27
1665.22	2700.76
1666.75	2697.62
1668.28	2696.57
1669.81	2716.45
1671.34	2690.29
1672.87	2696.57
1674.40	2698.67
1675.93	2688.20
1677.46	2675.65
1678.99	2672.51
1680.52	2679.83
1682.04	2693.43
1683.57	2670.41
1685.10	2672.51
1686.63	2670.41
1688.15	2678.78
1689.68	2665.18
1691.21	2670.41
1692.73	2668.32
1694.26	2676.69
1695.78	2665.18
1697.31	2669.37
1698.83	2662.04
1700.36	2669.37
1701.88	2655.76
1703.40	2668.32
1704.93	2648.44
1706.45	2654.72
