896.35	2917.36
897.98	2920.50
899.60	2924.69
901.22	2946.66
902.85	2935.15
904.47	2952.94
906.10	2964.45
907.72	2962.36
909.34	2975.96
910.97	2991.66
912.59	3006.31
914.21	3026.19
915.84	3046.07
917.46	3079.56
919.08	3098.39
920.71	3108.86
922.33	3135.02
923.95	3137.11
925.58	3163.27
927.20	3145.48
928.82	3153.85
930.44	3167.45
932.07	3170.59
933.69	3158.04
935.31	3172.69
936.93	3182.10
938.56	3187.34
940.18	3192.57
941.80	3189.43
943.42	3208.26
945.05	3217.68
946.67	3200.94
948.29	3201.98
949.91	3200.94
951.53	3222.91
953.16	3227.10
954.78	3217.68
956.40	3201.98
958.02	3216.63
959.64	3210.36
961.26	3210.36
962.88	3216.63
964.51	3199.89
966.13	3226.05
967.75	3226.05
969.37	3203.03
970.99	3205.12
972.61	3207.22
974.23	3213.50
975.85	3209.31
977.47	3219.77
979.09	3214.54
980.71	3212.45
982.33	3223.96
983.95	3223.96
985.57	3235.47
987.19	3231.28
988.81	3241.75
990.43	3221.87
992.05	3219.77
993.67	3240.70
995.29	3239.66
996.91	3232.33
998.53	3254.30
1000.15	3254.30
1001.77	3261.63
1003.39	3262.68
1005.01	3265.82
1006.63	3263.72
1008.25	3262.68
1009.86	3274.19
1011.48	3279.42
1013.10	3285.70
1014.72	3291.98
1016.34	3293.02
1017.96	3302.44
1019.58	3291.98
1021.19	3291.98
1022.81	3300.35
1024.43	3313.95
1026.05	3301.39
1027.66	3308.72
1029.28	3301.39
1030.90	3312.90
1032.52	3307.67
1034.13	3316.04
1035.75	3324.41
1037.37	3322.32
1038.98	3326.51
1040.60	3326.51
1042.22	3317.09
1043.83	3323.37
1045.45	3326.51
1047.07	3312.90
1048.68	3331.74
1050.30	3330.69
1051.92	3334.88
1053.53	3324.41
1055.15	3330.69
1056.76	3320.23
1058.38	3328.60
1059.99	3341.16
1061.61	3326.51
1063.22	3311.86
1064.84	3326.51
1066.46	3326.51
1068.07	3322.32
1069.68	3328.60
1071.30	3334.88
1072.91	3327.55
1074.53	3315.00
1076.14	3328.60
1077.76	3317.09
1079.37	3324.41
1080.98	3291.98
1082.60	3311.86
1084.21	3312.90
1085.83	3310.81
1087.44	3321.27
1089.05	3304.53
1090.67	3305.58
1092.28	3296.16
1093.89	3305.58
1095.50	3305.58
1097.12	3298.25
1098.73	3307.67
1100.34	3291.98
1101.95	3304.53
1103.57	3295.11
1105.18	3301.39
1106.79	3294.07
1108.40	3302.44
1110.01	3301.39
1111.63	3312.90
1113.24	3310.81
1114.85	3301.39
1116.46	3296.16
1118.07	3309.76
1119.68	3291.98
1121.29	3304.53
1122.90	3296.16
1124.51	3297.21
1126.12	3318.14
1127.73	3307.67
1129.34	3313.95
1130.95	3312.90
1132.56	3313.95
1134.17	3289.88
1135.78	3290.93
1137.39	3305.58
1139.00	3293.02
1140.61	3298.25
1142.22	3308.72
1143.83	3297.21
1145.44	3300.35
1147.05	3291.98
1148.65	3308.72
1150.26	3297.21
1151.87	3295.11
1153.48	3301.39
1155.09	3301.39
1156.69	3300.35
1158.30	3285.70
1159.91	3291.98
1161.52	3311.86
1163.12	3317.09
1164.73	3313.95
1166.34	3318.14
1167.94	3308.72
1169.55	3311.86
1171.16	3307.67
1172.76	3310.81
1174.37	3306.62
1175.97	3318.14
1177.58	3307.67
1179.19	3319.18
1180.79	3299.30
1182.40	3304.53
1184.00	3303.49
1185.61	3319.18
1187.21	3313.95
1188.82	3309.76
1190.42	3303.49
1192.02	3303.49
1193.63	3301.39
1195.23	3309.76
1196.84	3308.72
1198.44	3313.95
1200.04	3321.27
1201.65	3310.81
1203.25	3304.53
1204.85	3310.81
1206.46	3294.07
1208.06	3310.81
1209.66	3300.35
1211.26	3305.58
1212.87	3324.41
1214.47	3298.25
1216.07	3289.88
1217.67	3311.86
1219.27	3299.30
1220.87	3302.44
1222.48	3298.25
1224.08	3288.84
1225.68	3297.21
1227.28	3295.11
1228.88	3278.37
1230.48	3284.65
1232.08	3273.14
1233.68	3294.07
1235.28	3290.93
1236.88	3280.46
1238.48	3278.37
1240.08	3293.02
1241.68	3261.63
1243.28	3272.09
1244.87	3266.86
1246.47	3260.58
1248.07	3257.44
1249.67	3256.40
1251.27	3266.86
1252.87	3254.30
1254.46	3254.30
1256.06	3248.03
1257.66	3245.93
1259.26	3248.03
1260.85	3248.03
1262.45	3239.66
1264.05	3249.07
1265.64	3244.89
1267.24	3242.79
1268.83	3252.21
1270.43	3243.84
1272.03	3253.26
1273.62	3236.52
1275.22	3230.24
1276.81	3244.89
1278.41	3236.52
1280.00	3238.61
1281.60	3230.24
1283.19	3222.91
1284.79	3238.61
1286.38	3223.96
1287.97	3231.28
1289.57	3219.77
1291.16	3226.05
1292.75	3217.68
1294.35	3225.01
1295.94	3214.54
1297.53	3217.68
1299.12	3204.08
1300.72	3221.87
1302.31	3199.89
1303.90	3228.14
1305.49	3222.91
1307.08	3196.75
1308.68	3198.85
1310.27	3205.12
1311.86	3198.85
1313.45	3186.29
1315.04	3194.66
1316.63	3205.12
1318.22	3196.75
1319.81	3184.20
1321.40	3178.96
1322.99	3191.52
1324.58	3165.36
1326.17	3175.82
1327.75	3165.36
1329.34	3177.92
1330.93	3164.31
1332.52	3163.27
1334.11	3164.31
1335.70	3163.27
1337.28	3148.62
1338.87	3154.90
1340.46	3156.99
1342.05	3148.62
1343.63	3147.57
1345.22	3139.20
1346.81	3148.62
1348.39	3132.92
1349.98	3132.92
1351.56	3133.97
1353.15	3128.74
1354.73	3124.55
1356.32	3102.58
1357.90	3095.25
1359.49	3104.67
1361.07	3094.21
1362.66	3087.93
1364.24	3095.25
1365.82	3085.83
1367.41	3087.93
1368.99	3069.09
1370.57	3068.05
1372.16	3077.46
1373.74	3073.28
1375.32	3063.86
1376.91	3051.30
1378.49	3019.91
1380.07	3008.40
1381.65	3003.17
1383.23	2982.24
1384.81	2987.47
1386.39	2980.15
1387.97	2978.06
1389.55	2975.96
1391.14	2966.54
1392.72	2959.22
1394.29	2957.13
1395.87	2952.94
1397.45	2935.15
1399.03	2937.25
1400.61	2926.78
1402.19	2913.18
1403.77	2906.90
1405.35	2926.78
1406.92	2908.99
1408.50	2913.18
1410.08	2917.36
1411.66	2900.62
1413.23	2905.85
1414.81	2902.71
1416.39	2879.69
1417.96	2902.71
1419.54	2892.25
1421.12	2899.58
1422.69	2902.71
1424.27	2879.69
1425.84	2892.25
1427.42	2889.11
1428.99	2894.34
1430.57	2890.16
1432.14	2883.88
1433.71	2882.83
1435.29	2896.44
1436.86	2892.25
1438.43	2887.02
1440.01	2883.88
1441.58	2769.82
1443.15	2891.20
1444.72	2887.02
1446.30	2880.74
1447.87	2893.30
1449.44	2877.60
1451.01	2869.23
1452.58	2880.74
1454.15	2879.69
1455.72	2868.18
1457.29	2869.23
1458.86	2874.46
1460.43	2862.95
1462.00	2888.06
1463.57	2874.46
1465.14	2873.42
1466.71	2865.04
1468.28	2870.28
1469.85	2872.37
1471.41	2880.74
1472.98	2867.14
1474.55	2882.83
1476.12	2871.32
1477.68	2872.37
1479.25	2888.06
1480.82	2878.65
1482.38	2884.93
1483.95	2873.42
1485.51	2880.74
1487.08	2894.34
1488.64	2888.06
1490.21	2892.25
1491.77	2880.74
1493.34	2895.39
1494.90	2883.88
1496.46	2878.65
1498.03	2889.11
1499.59	2890.16
1501.15	2889.11
1502.72	2892.25
1504.28	2892.25
1505.84	2882.83
1507.40	2884.93
1508.97	2896.44
1510.53	2891.20
1512.09	2907.95
1513.65	2900.62
1515.21	2896.44
1516.77	2887.02
1518.33	2905.85
1519.89	2897.48
1521.45	2904.81
1523.01	2899.58
1524.57	2898.53
1526.13	2890.16
1527.68	2898.53
1529.24	2912.13
1530.80	2900.62
1532.36	2904.81
1533.92	2898.53
1535.47	2881.79
1537.03	2893.30
1538.59	2897.48
1540.14	2888.06
1541.70	2891.20
1543.25	2910.04
1544.81	2896.44
1546.36	2902.71
1547.92	2888.06
1549.47	2896.44
1551.03	2891.20
1552.58	2893.30
1554.13	2880.74
1555.69	2890.16
1557.24	2876.55
1558.79	2882.83
1560.35	2875.51
1561.90	2887.02
1563.45	2882.83
1565.00	2884.93
1566.55	2882.83
1568.10	2876.55
1569.66	2866.09
1571.21	2888.06
1572.76	2882.83
1574.31	2887.02
1575.86	2874.46
1577.40	2868.18
1578.95	2860.86
1580.50	2866.09
1582.05	2860.86
1583.60	2875.51
1585.15	2860.86
1586.69	2865.04
1588.24	2867.14
1589.79	2879.69
1591.34	2853.53
1592.88	2868.18
1594.43	2850.39
1595.97	2866.09
1597.52	2852.49
1599.06	2857.72
1600.61	2855.63
1602.15	2864.00
1603.70	2852.49
1605.24	2850.39
1606.79	2856.67
1608.33	2842.02
1609.87	2850.39
1611.41	2858.77
1612.96	2859.81
1614.50	2837.84
1616.04	2838.88
1617.58	2848.30
1619.12	2835.74
1620.67	2842.02
1622.21	2812.72
1623.75	2834.70
1625.29	2813.77
1626.83	2823.19
1628.37	2848.30
1629.90	2817.96
1631.44	2806.45
1632.98	2812.72
1634.52	2797.03
1636.06	2802.26
1637.59	2805.40
1639.13	2787.61
1640.67	2786.56
1642.21	2772.96
1643.74	2772.96
1645.28	2756.22
1646.81	2745.75
1648.35	2754.13
1649.88	2714.36
1651.42	2730.06
1652.95	2720.64
1654.49	2732.15
1656.02	2709.13
1657.55	2713.32
1659.09	2691.34
1660.62	2707.04
1662.15	2690.29
1663.68	2695.53
1665.22	2691.34
1666.75	2702.85
1668.28	2680.88
1669.81	2695.53
1671.34	2689.25
1672.87	2686.11
1674.40	2691.34
1675.93	2681.92
1677.46	2666.23
1678.99	2662.04
1680.52	2670.41
1682.04	2679.83
1683.57	2672.51
1685.10	2675.65
1686.63	2656.81
1688.15	2670.41
1689.68	2651.58
1691.21	2656.81
1692.73	2665.18
1694.26	2669.37
1695.78	2659.95
1697.31	2667.27
1698.83	2654.72
1700.36	2654.72
1701.88	2656.81
1703.40	2666.23
1704.93	2650.53
1706.45	2647.39
