896.35	2980.15
897.98	2985.38
899.60	2996.89
901.22	3018.86
902.85	3019.91
904.47	3027.24
906.10	3038.75
907.72	3036.65
909.34	3049.21
910.97	3073.28
912.59	3091.07
914.21	3115.13
915.84	3143.39
917.46	3184.20
919.08	3195.71
920.71	3216.63
922.33	3238.61
923.95	3253.26
925.58	3274.19
927.20	3270.00
928.82	3273.14
930.44	3296.16
932.07	3289.88
933.69	3284.65
935.31	3304.53
936.93	3315.00
938.56	3309.76
940.18	3322.32
941.80	3322.32
943.42	3332.78
945.05	3335.92
946.67	3330.69
948.29	3342.20
949.91	3331.74
951.53	3343.25
953.16	3351.62
954.78	3349.53
956.40	3332.78
958.02	3340.11
959.64	3346.39
961.26	3334.88
962.88	3336.97
964.51	3323.37
966.13	3359.99
967.75	3351.62
969.37	3338.02
970.99	3340.11
972.61	3345.34
974.23	3335.92
975.85	3353.71
977.47	3355.81
979.09	3347.43
980.71	3340.11
982.33	3349.53
983.95	3351.62
985.57	3362.08
987.19	3353.71
988.81	3372.55
990.43	3358.94
992.05	3363.13
993.67	3375.69
995.29	3378.83
996.91	3370.46
998.53	3400.80
1000.15	3395.57
1001.77	3408.13
1003.39	3397.66
1005.01	3395.57
1006.63	3406.03
1008.25	3414.40
1009.86	3415.45
1011.48	3421.73
1013.10	3419.64
1014.72	3444.75
1016.34	3437.42
1017.96	3448.94
1019.58	3441.61
1021.19	3442.66
1022.81	3436.38
1024.43	3456.26
1026.05	3446.84
1027.66	3465.68
1029.28	3459.40
1030.90	3466.72
1032.52	3454.17
1034.13	3464.63
1035.75	3470.91
1037.37	3480.33
1038.98	3483.47
1040.60	3476.14
1042.22	3463.58
1043.83	3479.28
1045.45	3479.28
1047.07	3485.56
1048.68	3492.88
1050.30	3478.23
1051.92	3482.42
1053.53	3478.23
1055.15	3486.61
1056.76	3483.47
1058.38	3487.65
1059.99	3499.16
1061.61	3487.65
1063.22	3485.56
1064.84	3479.28
1066.46	3474.05
1068.07	3474.05
1069.68	3489.74
1071.30	3484.51
1072.91	3481.37
1074.53	3468.82
1076.14	3482.42
1077.76	3476.14
1079.37	3477.19
1080.98	3439.52
1082.60	3464.63
1084.21	3471.96
1085.83	3466.72
1087.44	3467.77
1089.05	3447.89
1090.67	3445.80
1092.28	3448.94
1093.89	3449.98
1095.50	3449.98
1097.12	3444.75
1098.73	3462.54
1100.34	3439.52
1101.95	3465.68
1103.57	3455.21
1105.18	3439.52
1106.79	3428.01
1108.40	3457.31
1110.01	3454.17
1111.63	3458.35
1113.24	3448.94
1114.85	3456.26
1116.46	3442.66
1118.07	3459.40
1119.68	3439.52
1121.29	3452.07
1122.90	3446.84
1124.51	3448.94
1126.12	3460.45
1127.73	3464.63
1129.34	3461.49
1130.95	3463.58
1132.56	3464.63
1134.17	3438.47
1135.78	3446.84
1137.39	3452.07
1139.00	3447.89
1140.61	3453.12
1142.22	3462.54
1143.83	3453.12
1145.44	3437.42
1147.05	3458.35
1148.65	3452.07
1150.26	3444.75
1151.87	3436.38
1153.48	3448.94
1155.09	3451.03
1156.69	3451.03
1158.30	3444.75
1159.91	3444.75
1161.52	3454.17
1163.12	3456.26
1164.73	3454.17
1166.34	3463.58
1167.94	3448.94
1169.55	3454.17
1171.16	3454.17
1172.76	3461.49
1174.37	3443.70
1175.97	3466.72
1177.58	3444.75
1179.19	3476.14
1180.79	3451.03
1182.40	3461.49
1184.00	3441.61
1185.61	3457.31
1187.21	3445.80
1188.82	3453.12
1190.42	3449.98
1192.02	3452.07
1193.63	3440.56
1195.23	3458.35
1196.84	3454.17
1198.44	3456.26
1200.04	3455.21
1201.65	3447.89
1203.25	3457.31
1204.85	3465.68
1206.46	3431.15
1208.06	3443.70
1209.66	3436.38
1211.26	3441.61
1212.87	3451.03
1214.47	3439.52
1216.07	3437.42
1217.67	3438.47
1219.27	3428.01
1220.87	3447.89
1222.48	3443.70
1224.08	3420.68
1225.68	3418.59
1227.28	3424.87
1228.88	3422.78
1230.48	3433.24
1232.08	3414.40
1233.68	3432.19
1235.28	3440.56
1236.88	3410.22
1238.48	3403.94
1240.08	3433.24
1241.68	3402.89
1243.28	3407.08
1244.87	3390.34
1246.47	3387.20
1248.07	3375.69
1249.67	3388.24
1251.27	3393.48
1252.87	3383.01
1254.46	3370.46
1256.06	3375.69
1257.66	3363.13
1259.26	3371.50
1260.85	3367.32
1262.45	3363.13
1264.05	3367.32
1265.64	3371.50
1267.24	3369.41
1268.83	3366.27
1270.43	3358.94
1272.03	3379.87
1273.62	3364.18
1275.22	3348.48
1276.81	3364.18
1278.41	3352.67
1280.00	3356.85
1281.60	3356.85
1283.19	3347.43
1284.79	3354.76
1286.38	3341.16
1287.97	3354.76
1289.57	3345.34
1291.16	3343.25
1292.75	3328.60
1294.35	3343.25
1295.94	3323.37
1297.53	3328.60
1299.12	3326.51
1300.72	3346.39
1302.31	3310.81
1303.90	3329.65
1305.49	3326.51
1307.08	3311.86
1308.68	3304.53
1310.27	3310.81
1311.86	3299.30
1313.45	3300.35
1315.04	3293.02
1316.63	3293.02
1318.22	3298.25
1319.81	3289.88
1321.40	3284.65
1322.99	3295.11
1324.58	3275.23
1326.17	3276.28
1327.75	3266.86
1329.34	3274.19
1330.93	3262.68
1332.52	3265.82
1334.11	3257.44
1335.70	3265.82
1337.28	3240.70
1338.87	3255.35
1340.46	3249.07
1342.05	3241.75
1343.63	3239.66
1345.22	3231.28
1346.81	3240.70
1348.39	3233.38
1349.98	3231.28
1351.56	3219.77
1353.15	3213.50
1354.73	3209.31
1356.32	3186.29
1357.90	3180.01
1359.49	3190.47
1361.07	3182.10
1362.66	3164.31
1364.24	3169.55
1365.82	3167.45
1367.41	3171.64
1368.99	3153.85
1370.57	3149.66
1372.16	3149.66
1373.74	3142.34
1375.32	3138.15
1376.91	3125.60
1378.49	3104.67
1380.07	3073.28
1381.65	3074.32
1383.23	3048.16
1384.81	3052.35
1386.39	3043.98
1387.97	3040.84
1389.55	3032.47
1391.14	3026.19
1392.72	3009.45
1394.29	3003.17
1395.87	2985.38
1397.45	2980.15
1399.03	2984.33
1400.61	2979.10
1402.19	2970.73
1403.77	2955.03
1405.35	2969.68
1406.92	2948.76
1408.50	2949.80
1410.08	2946.66
1411.66	2938.29
1413.23	2934.11
1414.81	2939.34
1416.39	2923.64
1417.96	2937.25
1419.54	2919.46
1421.12	2930.97
1422.69	2933.06
1424.27	2920.50
1425.84	2930.97
1427.42	2918.41
1428.99	2917.36
1430.57	2913.18
1432.14	2906.90
1433.71	2914.22
1435.29	2919.46
1436.86	2915.27
1438.43	2921.55
1440.01	2906.90
1441.58	2788.66
1443.15	2916.32
1444.72	2913.18
1446.30	2907.95
1447.87	2918.41
1449.44	2907.95
1451.01	2896.44
1452.58	2913.18
1454.15	2915.27
1455.72	2899.58
1457.29	2895.39
1458.86	2905.85
1460.43	2898.53
1462.00	2922.60
1463.57	2907.95
1465.14	2908.99
1466.71	2905.85
1468.28	2912.13
1469.85	2911.09
1471.41	2917.36
1472.98	2905.85
1474.55	2917.36
1476.12	2899.58
1477.68	2900.62
1479.25	2911.09
1480.82	2897.48
1482.38	2904.81
1483.95	2897.48
1485.51	2908.99
1487.08	2921.55
1488.64	2918.41
1490.21	2925.74
1491.77	2912.13
1493.34	2926.78
1494.90	2913.18
1496.46	2918.41
1498.03	2922.60
1499.59	2927.83
1501.15	2921.55
1502.72	2919.46
1504.28	2920.50
1505.84	2923.64
1507.40	2916.32
1508.97	2933.06
1510.53	2926.78
1512.09	2937.25
1513.65	2938.29
1515.21	2936.20
1516.77	2917.36
1518.33	2934.11
1519.89	2924.69
1521.45	2926.78
1523.01	2940.38
1524.57	2947.71
1526.13	2925.74
1527.68	2935.15
1529.24	2940.38
1530.80	2935.15
1532.36	2947.71
1533.92	2936.20
1535.47	2924.69
1537.03	2926.78
1538.59	2939.34
1540.14	2928.87
1541.70	2914.22
1543.25	2940.38
1544.81	2936.20
1546.36	2943.52
1547.92	2930.97
1549.47	2933.06
1551.03	2934.11
1552.58	2924.69
1554.13	2924.69
1555.69	2935.15
1557.24	2926.78
1558.79	2920.50
1560.35	2921.55
1561.90	2924.69
1563.45	2912.13
1565.00	2923.64
1566.55	2916.32
1568.10	2906.90
1569.66	2899.58
1571.21	2923.64
1572.76	2920.50
1574.31	2916.32
1575.86	2911.09
1577.40	2903.76
1578.95	2907.95
1580.50	2910.04
1582.05	2901.67
1583.60	2906.90
1585.15	2889.11
1586.69	2895.39
1588.24	2903.76
1589.79	2906.90
1591.34	2885.97
1592.88	2902.71
1594.43	2882.83
1595.97	2897.48
1597.52	2890.16
1599.06	2884.93
1600.61	2890.16
1602.15	2910.04
1603.70	2887.02
1605.24	2894.34
1606.79	2890.16
1608.33	2871.32
1609.87	2876.55
1611.41	2893.30
1612.96	2882.83
1614.50	2873.42
1616.04	2878.65
1617.58	2890.16
1619.12	2866.09
1620.67	2873.42
1622.21	2848.30
1623.75	2873.42
1625.29	2853.53
1626.83	2856.67
1628.37	2874.46
1629.90	2848.30
1631.44	2845.16
1632.98	2846.21
1634.52	2819.00
1636.06	2821.10
1637.59	2833.65
1639.13	2817.96
1640.67	2808.54
1642.21	2789.70
1643.74	2797.03
1645.28	2771.91
1646.81	2758.31
1648.35	2767.73
1649.88	2741.57
1651.42	2746.80
1652.95	2720.64
1654.49	2747.85
1656.02	2720.64
1657.55	2722.73
1659.09	2696.57
1660.62	2713.32
1662.15	2710.18
1663.68	2717.50
1665.22	2704.94
1666.75	2700.76
1668.28	2696.57
1669.81	2707.04
1671.34	2700.76
1672.87	2714.36
1674.40	2701.81
1675.93	2687.16
1677.46	2682.97
1678.99	2679.83
1680.52	2681.92
1682.04	2694.48
1683.57	2676.69
1685.10	2684.02
1686.63	2677.74
1688.15	2681.92
1689.68	2676.69
1691.21	2675.65
1692.73	2678.78
1694.26	2678.78
1695.78	2675.65
1697.31	2676.69
1698.83	2664.13
1700.36	2671.46
1701.88	2665.18
1703.40	2675.65
1704.93	2667.27
1706.45	2670.41
