896.35	3067.00
897.98	3083.74
899.60	3083.74
901.22	3107.81
902.85	3087.93
904.47	3115.13
906.10	3118.27
907.72	3124.55
909.34	3136.06
910.97	3158.04
912.59	3177.92
914.21	3216.63
915.84	3236.52
917.46	3302.44
919.08	3328.60
920.71	3347.43
922.33	3364.18
923.95	3384.06
925.58	3398.71
927.20	3409.17
928.82	3415.45
930.44	3449.98
932.07	3431.15
933.69	3434.29
935.31	3442.66
936.93	3467.77
938.56	3454.17
940.18	3468.82
941.80	3465.68
943.42	3497.07
945.05	3494.98
946.67	3482.42
948.29	3484.51
949.91	3489.74
951.53	3494.98
953.16	3507.53
954.78	3484.51
956.40	3486.61
958.02	3490.79
959.64	3497.07
961.26	3483.47
962.88	3503.35
964.51	3479.28
966.13	3508.58
967.75	3494.98
969.37	3502.30
970.99	3494.98
972.61	3502.30
974.23	3493.93
975.85	3504.39
977.47	3494.98
979.09	3504.39
980.71	3490.79
982.33	3518.00
983.95	3507.53
985.57	3529.51
987.19	3500.21
988.81	3529.51
990.43	3511.72
992.05	3529.51
993.67	3530.55
995.29	3532.65
996.91	3523.23
998.53	3565.09
1000.15	3559.85
1001.77	3575.55
1003.39	3554.62
1005.01	3573.46
1006.63	3569.27
1008.25	3588.11
1009.86	3593.34
1011.48	3591.25
1013.10	3584.97
1014.72	3610.08
1016.34	3604.85
1017.96	3626.82
1019.58	3602.76
1021.19	3619.50
1022.81	3617.41
1024.43	3644.61
1026.05	3622.64
1027.66	3651.94
1029.28	3629.96
1030.90	3649.84
1032.52	3626.82
1034.13	3642.52
1035.75	3652.98
1037.37	3662.40
1038.98	3663.45
1040.60	3666.59
1042.22	3640.43
1043.83	3663.45
1045.45	3654.03
1047.07	3671.82
1048.68	3667.63
1050.30	3670.77
1051.92	3678.10
1053.53	3671.82
1055.15	3662.40
1056.76	3677.05
1058.38	3663.45
1059.99	3682.28
1061.61	3661.35
1063.22	3666.59
1064.84	3658.22
1066.46	3666.59
1068.07	3655.08
1069.68	3678.10
1071.30	3666.59
1072.91	3666.59
1074.53	3641.47
1076.14	3668.68
1077.76	3646.70
1079.37	3668.68
1080.98	3631.01
1082.60	3643.57
1084.21	3638.33
1085.83	3638.33
1087.44	3642.52
1089.05	3644.61
1090.67	3628.92
1092.28	3638.33
1093.89	3632.06
1095.50	3640.43
1097.12	3626.82
1098.73	3644.61
1100.34	3618.45
1101.95	3632.06
1103.57	3622.64
1105.18	3623.68
1106.79	3606.94
1108.40	3633.10
1110.01	3623.68
1111.63	3638.33
1113.24	3623.68
1114.85	3635.19
1116.46	3617.41
1118.07	3633.10
1119.68	3615.31
1121.29	3639.38
1122.90	3609.03
1124.51	3624.73
1126.12	3625.78
1127.73	3642.52
1129.34	3633.10
1130.95	3648.80
1132.56	3633.10
1134.17	3621.59
1135.78	3625.78
1137.39	3642.52
1139.00	3617.41
1140.61	3637.29
1142.22	3635.19
1143.83	3632.06
1145.44	3611.13
1147.05	3619.50
1148.65	3623.68
1150.26	3627.87
1151.87	3605.90
1153.48	3626.82
1155.09	3624.73
1156.69	3637.29
1158.30	3609.03
1159.91	3627.87
1161.52	3623.68
1163.12	3637.29
1164.73	3623.68
1166.34	3644.61
1167.94	3622.64
1169.55	3639.38
1171.16	3627.87
1172.76	3652.98
1174.37	3644.61
1175.97	3656.12
1177.58	3617.41
1179.19	3650.89
1180.79	3629.96
1182.40	3655.08
1184.00	3636.24
1185.61	3656.12
1187.21	3639.38
1188.82	3638.33
1190.42	3623.68
1192.02	3644.61
1193.63	3628.92
1195.23	3648.80
1196.84	3633.10
1198.44	3647.75
1200.04	3646.70
1201.65	3646.70
1203.25	3631.01
1204.85	3640.43
1206.46	3607.99
1208.06	3635.19
1209.66	3623.68
1211.26	3633.10
1212.87	3634.15
1214.47	3620.54
1216.07	3607.99
1217.67	3632.06
1219.27	3613.22
1220.87	3627.87
1222.48	3618.45
1224.08	3610.08
1225.68	3597.52
1227.28	3605.90
1228.88	3593.34
1230.48	3611.13
1232.08	3586.01
1233.68	3609.03
1235.28	3600.66
1236.88	3591.25
1238.48	3577.64
1240.08	3612.17
1241.68	3567.18
1243.28	3577.64
1244.87	3555.67
1246.47	3558.81
1248.07	3553.58
1249.67	3564.04
1251.27	3559.85
1252.87	3547.30
1254.46	3533.69
1256.06	3545.20
1257.66	3538.93
1259.26	3536.83
1260.85	3539.97
1262.45	3538.93
1264.05	3536.83
1265.64	3537.88
1267.24	3531.60
1268.83	3532.65
1270.43	3516.95
1272.03	3536.83
1273.62	3521.14
1275.22	3519.04
1276.81	3520.09
1278.41	3518.00
1280.00	3520.09
1281.60	3515.90
1283.19	3502.30
1284.79	3521.14
1286.38	3499.16
1287.97	3513.81
1289.57	3500.21
1291.16	3502.30
1292.75	3474.05
1294.35	3501.26
1295.94	3476.14
1297.53	3494.98
1299.12	3475.10
1300.72	3493.93
1302.31	3462.54
1303.90	3492.88
1305.49	3482.42
1307.08	3464.63
1308.68	3442.66
1310.27	3460.45
1311.86	3453.12
1313.45	3456.26
1315.04	3437.42
1316.63	3451.03
1318.22	3435.33
1319.81	3437.42
1321.40	3432.19
1322.99	3441.61
1324.58	3409.17
1326.17	3421.73
1327.75	3411.26
1329.34	3416.50
1330.93	3401.85
1332.52	3399.75
1334.11	3398.71
1335.70	3403.94
1337.28	3385.10
1338.87	3383.01
1340.46	3375.69
1342.05	3374.64
1343.63	3358.94
1345.22	3359.99
1346.81	3365.22
1348.39	3364.18
1349.98	3353.71
1351.56	3342.20
1353.15	3325.46
1354.73	3325.46
1356.32	3298.25
1357.90	3305.58
1359.49	3308.72
1361.07	3293.02
1362.66	3286.74
1364.24	3291.98
1365.82	3290.93
1367.41	3286.74
1368.99	3267.91
1370.57	3263.72
1372.16	3254.30
1373.74	3258.49
1375.32	3245.93
1376.91	3226.05
1378.49	3175.82
1380.07	3154.90
1381.65	3136.06
1383.23	3130.83
1384.81	3122.46
1386.39	3117.23
1387.97	3111.99
1389.55	3116.18
1391.14	3094.21
1392.72	3078.51
1394.29	3076.42
1395.87	3056.54
1397.45	3038.75
1399.03	3036.65
1400.61	3017.82
1402.19	3012.59
1403.77	3000.03
1405.35	3009.45
1406.92	2988.52
1408.50	2989.57
1410.08	2984.33
1411.66	2980.15
1413.23	2968.64
1414.81	2983.29
1416.39	2961.31
1417.96	2964.45
1419.54	2948.76
1421.12	2962.36
1422.69	2967.59
1424.27	2959.22
1425.84	2963.41
1427.42	2952.94
1428.99	2948.76
1430.57	2952.94
1432.14	2945.62
1433.71	2938.29
1435.29	2953.99
1436.86	2955.03
1438.43	2946.66
1440.01	2946.66
1441.58	2824.23
1443.15	2946.66
1444.72	2943.52
1446.30	2940.38
1447.87	2937.25
1449.44	2934.11
1451.01	2923.64
1452.58	2942.48
1454.15	2944.57
1455.72	2934.11
1457.29	2933.06
1458.86	2940.38
1460.43	2930.97
1462.00	2952.94
1463.57	2944.57
1465.14	2947.71
1466.71	2927.83
1468.28	2941.43
1469.85	2934.11
1471.41	2947.71
1472.98	2934.11
1474.55	2950.85
1476.12	2935.15
1477.68	2934.11
1479.25	2947.71
1480.82	2945.62
1482.38	2944.57
1483.95	2935.15
1485.51	2942.48
1487.08	2953.99
1488.64	2958.17
1490.21	2961.31
1491.77	2939.34
1493.34	2965.50
1494.90	2944.57
1496.46	2949.80
1498.03	2952.94
1499.59	2958.17
1501.15	2957.13
1502.72	2962.36
1504.28	2962.36
1505.84	2963.41
1507.40	2960.27
1508.97	2973.87
1510.53	2967.59
1512.09	2979.10
1513.65	2985.38
1515.21	2980.15
1516.77	2965.50
1518.33	2990.61
1519.89	2981.19
1521.45	2972.82
1523.01	2971.78
1524.57	2984.33
1526.13	2971.78
1527.68	2986.43
1529.24	2994.80
1530.80	2988.52
1532.36	2992.70
1533.92	2983.29
1535.47	2972.82
1537.03	2986.43
1538.59	2992.70
1540.14	2984.33
1541.70	2968.64
1543.25	3004.22
1544.81	2988.52
1546.36	2990.61
1547.92	2966.54
1549.47	2982.24
1551.03	2980.15
1552.58	2972.82
1554.13	2980.15
1555.69	2986.43
1557.24	2973.87
1558.79	2970.73
1560.35	2961.31
1561.90	2981.19
1563.45	2973.87
1565.00	2978.06
1566.55	2970.73
1568.10	2971.78
1569.66	2959.22
1571.21	2974.92
1572.76	2970.73
1574.31	2968.64
1575.86	2957.13
1577.40	2959.22
1578.95	2966.54
1580.50	2958.17
1582.05	2944.57
1583.60	2955.03
1585.15	2941.43
1586.69	2950.85
1588.24	2950.85
1589.79	2965.50
1591.34	2939.34
1592.88	2957.13
1594.43	2928.87
1595.97	2957.13
1597.52	2949.80
1599.06	2948.76
1600.61	2932.01
1602.15	2952.94
1603.70	2936.20
1605.24	2943.52
1606.79	2939.34
1608.33	2925.74
1609.87	2921.55
1611.41	2942.48
1612.96	2936.20
1614.50	2923.64
1616.04	2917.36
1617.58	2932.01
1619.12	2923.64
1620.67	2921.55
1622.21	2900.62
1623.75	2926.78
1625.29	2902.71
1626.83	2900.62
1628.37	2915.27
1629.90	2896.44
1631.44	2889.11
1632.98	2890.16
1634.52	2871.32
1636.06	2874.46
1637.59	2874.46
1639.13	2850.39
1640.67	2838.88
1642.21	2827.37
1643.74	2820.05
1645.28	2805.40
1646.81	2791.80
1648.35	2797.03
1649.88	2766.68
1651.42	2772.96
1652.95	2745.75
1654.49	2772.96
1656.02	2745.75
1657.55	2744.71
1659.09	2717.50
1660.62	2747.85
1662.15	2735.29
1663.68	2730.06
1665.22	2713.32
1666.75	2717.50
1668.28	2710.18
1669.81	2732.15
1671.34	2714.36
1672.87	2715.41
1674.40	2726.92
1675.93	2722.73
1677.46	2691.34
1678.99	2687.16
1680.52	2693.43
1682.04	2707.04
1683.57	2699.71
1685.10	2699.71
1686.63	2690.29
1688.15	2695.53
1689.68	2689.25
1691.21	2684.02
1692.73	2681.92
1694.26	2695.53
1695.78	2681.92
1697.31	2690.29
1698.83	2681.92
1700.36	2679.83
1701.88	2672.51
1703.40	2689.25
1704.93	2673.55
1706.45	2675.65
