896.35	2952.94
897.98	2961.31
899.60	2963.41
901.22	2986.43
902.85	2988.52
904.47	2995.84
906.10	2992.70
907.72	3004.22
909.34	3012.59
910.97	3024.10
912.59	3049.21
914.21	3070.14
915.84	3083.74
917.46	3121.41
919.08	3149.66
920.71	3162.22
922.33	3176.87
923.95	3186.29
925.58	3211.40
927.20	3209.31
928.82	3220.82
930.44	3236.52
932.07	3221.87
933.69	3220.82
935.31	3238.61
936.93	3242.79
938.56	3248.03
940.18	3258.49
941.80	3262.68
943.42	3271.05
945.05	3273.14
946.67	3256.40
948.29	3273.14
949.91	3272.09
951.53	3288.84
953.16	3285.70
954.78	3281.51
956.40	3264.77
958.02	3274.19
959.64	3283.60
961.26	3274.19
962.88	3283.60
964.51	3270.00
966.13	3285.70
967.75	3281.51
969.37	3281.51
970.99	3281.51
972.61	3279.42
974.23	3284.65
975.85	3281.51
977.47	3281.51
979.09	3280.46
980.71	3273.14
982.33	3278.37
983.95	3288.84
985.57	3303.49
987.19	3299.30
988.81	3302.44
990.43	3301.39
992.05	3295.11
993.67	3303.49
995.29	3310.81
996.91	3298.25
998.53	3327.55
1000.15	3327.55
1001.77	3330.69
1003.39	3323.37
1005.01	3328.60
1006.63	3344.30
1008.25	3340.11
1009.86	3343.25
1011.48	3338.02
1013.10	3341.16
1014.72	3359.99
1016.34	3359.99
1017.96	3377.78
1019.58	3364.18
1021.19	3365.22
1022.81	3358.94
1024.43	3385.10
1026.05	3375.69
1027.66	3385.10
1029.28	3386.15
1030.90	3389.29
1032.52	3372.55
1034.13	3391.38
1035.75	3402.89
1037.37	3402.89
1038.98	3417.54
1040.60	3402.89
1042.22	3384.06
1043.83	3398.71
1045.45	3403.94
1047.07	3406.03
1048.68	3414.40
1050.30	3396.62
1051.92	3413.36
1053.53	3406.03
1055.15	3400.80
1056.76	3404.99
1058.38	3401.85
1059.99	3413.36
1061.61	3404.99
1063.22	3401.85
1064.84	3402.89
1066.46	3397.66
1068.07	3389.29
1069.68	3398.71
1071.30	3400.80
1072.91	3392.43
1074.53	3391.38
1076.14	3410.22
1077.76	3393.48
1079.37	3393.48
1080.98	3372.55
1082.60	3392.43
1084.21	3392.43
1085.83	3391.38
1087.44	3388.24
1089.05	3375.69
1090.67	3365.22
1092.28	3372.55
1093.89	3379.87
1095.50	3377.78
1097.12	3366.27
1098.73	3375.69
1100.34	3353.71
1101.95	3379.87
1103.57	3374.64
1105.18	3358.94
1106.79	3355.81
1108.40	3371.50
1110.01	3370.46
1111.63	3372.55
1113.24	3363.13
1114.85	3366.27
1116.46	3366.27
1118.07	3381.97
1119.68	3366.27
1121.29	3379.87
1122.90	3368.36
1124.51	3371.50
1126.12	3376.73
1127.73	3380.92
1129.34	3386.15
1130.95	3384.06
1132.56	3386.15
1134.17	3359.99
1135.78	3364.18
1137.39	3376.73
1139.00	3357.90
1140.61	3363.13
1142.22	3373.59
1143.83	3366.27
1145.44	3365.22
1147.05	3364.18
1148.65	3362.08
1150.26	3363.13
1151.87	3362.08
1153.48	3376.73
1155.09	3379.87
1156.69	3376.73
1158.30	3361.04
1159.91	3364.18
1161.52	3377.78
1163.12	3375.69
1164.73	3369.41
1166.34	3383.01
1167.94	3365.22
1169.55	3369.41
1171.16	3377.78
1172.76	3381.97
1174.37	3373.59
1175.97	3387.20
1177.58	3368.36
1179.19	3383.01
1180.79	3370.46
1182.40	3381.97
1184.00	3371.50
1185.61	3379.87
1187.21	3369.41
1188.82	3379.87
1190.42	3375.69
1192.02	3374.64
1193.63	3359.99
1195.23	3379.87
1196.84	3375.69
1198.44	3380.92
1200.04	3386.15
1201.65	3383.01
1203.25	3375.69
1204.85	3379.87
1206.46	3364.18
1208.06	3372.55
1209.66	3361.04
1211.26	3363.13
1212.87	3378.83
1214.47	3366.27
1216.07	3366.27
1217.67	3367.32
1219.27	3346.39
1220.87	3352.67
1222.48	3364.18
1224.08	3362.08
1225.68	3361.04
1227.28	3350.57
1228.88	3348.48
1230.48	3361.04
1232.08	3340.11
1233.68	3352.67
1235.28	3348.48
1236.88	3331.74
1238.48	3330.69
1240.08	3353.71
1241.68	3312.90
1243.28	3325.46
1244.87	3323.37
1246.47	3320.23
1248.07	3321.27
1249.67	3317.09
1251.27	3328.60
1252.87	3312.90
1254.46	3305.58
1256.06	3307.67
1257.66	3317.09
1259.26	3302.44
1260.85	3305.58
1262.45	3302.44
1264.05	3298.25
1265.64	3289.88
1267.24	3300.35
1268.83	3297.21
1270.43	3286.74
1272.03	3304.53
1273.62	3281.51
1275.22	3267.91
1276.81	3286.74
1278.41	3294.07
1280.00	3293.02
1281.60	3278.37
1283.19	3264.77
1284.79	3270.00
1286.38	3271.05
1287.97	3277.33
1289.57	3266.86
1291.16	3262.68
1292.75	3257.44
1294.35	3264.77
1295.94	3257.44
1297.53	3268.95
1299.12	3251.17
1300.72	3271.05
1302.31	3245.93
1303.90	3260.58
1305.49	3259.54
1307.08	3250.12
1308.68	3241.75
1310.27	3243.84
1311.86	3241.75
1313.45	3229.19
1315.04	3231.28
1316.63	3241.75
1318.22	3231.28
1319.81	3218.73
1321.40	3222.91
1322.99	3223.96
1324.58	3204.08
1326.17	3209.31
1327.75	3207.22
1329.34	3210.36
1330.93	3200.94
1332.52	3198.85
1334.11	3198.85
1335.70	3194.66
1337.28	3184.20
1338.87	3187.34
1340.46	3184.20
1342.05	3176.87
1343.63	3171.64
1345.22	3171.64
1346.81	3170.59
1348.39	3168.50
1349.98	3164.31
1351.56	3160.13
1353.15	3146.53
1354.73	3148.62
1356.32	3128.74
1357.90	3144.43
1359.49	3135.02
1361.07	3118.27
1362.66	3109.90
1364.24	3116.18
1365.82	3117.23
1367.41	3117.23
1368.99	3100.48
1370.57	3101.53
1372.16	3098.39
1373.74	3082.70
1375.32	3088.97
1376.91	3080.60
1378.49	3052.35
1380.07	3029.33
1381.65	3024.10
1383.23	3007.35
1384.81	3001.08
1386.39	2994.80
1387.97	2997.94
1389.55	2995.84
1391.14	2989.57
1392.72	2966.54
1394.29	2957.13
1395.87	2953.99
1397.45	2940.38
1399.03	2944.57
1400.61	2941.43
1402.19	2929.92
1403.77	2916.32
1405.35	2929.92
1406.92	2917.36
1408.50	2919.46
1410.08	2914.22
1411.66	2910.04
1413.23	2904.81
1414.81	2907.95
1416.39	2887.02
1417.96	2904.81
1419.54	2887.02
1421.12	2897.48
1422.69	2902.71
1424.27	2887.02
1425.84	2897.48
1427.42	2890.16
1428.99	2888.06
1430.57	2881.79
1432.14	2883.88
1433.71	2884.93
1435.29	2889.11
1436.86	2888.06
1438.43	2883.88
1440.01	2884.93
1441.58	2762.50
1443.15	2888.06
1444.72	2875.51
1446.30	2870.28
1447.87	2877.60
1449.44	2865.04
1451.01	2861.90
1452.58	2881.79
1454.15	2878.65
1455.72	2868.18
1457.29	2867.14
1458.86	2871.32
1460.43	2870.28
1462.00	2891.20
1463.57	2874.46
1465.14	2873.42
1466.71	2870.28
1468.28	2871.32
1469.85	2871.32
1471.41	2875.51
1472.98	2866.09
1474.55	2878.65
1476.12	2869.23
1477.68	2867.14
1479.25	2880.74
1480.82	2872.37
1482.38	2885.97
1483.95	2866.09
1485.51	2881.79
1487.08	2892.25
1488.64	2881.79
1490.21	2884.93
1491.77	2868.18
1493.34	2888.06
1494.90	2873.42
1496.46	2878.65
1498.03	2879.69
1499.59	2896.44
1501.15	2894.34
1502.72	2890.16
1504.28	2885.97
1505.84	2883.88
1507.40	2882.83
1508.97	2897.48
1510.53	2888.06
1512.09	2901.67
1513.65	2898.53
1515.21	2897.48
1516.77	2885.97
1518.33	2904.81
1519.89	2894.34
1521.45	2899.58
1523.01	2895.39
1524.57	2903.76
1526.13	2894.34
1527.68	2903.76
1529.24	2903.76
1530.80	2903.76
1532.36	2908.99
1533.92	2899.58
1535.47	2894.34
1537.03	2899.58
1538.59	2899.58
1540.14	2897.48
1541.70	2885.97
1543.25	2910.04
1544.81	2907.95
1546.36	2914.22
1547.92	2892.25
1549.47	2905.85
1551.03	2903.76
1552.58	2893.30
1554.13	2885.97
1555.69	2896.44
1557.24	2882.83
1558.79	2891.20
1560.35	2890.16
1561.90	2903.76
1563.45	2889.11
1565.00	2892.25
1566.55	2880.74
1568.10	2882.83
1569.66	2871.32
1571.21	2896.44
1572.76	2893.30
1574.31	2888.06
1575.86	2892.25
1577.40	2875.51
1578.95	2872.37
1580.50	2873.42
1582.05	2869.23
1583.60	2874.46
1585.15	2864.00
1586.69	2871.32
1588.24	2872.37
1589.79	2878.65
1591.34	2865.04
1592.88	2881.79
1594.43	2859.81
1595.97	2870.28
1597.52	2864.00
1599.06	2861.90
1600.61	2858.77
1602.15	2879.69
1603.70	2869.23
1605.24	2868.18
1606.79	2867.14
1608.33	2857.72
1609.87	2847.26
1611.41	2861.90
1612.96	2860.86
1614.50	2847.26
1616.04	2850.39
1617.58	2857.72
1619.12	2836.79
1620.67	2855.63
1622.21	2833.65
1623.75	2857.72
1625.29	2827.37
1626.83	2832.61
1628.37	2845.16
1629.90	2819.00
1631.44	2816.91
1632.98	2825.28
1634.52	2802.26
1636.06	2810.63
1637.59	2810.63
1639.13	2795.98
1640.67	2790.75
1642.21	2779.24
1643.74	2772.96
1645.28	2754.13
1646.81	2754.13
1648.35	2763.54
1649.88	2732.15
1651.42	2742.62
1652.95	2716.45
1654.49	2739.48
1656.02	2714.36
1657.55	2718.55
1659.09	2694.48
1660.62	2723.78
1662.15	2705.99
1663.68	2710.18
1665.22	2696.57
1666.75	2696.57
1668.28	2685.06
1669.81	2701.81
1671.34	2695.53
1672.87	2699.71
1674.40	2700.76
1675.93	2686.11
1677.46	2678.78
1678.99	2680.88
1680.52	2675.65
1682.04	2687.16
1683.57	2675.65
1685.10	2681.92
1686.63	2676.69
1688.15	2677.74
1689.68	2664.13
1691.21	2674.60
1692.73	2670.41
1694.26	2677.74
1695.78	2665.18
1697.31	2671.46
1698.83	2662.04
1700.36	2669.37
1701.88	2654.72
1703.40	2676.69
1704.93	2664.13
1706.45	2667.27
