896.35	2865.04
897.98	2862.95
899.60	2868.18
901.22	2889.11
902.85	2884.93
904.47	2900.62
906.10	2903.76
907.72	2896.44
909.34	2917.36
910.97	2925.74
912.59	2942.48
914.21	2953.99
915.84	2968.64
917.46	2992.70
919.08	3004.22
920.71	3013.63
922.33	3039.79
923.95	3042.93
925.58	3065.95
927.20	3047.12
928.82	3062.81
930.44	3076.42
932.07	3069.09
933.69	3060.72
935.31	3078.51
936.93	3085.83
938.56	3090.02
940.18	3090.02
941.80	3084.79
943.42	3091.07
945.05	3113.04
946.67	3095.25
948.29	3104.67
949.91	3100.48
951.53	3107.81
953.16	3113.04
954.78	3122.46
956.40	3100.48
958.02	3108.86
959.64	3114.09
961.26	3114.09
962.88	3101.53
964.51	3099.44
966.13	3113.04
967.75	3115.13
969.37	3102.58
970.99	3108.86
972.61	3104.67
974.23	3105.72
975.85	3104.67
977.47	3119.32
979.09	3115.13
980.71	3110.95
982.33	3110.95
983.95	3122.46
985.57	3126.64
987.19	3125.60
988.81	3129.78
990.43	3125.60
992.05	3122.46
993.67	3135.02
995.29	3124.55
996.91	3127.69
998.53	3153.85
1000.15	3152.80
1001.77	3144.43
1003.39	3140.25
1005.01	3138.15
1006.63	3149.66
1008.25	3154.90
1009.86	3163.27
1011.48	3162.22
1013.10	3164.31
1014.72	3166.41
1016.34	3168.50
1017.96	3182.10
1019.58	3176.87
1021.19	3167.45
1022.81	3177.92
1024.43	3186.29
1026.05	3183.15
1027.66	3191.52
1029.28	3195.71
1030.90	3189.43
1032.52	3184.20
1034.13	3194.66
1035.75	3193.61
1037.37	3197.80
1038.98	3208.26
1040.60	3197.80
1042.22	3195.71
1043.83	3199.89
1045.45	3205.12
1047.07	3206.17
1048.68	3216.63
1050.30	3201.98
1051.92	3210.36
1053.53	3210.36
1055.15	3216.63
1056.76	3206.17
1058.38	3208.26
1059.99	3212.45
1061.61	3198.85
1063.22	3198.85
1064.84	3207.22
1066.46	3196.75
1068.07	3193.61
1069.68	3197.80
1071.30	3219.77
1072.91	3196.75
1074.53	3208.26
1076.14	3207.22
1077.76	3195.71
1079.37	3200.94
1080.98	3184.20
1082.60	3198.85
1084.21	3200.94
1085.83	3194.66
1087.44	3198.85
1089.05	3177.92
1090.67	3183.15
1092.28	3181.06
1093.89	3188.38
1095.50	3188.38
1097.12	3182.10
1098.73	3185.24
1100.34	3168.50
1101.95	3187.34
1103.57	3186.29
1105.18	3173.73
1106.79	3181.06
1108.40	3188.38
1110.01	3192.57
1111.63	3183.15
1113.24	3186.29
1114.85	3188.38
1116.46	3189.43
1118.07	3193.61
1119.68	3174.78
1121.29	3185.24
1122.90	3187.34
1124.51	3185.24
1126.12	3193.61
1127.73	3200.94
1129.34	3201.98
1130.95	3193.61
1132.56	3201.98
1134.17	3173.73
1135.78	3189.43
1137.39	3190.47
1139.00	3185.24
1140.61	3187.34
1142.22	3191.52
1143.83	3184.20
1145.44	3188.38
1147.05	3180.01
1148.65	3198.85
1150.26	3177.92
1151.87	3178.96
1153.48	3183.15
1155.09	3191.52
1156.69	3184.20
1158.30	3175.82
1159.91	3183.15
1161.52	3187.34
1163.12	3189.43
1164.73	3171.64
1166.34	3196.75
1167.94	3191.52
1169.55	3192.57
1171.16	3188.38
1172.76	3187.34
1174.37	3194.66
1175.97	3194.66
1177.58	3180.01
1179.19	3196.75
1180.79	3192.57
1182.40	3191.52
1184.00	3186.29
1185.61	3195.71
1187.21	3194.66
1188.82	3193.61
1190.42	3197.80
1192.02	3186.29
1193.63	3178.96
1195.23	3193.61
1196.84	3189.43
1198.44	3192.57
1200.04	3197.80
1201.65	3189.43
1203.25	3197.80
1204.85	3192.57
1206.46	3183.15
1208.06	3192.57
1209.66	3175.82
1211.26	3178.96
1212.87	3200.94
1214.47	3177.92
1216.07	3183.15
1217.67	3184.20
1219.27	3175.82
1220.87	3181.06
1222.48	3185.24
1224.08	3176.87
1225.68	3174.78
1227.28	3181.06
1228.88	3176.87
1230.48	3180.01
1232.08	3164.31
1233.68	3180.01
1235.28	3182.10
1236.88	3160.13
1238.48	3158.04
1240.08	3181.06
1241.68	3151.76
1243.28	3153.85
1244.87	3149.66
1246.47	3146.53
1248.07	3141.29
1249.67	3145.48
1251.27	3158.04
1252.87	3144.43
1254.46	3138.15
1256.06	3138.15
1257.66	3140.25
1259.26	3132.92
1260.85	3148.62
1262.45	3136.06
1264.05	3142.34
1265.64	3129.78
1267.24	3123.50
1268.83	3137.11
1270.43	3130.83
1272.03	3146.53
1273.62	3127.69
1275.22	3119.32
1276.81	3137.11
1278.41	3129.78
1280.00	3136.06
1281.60	3122.46
1283.19	3118.27
1284.79	3127.69
1286.38	3122.46
1287.97	3124.55
1289.57	3117.23
1291.16	3116.18
1292.75	3107.81
1294.35	3118.27
1295.94	3114.09
1297.53	3115.13
1299.12	3106.76
1300.72	3117.23
1302.31	3096.30
1303.90	3121.41
1305.49	3119.32
1307.08	3092.11
1308.68	3093.16
1310.27	3100.48
1311.86	3105.72
1313.45	3090.02
1315.04	3082.70
1316.63	3093.16
1318.22	3093.16
1319.81	3080.60
1321.40	3088.97
1322.99	3095.25
1324.58	3074.32
1326.17	3069.09
1327.75	3069.09
1329.34	3072.23
1330.93	3069.09
1332.52	3057.58
1334.11	3067.00
1335.70	3068.05
1337.28	3059.67
1338.87	3049.21
1340.46	3048.16
1342.05	3055.49
1343.63	3053.40
1345.22	3052.35
1346.81	3050.26
1348.39	3045.02
1349.98	3043.98
1351.56	3034.56
1353.15	3026.19
1354.73	3029.33
1356.32	3016.77
1357.90	3028.28
1359.49	3024.10
1361.07	3009.45
1362.66	3000.03
1364.24	3003.17
1365.82	2996.89
1367.41	3005.26
1368.99	2984.33
1370.57	2986.43
1372.16	2998.98
1373.74	2989.57
1375.32	2989.57
1376.91	2979.10
1378.49	2958.17
1380.07	2940.38
1381.65	2937.25
1383.23	2925.74
1384.81	2927.83
1386.39	2913.18
1387.97	2920.50
1389.55	2914.22
1391.14	2906.90
1392.72	2897.48
1394.29	2893.30
1395.87	2892.25
1397.45	2871.32
1399.03	2882.83
1400.61	2875.51
1402.19	2860.86
1403.77	2858.77
1405.35	2875.51
1406.92	2865.04
1408.50	2861.90
1410.08	2865.04
1411.66	2860.86
1413.23	2862.95
1414.81	2862.95
1416.39	2842.02
1417.96	2859.81
1419.54	2836.79
1421.12	2840.98
1422.69	2848.30
1424.27	2838.88
1425.84	2854.58
1427.42	2842.02
1428.99	2844.12
1430.57	2837.84
1432.14	2835.74
1433.71	2833.65
1435.29	2843.07
1436.86	2842.02
1438.43	2846.21
1440.01	2839.93
1441.58	2725.87
1443.15	2834.70
1444.72	2838.88
1446.30	2839.93
1447.87	2846.21
1449.44	2834.70
1451.01	2816.91
1452.58	2834.70
1454.15	2831.56
1455.72	2824.23
1457.29	2821.10
1458.86	2839.93
1460.43	2832.61
1462.00	2845.16
1463.57	2827.37
1465.14	2837.84
1466.71	2827.37
1468.28	2834.70
1469.85	2834.70
1471.41	2838.88
1472.98	2832.61
1474.55	2840.98
1476.12	2834.70
1477.68	2826.33
1479.25	2837.84
1480.82	2827.37
1482.38	2837.84
1483.95	2823.19
1485.51	2833.65
1487.08	2845.16
1488.64	2837.84
1490.21	2839.93
1491.77	2826.33
1493.34	2847.26
1494.90	2839.93
1496.46	2827.37
1498.03	2831.56
1499.59	2837.84
1501.15	2844.12
1502.72	2840.98
1504.28	2839.93
1505.84	2834.70
1507.40	2829.47
1508.97	2846.21
1510.53	2844.12
1512.09	2855.63
1513.65	2856.67
1515.21	2853.53
1516.77	2840.98
1518.33	2855.63
1519.89	2845.16
1521.45	2846.21
1523.01	2847.26
1524.57	2856.67
1526.13	2853.53
1527.68	2852.49
1529.24	2856.67
1530.80	2849.35
1532.36	2853.53
1533.92	2849.35
1535.47	2832.61
1537.03	2831.56
1538.59	2851.44
1540.14	2846.21
1541.70	2837.84
1543.25	2855.63
1544.81	2848.30
1546.36	2848.30
1547.92	2838.88
1549.47	2846.21
1551.03	2846.21
1552.58	2836.79
1554.13	2833.65
1555.69	2851.44
1557.24	2834.70
1558.79	2826.33
1560.35	2827.37
1561.90	2834.70
1563.45	2828.42
1565.00	2839.93
1566.55	2827.37
1568.10	2826.33
1569.66	2825.28
1571.21	2846.21
1572.76	2835.74
1574.31	2832.61
1575.86	2824.23
1577.40	2816.91
1578.95	2825.28
1580.50	2827.37
1582.05	2815.86
1583.60	2816.91
1585.15	2813.77
1586.69	2814.82
1588.24	2824.23
1589.79	2827.37
1591.34	2809.58
1592.88	2830.51
1594.43	2804.35
1595.97	2817.96
1597.52	2817.96
1599.06	2817.96
1600.61	2814.82
1602.15	2825.28
1603.70	2804.35
1605.24	2809.58
1606.79	2810.63
1608.33	2800.17
1609.87	2798.07
1611.41	2808.54
1612.96	2813.77
1614.50	2798.07
1616.04	2799.12
1617.58	2805.40
1619.12	2798.07
1620.67	2800.17
1622.21	2776.10
1623.75	2800.17
1625.29	2783.42
1626.83	2784.47
1628.37	2800.17
1629.90	2776.10
1631.44	2772.96
1632.98	2782.38
1634.52	2762.50
1636.06	2769.82
1637.59	2772.96
1639.13	2760.40
1640.67	2764.59
1642.21	2746.80
1643.74	2743.66
1645.28	2726.92
1646.81	2718.55
1648.35	2731.10
1649.88	2709.13
1651.42	2712.27
1652.95	2693.43
1654.49	2719.59
1656.02	2703.90
1657.55	2700.76
1659.09	2688.20
1660.62	2709.13
1662.15	2689.25
1663.68	2690.29
1665.22	2678.78
1666.75	2677.74
1668.28	2678.78
1669.81	2695.53
1671.34	2677.74
1672.87	2689.25
1674.40	2686.11
1675.93	2679.83
1677.46	2668.32
1678.99	2665.18
1680.52	2664.13
1682.04	2674.60
1683.57	2658.90
1685.10	2671.46
1686.63	2656.81
1688.15	2664.13
1689.68	2651.58
1691.21	2657.86
1692.73	2666.23
1694.26	2666.23
1695.78	2655.76
1697.31	2649.49
1698.83	2645.30
1700.36	2653.67
1701.88	2640.07
1703.40	2662.04
1704.93	2639.02
1706.45	2644.25
