896.35	3065.95
897.98	3076.42
899.60	3081.65
901.22	3111.99
902.85	3104.67
904.47	3119.32
906.10	3117.23
907.72	3127.69
909.34	3144.43
910.97	3161.18
912.59	3186.29
914.21	3215.59
915.84	3245.93
917.46	3301.39
919.08	3323.37
920.71	3346.39
922.33	3367.32
923.95	3395.57
925.58	3411.26
927.20	3413.36
928.82	3424.87
930.44	3448.94
932.07	3432.19
933.69	3437.42
935.31	3443.70
936.93	3462.54
938.56	3461.49
940.18	3482.42
941.80	3469.86
943.42	3491.84
945.05	3497.07
946.67	3489.74
948.29	3493.93
949.91	3493.93
951.53	3506.49
953.16	3511.72
954.78	3497.07
956.40	3492.88
958.02	3484.51
959.64	3505.44
961.26	3501.26
962.88	3503.35
964.51	3478.23
966.13	3520.09
967.75	3511.72
969.37	3491.84
970.99	3489.74
972.61	3500.21
974.23	3497.07
975.85	3511.72
977.47	3508.58
979.09	3508.58
980.71	3500.21
982.33	3500.21
983.95	3511.72
985.57	3533.69
987.19	3514.86
988.81	3520.09
990.43	3514.86
992.05	3526.37
993.67	3531.60
995.29	3544.16
996.91	3535.79
998.53	3572.41
1000.15	3562.99
1001.77	3576.60
1003.39	3557.76
1005.01	3573.46
1006.63	3577.64
1008.25	3591.25
1009.86	3598.57
1011.48	3600.66
1013.10	3601.71
1014.72	3616.36
1016.34	3614.27
1017.96	3641.47
1019.58	3625.78
1021.19	3616.36
1022.81	3623.68
1024.43	3643.57
1026.05	3634.15
1027.66	3665.54
1029.28	3634.15
1030.90	3648.80
1032.52	3638.33
1034.13	3670.77
1035.75	3663.45
1037.37	3672.86
1038.98	3676.00
1040.60	3676.00
1042.22	3654.03
1043.83	3678.10
1045.45	3674.96
1047.07	3687.51
1048.68	3688.56
1050.30	3680.19
1051.92	3680.19
1053.53	3689.61
1055.15	3682.28
1056.76	3680.19
1058.38	3676.00
1059.99	3690.65
1061.61	3670.77
1063.22	3667.63
1064.84	3668.68
1066.46	3668.68
1068.07	3657.17
1069.68	3671.82
1071.30	3673.91
1072.91	3674.96
1074.53	3658.22
1076.14	3676.00
1077.76	3659.26
1079.37	3670.77
1080.98	3634.15
1082.60	3661.35
1084.21	3654.03
1085.83	3657.17
1087.44	3642.52
1089.05	3639.38
1090.67	3635.19
1092.28	3638.33
1093.89	3650.89
1095.50	3655.08
1097.12	3641.47
1098.73	3651.94
1100.34	3619.50
1101.95	3644.61
1103.57	3639.38
1105.18	3640.43
1106.79	3634.15
1108.40	3644.61
1110.01	3638.33
1111.63	3648.80
1113.24	3640.43
1114.85	3646.70
1116.46	3637.29
1118.07	3656.12
1119.68	3636.24
1121.29	3650.89
1122.90	3640.43
1124.51	3648.80
1126.12	3646.70
1127.73	3655.08
1129.34	3648.80
1130.95	3655.08
1132.56	3649.84
1134.17	3632.06
1135.78	3634.15
1137.39	3649.84
1139.00	3624.73
1140.61	3639.38
1142.22	3636.24
1143.83	3632.06
1145.44	3635.19
1147.05	3641.47
1148.65	3648.80
1150.26	3635.19
1151.87	3625.78
1153.48	3640.43
1155.09	3641.47
1156.69	3647.75
1158.30	3631.01
1159.91	3641.47
1161.52	3637.29
1163.12	3644.61
1164.73	3637.29
1166.34	3652.98
1167.94	3643.57
1169.55	3659.26
1171.16	3644.61
1172.76	3656.12
1174.37	3643.57
1175.97	3666.59
1177.58	3642.52
1179.19	3660.31
1180.79	3652.98
1182.40	3660.31
1184.00	3647.75
1185.61	3664.49
1187.21	3644.61
1188.82	3656.12
1190.42	3647.75
1192.02	3651.94
1193.63	3634.15
1195.23	3654.03
1196.84	3644.61
1198.44	3657.17
1200.04	3652.98
1201.65	3656.12
1203.25	3646.70
1204.85	3649.84
1206.46	3638.33
1208.06	3645.66
1209.66	3632.06
1211.26	3638.33
1212.87	3650.89
1214.47	3639.38
1216.07	3640.43
1217.67	3643.57
1219.27	3622.64
1220.87	3622.64
1222.48	3615.31
1224.08	3626.82
1225.68	3619.50
1227.28	3622.64
1228.88	3610.08
1230.48	3632.06
1232.08	3611.13
1233.68	3619.50
1235.28	3616.36
1236.88	3600.66
1238.48	3591.25
1240.08	3631.01
1241.68	3588.11
1243.28	3596.48
1244.87	3586.01
1246.47	3581.83
1248.07	3565.09
1249.67	3568.22
1251.27	3576.60
1252.87	3554.62
1254.46	3545.20
1256.06	3548.34
1257.66	3548.34
1259.26	3551.48
1260.85	3553.58
1262.45	3543.11
1264.05	3537.88
1265.64	3545.20
1267.24	3541.02
1268.83	3545.20
1270.43	3536.83
1272.03	3562.99
1273.62	3537.88
1275.22	3527.42
1276.81	3528.46
1278.41	3530.55
1280.00	3528.46
1281.60	3522.18
1283.19	3510.67
1284.79	3526.37
1286.38	3509.63
1287.97	3513.81
1289.57	3493.93
1291.16	3504.39
1292.75	3488.70
1294.35	3507.53
1295.94	3502.30
1297.53	3503.35
1299.12	3492.88
1300.72	3501.26
1302.31	3471.96
1303.90	3503.35
1305.49	3499.16
1307.08	3484.51
1308.68	3469.86
1310.27	3474.05
1311.86	3462.54
1313.45	3466.72
1315.04	3463.58
1316.63	3455.21
1318.22	3453.12
1319.81	3439.52
1321.40	3436.38
1322.99	3445.80
1324.58	3433.24
1326.17	3432.19
1327.75	3417.54
1329.34	3419.64
1330.93	3407.08
1332.52	3411.26
1334.11	3401.85
1335.70	3403.94
1337.28	3394.52
1338.87	3399.75
1340.46	3396.62
1342.05	3395.57
1343.63	3391.38
1345.22	3381.97
1346.81	3387.20
1348.39	3375.69
1349.98	3371.50
1351.56	3364.18
1353.15	3351.62
1354.73	3348.48
1356.32	3328.60
1357.90	3317.09
1359.49	3320.23
1361.07	3300.35
1362.66	3295.11
1364.24	3298.25
1365.82	3306.62
1367.41	3304.53
1368.99	3270.00
1370.57	3265.82
1372.16	3271.05
1373.74	3265.82
1375.32	3255.35
1376.91	3228.14
1378.49	3198.85
1380.07	3171.64
1381.65	3154.90
1383.23	3136.06
1384.81	3131.88
1386.39	3132.92
1387.97	3128.74
1389.55	3116.18
1391.14	3104.67
1392.72	3080.60
1394.29	3073.28
1395.87	3055.49
1397.45	3046.07
1399.03	3040.84
1400.61	3032.47
1402.19	3025.14
1403.77	3010.49
1405.35	3026.19
1406.92	3018.86
1408.50	3010.49
1410.08	2991.66
1411.66	2992.70
1413.23	3003.17
1414.81	3004.22
1416.39	2974.92
1417.96	2988.52
1419.54	2971.78
1421.12	2982.24
1422.69	2984.33
1424.27	2968.64
1425.84	2968.64
1427.42	2963.41
1428.99	2980.15
1430.57	2971.78
1432.14	2960.27
1433.71	2955.03
1435.29	2970.73
1436.86	2971.78
1438.43	2962.36
1440.01	2958.17
1441.58	2835.74
1443.15	2951.90
1444.72	2953.99
1446.30	2950.85
1447.87	2951.90
1449.44	2960.27
1451.01	2944.57
1452.58	2958.17
1454.15	2952.94
1455.72	2945.62
1457.29	2943.52
1458.86	2959.22
1460.43	2940.38
1462.00	2962.36
1463.57	2941.43
1465.14	2952.94
1466.71	2944.57
1468.28	2949.80
1469.85	2949.80
1471.41	2957.13
1472.98	2949.80
1474.55	2959.22
1476.12	2940.38
1477.68	2943.52
1479.25	2949.80
1480.82	2950.85
1482.38	2961.31
1483.95	2949.80
1485.51	2959.22
1487.08	2962.36
1488.64	2955.03
1490.21	2961.31
1491.77	2951.90
1493.34	2970.73
1494.90	2951.90
1496.46	2960.27
1498.03	2966.54
1499.59	2968.64
1501.15	2962.36
1502.72	2975.96
1504.28	2980.15
1505.84	2960.27
1507.40	2970.73
1508.97	2981.19
1510.53	2980.15
1512.09	2993.75
1513.65	2989.57
1515.21	2985.38
1516.77	2971.78
1518.33	2991.66
1519.89	2986.43
1521.45	2989.57
1523.01	2995.84
1524.57	2996.89
1526.13	2983.29
1527.68	2992.70
1529.24	3000.03
1530.80	2990.61
1532.36	2997.94
1533.92	2996.89
1535.47	2977.01
1537.03	2980.15
1538.59	2989.57
1540.14	2990.61
1541.70	2983.29
1543.25	3005.26
1544.81	3000.03
1546.36	2991.66
1547.92	2974.92
1549.47	2982.24
1551.03	2986.43
1552.58	2973.87
1554.13	2979.10
1555.69	2986.43
1557.24	2975.96
1558.79	2975.96
1560.35	2973.87
1561.90	2994.80
1563.45	2981.19
1565.00	2979.10
1566.55	2971.78
1568.10	2968.64
1569.66	2967.59
1571.21	2982.24
1572.76	2978.06
1574.31	2978.06
1575.86	2973.87
1577.40	2964.45
1578.95	2970.73
1580.50	2969.68
1582.05	2962.36
1583.60	2969.68
1585.15	2960.27
1586.69	2959.22
1588.24	2967.59
1589.79	2967.59
1591.34	2945.62
1592.88	2966.54
1594.43	2950.85
1595.97	2953.99
1597.52	2955.03
1599.06	2958.17
1600.61	2950.85
1602.15	2962.36
1603.70	2945.62
1605.24	2938.29
1606.79	2941.43
1608.33	2936.20
1609.87	2929.92
1611.41	2941.43
1612.96	2938.29
1614.50	2930.97
1616.04	2934.11
1617.58	2938.29
1619.12	2929.92
1620.67	2933.06
1622.21	2907.95
1623.75	2930.97
1625.29	2918.41
1626.83	2917.36
1628.37	2917.36
1629.90	2901.67
1631.44	2894.34
1632.98	2889.11
1634.52	2868.18
1636.06	2871.32
1637.59	2869.23
1639.13	2850.39
1640.67	2840.98
1642.21	2829.47
1643.74	2813.77
1645.28	2801.21
1646.81	2792.84
1648.35	2798.07
1649.88	2760.40
1651.42	2766.68
1652.95	2741.57
1654.49	2763.54
1656.02	2742.62
1657.55	2745.75
1659.09	2721.69
1660.62	2735.29
1662.15	2713.32
1663.68	2720.64
1665.22	2716.45
1666.75	2721.69
1668.28	2709.13
1669.81	2725.87
1671.34	2709.13
1672.87	2712.27
1674.40	2716.45
1675.93	2703.90
1677.46	2689.25
1678.99	2691.34
1680.52	2699.71
1682.04	2708.08
1683.57	2699.71
1685.10	2694.48
1686.63	2691.34
1688.15	2690.29
1689.68	2671.46
1691.21	2678.78
1692.73	2684.02
1694.26	2690.29
1695.78	2686.11
1697.31	2681.92
1698.83	2665.18
1700.36	2667.27
1701.88	2663.09
1703.40	2680.88
1704.93	2667.27
1706.45	2671.46
