896.35	2869.23
897.98	2877.60
899.60	2883.88
901.22	2905.85
902.85	2891.20
904.47	2899.58
906.10	2911.09
907.72	2903.76
909.34	2926.78
910.97	2930.97
912.59	2946.66
914.21	2960.27
915.84	2983.29
917.46	3006.31
919.08	3027.24
920.71	3026.19
922.33	3052.35
923.95	3058.63
925.58	3086.88
927.20	3072.23
928.82	3075.37
930.44	3087.93
932.07	3079.56
933.69	3072.23
935.31	3085.83
936.93	3094.21
938.56	3100.48
940.18	3098.39
941.80	3099.44
943.42	3109.90
945.05	3123.50
946.67	3113.04
948.29	3130.83
949.91	3108.86
951.53	3129.78
953.16	3119.32
954.78	3125.60
956.40	3109.90
958.02	3121.41
959.64	3115.13
961.26	3119.32
962.88	3117.23
964.51	3110.95
966.13	3128.74
967.75	3122.46
969.37	3114.09
970.99	3120.37
972.61	3118.27
974.23	3120.37
975.85	3116.18
977.47	3125.60
979.09	3123.50
980.71	3121.41
982.33	3125.60
983.95	3136.06
985.57	3147.57
987.19	3132.92
988.81	3139.20
990.43	3137.11
992.05	3131.88
993.67	3160.13
995.29	3149.66
996.91	3133.97
998.53	3155.94
1000.15	3152.80
1001.77	3164.31
1003.39	3176.87
1005.01	3167.45
1006.63	3168.50
1008.25	3174.78
1009.86	3189.43
1011.48	3180.01
1013.10	3181.06
1014.72	3189.43
1016.34	3194.66
1017.96	3213.50
1019.58	3197.80
1021.19	3185.24
1022.81	3190.47
1024.43	3201.98
1026.05	3204.08
1027.66	3200.94
1029.28	3207.22
1030.90	3208.26
1032.52	3204.08
1034.13	3219.77
1035.75	3226.05
1037.37	3215.59
1038.98	3235.47
1040.60	3222.91
1042.22	3213.50
1043.83	3211.40
1045.45	3222.91
1047.07	3220.82
1048.68	3223.96
1050.30	3217.68
1051.92	3236.52
1053.53	3223.96
1055.15	3232.33
1056.76	3218.73
1058.38	3228.14
1059.99	3230.24
1061.61	3226.05
1063.22	3214.54
1064.84	3228.14
1066.46	3222.91
1068.07	3226.05
1069.68	3226.05
1071.30	3244.89
1072.91	3223.96
1074.53	3218.73
1076.14	3223.96
1077.76	3217.68
1079.37	3218.73
1080.98	3196.75
1082.60	3219.77
1084.21	3218.73
1085.83	3221.87
1087.44	3223.96
1089.05	3206.17
1090.67	3214.54
1092.28	3199.89
1093.89	3214.54
1095.50	3212.45
1097.12	3200.94
1098.73	3212.45
1100.34	3196.75
1101.95	3207.22
1103.57	3205.12
1105.18	3196.75
1106.79	3196.75
1108.40	3203.03
1110.01	3206.17
1111.63	3206.17
1113.24	3215.59
1114.85	3206.17
1116.46	3209.31
1118.07	3212.45
1119.68	3197.80
1121.29	3207.22
1122.90	3204.08
1124.51	3204.08
1126.12	3216.63
1127.73	3215.59
1129.34	3217.68
1130.95	3212.45
1132.56	3216.63
1134.17	3186.29
1135.78	3203.03
1137.39	3209.31
1139.00	3200.94
1140.61	3195.71
1142.22	3211.40
1143.83	3200.94
1145.44	3204.08
1147.05	3200.94
1148.65	3211.40
1150.26	3196.75
1151.87	3201.98
1153.48	3201.98
1155.09	3208.26
1156.69	3197.80
1158.30	3196.75
1159.91	3191.52
1161.52	3198.85
1163.12	3201.98
1164.73	3198.85
1166.34	3211.40
1167.94	3203.03
1169.55	3207.22
1171.16	3209.31
1172.76	3199.89
1174.37	3211.40
1175.97	3210.36
1177.58	3189.43
1179.19	3210.36
1180.79	3205.12
1182.40	3199.89
1184.00	3204.08
1185.61	3211.40
1187.21	3207.22
1188.82	3193.61
1190.42	3204.08
1192.02	3200.94
1193.63	3190.47
1195.23	3203.03
1196.84	3214.54
1198.44	3213.50
1200.04	3217.68
1201.65	3215.59
1203.25	3209.31
1204.85	3213.50
1206.46	3200.94
1208.06	3196.75
1209.66	3195.71
1211.26	3193.61
1212.87	3221.87
1214.47	3198.85
1216.07	3201.98
1217.67	3196.75
1219.27	3203.03
1220.87	3195.71
1222.48	3196.75
1224.08	3187.34
1225.68	3192.57
1227.28	3189.43
1228.88	3185.24
1230.48	3196.75
1232.08	3184.20
1233.68	3190.47
1235.28	3196.75
1236.88	3180.01
1238.48	3176.87
1240.08	3196.75
1241.68	3166.41
1243.28	3169.55
1244.87	3170.59
1246.47	3166.41
1248.07	3172.69
1249.67	3169.55
1251.27	3187.34
1252.87	3164.31
1254.46	3163.27
1256.06	3160.13
1257.66	3162.22
1259.26	3152.80
1260.85	3154.90
1262.45	3141.29
1264.05	3152.80
1265.64	3148.62
1267.24	3153.85
1268.83	3156.99
1270.43	3152.80
1272.03	3165.36
1273.62	3152.80
1275.22	3142.34
1276.81	3150.71
1278.41	3149.66
1280.00	3144.43
1281.60	3144.43
1283.19	3131.88
1284.79	3137.11
1286.38	3131.88
1287.97	3144.43
1289.57	3137.11
1291.16	3138.15
1292.75	3120.37
1294.35	3127.69
1295.94	3131.88
1297.53	3130.83
1299.12	3119.32
1300.72	3135.02
1302.31	3115.13
1303.90	3131.88
1305.49	3130.83
1307.08	3106.76
1308.68	3110.95
1310.27	3111.99
1311.86	3117.23
1313.45	3108.86
1315.04	3110.95
1316.63	3105.72
1318.22	3102.58
1319.81	3087.93
1321.40	3088.97
1322.99	3095.25
1324.58	3077.46
1326.17	3091.07
1327.75	3083.74
1329.34	3082.70
1330.93	3073.28
1332.52	3068.05
1334.11	3072.23
1335.70	3073.28
1337.28	3065.95
1338.87	3077.46
1340.46	3062.81
1342.05	3049.21
1343.63	3054.44
1345.22	3053.40
1346.81	3060.72
1348.39	3054.44
1349.98	3054.44
1351.56	3037.70
1353.15	3034.56
1354.73	3036.65
1356.32	3018.86
1357.90	3024.10
1359.49	3030.38
1361.07	3015.73
1362.66	3010.49
1364.24	3006.31
1365.82	3012.59
1367.41	3010.49
1368.99	2992.70
1370.57	2983.29
1372.16	2989.57
1373.74	2987.47
1375.32	3000.03
1376.91	2974.92
1378.49	2953.99
1380.07	2939.34
1381.65	2935.15
1383.23	2922.60
1384.81	2920.50
1386.39	2911.09
1387.97	2914.22
1389.55	2907.95
1391.14	2894.34
1392.72	2876.55
1394.29	2891.20
1395.87	2883.88
1397.45	2862.95
1399.03	2858.77
1400.61	2861.90
1402.19	2847.26
1403.77	2842.02
1405.35	2861.90
1406.92	2848.30
1408.50	2845.16
1410.08	2850.39
1411.66	2828.42
1413.23	2838.88
1414.81	2838.88
1416.39	2821.10
1417.96	2832.61
1419.54	2822.14
1421.12	2819.00
1422.69	2835.74
1424.27	2811.68
1425.84	2827.37
1427.42	2817.96
1428.99	2822.14
1430.57	2822.14
1432.14	2824.23
1433.71	2822.14
1435.29	2824.23
1436.86	2828.42
1438.43	2825.28
1440.01	2819.00
1441.58	2697.62
1443.15	2814.82
1444.72	2824.23
1446.30	2821.10
1447.87	2826.33
1449.44	2813.77
1451.01	2804.35
1452.58	2815.86
1454.15	2814.82
1455.72	2811.68
1457.29	2809.58
1458.86	2808.54
1460.43	2802.26
1462.00	2817.96
1463.57	2807.49
1465.14	2815.86
1466.71	2803.31
1468.28	2809.58
1469.85	2813.77
1471.41	2821.10
1472.98	2805.40
1474.55	2822.14
1476.12	2810.63
1477.68	2817.96
1479.25	2826.33
1480.82	2820.05
1482.38	2822.14
1483.95	2806.45
1485.51	2819.00
1487.08	2825.28
1488.64	2826.33
1490.21	2817.96
1491.77	2807.49
1493.34	2827.37
1494.90	2822.14
1496.46	2828.42
1498.03	2825.28
1499.59	2817.96
1501.15	2820.05
1502.72	2830.51
1504.28	2832.61
1505.84	2824.23
1507.40	2823.19
1508.97	2835.74
1510.53	2830.51
1512.09	2844.12
1513.65	2847.26
1515.21	2830.51
1516.77	2823.19
1518.33	2838.88
1519.89	2839.93
1521.45	2831.56
1523.01	2833.65
1524.57	2837.84
1526.13	2837.84
1527.68	2842.02
1529.24	2855.63
1530.80	2840.98
1532.36	2848.30
1533.92	2838.88
1535.47	2826.33
1537.03	2829.47
1538.59	2843.07
1540.14	2839.93
1541.70	2828.42
1543.25	2850.39
1544.81	2840.98
1546.36	2850.39
1547.92	2837.84
1549.47	2851.44
1551.03	2837.84
1552.58	2836.79
1554.13	2834.70
1555.69	2838.88
1557.24	2830.51
1558.79	2833.65
1560.35	2834.70
1561.90	2839.93
1563.45	2825.28
1565.00	2840.98
1566.55	2835.74
1568.10	2826.33
1569.66	2824.23
1571.21	2838.88
1572.76	2834.70
1574.31	2838.88
1575.86	2830.51
1577.40	2813.77
1578.95	2817.96
1580.50	2827.37
1582.05	2819.00
1583.60	2815.86
1585.15	2811.68
1586.69	2821.10
1588.24	2821.10
1589.79	2828.42
1591.34	2812.72
1592.88	2828.42
1594.43	2814.82
1595.97	2817.96
1597.52	2805.40
1599.06	2811.68
1600.61	2812.72
1602.15	2823.19
1603.70	2809.58
1605.24	2815.86
1606.79	2814.82
1608.33	2807.49
1609.87	2806.45
1611.41	2810.63
1612.96	2804.35
1614.50	2799.12
1616.04	2807.49
1617.58	2806.45
1619.12	2798.07
1620.67	2807.49
1622.21	2786.56
1623.75	2798.07
1625.29	2787.61
1626.83	2790.75
1628.37	2798.07
1629.90	2779.24
1631.44	2774.01
1632.98	2780.29
1634.52	2766.68
1636.06	2763.54
1637.59	2782.38
1639.13	2768.78
1640.67	2763.54
1642.21	2752.03
1643.74	2749.94
1645.28	2734.24
1646.81	2725.87
1648.35	2727.97
1649.88	2695.53
1651.42	2716.45
1652.95	2695.53
1654.49	2719.59
1656.02	2696.57
1657.55	2696.57
1659.09	2675.65
1660.62	2702.85
1662.15	2690.29
1663.68	2696.57
1665.22	2684.02
1666.75	2685.06
1668.28	2682.97
1669.81	2695.53
1671.34	2682.97
1672.87	2679.83
1674.40	2682.97
1675.93	2677.74
1677.46	2663.09
1678.99	2659.95
1680.52	2668.32
1682.04	2685.06
1683.57	2669.37
1685.10	2663.09
1686.63	2664.13
1688.15	2664.13
1689.68	2656.81
1691.21	2661.00
1692.73	2661.00
1694.26	2669.37
1695.78	2649.49
1697.31	2662.04
1698.83	2649.49
1700.36	2656.81
1701.88	2650.53
1703.40	2658.90
1704.93	2650.53
1706.45	2647.39
