896.35	2662.04
897.98	2650.53
899.60	2661.00
901.22	2668.32
902.85	2665.18
904.47	2663.09
906.10	2673.55
907.72	2659.95
909.34	2672.51
910.97	2670.41
912.59	2684.02
914.21	2672.51
915.84	2680.88
917.46	2675.65
919.08	2679.83
920.71	2670.41
922.33	2690.29
923.95	2679.83
925.58	2707.04
927.20	2675.65
928.82	2682.97
930.44	2688.20
932.07	2693.43
933.69	2657.86
935.31	2692.39
936.93	2682.97
938.56	2693.43
940.18	2677.74
941.80	2694.48
943.42	2692.39
945.05	2717.50
946.67	2677.74
948.29	2709.13
949.91	2682.97
951.53	2716.45
953.16	2700.76
954.78	2712.27
956.40	2686.11
958.02	2701.81
959.64	2695.53
961.26	2707.04
962.88	2693.43
964.51	2697.62
966.13	2704.94
967.75	2722.73
969.37	2694.48
970.99	2708.08
972.61	2698.67
974.23	2712.27
975.85	2698.67
977.47	2715.41
979.09	2697.62
980.71	2698.67
982.33	2688.20
983.95	2716.45
985.57	2715.41
987.19	2714.36
988.81	2711.22
990.43	2712.27
992.05	2695.53
993.67	2726.92
995.29	2700.76
996.91	2699.71
998.53	2701.81
1000.15	2716.45
1001.77	2700.76
1003.39	2718.55
1005.01	2708.08
1006.63	2720.64
1008.25	2705.99
1009.86	2723.78
1011.48	2704.94
1013.10	2720.64
1014.72	2709.13
1016.34	2717.50
1017.96	2724.83
1019.58	2723.78
1021.19	2697.62
1022.81	2713.32
1024.43	2711.22
1026.05	2719.59
1027.66	2713.32
1029.28	2718.55
1030.90	2711.22
1032.52	2707.04
1034.13	2707.04
1035.75	2725.87
1037.37	2711.22
1038.98	2731.10
1040.60	2708.08
1042.22	2710.18
1043.83	2709.13
1045.45	2724.83
1047.07	2708.08
1048.68	2722.73
1050.30	2694.48
1051.92	2719.59
1053.53	2703.90
1055.15	2725.87
1056.76	2701.81
1058.38	2721.69
1059.99	2715.41
1061.61	2725.87
1063.22	2709.13
1064.84	2726.92
1066.46	2703.90
1068.07	2707.04
1069.68	2704.94
1071.30	2743.66
1072.91	2715.41
1074.53	2716.45
1076.14	2720.64
1077.76	2723.78
1079.37	2719.59
1080.98	2704.94
1082.60	2711.22
1084.21	2724.83
1085.83	2718.55
1087.44	2729.01
1089.05	2704.94
1090.67	2723.78
1092.28	2714.36
1093.89	2737.38
1095.50	2714.36
1097.12	2722.73
1098.73	2723.78
1100.34	2717.50
1101.95	2722.73
1103.57	2732.15
1105.18	2705.99
1106.79	2707.04
1108.40	2717.50
1110.01	2719.59
1111.63	2714.36
1113.24	2732.15
1114.85	2719.59
1116.46	2729.01
1118.07	2722.73
1119.68	2722.73
1121.29	2720.64
1122.90	2715.41
1124.51	2712.27
1126.12	2730.06
1127.73	2726.92
1129.34	2736.34
1130.95	2724.83
1132.56	2739.48
1134.17	2707.04
1135.78	2724.83
1137.39	2716.45
1139.00	2720.64
1140.61	2715.41
1142.22	2723.78
1143.83	2708.08
1145.44	2732.15
1147.05	2719.59
1148.65	2735.29
1150.26	2715.41
1151.87	2715.41
1153.48	2712.27
1155.09	2731.10
1156.69	2717.50
1158.30	2716.45
1159.91	2701.81
1161.52	2722.73
1163.12	2719.59
1164.73	2724.83
1166.34	2713.32
1167.94	2714.36
1169.55	2716.45
1171.16	2725.87
1172.76	2721.69
1174.37	2715.41
1175.97	2716.45
1177.58	2714.36
1179.19	2721.69
1180.79	2710.18
1182.40	2707.04
1184.00	2711.22
1185.61	2721.69
1187.21	2725.87
1188.82	2717.50
1190.42	2732.15
1192.02	2714.36
1193.63	2712.27
1195.23	2717.50
1196.84	2726.92
1198.44	2723.78
1200.04	2737.38
1201.65	2712.27
1203.25	2721.69
1204.85	2718.55
1206.46	2715.41
1208.06	2711.22
1209.66	2715.41
1211.26	2707.04
1212.87	2736.34
1214.47	2703.90
1216.07	2730.06
1217.67	2722.73
1219.27	2723.78
1220.87	2718.55
1222.48	2713.32
1224.08	2707.04
1225.68	2723.78
1227.28	2715.41
1228.88	2722.73
1230.48	2723.78
1232.08	2720.64
1233.68	2730.06
1235.28	2742.62
1236.88	2719.59
1238.48	2724.83
1240.08	2741.57
1241.68	2716.45
1243.28	2715.41
1244.87	2721.69
1246.47	2709.13
1248.07	2717.50
1249.67	2718.55
1251.27	2740.52
1252.87	2719.59
1254.46	2725.87
1256.06	2717.50
1257.66	2729.01
1259.26	2713.32
1260.85	2731.10
1262.45	2709.13
1264.05	2727.97
1265.64	2714.36
1267.24	2721.69
1268.83	2720.64
1270.43	2725.87
1272.03	2732.15
1273.62	2723.78
1275.22	2707.04
1276.81	2725.87
1278.41	2711.22
1280.00	2726.92
1281.60	2716.45
1283.19	2730.06
1284.79	2718.55
1286.38	2716.45
1287.97	2720.64
1289.57	2719.59
1291.16	2707.04
1292.75	2714.36
1294.35	2717.50
1295.94	2718.55
1297.53	2713.32
1299.12	2711.22
1300.72	2732.15
1302.31	2710.18
1303.90	2734.24
1305.49	2737.38
1307.08	2715.41
1308.68	2713.32
1310.27	2713.32
1311.86	2716.45
1313.45	2709.13
1315.04	2722.73
1316.63	2720.64
1318.22	2722.73
1319.81	2696.57
1321.40	2711.22
1322.99	2719.59
1324.58	2711.22
1326.17	2701.81
1327.75	2701.81
1329.34	2712.27
1330.93	2704.94
1332.52	2696.57
1334.11	2705.99
1335.70	2699.71
1337.28	2691.34
1338.87	2703.90
1340.46	2716.45
1342.05	2696.57
1343.63	2697.62
1345.22	2694.48
1346.81	2713.32
1348.39	2709.13
1349.98	2712.27
1351.56	2695.53
1353.15	2710.18
1354.73	2715.41
1356.32	2708.08
1357.90	2696.57
1359.49	2703.90
1361.07	2702.85
1362.66	2714.36
1364.24	2708.08
1365.82	2711.22
1367.41	2712.27
1368.99	2695.53
1370.57	2691.34
1372.16	2702.85
1373.74	2708.08
1375.32	2705.99
1376.91	2711.22
1378.49	2713.32
1380.07	2696.57
1381.65	2716.45
1383.23	2697.62
1384.81	2701.81
1386.39	2691.34
1387.97	2705.99
1389.55	2701.81
1391.14	2700.76
1392.72	2695.53
1394.29	2709.13
1395.87	2709.13
1397.45	2697.62
1399.03	2689.25
1400.61	2698.67
1402.19	2697.62
1403.77	2698.67
1405.35	2715.41
1406.92	2701.81
1408.50	2703.90
1410.08	2705.99
1411.66	2696.57
1413.23	2704.94
1414.81	2705.99
1416.39	2689.25
1417.96	2707.04
1419.54	2696.57
1421.12	2698.67
1422.69	2707.04
1424.27	2695.53
1425.84	2710.18
1427.42	2702.85
1428.99	2709.13
1430.57	2699.71
1432.14	2699.71
1433.71	2709.13
1435.29	2723.78
1436.86	2707.04
1438.43	2702.85
1440.01	2699.71
1441.58	2589.84
1443.15	2707.04
1444.72	2714.36
1446.30	2704.94
1447.87	2711.22
1449.44	2698.67
1451.01	2693.43
1452.58	2716.45
1454.15	2719.59
1455.72	2702.85
1457.29	2700.76
1458.86	2707.04
1460.43	2696.57
1462.00	2718.55
1463.57	2711.22
1465.14	2709.13
1466.71	2701.81
1468.28	2705.99
1469.85	2719.59
1471.41	2715.41
1472.98	2710.18
1474.55	2723.78
1476.12	2710.18
1477.68	2698.67
1479.25	2718.55
1480.82	2711.22
1482.38	2712.27
1483.95	2701.81
1485.51	2715.41
1487.08	2721.69
1488.64	2709.13
1490.21	2703.90
1491.77	2685.06
1493.34	2712.27
1494.90	2702.85
1496.46	2707.04
1498.03	2701.81
1499.59	2703.90
1501.15	2698.67
1502.72	2703.90
1504.28	2699.71
1505.84	2700.76
1507.40	2700.76
1508.97	2711.22
1510.53	2705.99
1512.09	2713.32
1513.65	2709.13
1515.21	2702.85
1516.77	2685.06
1518.33	2699.71
1519.89	2698.67
1521.45	2698.67
1523.01	2701.81
1524.57	2710.18
1526.13	2694.48
1527.68	2698.67
1529.24	2704.94
1530.80	2698.67
1532.36	2715.41
1533.92	2702.85
1535.47	2680.88
1537.03	2689.25
1538.59	2701.81
1540.14	2693.43
1541.70	2690.29
1543.25	2697.62
1544.81	2690.29
1546.36	2702.85
1547.92	2692.39
1549.47	2688.20
1551.03	2684.02
1552.58	2680.88
1554.13	2686.11
1555.69	2688.20
1557.24	2686.11
1558.79	2687.16
1560.35	2689.25
1561.90	2692.39
1563.45	2688.20
1565.00	2688.20
1566.55	2674.60
1568.10	2677.74
1569.66	2675.65
1571.21	2685.06
1572.76	2689.25
1574.31	2684.02
1575.86	2688.20
1577.40	2675.65
1578.95	2680.88
1580.50	2680.88
1582.05	2674.60
1583.60	2679.83
1585.15	2672.51
1586.69	2668.32
1588.24	2672.51
1589.79	2685.06
1591.34	2667.27
1592.88	2679.83
1594.43	2665.18
1595.97	2678.78
1597.52	2676.69
1599.06	2676.69
1600.61	2668.32
1602.15	2688.20
1603.70	2678.78
1605.24	2666.23
1606.79	2673.55
1608.33	2661.00
1609.87	2665.18
1611.41	2666.23
1612.96	2669.37
1614.50	2656.81
1616.04	2666.23
1617.58	2666.23
1619.12	2658.90
1620.67	2663.09
1622.21	2650.53
1623.75	2670.41
1625.29	2663.09
1626.83	2663.09
1628.37	2679.83
1629.90	2662.04
1631.44	2658.90
1632.98	2661.00
1634.52	2651.58
1636.06	2661.00
1637.59	2673.55
1639.13	2671.46
1640.67	2665.18
1642.21	2664.13
1643.74	2671.46
1645.28	2655.76
1646.81	2655.76
1648.35	2667.27
1649.88	2652.62
1651.42	2663.09
1652.95	2644.25
1654.49	2659.95
1656.02	2649.49
1657.55	2656.81
1659.09	2637.97
1660.62	2661.00
1662.15	2649.49
1663.68	2652.62
1665.22	2650.53
1666.75	2650.53
1668.28	2631.70
1669.81	2657.86
1671.34	2651.58
1672.87	2655.76
1674.40	2654.72
1675.93	2654.72
1677.46	2635.88
1678.99	2631.70
1680.52	2633.79
1682.04	2642.16
1683.57	2631.70
1685.10	2641.11
1686.63	2632.74
1688.15	2650.53
1689.68	2634.84
1691.21	2637.97
1692.73	2629.60
1694.26	2637.97
1695.78	2629.60
1697.31	2631.70
1698.83	2620.19
1700.36	2628.56
1701.88	2625.42
1703.40	2633.79
1704.93	2612.86
1706.45	2618.09
