896.35	2776.10
897.98	2781.33
899.60	2784.47
901.22	2803.31
902.85	2794.94
904.47	2795.98
906.10	2802.26
907.72	2799.12
909.34	2820.05
910.97	2819.00
912.59	2825.28
914.21	2832.61
915.84	2847.26
917.46	2860.86
919.08	2880.74
920.71	2874.46
922.33	2898.53
923.95	2888.06
925.58	2916.32
927.20	2898.53
928.82	2906.90
930.44	2913.18
932.07	2921.55
933.69	2902.71
935.31	2915.27
936.93	2914.22
938.56	2923.64
940.18	2925.74
941.80	2924.69
943.42	2932.01
945.05	2949.80
946.67	2922.60
948.29	2940.38
949.91	2920.50
951.53	2941.43
953.16	2936.20
954.78	2941.43
956.40	2921.55
958.02	2938.29
959.64	2933.06
961.26	2942.48
962.88	2936.20
964.51	2932.01
966.13	2948.76
967.75	2955.03
969.37	2932.01
970.99	2943.52
972.61	2923.64
974.23	2937.25
975.85	2937.25
977.47	2948.76
979.09	2941.43
980.71	2935.15
982.33	2935.15
983.95	2949.80
985.57	2952.94
987.19	2949.80
988.81	2951.90
990.43	2953.99
992.05	2937.25
993.67	2958.17
995.29	2945.62
996.91	2949.80
998.53	2966.54
1000.15	2977.01
1001.77	2966.54
1003.39	2970.73
1005.01	2962.36
1006.63	2983.29
1008.25	2975.96
1009.86	2980.15
1011.48	2968.64
1013.10	2978.06
1014.72	2983.29
1016.34	2985.38
1017.96	2994.80
1019.58	2981.19
1021.19	2984.33
1022.81	2992.70
1024.43	2990.61
1026.05	2986.43
1027.66	2988.52
1029.28	2991.66
1030.90	2990.61
1032.52	2991.66
1034.13	2993.75
1035.75	3006.31
1037.37	2990.61
1038.98	3012.59
1040.60	2994.80
1042.22	2998.98
1043.83	2990.61
1045.45	2996.89
1047.07	2990.61
1048.68	3015.73
1050.30	2989.57
1051.92	3012.59
1053.53	2997.94
1055.15	3008.40
1056.76	2998.98
1058.38	3010.49
1059.99	3011.54
1061.61	3011.54
1063.22	3005.26
1064.84	3012.59
1066.46	3004.22
1068.07	3003.17
1069.68	2998.98
1071.30	3020.96
1072.91	3004.22
1074.53	3007.35
1076.14	3010.49
1077.76	3006.31
1079.37	3002.12
1080.98	2980.15
1082.60	2985.38
1084.21	3007.35
1085.83	2996.89
1087.44	3007.35
1089.05	2988.52
1090.67	2992.70
1092.28	2990.61
1093.89	3008.40
1095.50	2992.70
1097.12	2991.66
1098.73	2997.94
1100.34	2983.29
1101.95	2997.94
1103.57	3001.08
1105.18	2986.43
1106.79	2988.52
1108.40	2989.57
1110.01	3000.03
1111.63	2991.66
1113.24	2998.98
1114.85	2985.38
1116.46	2996.89
1118.07	2998.98
1119.68	2989.57
1121.29	2995.84
1122.90	2988.52
1124.51	2987.47
1126.12	2998.98
1127.73	3002.12
1129.34	3004.22
1130.95	3004.22
1132.56	3012.59
1134.17	2983.29
1135.78	2996.89
1137.39	2992.70
1139.00	2990.61
1140.61	2986.43
1142.22	2992.70
1143.83	2981.19
1145.44	2995.84
1147.05	2997.94
1148.65	3006.31
1150.26	2978.06
1151.87	2983.29
1153.48	2980.15
1155.09	2994.80
1156.69	2981.19
1158.30	2983.29
1159.91	2985.38
1161.52	2995.84
1163.12	2984.33
1164.73	2995.84
1166.34	3001.08
1167.94	2994.80
1169.55	2988.52
1171.16	2991.66
1172.76	2993.75
1174.37	2994.80
1175.97	3001.08
1177.58	2978.06
1179.19	2998.98
1180.79	2988.52
1182.40	2989.57
1184.00	2987.47
1185.61	3006.31
1187.21	3007.35
1188.82	2986.43
1190.42	2993.75
1192.02	2989.57
1193.63	2982.24
1195.23	2994.80
1196.84	3000.03
1198.44	2988.52
1200.04	3004.22
1201.65	2992.70
1203.25	2997.94
1204.85	3003.17
1206.46	2989.57
1208.06	2978.06
1209.66	2978.06
1211.26	2990.61
1212.87	3013.63
1214.47	2978.06
1216.07	2992.70
1217.67	2989.57
1219.27	2989.57
1220.87	2979.10
1222.48	2984.33
1224.08	2986.43
1225.68	2998.98
1227.28	2978.06
1228.88	2980.15
1230.48	2983.29
1232.08	2977.01
1233.68	2980.15
1235.28	2992.70
1236.88	2981.19
1238.48	2978.06
1240.08	2989.57
1241.68	2964.45
1243.28	2981.19
1244.87	2982.24
1246.47	2973.87
1248.07	2965.50
1249.67	2969.68
1251.27	2988.52
1252.87	2969.68
1254.46	2965.50
1256.06	2963.41
1257.66	2964.45
1259.26	2955.03
1260.85	2960.27
1262.45	2955.03
1264.05	2963.41
1265.64	2956.08
1267.24	2974.92
1268.83	2965.50
1270.43	2961.31
1272.03	2967.59
1273.62	2962.36
1275.22	2945.62
1276.81	2959.22
1278.41	2948.76
1280.00	2965.50
1281.60	2964.45
1283.19	2952.94
1284.79	2949.80
1286.38	2947.71
1287.97	2958.17
1289.57	2956.08
1291.16	2948.76
1292.75	2948.76
1294.35	2953.99
1295.94	2947.71
1297.53	2946.66
1299.12	2948.76
1300.72	2961.31
1302.31	2936.20
1303.90	2953.99
1305.49	2947.71
1307.08	2933.06
1308.68	2930.97
1310.27	2930.97
1311.86	2942.48
1313.45	2934.11
1315.04	2934.11
1316.63	2927.83
1318.22	2932.01
1319.81	2923.64
1321.40	2933.06
1322.99	2930.97
1324.58	2919.46
1326.17	2918.41
1327.75	2917.36
1329.34	2921.55
1330.93	2918.41
1332.52	2914.22
1334.11	2914.22
1335.70	2915.27
1337.28	2901.67
1338.87	2907.95
1340.46	2910.04
1342.05	2897.48
1343.63	2902.71
1345.22	2892.25
1346.81	2914.22
1348.39	2904.81
1349.98	2906.90
1351.56	2888.06
1353.15	2887.02
1354.73	2895.39
1356.32	2883.88
1357.90	2879.69
1359.49	2890.16
1361.07	2877.60
1362.66	2878.65
1364.24	2877.60
1365.82	2880.74
1367.41	2878.65
1368.99	2864.00
1370.57	2858.77
1372.16	2871.32
1373.74	2862.95
1375.32	2878.65
1376.91	2853.53
1378.49	2836.79
1380.07	2825.28
1381.65	2837.84
1383.23	2817.96
1384.81	2822.14
1386.39	2809.58
1387.97	2820.05
1389.55	2809.58
1391.14	2799.12
1392.72	2791.80
1394.29	2799.12
1395.87	2792.84
1397.45	2783.42
1399.03	2789.70
1400.61	2783.42
1402.19	2778.19
1403.77	2772.96
1405.35	2787.61
1406.92	2776.10
1408.50	2778.19
1410.08	2784.47
1411.66	2770.87
1413.23	2771.91
1414.81	2774.01
1416.39	2760.40
1417.96	2780.29
1419.54	2767.73
1421.12	2770.87
1422.69	2779.24
1424.27	2764.59
1425.84	2769.82
1427.42	2762.50
1428.99	2771.91
1430.57	2764.59
1432.14	2770.87
1433.71	2768.78
1435.29	2776.10
1436.86	2774.01
1438.43	2764.59
1440.01	2761.45
1441.58	2641.11
1443.15	2766.68
1444.72	2766.68
1446.30	2763.54
1447.87	2771.91
1449.44	2765.64
1451.01	2753.08
1452.58	2762.50
1454.15	2759.36
1455.72	2746.80
1457.29	2754.13
1458.86	2764.59
1460.43	2759.36
1462.00	2776.10
1463.57	2766.68
1465.14	2764.59
1466.71	2754.13
1468.28	2758.31
1469.85	2764.59
1471.41	2769.82
1472.98	2754.13
1474.55	2764.59
1476.12	2755.17
1477.68	2759.36
1479.25	2774.01
1480.82	2765.64
1482.38	2763.54
1483.95	2754.13
1485.51	2767.73
1487.08	2779.24
1488.64	2774.01
1490.21	2779.24
1491.77	2749.94
1493.34	2772.96
1494.90	2762.50
1496.46	2765.64
1498.03	2771.91
1499.59	2768.78
1501.15	2768.78
1502.72	2768.78
1504.28	2776.10
1505.84	2767.73
1507.40	2761.45
1508.97	2768.78
1510.53	2767.73
1512.09	2781.33
1513.65	2778.19
1515.21	2779.24
1516.77	2761.45
1518.33	2783.42
1519.89	2780.29
1521.45	2777.15
1523.01	2776.10
1524.57	2774.01
1526.13	2768.78
1527.68	2774.01
1529.24	2782.38
1530.80	2776.10
1532.36	2780.29
1533.92	2774.01
1535.47	2762.50
1537.03	2767.73
1538.59	2782.38
1540.14	2770.87
1541.70	2769.82
1543.25	2786.56
1544.81	2774.01
1546.36	2781.33
1547.92	2775.05
1549.47	2782.38
1551.03	2778.19
1552.58	2774.01
1554.13	2774.01
1555.69	2776.10
1557.24	2766.68
1558.79	2765.64
1560.35	2758.31
1561.90	2768.78
1563.45	2763.54
1565.00	2777.15
1566.55	2769.82
1568.10	2763.54
1569.66	2753.08
1571.21	2770.87
1572.76	2774.01
1574.31	2771.91
1575.86	2772.96
1577.40	2756.22
1578.95	2762.50
1580.50	2766.68
1582.05	2746.80
1583.60	2749.94
1585.15	2743.66
1586.69	2750.99
1588.24	2756.22
1589.79	2768.78
1591.34	2742.62
1592.88	2765.64
1594.43	2745.75
1595.97	2756.22
1597.52	2747.85
1599.06	2757.26
1600.61	2753.08
1602.15	2763.54
1603.70	2754.13
1605.24	2755.17
1606.79	2749.94
1608.33	2738.43
1609.87	2743.66
1611.41	2753.08
1612.96	2754.13
1614.50	2745.75
1616.04	2739.48
1617.58	2735.29
1619.12	2737.38
1620.67	2745.75
1622.21	2722.73
1623.75	2744.71
1625.29	2722.73
1626.83	2729.01
1628.37	2749.94
1629.90	2730.06
1631.44	2726.92
1632.98	2734.24
1634.52	2712.27
1636.06	2714.36
1637.59	2731.10
1639.13	2717.50
1640.67	2723.78
1642.21	2713.32
1643.74	2718.55
1645.28	2697.62
1646.81	2692.39
1648.35	2702.85
1649.88	2679.83
1651.42	2696.57
1652.95	2680.88
1654.49	2701.81
1656.02	2681.92
1657.55	2689.25
1659.09	2664.13
1660.62	2681.92
1662.15	2670.41
1663.68	2688.20
1665.22	2673.55
1666.75	2674.60
1668.28	2661.00
1669.81	2685.06
1671.34	2657.86
1672.87	2667.27
1674.40	2671.46
1675.93	2661.00
1677.46	2647.39
1678.99	2647.39
1680.52	2649.49
1682.04	2661.00
1683.57	2649.49
1685.10	2655.76
1686.63	2647.39
1688.15	2655.76
1689.68	2648.44
1691.21	2647.39
1692.73	2653.67
1694.26	2659.95
1695.78	2646.35
1697.31	2651.58
1698.83	2635.88
1700.36	2642.16
1701.88	2623.33
1703.40	2646.35
1704.93	2630.65
1706.45	2635.88
