896.35	3006.31
897.98	3013.63
899.60	3020.96
901.22	3040.84
902.85	3026.19
904.47	3039.79
906.10	3049.21
907.72	3055.49
909.34	3075.37
910.97	3098.39
912.59	3117.23
914.21	3148.62
915.84	3168.50
917.46	3207.22
919.08	3223.96
920.71	3236.52
922.33	3272.09
923.95	3283.60
925.58	3307.67
927.20	3300.35
928.82	3312.90
930.44	3333.83
932.07	3323.37
933.69	3320.23
935.31	3332.78
936.93	3347.43
938.56	3353.71
940.18	3362.08
941.80	3353.71
943.42	3364.18
945.05	3376.73
946.67	3366.27
948.29	3372.55
949.91	3365.22
951.53	3380.92
953.16	3388.24
954.78	3373.59
956.40	3370.46
958.02	3378.83
959.64	3384.06
961.26	3375.69
962.88	3376.73
964.51	3359.99
966.13	3380.92
967.75	3381.97
969.37	3371.50
970.99	3376.73
972.61	3379.87
974.23	3369.41
975.85	3371.50
977.47	3391.38
979.09	3388.24
980.71	3375.69
982.33	3385.10
983.95	3389.29
985.57	3395.57
987.19	3392.43
988.81	3409.17
990.43	3398.71
992.05	3392.43
993.67	3400.80
995.29	3410.22
996.91	3402.89
998.53	3431.15
1000.15	3430.10
1001.77	3432.19
1003.39	3429.05
1005.01	3431.15
1006.63	3444.75
1008.25	3447.89
1009.86	3449.98
1011.48	3449.98
1013.10	3458.35
1014.72	3469.86
1016.34	3473.00
1017.96	3485.56
1019.58	3469.86
1021.19	3475.10
1022.81	3480.33
1024.43	3492.88
1026.05	3487.65
1027.66	3509.63
1029.28	3496.02
1030.90	3488.70
1032.52	3481.37
1034.13	3507.53
1035.75	3515.90
1037.37	3508.58
1038.98	3519.04
1040.60	3510.67
1042.22	3498.12
1043.83	3509.63
1045.45	3513.81
1047.07	3522.18
1048.68	3520.09
1050.30	3508.58
1051.92	3527.42
1053.53	3510.67
1055.15	3513.81
1056.76	3508.58
1058.38	3514.86
1059.99	3526.37
1061.61	3518.00
1063.22	3504.39
1064.84	3509.63
1066.46	3512.77
1068.07	3500.21
1069.68	3507.53
1071.30	3524.28
1072.91	3506.49
1074.53	3483.47
1076.14	3508.58
1077.76	3497.07
1079.37	3504.39
1080.98	3473.00
1082.60	3492.88
1084.21	3491.84
1085.83	3486.61
1087.44	3485.56
1089.05	3469.86
1090.67	3470.91
1092.28	3474.05
1093.89	3492.88
1095.50	3474.05
1097.12	3464.63
1098.73	3483.47
1100.34	3459.40
1101.95	3471.96
1103.57	3469.86
1105.18	3465.68
1106.79	3453.12
1108.40	3473.00
1110.01	3465.68
1111.63	3469.86
1113.24	3471.96
1114.85	3479.28
1116.46	3463.58
1118.07	3477.19
1119.68	3459.40
1121.29	3478.23
1122.90	3470.91
1124.51	3471.96
1126.12	3473.00
1127.73	3485.56
1129.34	3480.33
1130.95	3486.61
1132.56	3475.10
1134.17	3449.98
1135.78	3469.86
1137.39	3478.23
1139.00	3456.26
1140.61	3464.63
1142.22	3470.91
1143.83	3471.96
1145.44	3470.91
1147.05	3467.77
1148.65	3479.28
1150.26	3464.63
1151.87	3453.12
1153.48	3463.58
1155.09	3475.10
1156.69	3469.86
1158.30	3457.31
1159.91	3460.45
1161.52	3475.10
1163.12	3469.86
1164.73	3458.35
1166.34	3463.58
1167.94	3463.58
1169.55	3483.47
1171.16	3476.14
1172.76	3468.82
1174.37	3465.68
1175.97	3479.28
1177.58	3453.12
1179.19	3476.14
1180.79	3465.68
1182.40	3474.05
1184.00	3462.54
1185.61	3481.37
1187.21	3464.63
1188.82	3470.91
1190.42	3467.77
1192.02	3466.72
1193.63	3458.35
1195.23	3469.86
1196.84	3468.82
1198.44	3475.10
1200.04	3462.54
1201.65	3465.68
1203.25	3461.49
1204.85	3467.77
1206.46	3451.03
1208.06	3459.40
1209.66	3443.70
1211.26	3451.03
1212.87	3467.77
1214.47	3452.07
1216.07	3453.12
1217.67	3458.35
1219.27	3439.52
1220.87	3445.80
1222.48	3437.42
1224.08	3441.61
1225.68	3441.61
1227.28	3442.66
1228.88	3435.33
1230.48	3446.84
1232.08	3420.68
1233.68	3430.10
1235.28	3429.05
1236.88	3414.40
1238.48	3414.40
1240.08	3435.33
1241.68	3403.94
1243.28	3414.40
1244.87	3403.94
1246.47	3389.29
1248.07	3387.20
1249.67	3401.85
1251.27	3406.03
1252.87	3385.10
1254.46	3377.78
1256.06	3375.69
1257.66	3372.55
1259.26	3371.50
1260.85	3379.87
1262.45	3375.69
1264.05	3371.50
1265.64	3369.41
1267.24	3364.18
1268.83	3366.27
1270.43	3350.57
1272.03	3374.64
1273.62	3352.67
1275.22	3346.39
1276.81	3355.81
1278.41	3344.30
1280.00	3350.57
1281.60	3343.25
1283.19	3342.20
1284.79	3339.06
1286.38	3340.11
1287.97	3346.39
1289.57	3332.78
1291.16	3331.74
1292.75	3324.41
1294.35	3332.78
1295.94	3327.55
1297.53	3334.88
1299.12	3319.18
1300.72	3333.83
1302.31	3300.35
1303.90	3332.78
1305.49	3323.37
1307.08	3302.44
1308.68	3294.07
1310.27	3296.16
1311.86	3296.16
1313.45	3294.07
1315.04	3288.84
1316.63	3293.02
1318.22	3290.93
1319.81	3275.23
1321.40	3273.14
1322.99	3282.56
1324.58	3260.58
1326.17	3274.19
1327.75	3256.40
1329.34	3265.82
1330.93	3249.07
1332.52	3242.79
1334.11	3242.79
1335.70	3251.17
1337.28	3231.28
1338.87	3243.84
1340.46	3241.75
1342.05	3241.75
1343.63	3232.33
1345.22	3227.10
1346.81	3238.61
1348.39	3225.01
1349.98	3213.50
1351.56	3207.22
1353.15	3200.94
1354.73	3200.94
1356.32	3184.20
1357.90	3178.96
1359.49	3186.29
1361.07	3173.73
1362.66	3163.27
1364.24	3160.13
1365.82	3168.50
1367.41	3175.82
1368.99	3148.62
1370.57	3140.25
1372.16	3140.25
1373.74	3140.25
1375.32	3133.97
1376.91	3121.41
1378.49	3087.93
1380.07	3067.00
1381.65	3058.63
1383.23	3046.07
1384.81	3047.12
1386.39	3030.38
1387.97	3035.61
1389.55	3028.28
1391.14	3034.56
1392.72	3010.49
1394.29	3009.45
1395.87	2990.61
1397.45	2981.19
1399.03	2979.10
1400.61	2977.01
1402.19	2966.54
1403.77	2951.90
1405.35	2963.41
1406.92	2947.71
1408.50	2953.99
1410.08	2952.94
1411.66	2949.80
1413.23	2943.52
1414.81	2948.76
1416.39	2929.92
1417.96	2939.34
1419.54	2928.87
1421.12	2934.11
1422.69	2926.78
1424.27	2921.55
1425.84	2932.01
1427.42	2922.60
1428.99	2927.83
1430.57	2922.60
1432.14	2920.50
1433.71	2920.50
1435.29	2929.92
1436.86	2924.69
1438.43	2917.36
1440.01	2908.99
1441.58	2797.03
1443.15	2920.50
1444.72	2915.27
1446.30	2910.04
1447.87	2923.64
1449.44	2919.46
1451.01	2905.85
1452.58	2922.60
1454.15	2910.04
1455.72	2903.76
1457.29	2905.85
1458.86	2918.41
1460.43	2904.81
1462.00	2921.55
1463.57	2912.13
1465.14	2910.04
1466.71	2896.44
1468.28	2910.04
1469.85	2906.90
1471.41	2913.18
1472.98	2902.71
1474.55	2914.22
1476.12	2898.53
1477.68	2894.34
1479.25	2910.04
1480.82	2905.85
1482.38	2913.18
1483.95	2899.58
1485.51	2904.81
1487.08	2922.60
1488.64	2920.50
1490.21	2919.46
1491.77	2898.53
1493.34	2923.64
1494.90	2904.81
1496.46	2907.95
1498.03	2907.95
1499.59	2911.09
1501.15	2916.32
1502.72	2920.50
1504.28	2915.27
1505.84	2915.27
1507.40	2915.27
1508.97	2923.64
1510.53	2918.41
1512.09	2927.83
1513.65	2927.83
1515.21	2919.46
1516.77	2910.04
1518.33	2928.87
1519.89	2929.92
1521.45	2921.55
1523.01	2927.83
1524.57	2934.11
1526.13	2924.69
1527.68	2933.06
1529.24	2938.29
1530.80	2939.34
1532.36	2930.97
1533.92	2928.87
1535.47	2924.69
1537.03	2926.78
1538.59	2927.83
1540.14	2924.69
1541.70	2916.32
1543.25	2938.29
1544.81	2930.97
1546.36	2929.92
1547.92	2908.99
1549.47	2924.69
1551.03	2922.60
1552.58	2912.13
1554.13	2914.22
1555.69	2928.87
1557.24	2914.22
1558.79	2919.46
1560.35	2912.13
1561.90	2920.50
1563.45	2904.81
1565.00	2908.99
1566.55	2904.81
1568.10	2901.67
1569.66	2889.11
1571.21	2911.09
1572.76	2914.22
1574.31	2906.90
1575.86	2897.48
1577.40	2892.25
1578.95	2896.44
1580.50	2896.44
1582.05	2887.02
1583.60	2890.16
1585.15	2883.88
1586.69	2889.11
1588.24	2900.62
1589.79	2904.81
1591.34	2872.37
1592.88	2891.20
1594.43	2874.46
1595.97	2882.83
1597.52	2882.83
1599.06	2883.88
1600.61	2879.69
1602.15	2895.39
1603.70	2880.74
1605.24	2885.97
1606.79	2881.79
1608.33	2872.37
1609.87	2864.00
1611.41	2874.46
1612.96	2881.79
1614.50	2868.18
1616.04	2864.00
1617.58	2868.18
1619.12	2858.77
1620.67	2862.95
1622.21	2840.98
1623.75	2869.23
1625.29	2849.35
1626.83	2854.58
1628.37	2859.81
1629.90	2836.79
1631.44	2835.74
1632.98	2840.98
1634.52	2822.14
1636.06	2826.33
1637.59	2832.61
1639.13	2811.68
1640.67	2797.03
1642.21	2786.56
1643.74	2785.52
1645.28	2766.68
1646.81	2753.08
1648.35	2762.50
1649.88	2742.62
1651.42	2743.66
1652.95	2726.92
1654.49	2744.71
1656.02	2720.64
1657.55	2723.78
1659.09	2711.22
1660.62	2727.97
1662.15	2709.13
1663.68	2712.27
1665.22	2707.04
1666.75	2703.90
1668.28	2698.67
1669.81	2717.50
1671.34	2699.71
1672.87	2703.90
1674.40	2703.90
1675.93	2699.71
1677.46	2678.78
1678.99	2672.51
1680.52	2671.46
1682.04	2685.06
1683.57	2678.78
1685.10	2685.06
1686.63	2678.78
1688.15	2682.97
1689.68	2673.55
1691.21	2672.51
1692.73	2672.51
1694.26	2676.69
1695.78	2674.60
1697.31	2679.83
1698.83	2661.00
1700.36	2671.46
1701.88	2663.09
1703.40	2673.55
1704.93	2661.00
1706.45	2665.18
