896.35	2905.85
897.98	2920.50
899.60	2922.60
901.22	2941.43
902.85	2929.92
904.47	2941.43
906.10	2953.99
907.72	2952.94
909.34	2960.27
910.97	2978.06
912.59	3007.35
914.21	3012.59
915.84	3025.14
917.46	3061.77
919.08	3088.97
920.71	3100.48
922.33	3116.18
923.95	3119.32
925.58	3147.57
927.20	3138.15
928.82	3150.71
930.44	3156.99
932.07	3145.48
933.69	3140.25
935.31	3171.64
936.93	3162.22
938.56	3172.69
940.18	3177.92
941.80	3175.82
943.42	3187.34
945.05	3199.89
946.67	3185.24
948.29	3192.57
949.91	3184.20
951.53	3195.71
953.16	3210.36
954.78	3200.94
956.40	3185.24
958.02	3194.66
959.64	3191.52
961.26	3198.85
962.88	3194.66
964.51	3183.15
966.13	3197.80
967.75	3196.75
969.37	3185.24
970.99	3198.85
972.61	3182.10
974.23	3189.43
975.85	3191.52
977.47	3204.08
979.09	3194.66
980.71	3190.47
982.33	3199.89
983.95	3204.08
985.57	3214.54
987.19	3199.89
988.81	3212.45
990.43	3208.26
992.05	3214.54
993.67	3219.77
995.29	3214.54
996.91	3208.26
998.53	3230.24
1000.15	3228.14
1001.77	3237.56
1003.39	3235.47
1005.01	3234.42
1006.63	3246.98
1008.25	3246.98
1009.86	3258.49
1011.48	3254.30
1013.10	3256.40
1014.72	3270.00
1016.34	3272.09
1017.96	3278.37
1019.58	3261.63
1021.19	3255.35
1022.81	3265.82
1024.43	3281.51
1026.05	3280.46
1027.66	3287.79
1029.28	3288.84
1030.90	3281.51
1032.52	3266.86
1034.13	3282.56
1035.75	3291.98
1037.37	3295.11
1038.98	3308.72
1040.60	3287.79
1042.22	3275.23
1043.83	3284.65
1045.45	3291.98
1047.07	3289.88
1048.68	3303.49
1050.30	3284.65
1051.92	3300.35
1053.53	3295.11
1055.15	3298.25
1056.76	3285.70
1058.38	3290.93
1059.99	3300.35
1061.61	3298.25
1063.22	3287.79
1064.84	3298.25
1066.46	3289.88
1068.07	3289.88
1069.68	3290.93
1071.30	3294.07
1072.91	3285.70
1074.53	3280.46
1076.14	3286.74
1077.76	3274.19
1079.37	3282.56
1080.98	3263.72
1082.60	3280.46
1084.21	3282.56
1085.83	3274.19
1087.44	3282.56
1089.05	3265.82
1090.67	3270.00
1092.28	3257.44
1093.89	3276.28
1095.50	3262.68
1097.12	3256.40
1098.73	3277.33
1100.34	3252.21
1101.95	3270.00
1103.57	3272.09
1105.18	3259.54
1106.79	3248.03
1108.40	3261.63
1110.01	3257.44
1111.63	3254.30
1113.24	3273.14
1114.85	3254.30
1116.46	3262.68
1118.07	3274.19
1119.68	3257.44
1121.29	3264.77
1122.90	3255.35
1124.51	3257.44
1126.12	3272.09
1127.73	3265.82
1129.34	3270.00
1130.95	3260.58
1132.56	3271.05
1134.17	3237.56
1135.78	3259.54
1137.39	3267.91
1139.00	3252.21
1140.61	3259.54
1142.22	3267.91
1143.83	3257.44
1145.44	3258.49
1147.05	3256.40
1148.65	3262.68
1150.26	3249.07
1151.87	3253.26
1153.48	3244.89
1155.09	3253.26
1156.69	3260.58
1158.30	3250.12
1159.91	3240.70
1161.52	3254.30
1163.12	3254.30
1164.73	3251.17
1166.34	3266.86
1167.94	3255.35
1169.55	3259.54
1171.16	3265.82
1172.76	3260.58
1174.37	3253.26
1175.97	3265.82
1177.58	3242.79
1179.19	3258.49
1180.79	3252.21
1182.40	3250.12
1184.00	3249.07
1185.61	3257.44
1187.21	3258.49
1188.82	3244.89
1190.42	3256.40
1192.02	3248.03
1193.63	3240.70
1195.23	3245.93
1196.84	3252.21
1198.44	3252.21
1200.04	3256.40
1201.65	3250.12
1203.25	3246.98
1204.85	3253.26
1206.46	3243.84
1208.06	3252.21
1209.66	3232.33
1211.26	3232.33
1212.87	3254.30
1214.47	3236.52
1216.07	3249.07
1217.67	3244.89
1219.27	3232.33
1220.87	3229.19
1222.48	3227.10
1224.08	3225.01
1225.68	3232.33
1227.28	3229.19
1228.88	3225.01
1230.48	3229.19
1232.08	3215.59
1233.68	3219.77
1235.28	3234.42
1236.88	3213.50
1238.48	3216.63
1240.08	3228.14
1241.68	3204.08
1243.28	3206.17
1244.87	3197.80
1246.47	3195.71
1248.07	3201.98
1249.67	3197.80
1251.27	3209.31
1252.87	3195.71
1254.46	3185.24
1256.06	3186.29
1257.66	3195.71
1259.26	3181.06
1260.85	3188.38
1262.45	3183.15
1264.05	3185.24
1265.64	3175.82
1267.24	3170.59
1268.83	3182.10
1270.43	3181.06
1272.03	3190.47
1273.62	3176.87
1275.22	3159.08
1276.81	3171.64
1278.41	3168.50
1280.00	3182.10
1281.60	3154.90
1283.19	3159.08
1284.79	3163.27
1286.38	3163.27
1287.97	3162.22
1289.57	3159.08
1291.16	3152.80
1292.75	3150.71
1294.35	3154.90
1295.94	3150.71
1297.53	3145.48
1299.12	3137.11
1300.72	3153.85
1302.31	3121.41
1303.90	3147.57
1305.49	3144.43
1307.08	3124.55
1308.68	3121.41
1310.27	3135.02
1311.86	3136.06
1313.45	3118.27
1315.04	3119.32
1316.63	3113.04
1318.22	3116.18
1319.81	3106.76
1321.40	3117.23
1322.99	3113.04
1324.58	3100.48
1326.17	3097.34
1327.75	3094.21
1329.34	3096.30
1330.93	3093.16
1332.52	3095.25
1334.11	3099.44
1335.70	3088.97
1337.28	3072.23
1338.87	3077.46
1340.46	3077.46
1342.05	3078.51
1343.63	3075.37
1345.22	3073.28
1346.81	3077.46
1348.39	3062.81
1349.98	3068.05
1351.56	3055.49
1353.15	3055.49
1354.73	3054.44
1356.32	3038.75
1357.90	3031.42
1359.49	3043.98
1361.07	3025.14
1362.66	3027.24
1364.24	3030.38
1365.82	3028.28
1367.41	3030.38
1368.99	3003.17
1370.57	3000.03
1372.16	3009.45
1373.74	2997.94
1375.32	3000.03
1376.91	2997.94
1378.49	2971.78
1380.07	2945.62
1381.65	2950.85
1383.23	2930.97
1384.81	2937.25
1386.39	2922.60
1387.97	2929.92
1389.55	2917.36
1391.14	2915.27
1392.72	2896.44
1394.29	2884.93
1395.87	2894.34
1397.45	2890.16
1399.03	2883.88
1400.61	2883.88
1402.19	2866.09
1403.77	2859.81
1405.35	2870.28
1406.92	2856.67
1408.50	2848.30
1410.08	2858.77
1411.66	2855.63
1413.23	2851.44
1414.81	2855.63
1416.39	2830.51
1417.96	2843.07
1419.54	2832.61
1421.12	2843.07
1422.69	2854.58
1424.27	2830.51
1425.84	2835.74
1427.42	2830.51
1428.99	2830.51
1430.57	2828.42
1432.14	2829.47
1433.71	2822.14
1435.29	2836.79
1436.86	2828.42
1438.43	2829.47
1440.01	2827.37
1441.58	2705.99
1443.15	2824.23
1444.72	2823.19
1446.30	2828.42
1447.87	2834.70
1449.44	2824.23
1451.01	2810.63
1452.58	2827.37
1454.15	2826.33
1455.72	2819.00
1457.29	2826.33
1458.86	2828.42
1460.43	2825.28
1462.00	2833.65
1463.57	2819.00
1465.14	2823.19
1466.71	2814.82
1468.28	2820.05
1469.85	2826.33
1471.41	2835.74
1472.98	2816.91
1474.55	2828.42
1476.12	2815.86
1477.68	2821.10
1479.25	2837.84
1480.82	2833.65
1482.38	2838.88
1483.95	2821.10
1485.51	2832.61
1487.08	2845.16
1488.64	2834.70
1490.21	2835.74
1491.77	2825.28
1493.34	2848.30
1494.90	2826.33
1496.46	2829.47
1498.03	2838.88
1499.59	2846.21
1501.15	2838.88
1502.72	2830.51
1504.28	2840.98
1505.84	2830.51
1507.40	2834.70
1508.97	2845.16
1510.53	2838.88
1512.09	2848.30
1513.65	2854.58
1515.21	2856.67
1516.77	2843.07
1518.33	2853.53
1519.89	2844.12
1521.45	2849.35
1523.01	2852.49
1524.57	2858.77
1526.13	2844.12
1527.68	2854.58
1529.24	2864.00
1530.80	2853.53
1532.36	2853.53
1533.92	2848.30
1535.47	2835.74
1537.03	2839.93
1538.59	2847.26
1540.14	2839.93
1541.70	2834.70
1543.25	2855.63
1544.81	2849.35
1546.36	2850.39
1547.92	2844.12
1549.47	2838.88
1551.03	2840.98
1552.58	2843.07
1554.13	2847.26
1555.69	2851.44
1557.24	2838.88
1558.79	2830.51
1560.35	2837.84
1561.90	2848.30
1563.45	2838.88
1565.00	2839.93
1566.55	2830.51
1568.10	2834.70
1569.66	2826.33
1571.21	2840.98
1572.76	2842.02
1574.31	2831.56
1575.86	2826.33
1577.40	2816.91
1578.95	2827.37
1580.50	2829.47
1582.05	2821.10
1583.60	2826.33
1585.15	2809.58
1586.69	2822.14
1588.24	2823.19
1589.79	2827.37
1591.34	2807.49
1592.88	2835.74
1594.43	2811.68
1595.97	2826.33
1597.52	2819.00
1599.06	2813.77
1600.61	2808.54
1602.15	2828.42
1603.70	2811.68
1605.24	2813.77
1606.79	2815.86
1608.33	2803.31
1609.87	2790.75
1611.41	2814.82
1612.96	2816.91
1614.50	2799.12
1616.04	2793.89
1617.58	2802.26
1619.12	2797.03
1620.67	2804.35
1622.21	2781.33
1623.75	2801.21
1625.29	2792.84
1626.83	2787.61
1628.37	2815.86
1629.90	2782.38
1631.44	2786.56
1632.98	2788.66
1634.52	2765.64
1636.06	2766.68
1637.59	2780.29
1639.13	2766.68
1640.67	2763.54
1642.21	2752.03
1643.74	2749.94
1645.28	2735.29
1646.81	2738.43
1648.35	2742.62
1649.88	2713.32
1651.42	2718.55
1652.95	2707.04
1654.49	2723.78
1656.02	2700.76
1657.55	2705.99
1659.09	2685.06
1660.62	2707.04
1662.15	2698.67
1663.68	2696.57
1665.22	2689.25
1666.75	2688.20
1668.28	2682.97
1669.81	2702.85
1671.34	2682.97
1672.87	2682.97
1674.40	2690.29
1675.93	2688.20
1677.46	2670.41
1678.99	2661.00
1680.52	2661.00
1682.04	2679.83
1683.57	2678.78
1685.10	2675.65
1686.63	2668.32
1688.15	2670.41
1689.68	2654.72
1691.21	2667.27
1692.73	2666.23
1694.26	2673.55
1695.78	2666.23
1697.31	2667.27
1698.83	2661.00
1700.36	2666.23
1701.88	2648.44
1703.40	2657.86
1704.93	2647.39
1706.45	2648.44
