896.35	3018.86
897.98	3032.47
899.60	3035.61
901.22	3059.67
902.85	3045.02
904.47	3060.72
906.10	3064.91
907.72	3073.28
909.34	3082.70
910.97	3104.67
912.59	3133.97
914.21	3160.13
915.84	3184.20
917.46	3235.47
919.08	3251.17
920.71	3267.91
922.33	3285.70
923.95	3306.62
925.58	3326.51
927.20	3320.23
928.82	3336.97
930.44	3354.76
932.07	3347.43
933.69	3340.11
935.31	3352.67
936.93	3364.18
938.56	3371.50
940.18	3387.20
941.80	3384.06
943.42	3400.80
945.05	3407.08
946.67	3381.97
948.29	3392.43
949.91	3387.20
951.53	3402.89
953.16	3404.99
954.78	3407.08
956.40	3392.43
958.02	3391.38
959.64	3394.52
961.26	3397.66
962.88	3399.75
964.51	3386.15
966.13	3420.68
967.75	3413.36
969.37	3393.48
970.99	3393.48
972.61	3396.62
974.23	3388.24
975.85	3398.71
977.47	3399.75
979.09	3402.89
980.71	3390.34
982.33	3407.08
983.95	3414.40
985.57	3426.96
987.19	3411.26
988.81	3418.59
990.43	3412.31
992.05	3417.54
993.67	3434.29
995.29	3424.87
996.91	3413.36
998.53	3443.70
1000.15	3442.66
1001.77	3459.40
1003.39	3457.31
1005.01	3458.35
1006.63	3460.45
1008.25	3463.58
1009.86	3475.10
1011.48	3473.00
1013.10	3475.10
1014.72	3492.88
1016.34	3493.93
1017.96	3507.53
1019.58	3496.02
1021.19	3498.12
1022.81	3494.98
1024.43	3511.72
1026.05	3501.26
1027.66	3502.30
1029.28	3505.44
1030.90	3516.95
1032.52	3510.67
1034.13	3518.00
1035.75	3537.88
1037.37	3527.42
1038.98	3542.06
1040.60	3524.28
1042.22	3522.18
1043.83	3523.23
1045.45	3532.65
1047.07	3529.51
1048.68	3544.16
1050.30	3529.51
1051.92	3541.02
1053.53	3532.65
1055.15	3533.69
1056.76	3531.60
1058.38	3533.69
1059.99	3537.88
1061.61	3524.28
1063.22	3515.90
1064.84	3527.42
1066.46	3523.23
1068.07	3518.00
1069.68	3516.95
1071.30	3526.37
1072.91	3522.18
1074.53	3513.81
1076.14	3524.28
1077.76	3521.14
1079.37	3526.37
1080.98	3488.70
1082.60	3505.44
1084.21	3502.30
1085.83	3512.77
1087.44	3510.67
1089.05	3503.35
1090.67	3491.84
1092.28	3498.12
1093.89	3498.12
1095.50	3498.12
1097.12	3489.74
1098.73	3501.26
1100.34	3480.33
1101.95	3494.98
1103.57	3480.33
1105.18	3485.56
1106.79	3475.10
1108.40	3486.61
1110.01	3487.65
1111.63	3494.98
1113.24	3491.84
1114.85	3485.56
1116.46	3491.84
1118.07	3493.93
1119.68	3483.47
1121.29	3497.07
1122.90	3488.70
1124.51	3485.56
1126.12	3486.61
1127.73	3493.93
1129.34	3487.65
1130.95	3494.98
1132.56	3494.98
1134.17	3476.14
1135.78	3475.10
1137.39	3487.65
1139.00	3475.10
1140.61	3482.42
1142.22	3488.70
1143.83	3475.10
1145.44	3474.05
1147.05	3481.37
1148.65	3485.56
1150.26	3465.68
1151.87	3467.77
1153.48	3479.28
1155.09	3486.61
1156.69	3478.23
1158.30	3469.86
1159.91	3467.77
1161.52	3491.84
1163.12	3489.74
1164.73	3481.37
1166.34	3496.02
1167.94	3483.47
1169.55	3490.79
1171.16	3487.65
1172.76	3490.79
1174.37	3486.61
1175.97	3496.02
1177.58	3464.63
1179.19	3488.70
1180.79	3473.00
1182.40	3486.61
1184.00	3481.37
1185.61	3494.98
1187.21	3488.70
1188.82	3482.42
1190.42	3480.33
1192.02	3475.10
1193.63	3465.68
1195.23	3483.47
1196.84	3471.96
1198.44	3474.05
1200.04	3474.05
1201.65	3476.14
1203.25	3477.19
1204.85	3480.33
1206.46	3459.40
1208.06	3467.77
1209.66	3460.45
1211.26	3457.31
1212.87	3468.82
1214.47	3451.03
1216.07	3457.31
1217.67	3465.68
1219.27	3454.17
1220.87	3457.31
1222.48	3454.17
1224.08	3445.80
1225.68	3440.56
1227.28	3444.75
1228.88	3442.66
1230.48	3444.75
1232.08	3437.42
1233.68	3436.38
1235.28	3435.33
1236.88	3430.10
1238.48	3418.59
1240.08	3449.98
1241.68	3407.08
1243.28	3412.31
1244.87	3401.85
1246.47	3398.71
1248.07	3393.48
1249.67	3399.75
1251.27	3396.62
1252.87	3384.06
1254.46	3388.24
1256.06	3372.55
1257.66	3375.69
1259.26	3366.27
1260.85	3372.55
1262.45	3366.27
1264.05	3371.50
1265.64	3367.32
1267.24	3369.41
1268.83	3377.78
1270.43	3358.94
1272.03	3377.78
1273.62	3362.08
1275.22	3346.39
1276.81	3354.76
1278.41	3353.71
1280.00	3357.90
1281.60	3352.67
1283.19	3342.20
1284.79	3350.57
1286.38	3344.30
1287.97	3354.76
1289.57	3342.20
1291.16	3339.06
1292.75	3327.55
1294.35	3335.92
1295.94	3321.27
1297.53	3331.74
1299.12	3323.37
1300.72	3331.74
1302.31	3307.67
1303.90	3329.65
1305.49	3330.69
1307.08	3306.62
1308.68	3297.21
1310.27	3296.16
1311.86	3301.39
1313.45	3299.30
1315.04	3299.30
1316.63	3295.11
1318.22	3291.98
1319.81	3280.46
1321.40	3283.60
1322.99	3291.98
1324.58	3264.77
1326.17	3267.91
1327.75	3261.63
1329.34	3270.00
1330.93	3254.30
1332.52	3245.93
1334.11	3242.79
1335.70	3249.07
1337.28	3237.56
1338.87	3241.75
1340.46	3239.66
1342.05	3230.24
1343.63	3229.19
1345.22	3226.05
1346.81	3223.96
1348.39	3217.68
1349.98	3220.82
1351.56	3214.54
1353.15	3214.54
1354.73	3213.50
1356.32	3190.47
1357.90	3182.10
1359.49	3187.34
1361.07	3171.64
1362.66	3168.50
1364.24	3169.55
1365.82	3169.55
1367.41	3171.64
1368.99	3138.15
1370.57	3141.29
1372.16	3145.48
1373.74	3142.34
1375.32	3137.11
1376.91	3114.09
1378.49	3085.83
1380.07	3059.67
1381.65	3062.81
1383.23	3043.98
1384.81	3038.75
1386.39	3025.14
1387.97	3031.42
1389.55	3014.68
1391.14	3009.45
1392.72	2998.98
1394.29	2985.38
1395.87	2984.33
1397.45	2970.73
1399.03	2968.64
1400.61	2961.31
1402.19	2950.85
1403.77	2934.11
1405.35	2955.03
1406.92	2935.15
1408.50	2936.20
1410.08	2936.20
1411.66	2925.74
1413.23	2929.92
1414.81	2934.11
1416.39	2917.36
1417.96	2919.46
1419.54	2912.13
1421.12	2916.32
1422.69	2924.69
1424.27	2912.13
1425.84	2922.60
1427.42	2911.09
1428.99	2916.32
1430.57	2911.09
1432.14	2907.95
1433.71	2911.09
1435.29	2920.50
1436.86	2911.09
1438.43	2902.71
1440.01	2898.53
1441.58	2775.05
1443.15	2903.76
1444.72	2904.81
1446.30	2899.58
1447.87	2902.71
1449.44	2895.39
1451.01	2889.11
1452.58	2897.48
1454.15	2902.71
1455.72	2894.34
1457.29	2889.11
1458.86	2893.30
1460.43	2880.74
1462.00	2910.04
1463.57	2893.30
1465.14	2896.44
1466.71	2894.34
1468.28	2897.48
1469.85	2901.67
1471.41	2903.76
1472.98	2892.25
1474.55	2901.67
1476.12	2882.83
1477.68	2883.88
1479.25	2898.53
1480.82	2891.20
1482.38	2900.62
1483.95	2893.30
1485.51	2903.76
1487.08	2907.95
1488.64	2899.58
1490.21	2902.71
1491.77	2897.48
1493.34	2917.36
1494.90	2896.44
1496.46	2907.95
1498.03	2913.18
1499.59	2910.04
1501.15	2914.22
1502.72	2903.76
1504.28	2912.13
1505.84	2908.99
1507.40	2904.81
1508.97	2918.41
1510.53	2915.27
1512.09	2922.60
1513.65	2922.60
1515.21	2922.60
1516.77	2910.04
1518.33	2929.92
1519.89	2923.64
1521.45	2926.78
1523.01	2926.78
1524.57	2930.97
1526.13	2916.32
1527.68	2926.78
1529.24	2924.69
1530.80	2928.87
1532.36	2934.11
1533.92	2921.55
1535.47	2910.04
1537.03	2913.18
1538.59	2919.46
1540.14	2911.09
1541.70	2914.22
1543.25	2926.78
1544.81	2921.55
1546.36	2920.50
1547.92	2906.90
1549.47	2922.60
1551.03	2914.22
1552.58	2917.36
1554.13	2918.41
1555.69	2925.74
1557.24	2904.81
1558.79	2908.99
1560.35	2904.81
1561.90	2921.55
1563.45	2902.71
1565.00	2904.81
1566.55	2905.85
1568.10	2900.62
1569.66	2887.02
1571.21	2903.76
1572.76	2918.41
1574.31	2902.71
1575.86	2897.48
1577.40	2895.39
1578.95	2895.39
1580.50	2893.30
1582.05	2882.83
1583.60	2891.20
1585.15	2882.83
1586.69	2885.97
1588.24	2890.16
1589.79	2898.53
1591.34	2872.37
1592.88	2895.39
1594.43	2865.04
1595.97	2887.02
1597.52	2885.97
1599.06	2878.65
1600.61	2875.51
1602.15	2891.20
1603.70	2880.74
1605.24	2883.88
1606.79	2876.55
1608.33	2859.81
1609.87	2858.77
1611.41	2871.32
1612.96	2874.46
1614.50	2859.81
1616.04	2865.04
1617.58	2868.18
1619.12	2850.39
1620.67	2861.90
1622.21	2835.74
1623.75	2855.63
1625.29	2844.12
1626.83	2851.44
1628.37	2861.90
1629.90	2843.07
1631.44	2838.88
1632.98	2842.02
1634.52	2819.00
1636.06	2825.28
1637.59	2832.61
1639.13	2807.49
1640.67	2802.26
1642.21	2787.61
1643.74	2785.52
1645.28	2767.73
1646.81	2763.54
1648.35	2765.64
1649.88	2736.34
1651.42	2747.85
1652.95	2729.01
1654.49	2748.89
1656.02	2720.64
1657.55	2724.83
1659.09	2705.99
1660.62	2716.45
1662.15	2707.04
1663.68	2714.36
1665.22	2714.36
1666.75	2702.85
1668.28	2692.39
1669.81	2709.13
1671.34	2696.57
1672.87	2704.94
1674.40	2704.94
1675.93	2694.48
1677.46	2678.78
1678.99	2673.55
1680.52	2672.51
1682.04	2684.02
1683.57	2677.74
1685.10	2682.97
1686.63	2676.69
1688.15	2678.78
1689.68	2665.18
1691.21	2672.51
1692.73	2681.92
1694.26	2686.11
1695.78	2674.60
1697.31	2673.55
1698.83	2654.72
1700.36	2663.09
1701.88	2658.90
1703.40	2678.78
1704.93	2661.00
1706.45	2663.09
