896.35	2988.52
897.98	2987.82
899.60	2995.84
901.22	3002.47
902.85	3005.61
904.47	3009.45
906.10	3015.73
907.72	3024.79
909.34	3028.63
910.97	3041.19
912.59	3051.30
914.21	3070.84
915.84	3090.02
917.46	3113.39
919.08	3128.04
920.71	3146.53
922.33	3160.13
923.95	3179.66
925.58	3184.89
927.20	3188.73
928.82	3197.45
930.44	3207.22
932.07	3211.05
933.69	3206.52
935.31	3208.96
936.93	3218.73
938.56	3225.01
940.18	3228.84
941.80	3231.63
943.42	3242.10
945.05	3241.40
946.67	3250.47
948.29	3242.10
949.91	3253.26
951.53	3254.30
953.16	3262.68
954.78	3254.30
956.40	3250.12
958.02	3244.54
959.64	3250.47
961.26	3250.82
962.88	3254.65
964.51	3254.65
966.13	3257.10
967.75	3254.65
969.37	3258.84
970.99	3255.00
972.61	3260.93
974.23	3258.14
975.85	3265.47
977.47	3262.33
979.09	3262.68
980.71	3260.93
982.33	3266.51
983.95	3271.74
985.57	3270.00
987.19	3274.19
988.81	3274.88
990.43	3278.72
992.05	3281.51
993.67	3284.30
995.29	3284.65
996.91	3287.44
998.53	3293.02
1000.15	3304.88
1001.77	3304.53
1003.39	3304.53
1005.01	3309.42
1006.63	3316.39
1008.25	3324.76
1009.86	3325.11
1011.48	3325.81
1013.10	3325.81
1014.72	3325.81
1016.34	3335.58
1017.96	3336.97
1019.58	3338.71
1021.19	3334.88
1022.81	3342.90
1024.43	3350.22
1026.05	3356.85
1027.66	3356.85
1029.28	3356.85
1030.90	3355.46
1032.52	3356.50
1034.13	3364.18
1035.75	3367.66
1037.37	3379.52
1038.98	3375.69
1040.60	3371.15
1042.22	3357.90
1043.83	3359.99
1045.45	3365.22
1047.07	3375.34
1048.68	3374.99
1050.30	3379.18
1051.92	3373.59
1053.53	3379.87
1055.15	3377.78
1056.76	3383.71
1058.38	3381.62
1059.99	3379.87
1061.61	3370.11
1063.22	3371.50
1064.84	3372.20
1066.46	3374.99
1068.07	3370.11
1069.68	3374.64
1071.30	3377.08
1072.91	3376.73
1074.53	3377.78
1076.14	3380.57
1077.76	3385.45
1079.37	3371.50
1080.98	3368.71
1082.60	3364.87
1084.21	3370.46
1085.83	3369.76
1087.44	3363.83
1089.05	3362.43
1090.67	3358.25
1092.28	3363.83
1093.89	3366.97
1095.50	3368.71
1097.12	3370.11
1098.73	3364.18
1100.34	3365.57
1101.95	3363.13
1103.57	3363.13
1105.18	3359.29
1106.79	3357.55
1108.40	3362.78
1110.01	3368.71
1111.63	3374.29
1113.24	3372.55
1114.85	3369.06
1116.46	3368.36
1118.07	3370.11
1119.68	3374.64
1121.29	3372.55
1122.90	3372.90
1124.51	3375.69
1126.12	3379.87
1127.73	3384.41
1129.34	3384.41
1130.95	3384.76
1132.56	3377.08
1134.17	3370.80
1135.78	3369.76
1137.39	3376.38
1139.00	3379.18
1140.61	3384.76
1142.22	3385.45
1143.83	3387.55
1145.44	3381.62
1147.05	3384.76
1148.65	3382.31
1150.26	3379.18
1151.87	3375.34
1153.48	3382.66
1155.09	3389.29
1156.69	3390.34
1158.30	3384.76
1159.91	3384.76
1161.52	3389.99
1163.12	3392.78
1164.73	3396.96
1166.34	3395.92
1167.94	3398.01
1169.55	3398.36
1171.16	3403.24
1172.76	3408.82
1174.37	3411.61
1175.97	3406.03
1177.58	3408.82
1179.19	3402.54
1180.79	3404.29
1182.40	3396.62
1184.00	3404.29
1185.61	3408.82
1187.21	3413.36
1188.82	3412.66
1190.42	3414.06
1192.02	3411.61
1193.63	3413.01
1195.23	3413.01
1196.84	3418.59
1198.44	3421.03
1200.04	3421.38
1201.65	3422.78
1203.25	3421.73
1204.85	3417.54
1206.46	3414.06
1208.06	3410.22
1209.66	3417.54
1211.26	3425.91
1212.87	3427.31
1214.47	3428.36
1216.07	3424.52
1217.67	3425.57
1219.27	3422.43
1220.87	3419.98
1222.48	3415.80
1224.08	3416.15
1225.68	3415.10
1227.28	3415.10
1228.88	3412.31
1230.48	3408.13
1232.08	3411.96
1233.68	3416.50
1235.28	3418.94
1236.88	3417.54
1238.48	3423.47
1240.08	3422.08
1241.68	3422.43
1243.28	3410.22
1244.87	3408.47
1246.47	3404.64
1248.07	3401.50
1249.67	3403.94
1251.27	3399.41
1252.87	3397.66
1254.46	3392.08
1256.06	3394.52
1257.66	3392.08
1259.26	3392.43
1260.85	3391.03
1262.45	3395.22
1264.05	3394.17
1265.64	3396.27
1267.24	3397.31
1268.83	3396.62
1270.43	3401.15
1272.03	3399.06
1273.62	3397.31
1275.22	3395.92
1276.81	3395.22
1278.41	3398.36
1280.00	3393.13
1281.60	3393.13
1283.19	3394.17
1284.79	3391.73
1286.38	3394.17
1287.97	3393.13
1289.57	3396.62
1291.16	3393.82
1292.75	3399.41
1294.35	3394.87
1295.94	3392.43
1297.53	3380.92
1299.12	3385.45
1300.72	3383.71
1302.31	3392.43
1303.90	3394.17
1305.49	3396.62
1307.08	3389.99
1308.68	3384.41
1310.27	3384.76
1311.86	3381.62
1313.45	3378.48
1315.04	3376.04
1316.63	3376.04
1318.22	3370.80
1319.81	3368.71
1321.40	3371.50
1322.99	3370.11
1324.58	3367.32
1326.17	3363.13
1327.75	3367.66
1329.34	3366.97
1330.93	3363.13
1332.52	3355.46
1334.11	3351.27
1335.70	3346.04
1337.28	3347.43
1338.87	3349.53
1340.46	3352.67
1342.05	3346.39
1343.63	3338.71
1345.22	3335.58
1346.81	3339.06
1348.39	3341.16
1349.98	3335.92
1351.56	3331.39
1353.15	3328.25
1354.73	3319.18
1356.32	3312.55
1357.90	3306.28
1359.49	3306.97
1361.07	3300.70
1362.66	3294.07
1364.24	3290.23
1365.82	3293.72
1367.41	3290.93
1368.99	3285.70
1370.57	3278.02
1372.16	3278.72
1373.74	3281.51
1375.32	3279.42
1376.91	3266.16
1378.49	3247.68
1380.07	3230.24
1381.65	3214.89
1383.23	3210.70
1384.81	3206.52
1386.39	3208.26
1387.97	3199.89
1389.55	3191.87
1391.14	3180.01
1392.72	3174.78
1394.29	3168.50
1395.87	3164.31
1397.45	3158.73
1399.03	3153.15
1400.61	3146.53
1402.19	3139.55
1403.77	3138.85
1405.35	3135.02
1406.92	3131.18
1408.50	3121.41
1410.08	3117.23
1411.66	3112.34
1413.23	3116.53
1414.81	3111.99
1416.39	3118.62
1417.96	3112.34
1419.54	3114.78
1421.12	3110.95
1422.69	3108.16
1424.27	3110.95
1425.84	3108.86
1427.42	3110.60
1428.99	3112.34
1430.57	3108.16
1432.14	3104.67
1433.71	3102.93
1435.29	3109.55
1436.86	3112.34
1438.43	3106.76
1440.01	3039.44
1441.58	3035.96
1443.15	3037.00
1444.72	3095.25
1446.30	3100.83
1447.87	3099.79
1449.44	3099.09
1451.01	3099.09
1452.58	3100.48
1454.15	3100.14
1455.72	3096.65
1457.29	3100.83
1458.86	3101.53
1460.43	3108.16
1462.00	3105.02
1463.57	3110.60
1465.14	3105.72
1466.71	3105.02
1468.28	3101.88
1469.85	3104.32
1471.41	3103.62
1472.98	3111.65
1474.55	3106.76
1476.12	3107.46
1477.68	3106.76
1479.25	3111.65
1480.82	3116.88
1482.38	3111.99
1483.95	3114.44
1485.51	3118.62
1487.08	3122.46
1488.64	3127.69
1490.21	3123.85
1491.77	3132.92
1493.34	3130.13
1494.90	3133.97
1496.46	3132.92
1498.03	3134.67
1499.59	3136.41
1501.15	3136.06
1502.72	3138.85
1504.28	3139.55
1505.84	3138.50
1507.40	3139.90
1508.97	3138.50
1510.53	3144.78
1512.09	3147.22
1513.65	3151.41
1515.21	3146.53
1516.77	3150.36
1518.33	3152.11
1519.89	3155.94
1521.45	3153.15
1523.01	3157.69
1524.57	3161.18
1526.13	3164.66
1527.68	3166.76
1529.24	3169.55
1530.80	3173.73
1532.36	3172.34
1533.92	3167.80
1535.47	3165.36
1537.03	3165.01
1538.59	3170.24
1540.14	3168.50
1541.70	3175.13
1543.25	3174.78
1544.81	3181.41
1546.36	3174.08
1547.92	3175.82
1549.47	3172.34
1551.03	3171.64
1552.58	3167.80
1554.13	3171.29
1555.69	3175.13
1557.24	3177.92
1558.79	3172.69
1560.35	3176.52
1561.90	3175.13
1563.45	3178.62
1565.00	3174.78
1566.55	3175.82
1568.10	3171.99
1569.66	3175.82
1571.21	3177.22
1572.76	3179.31
1574.31	3177.57
1575.86	3173.03
1577.40	3171.29
1578.95	3169.20
1580.50	3165.36
1582.05	3163.27
1583.60	3153.85
1585.15	3154.55
1586.69	3154.90
1588.24	3167.45
1589.79	3166.76
1591.34	3170.59
1592.88	3158.38
1594.43	3160.83
1595.97	3150.71
1597.52	3153.85
1599.06	3146.87
1600.61	3154.20
1602.15	3152.46
1603.70	3156.29
1605.24	3150.71
1606.79	3148.97
1608.33	3145.83
1609.87	3146.87
1611.41	3149.32
1612.96	3149.66
1614.50	3145.83
1616.04	3143.39
1617.58	3140.25
1619.12	3139.55
1620.67	3129.78
1622.21	3132.92
1623.75	3124.20
1625.29	3125.25
1626.83	3122.46
1628.37	3122.11
1629.90	3116.53
1631.44	3109.20
1632.98	3101.18
1634.52	3095.95
1636.06	3090.02
1637.59	3085.14
1639.13	3073.98
1640.67	3050.26
1642.21	3032.82
1643.74	3011.54
1645.28	2991.31
1646.81	2974.92
1648.35	2951.55
1649.88	2941.78
1651.42	2920.50
1652.95	2919.46
1654.49	2904.11
1656.02	2897.13
1657.55	2878.30
1659.09	2875.86
1660.62	2863.30
1662.15	2863.30
1663.68	2850.05
1665.22	2846.56
1666.75	2835.40
1668.28	2838.19
1669.81	2834.00
1671.34	2834.70
1672.87	2829.82
1674.40	2824.58
1675.93	2814.12
1677.46	2801.56
1678.99	2797.03
1680.52	2802.26
1682.04	2802.61
1683.57	2802.96
1685.10	2793.19
1686.63	2792.14
1688.15	2785.87
1689.68	2783.08
1691.21	2777.50
1692.73	2780.63
1694.26	2782.73
1695.78	2782.73
1697.31	2773.66
1698.83	2770.17
1700.36	2764.94
1701.88	2771.57
1703.40	2767.73
1704.93	2769.82
1706.45	2766.68
