896.35	2927.83
897.98	2927.83
899.60	2927.83
901.22	2952.94
902.85	2946.66
904.47	2962.36
906.10	2963.41
907.72	2968.64
909.34	2985.38
910.97	2995.84
912.59	3008.40
914.21	3026.19
915.84	3048.16
917.46	3083.74
919.08	3104.67
920.71	3116.18
922.33	3132.92
923.95	3137.11
925.58	3160.13
927.20	3155.94
928.82	3165.36
930.44	3191.52
932.07	3183.15
933.69	3174.78
935.31	3187.34
936.93	3189.43
938.56	3192.57
940.18	3201.98
941.80	3195.71
943.42	3213.50
945.05	3225.01
946.67	3208.26
948.29	3220.82
949.91	3213.50
951.53	3226.05
953.16	3231.28
954.78	3230.24
956.40	3225.01
958.02	3225.01
959.64	3223.96
961.26	3223.96
962.88	3222.91
964.51	3212.45
966.13	3236.52
967.75	3229.19
969.37	3216.63
970.99	3225.01
972.61	3223.96
974.23	3220.82
975.85	3219.77
977.47	3222.91
979.09	3225.01
980.71	3223.96
982.33	3239.66
983.95	3235.47
985.57	3242.79
987.19	3234.42
988.81	3239.66
990.43	3235.47
992.05	3237.56
993.67	3258.49
995.29	3254.30
996.91	3240.70
998.53	3263.72
1000.15	3273.14
1001.77	3273.14
1003.39	3273.14
1005.01	3272.09
1006.63	3271.05
1008.25	3281.51
1009.86	3295.11
1011.48	3290.93
1013.10	3281.51
1014.72	3300.35
1016.34	3300.35
1017.96	3312.90
1019.58	3301.39
1021.19	3309.76
1022.81	3313.95
1024.43	3323.37
1026.05	3317.09
1027.66	3328.60
1029.28	3325.46
1030.90	3333.83
1032.52	3319.18
1034.13	3331.74
1035.75	3335.92
1037.37	3335.92
1038.98	3344.30
1040.60	3336.97
1042.22	3327.55
1043.83	3335.92
1045.45	3333.83
1047.07	3333.83
1048.68	3349.53
1050.30	3335.92
1051.92	3346.39
1053.53	3346.39
1055.15	3347.43
1056.76	3343.25
1058.38	3349.53
1059.99	3350.57
1061.61	3341.16
1063.22	3338.02
1064.84	3344.30
1066.46	3343.25
1068.07	3338.02
1069.68	3342.20
1071.30	3355.81
1072.91	3340.11
1074.53	3336.97
1076.14	3346.39
1077.76	3341.16
1079.37	3340.11
1080.98	3312.90
1082.60	3327.55
1084.21	3328.60
1085.83	3316.04
1087.44	3327.55
1089.05	3317.09
1090.67	3317.09
1092.28	3320.23
1093.89	3327.55
1095.50	3327.55
1097.12	3319.18
1098.73	3327.55
1100.34	3299.30
1101.95	3319.18
1103.57	3318.14
1105.18	3307.67
1106.79	3300.35
1108.40	3319.18
1110.01	3318.14
1111.63	3317.09
1113.24	3325.46
1114.85	3322.32
1116.46	3320.23
1118.07	3330.69
1119.68	3315.00
1121.29	3326.51
1122.90	3316.04
1124.51	3307.67
1126.12	3320.23
1127.73	3330.69
1129.34	3331.74
1130.95	3338.02
1132.56	3335.92
1134.17	3310.81
1135.78	3319.18
1137.39	3326.51
1139.00	3305.58
1140.61	3316.04
1142.22	3322.32
1143.83	3311.86
1145.44	3315.00
1147.05	3310.81
1148.65	3316.04
1150.26	3308.72
1151.87	3305.58
1153.48	3309.76
1155.09	3324.41
1156.69	3318.14
1158.30	3301.39
1159.91	3306.62
1161.52	3317.09
1163.12	3321.27
1164.73	3317.09
1166.34	3331.74
1167.94	3319.18
1169.55	3323.37
1171.16	3328.60
1172.76	3326.51
1174.37	3325.46
1175.97	3331.74
1177.58	3308.72
1179.19	3332.78
1180.79	3323.37
1182.40	3310.81
1184.00	3315.00
1185.61	3327.55
1187.21	3325.46
1188.82	3326.51
1190.42	3323.37
1192.02	3322.32
1193.63	3310.81
1195.23	3328.60
1196.84	3319.18
1198.44	3318.14
1200.04	3333.83
1201.65	3323.37
1203.25	3323.37
1204.85	3330.69
1206.46	3311.86
1208.06	3312.90
1209.66	3302.44
1211.26	3300.35
1212.87	3322.32
1214.47	3310.81
1216.07	3313.95
1217.67	3312.90
1219.27	3304.53
1220.87	3301.39
1222.48	3303.49
1224.08	3300.35
1225.68	3301.39
1227.28	3309.76
1228.88	3293.02
1230.48	3299.30
1232.08	3280.46
1233.68	3298.25
1235.28	3302.44
1236.88	3287.79
1238.48	3278.37
1240.08	3315.00
1241.68	3278.37
1243.28	3282.56
1244.87	3274.19
1246.47	3264.77
1248.07	3268.95
1249.67	3275.23
1251.27	3285.70
1252.87	3263.72
1254.46	3255.35
1256.06	3257.44
1257.66	3258.49
1259.26	3257.44
1260.85	3261.63
1262.45	3252.21
1264.05	3253.26
1265.64	3246.98
1267.24	3242.79
1268.83	3258.49
1270.43	3250.12
1272.03	3266.86
1273.62	3250.12
1275.22	3238.61
1276.81	3249.07
1278.41	3243.84
1280.00	3243.84
1281.60	3232.33
1283.19	3229.19
1284.79	3230.24
1286.38	3235.47
1287.97	3242.79
1289.57	3220.82
1291.16	3215.59
1292.75	3215.59
1294.35	3227.10
1295.94	3220.82
1297.53	3228.14
1299.12	3217.68
1300.72	3232.33
1302.31	3196.75
1303.90	3221.87
1305.49	3212.45
1307.08	3204.08
1308.68	3196.75
1310.27	3209.31
1311.86	3212.45
1313.45	3198.85
1315.04	3199.89
1316.63	3196.75
1318.22	3199.89
1319.81	3185.24
1321.40	3186.29
1322.99	3187.34
1324.58	3171.64
1326.17	3173.73
1327.75	3155.94
1329.34	3166.41
1330.93	3152.80
1332.52	3149.66
1334.11	3152.80
1335.70	3153.85
1337.28	3138.15
1338.87	3144.43
1340.46	3148.62
1342.05	3151.76
1343.63	3138.15
1345.22	3135.02
1346.81	3138.15
1348.39	3136.06
1349.98	3127.69
1351.56	3117.23
1353.15	3110.95
1354.73	3111.99
1356.32	3094.21
1357.90	3097.34
1359.49	3102.58
1361.07	3085.83
1362.66	3074.32
1364.24	3076.42
1365.82	3072.23
1367.41	3076.42
1368.99	3063.86
1370.57	3061.77
1372.16	3064.91
1373.74	3057.58
1375.32	3050.26
1376.91	3035.61
1378.49	3009.45
1380.07	2991.66
1381.65	2985.38
1383.23	2970.73
1384.81	2964.45
1386.39	2965.50
1387.97	2968.64
1389.55	2957.13
1391.14	2945.62
1392.72	2925.74
1394.29	2919.46
1395.87	2920.50
1397.45	2915.27
1399.03	2919.46
1400.61	2904.81
1402.19	2887.02
1403.77	2878.65
1405.35	2897.48
1406.92	2888.06
1408.50	2883.88
1410.08	2883.88
1411.66	2870.28
1413.23	2869.23
1414.81	2871.32
1416.39	2848.30
1417.96	2870.28
1419.54	2860.86
1421.12	2869.23
1422.69	2859.81
1424.27	2851.44
1425.84	2858.77
1427.42	2857.72
1428.99	2852.49
1430.57	2855.63
1432.14	2849.35
1433.71	2851.44
1435.29	2860.86
1436.86	2848.30
1438.43	2846.21
1440.01	2847.26
1441.58	2729.01
1443.15	2855.63
1444.72	2850.39
1446.30	2845.16
1447.87	2851.44
1449.44	2844.12
1451.01	2833.65
1452.58	2849.35
1454.15	2850.39
1455.72	2842.02
1457.29	2838.88
1458.86	2844.12
1460.43	2847.26
1462.00	2855.63
1463.57	2836.79
1465.14	2838.88
1466.71	2835.74
1468.28	2842.02
1469.85	2839.93
1471.41	2848.30
1472.98	2842.02
1474.55	2855.63
1476.12	2837.84
1477.68	2832.61
1479.25	2851.44
1480.82	2845.16
1482.38	2853.53
1483.95	2846.21
1485.51	2853.53
1487.08	2868.18
1488.64	2854.58
1490.21	2859.81
1491.77	2843.07
1493.34	2861.90
1494.90	2847.26
1496.46	2854.58
1498.03	2852.49
1499.59	2855.63
1501.15	2855.63
1502.72	2861.90
1504.28	2865.04
1505.84	2861.90
1507.40	2858.77
1508.97	2872.37
1510.53	2868.18
1512.09	2877.60
1513.65	2870.28
1515.21	2874.46
1516.77	2859.81
1518.33	2882.83
1519.89	2872.37
1521.45	2869.23
1523.01	2866.09
1524.57	2882.83
1526.13	2866.09
1527.68	2879.69
1529.24	2881.79
1530.80	2873.42
1532.36	2881.79
1533.92	2879.69
1535.47	2861.90
1537.03	2871.32
1538.59	2883.88
1540.14	2874.46
1541.70	2867.14
1543.25	2882.83
1544.81	2880.74
1546.36	2875.51
1547.92	2859.81
1549.47	2878.65
1551.03	2871.32
1552.58	2874.46
1554.13	2871.32
1555.69	2875.51
1557.24	2857.72
1558.79	2864.00
1560.35	2858.77
1561.90	2878.65
1563.45	2853.53
1565.00	2873.42
1566.55	2865.04
1568.10	2861.90
1569.66	2853.53
1571.21	2869.23
1572.76	2867.14
1574.31	2862.95
1575.86	2859.81
1577.40	2858.77
1578.95	2864.00
1580.50	2864.00
1582.05	2848.30
1583.60	2851.44
1585.15	2843.07
1586.69	2848.30
1588.24	2853.53
1589.79	2860.86
1591.34	2838.88
1592.88	2860.86
1594.43	2833.65
1595.97	2847.26
1597.52	2859.81
1599.06	2848.30
1600.61	2838.88
1602.15	2854.58
1603.70	2845.16
1605.24	2845.16
1606.79	2843.07
1608.33	2831.56
1609.87	2828.42
1611.41	2839.93
1612.96	2838.88
1614.50	2826.33
1616.04	2829.47
1617.58	2839.93
1619.12	2830.51
1620.67	2846.21
1622.21	2813.77
1623.75	2831.56
1625.29	2817.96
1626.83	2824.23
1628.37	2835.74
1629.90	2807.49
1631.44	2810.63
1632.98	2810.63
1634.52	2789.70
1636.06	2794.94
1637.59	2805.40
1639.13	2788.66
1640.67	2775.05
1642.21	2766.68
1643.74	2764.59
1645.28	2743.66
1646.81	2736.34
1648.35	2752.03
1649.88	2733.20
1651.42	2732.15
1652.95	2712.27
1654.49	2730.06
1656.02	2703.90
1657.55	2711.22
1659.09	2689.25
1660.62	2712.27
1662.15	2699.71
1663.68	2697.62
1665.22	2682.97
1666.75	2687.16
1668.28	2684.02
1669.81	2705.99
1671.34	2690.29
1672.87	2691.34
1674.40	2687.16
1675.93	2680.88
1677.46	2666.23
1678.99	2671.46
1680.52	2666.23
1682.04	2680.88
1683.57	2667.27
1685.10	2680.88
1686.63	2671.46
1688.15	2671.46
1689.68	2652.62
1691.21	2664.13
1692.73	2662.04
1694.26	2672.51
1695.78	2651.58
1697.31	2657.86
1698.83	2656.81
1700.36	2658.90
1701.88	2651.58
1703.40	2668.32
1704.93	2656.81
1706.45	2657.86
