896.35	2960.27
897.98	2970.73
899.60	2972.82
901.22	2993.75
902.85	2979.10
904.47	2988.52
906.10	2996.89
907.72	3005.26
909.34	3020.96
910.97	3045.02
912.59	3051.30
914.21	3081.65
915.84	3095.25
917.46	3136.06
919.08	3156.99
920.71	3167.45
922.33	3192.57
923.95	3201.98
925.58	3231.28
927.20	3219.77
928.82	3231.28
930.44	3244.89
932.07	3234.42
933.69	3238.61
935.31	3242.79
936.93	3245.93
938.56	3254.30
940.18	3264.77
941.80	3264.77
943.42	3278.37
945.05	3289.88
946.67	3276.28
948.29	3283.60
949.91	3278.37
951.53	3290.93
953.16	3298.25
954.78	3283.60
956.40	3274.19
958.02	3277.33
959.64	3279.42
961.26	3281.51
962.88	3289.88
964.51	3285.70
966.13	3299.30
967.75	3293.02
969.37	3287.79
970.99	3290.93
972.61	3287.79
974.23	3282.56
975.85	3298.25
977.47	3302.44
979.09	3295.11
980.71	3278.37
982.33	3291.98
983.95	3308.72
985.57	3320.23
987.19	3294.07
988.81	3311.86
990.43	3306.62
992.05	3310.81
993.67	3327.55
995.29	3319.18
996.91	3303.49
998.53	3333.83
1000.15	3343.25
1001.77	3342.20
1003.39	3341.16
1005.01	3341.16
1006.63	3348.48
1008.25	3358.94
1009.86	3364.18
1011.48	3367.32
1013.10	3364.18
1014.72	3377.78
1016.34	3362.08
1017.96	3380.92
1019.58	3373.59
1021.19	3379.87
1022.81	3383.01
1024.43	3395.57
1026.05	3389.29
1027.66	3411.26
1029.28	3395.57
1030.90	3396.62
1032.52	3384.06
1034.13	3406.03
1035.75	3416.50
1037.37	3422.78
1038.98	3414.40
1040.60	3406.03
1042.22	3396.62
1043.83	3412.31
1045.45	3412.31
1047.07	3420.68
1048.68	3422.78
1050.30	3414.40
1051.92	3417.54
1053.53	3422.78
1055.15	3411.26
1056.76	3415.45
1058.38	3424.87
1059.99	3433.24
1061.61	3414.40
1063.22	3412.31
1064.84	3413.36
1066.46	3410.22
1068.07	3408.13
1069.68	3415.45
1071.30	3420.68
1072.91	3420.68
1074.53	3407.08
1076.14	3418.59
1077.76	3406.03
1079.37	3411.26
1080.98	3377.78
1082.60	3403.94
1084.21	3406.03
1085.83	3404.99
1087.44	3407.08
1089.05	3393.48
1090.67	3386.15
1092.28	3388.24
1093.89	3390.34
1095.50	3395.57
1097.12	3389.29
1098.73	3396.62
1100.34	3372.55
1101.95	3389.29
1103.57	3392.43
1105.18	3391.38
1106.79	3378.83
1108.40	3394.52
1110.01	3384.06
1111.63	3394.52
1113.24	3390.34
1114.85	3394.52
1116.46	3386.15
1118.07	3403.94
1119.68	3384.06
1121.29	3396.62
1122.90	3383.01
1124.51	3379.87
1126.12	3394.52
1127.73	3396.62
1129.34	3404.99
1130.95	3401.85
1132.56	3399.75
1134.17	3371.50
1135.78	3379.87
1137.39	3394.52
1139.00	3377.78
1140.61	3379.87
1142.22	3384.06
1143.83	3387.20
1145.44	3384.06
1147.05	3377.78
1148.65	3387.20
1150.26	3376.73
1151.87	3375.69
1153.48	3385.10
1155.09	3393.48
1156.69	3387.20
1158.30	3370.46
1159.91	3379.87
1161.52	3392.43
1163.12	3390.34
1164.73	3381.97
1166.34	3390.34
1167.94	3385.10
1169.55	3392.43
1171.16	3384.06
1172.76	3395.57
1174.37	3393.48
1175.97	3404.99
1177.58	3379.87
1179.19	3396.62
1180.79	3388.24
1182.40	3390.34
1184.00	3387.20
1185.61	3404.99
1187.21	3400.80
1188.82	3397.66
1190.42	3395.57
1192.02	3391.38
1193.63	3373.59
1195.23	3389.29
1196.84	3389.29
1198.44	3387.20
1200.04	3393.48
1201.65	3389.29
1203.25	3381.97
1204.85	3393.48
1206.46	3376.73
1208.06	3383.01
1209.66	3373.59
1211.26	3386.15
1212.87	3394.52
1214.47	3375.69
1216.07	3372.55
1217.67	3376.73
1219.27	3369.41
1220.87	3379.87
1222.48	3379.87
1224.08	3373.59
1225.68	3376.73
1227.28	3373.59
1228.88	3359.99
1230.48	3370.46
1232.08	3344.30
1233.68	3359.99
1235.28	3365.22
1236.88	3352.67
1238.48	3346.39
1240.08	3377.78
1241.68	3335.92
1243.28	3344.30
1244.87	3336.97
1246.47	3332.78
1248.07	3328.60
1249.67	3343.25
1251.27	3350.57
1252.87	3326.51
1254.46	3324.41
1256.06	3319.18
1257.66	3322.32
1259.26	3307.67
1260.85	3308.72
1262.45	3317.09
1264.05	3312.90
1265.64	3318.14
1267.24	3310.81
1268.83	3310.81
1270.43	3298.25
1272.03	3318.14
1273.62	3307.67
1275.22	3298.25
1276.81	3307.67
1278.41	3300.35
1280.00	3304.53
1281.60	3303.49
1283.19	3287.79
1284.79	3295.11
1286.38	3289.88
1287.97	3300.35
1289.57	3278.37
1291.16	3276.28
1292.75	3272.09
1294.35	3281.51
1295.94	3271.05
1297.53	3278.37
1299.12	3264.77
1300.72	3279.42
1302.31	3252.21
1303.90	3280.46
1305.49	3276.28
1307.08	3258.49
1308.68	3254.30
1310.27	3254.30
1311.86	3255.35
1313.45	3252.21
1315.04	3243.84
1316.63	3242.79
1318.22	3244.89
1319.81	3228.14
1321.40	3227.10
1322.99	3240.70
1324.58	3221.87
1326.17	3237.56
1327.75	3221.87
1329.34	3229.19
1330.93	3219.77
1332.52	3214.54
1334.11	3207.22
1335.70	3207.22
1337.28	3197.80
1338.87	3200.94
1340.46	3197.80
1342.05	3190.47
1343.63	3180.01
1345.22	3187.34
1346.81	3188.38
1348.39	3178.96
1349.98	3174.78
1351.56	3167.45
1353.15	3163.27
1354.73	3166.41
1356.32	3148.62
1357.90	3146.53
1359.49	3143.39
1361.07	3137.11
1362.66	3126.64
1364.24	3121.41
1365.82	3119.32
1367.41	3122.46
1368.99	3107.81
1370.57	3106.76
1372.16	3105.72
1373.74	3102.58
1375.32	3097.34
1376.91	3083.74
1378.49	3061.77
1380.07	3030.38
1381.65	3026.19
1383.23	3002.12
1384.81	3007.35
1386.39	3000.03
1387.97	3003.17
1389.55	2989.57
1391.14	2981.19
1392.72	2961.31
1394.29	2965.50
1395.87	2963.41
1397.45	2950.85
1399.03	2952.94
1400.61	2927.83
1402.19	2920.50
1403.77	2919.46
1405.35	2928.87
1406.92	2910.04
1408.50	2915.27
1410.08	2915.27
1411.66	2901.67
1413.23	2904.81
1414.81	2899.58
1416.39	2888.06
1417.96	2905.85
1419.54	2895.39
1421.12	2900.62
1422.69	2906.90
1424.27	2894.34
1425.84	2897.48
1427.42	2889.11
1428.99	2887.02
1430.57	2888.06
1432.14	2876.55
1433.71	2881.79
1435.29	2887.02
1436.86	2888.06
1438.43	2881.79
1440.01	2883.88
1441.58	2760.40
1443.15	2881.79
1444.72	2890.16
1446.30	2872.37
1447.87	2882.83
1449.44	2876.55
1451.01	2871.32
1452.58	2880.74
1454.15	2879.69
1455.72	2867.14
1457.29	2870.28
1458.86	2876.55
1460.43	2867.14
1462.00	2894.34
1463.57	2874.46
1465.14	2882.83
1466.71	2870.28
1468.28	2878.65
1469.85	2874.46
1471.41	2877.60
1472.98	2866.09
1474.55	2884.93
1476.12	2870.28
1477.68	2867.14
1479.25	2888.06
1480.82	2881.79
1482.38	2878.65
1483.95	2870.28
1485.51	2884.93
1487.08	2889.11
1488.64	2890.16
1490.21	2890.16
1491.77	2877.60
1493.34	2896.44
1494.90	2881.79
1496.46	2888.06
1498.03	2883.88
1499.59	2890.16
1501.15	2881.79
1502.72	2889.11
1504.28	2898.53
1505.84	2892.25
1507.40	2888.06
1508.97	2899.58
1510.53	2893.30
1512.09	2903.76
1513.65	2903.76
1515.21	2899.58
1516.77	2892.25
1518.33	2916.32
1519.89	2896.44
1521.45	2892.25
1523.01	2900.62
1524.57	2910.04
1526.13	2897.48
1527.68	2907.95
1529.24	2913.18
1530.80	2908.99
1532.36	2914.22
1533.92	2910.04
1535.47	2900.62
1537.03	2902.71
1538.59	2904.81
1540.14	2904.81
1541.70	2899.58
1543.25	2913.18
1544.81	2910.04
1546.36	2908.99
1547.92	2891.20
1549.47	2904.81
1551.03	2904.81
1552.58	2896.44
1554.13	2897.48
1555.69	2905.85
1557.24	2892.25
1558.79	2896.44
1560.35	2900.62
1561.90	2910.04
1563.45	2893.30
1565.00	2898.53
1566.55	2888.06
1568.10	2893.30
1569.66	2879.69
1571.21	2897.48
1572.76	2893.30
1574.31	2889.11
1575.86	2879.69
1577.40	2877.60
1578.95	2877.60
1580.50	2887.02
1582.05	2869.23
1583.60	2872.37
1585.15	2868.18
1586.69	2878.65
1588.24	2873.42
1589.79	2883.88
1591.34	2862.95
1592.88	2889.11
1594.43	2861.90
1595.97	2870.28
1597.52	2866.09
1599.06	2877.60
1600.61	2869.23
1602.15	2884.93
1603.70	2868.18
1605.24	2870.28
1606.79	2869.23
1608.33	2852.49
1609.87	2852.49
1611.41	2858.77
1612.96	2864.00
1614.50	2859.81
1616.04	2856.67
1617.58	2851.44
1619.12	2842.02
1620.67	2855.63
1622.21	2831.56
1623.75	2854.58
1625.29	2834.70
1626.83	2843.07
1628.37	2852.49
1629.90	2828.42
1631.44	2831.56
1632.98	2828.42
1634.52	2807.49
1636.06	2812.72
1637.59	2824.23
1639.13	2805.40
1640.67	2798.07
1642.21	2780.29
1643.74	2779.24
1645.28	2756.22
1646.81	2752.03
1648.35	2762.50
1649.88	2730.06
1651.42	2736.34
1652.95	2714.36
1654.49	2742.62
1656.02	2731.10
1657.55	2724.83
1659.09	2700.76
1660.62	2722.73
1662.15	2707.04
1663.68	2708.08
1665.22	2700.76
1666.75	2705.99
1668.28	2695.53
1669.81	2709.13
1671.34	2697.62
1672.87	2700.76
1674.40	2701.81
1675.93	2689.25
1677.46	2679.83
1678.99	2674.60
1680.52	2672.51
1682.04	2690.29
1683.57	2677.74
1685.10	2688.20
1686.63	2674.60
1688.15	2668.32
1689.68	2662.04
1691.21	2673.55
1692.73	2676.69
1694.26	2682.97
1695.78	2667.27
1697.31	2667.27
1698.83	2661.00
1700.36	2665.18
1701.88	2658.90
1703.40	2674.60
1704.93	2653.67
1706.45	2654.72
