896.35	3054.44
897.98	3063.86
899.60	3059.67
901.22	3082.70
902.85	3069.09
904.47	3090.02
906.10	3093.16
907.72	3100.48
909.34	3118.27
910.97	3138.15
912.59	3156.99
914.21	3199.89
915.84	3221.87
917.46	3281.51
919.08	3289.88
920.71	3312.90
922.33	3330.69
923.95	3355.81
925.58	3376.73
927.20	3385.10
928.82	3386.15
930.44	3414.40
932.07	3399.75
933.69	3408.13
935.31	3394.52
936.93	3419.64
938.56	3430.10
940.18	3454.17
941.80	3432.19
943.42	3460.45
945.05	3463.58
946.67	3456.26
948.29	3451.03
949.91	3456.26
951.53	3463.58
953.16	3480.33
954.78	3458.35
956.40	3453.12
958.02	3454.17
959.64	3466.72
961.26	3455.21
962.88	3469.86
964.51	3449.98
966.13	3480.33
967.75	3461.49
969.37	3460.45
970.99	3453.12
972.61	3467.77
974.23	3456.26
975.85	3476.14
977.47	3455.21
979.09	3471.96
980.71	3453.12
982.33	3477.19
983.95	3469.86
985.57	3489.74
987.19	3475.10
988.81	3499.16
990.43	3475.10
992.05	3488.70
993.67	3494.98
995.29	3500.21
996.91	3484.51
998.53	3520.09
1000.15	3513.81
1001.77	3525.32
1003.39	3525.32
1005.01	3541.02
1006.63	3531.60
1008.25	3550.44
1009.86	3553.58
1011.48	3562.99
1013.10	3547.30
1014.72	3573.46
1016.34	3567.18
1017.96	3599.62
1019.58	3568.22
1021.19	3579.74
1022.81	3580.78
1024.43	3596.48
1026.05	3583.92
1027.66	3603.80
1029.28	3601.71
1030.90	3613.22
1032.52	3596.48
1034.13	3623.68
1035.75	3624.73
1037.37	3631.01
1038.98	3625.78
1040.60	3631.01
1042.22	3609.03
1043.83	3623.68
1045.45	3617.41
1047.07	3636.24
1048.68	3626.82
1050.30	3629.96
1051.92	3631.01
1053.53	3633.10
1055.15	3628.92
1056.76	3634.15
1058.38	3633.10
1059.99	3642.52
1061.61	3611.13
1063.22	3619.50
1064.84	3627.87
1066.46	3626.82
1068.07	3613.22
1069.68	3628.92
1071.30	3625.78
1072.91	3624.73
1074.53	3610.08
1076.14	3637.29
1077.76	3619.50
1079.37	3628.92
1080.98	3594.38
1082.60	3617.41
1084.21	3602.76
1085.83	3613.22
1087.44	3612.17
1089.05	3601.71
1090.67	3598.57
1092.28	3598.57
1093.89	3594.38
1095.50	3609.03
1097.12	3591.25
1098.73	3607.99
1100.34	3576.60
1101.95	3601.71
1103.57	3595.43
1105.18	3589.15
1106.79	3579.74
1108.40	3599.62
1110.01	3587.06
1111.63	3602.76
1113.24	3595.43
1114.85	3603.80
1116.46	3588.11
1118.07	3605.90
1119.68	3579.74
1121.29	3612.17
1122.90	3589.15
1124.51	3600.66
1126.12	3603.80
1127.73	3607.99
1129.34	3599.62
1130.95	3605.90
1132.56	3601.71
1134.17	3586.01
1135.78	3595.43
1137.39	3610.08
1139.00	3595.43
1140.61	3601.71
1142.22	3597.52
1143.83	3603.80
1145.44	3597.52
1147.05	3605.90
1148.65	3590.20
1150.26	3597.52
1151.87	3587.06
1153.48	3603.80
1155.09	3599.62
1156.69	3611.13
1158.30	3575.55
1159.91	3587.06
1161.52	3591.25
1163.12	3599.62
1164.73	3590.20
1166.34	3617.41
1167.94	3593.34
1169.55	3606.94
1171.16	3607.99
1172.76	3609.03
1174.37	3590.20
1175.97	3612.17
1177.58	3590.20
1179.19	3616.36
1180.79	3594.38
1182.40	3607.99
1184.00	3596.48
1185.61	3625.78
1187.21	3607.99
1188.82	3615.31
1190.42	3612.17
1192.02	3605.90
1193.63	3587.06
1195.23	3610.08
1196.84	3606.94
1198.44	3621.59
1200.04	3614.27
1201.65	3611.13
1203.25	3594.38
1204.85	3610.08
1206.46	3584.97
1208.06	3598.57
1209.66	3578.69
1211.26	3590.20
1212.87	3607.99
1214.47	3599.62
1216.07	3586.01
1217.67	3600.66
1219.27	3581.83
1220.87	3592.29
1222.48	3573.46
1224.08	3574.50
1225.68	3569.27
1227.28	3580.78
1228.88	3564.04
1230.48	3580.78
1232.08	3554.62
1233.68	3579.74
1235.28	3571.36
1236.88	3566.13
1238.48	3541.02
1240.08	3579.74
1241.68	3533.69
1243.28	3547.30
1244.87	3538.93
1246.47	3542.06
1248.07	3533.69
1249.67	3538.93
1251.27	3537.88
1252.87	3519.04
1254.46	3505.44
1256.06	3510.67
1257.66	3504.39
1259.26	3501.26
1260.85	3503.35
1262.45	3509.63
1264.05	3498.12
1265.64	3494.98
1267.24	3494.98
1268.83	3500.21
1270.43	3489.74
1272.03	3513.81
1273.62	3491.84
1275.22	3487.65
1276.81	3487.65
1278.41	3488.70
1280.00	3480.33
1281.60	3489.74
1283.19	3476.14
1284.79	3482.42
1286.38	3465.68
1287.97	3487.65
1289.57	3471.96
1291.16	3475.10
1292.75	3452.07
1294.35	3463.58
1295.94	3454.17
1297.53	3459.40
1299.12	3443.70
1300.72	3465.68
1302.31	3423.82
1303.90	3462.54
1305.49	3449.98
1307.08	3445.80
1308.68	3432.19
1310.27	3442.66
1311.86	3432.19
1313.45	3435.33
1315.04	3423.82
1316.63	3428.01
1318.22	3415.45
1319.81	3409.17
1321.40	3408.13
1322.99	3423.82
1324.58	3388.24
1326.17	3401.85
1327.75	3391.38
1329.34	3395.57
1330.93	3369.41
1332.52	3373.59
1334.11	3366.27
1335.70	3377.78
1337.28	3357.90
1338.87	3361.04
1340.46	3350.57
1342.05	3359.99
1343.63	3347.43
1345.22	3347.43
1346.81	3345.34
1348.39	3340.11
1349.98	3330.69
1351.56	3331.74
1353.15	3308.72
1354.73	3307.67
1356.32	3280.46
1357.90	3288.84
1359.49	3282.56
1361.07	3260.58
1362.66	3249.07
1364.24	3259.54
1365.82	3263.72
1367.41	3268.95
1368.99	3235.47
1370.57	3231.28
1372.16	3237.56
1373.74	3239.66
1375.32	3228.14
1376.91	3211.40
1378.49	3176.87
1380.07	3154.90
1381.65	3132.92
1383.23	3109.90
1384.81	3115.13
1386.39	3107.81
1387.97	3106.76
1389.55	3091.07
1391.14	3074.32
1392.72	3060.72
1394.29	3055.49
1395.87	3040.84
1397.45	3027.24
1399.03	3024.10
1400.61	3009.45
1402.19	3001.08
1403.77	2986.43
1405.35	3001.08
1406.92	2986.43
1408.50	2982.24
1410.08	2987.47
1411.66	2973.87
1413.23	2971.78
1414.81	2979.10
1416.39	2956.08
1417.96	2968.64
1419.54	2949.80
1421.12	2953.99
1422.69	2958.17
1424.27	2943.52
1425.84	2962.36
1427.42	2958.17
1428.99	2947.71
1430.57	2948.76
1432.14	2944.57
1433.71	2945.62
1435.29	2951.90
1436.86	2945.62
1438.43	2936.20
1440.01	2939.34
1441.58	2824.23
1443.15	2945.62
1444.72	2936.20
1446.30	2938.29
1447.87	2942.48
1449.44	2927.83
1451.01	2923.64
1452.58	2936.20
1454.15	2934.11
1455.72	2927.83
1457.29	2929.92
1458.86	2941.43
1460.43	2919.46
1462.00	2938.29
1463.57	2932.01
1465.14	2938.29
1466.71	2925.74
1468.28	2929.92
1469.85	2924.69
1471.41	2939.34
1472.98	2933.06
1474.55	2946.66
1476.12	2928.87
1477.68	2924.69
1479.25	2947.71
1480.82	2939.34
1482.38	2943.52
1483.95	2934.11
1485.51	2937.25
1487.08	2955.03
1488.64	2947.71
1490.21	2952.94
1491.77	2936.20
1493.34	2952.94
1494.90	2935.15
1496.46	2947.71
1498.03	2939.34
1499.59	2959.22
1501.15	2957.13
1502.72	2957.13
1504.28	2958.17
1505.84	2957.13
1507.40	2951.90
1508.97	2967.59
1510.53	2959.22
1512.09	2971.78
1513.65	2968.64
1515.21	2979.10
1516.77	2957.13
1518.33	2970.73
1519.89	2965.50
1521.45	2975.96
1523.01	2975.96
1524.57	2986.43
1526.13	2973.87
1527.68	2990.61
1529.24	2984.33
1530.80	2979.10
1532.36	2977.01
1533.92	2972.82
1535.47	2964.45
1537.03	2972.82
1538.59	2980.15
1540.14	2975.96
1541.70	2961.31
1543.25	2980.15
1544.81	2971.78
1546.36	2981.19
1547.92	2961.31
1549.47	2978.06
1551.03	2977.01
1552.58	2969.68
1554.13	2964.45
1555.69	2978.06
1557.24	2964.45
1558.79	2966.54
1560.35	2965.50
1561.90	2978.06
1563.45	2966.54
1565.00	2968.64
1566.55	2955.03
1568.10	2955.03
1569.66	2947.71
1571.21	2964.45
1572.76	2963.41
1574.31	2965.50
1575.86	2960.27
1577.40	2944.57
1578.95	2950.85
1580.50	2955.03
1582.05	2943.52
1583.60	2950.85
1585.15	2925.74
1586.69	2941.43
1588.24	2942.48
1589.79	2952.94
1591.34	2926.78
1592.88	2950.85
1594.43	2927.83
1595.97	2937.25
1597.52	2935.15
1599.06	2943.52
1600.61	2934.11
1602.15	2942.48
1603.70	2934.11
1605.24	2933.06
1606.79	2930.97
1608.33	2919.46
1609.87	2915.27
1611.41	2921.55
1612.96	2917.36
1614.50	2919.46
1616.04	2916.32
1617.58	2925.74
1619.12	2911.09
1620.67	2919.46
1622.21	2888.06
1623.75	2920.50
1625.29	2900.62
1626.83	2904.81
1628.37	2914.22
1629.90	2892.25
1631.44	2872.37
1632.98	2875.51
1634.52	2855.63
1636.06	2864.00
1637.59	2864.00
1639.13	2844.12
1640.67	2835.74
1642.21	2817.96
1643.74	2811.68
1645.28	2789.70
1646.81	2777.15
1648.35	2781.33
1649.88	2770.87
1651.42	2765.64
1652.95	2743.66
1654.49	2759.36
1656.02	2733.20
1657.55	2743.66
1659.09	2712.27
1660.62	2733.20
1662.15	2720.64
1663.68	2722.73
1665.22	2705.99
1666.75	2707.04
1668.28	2709.13
1669.81	2730.06
1671.34	2698.67
1672.87	2707.04
1674.40	2701.81
1675.93	2699.71
1677.46	2682.97
1678.99	2686.11
1680.52	2691.34
1682.04	2698.67
1683.57	2681.92
1685.10	2697.62
1686.63	2677.74
1688.15	2687.16
1689.68	2684.02
1691.21	2688.20
1692.73	2688.20
1694.26	2690.29
1695.78	2672.51
1697.31	2679.83
1698.83	2671.46
1700.36	2677.74
1701.88	2673.55
1703.40	2686.11
1704.93	2668.32
1706.45	2673.55
