896.35	2661.00
897.98	2653.67
899.60	2670.41
901.22	2673.55
902.85	2652.62
904.47	2655.76
906.10	2671.46
907.72	2664.13
909.34	2677.74
910.97	2669.37
912.59	2681.92
914.21	2672.51
915.84	2670.41
917.46	2672.51
919.08	2689.25
920.71	2674.60
922.33	2693.43
923.95	2681.92
925.58	2710.18
927.20	2678.78
928.82	2693.43
930.44	2694.48
932.07	2690.29
933.69	2673.55
935.31	2688.20
936.93	2674.60
938.56	2689.25
940.18	2691.34
941.80	2699.71
943.42	2691.34
945.05	2708.08
946.67	2687.16
948.29	2703.90
949.91	2689.25
951.53	2714.36
953.16	2709.13
954.78	2714.36
956.40	2692.39
958.02	2714.36
959.64	2691.34
961.26	2714.36
962.88	2700.76
964.51	2710.18
966.13	2707.04
967.75	2719.59
969.37	2696.57
970.99	2715.41
972.61	2700.76
974.23	2714.36
975.85	2704.94
977.47	2725.87
979.09	2694.48
980.71	2705.99
982.33	2697.62
983.95	2715.41
985.57	2716.45
987.19	2714.36
988.81	2708.08
990.43	2710.18
992.05	2695.53
993.67	2726.92
995.29	2698.67
996.91	2699.71
998.53	2716.45
1000.15	2726.92
1001.77	2710.18
1003.39	2725.87
1005.01	2704.94
1006.63	2719.59
1008.25	2704.94
1009.86	2729.01
1011.48	2709.13
1013.10	2730.06
1014.72	2718.55
1016.34	2725.87
1017.96	2727.97
1019.58	2723.78
1021.19	2708.08
1022.81	2720.64
1024.43	2720.64
1026.05	2722.73
1027.66	2716.45
1029.28	2730.06
1030.90	2708.08
1032.52	2720.64
1034.13	2708.08
1035.75	2730.06
1037.37	2709.13
1038.98	2737.38
1040.60	2708.08
1042.22	2715.41
1043.83	2696.57
1045.45	2717.50
1047.07	2709.13
1048.68	2733.20
1050.30	2702.85
1051.92	2737.38
1053.53	2717.50
1055.15	2734.24
1056.76	2709.13
1058.38	2724.83
1059.99	2717.50
1061.61	2729.01
1063.22	2712.27
1064.84	2729.01
1066.46	2705.99
1068.07	2716.45
1069.68	2707.04
1071.30	2737.38
1072.91	2715.41
1074.53	2727.97
1076.14	2720.64
1077.76	2731.10
1079.37	2719.59
1080.98	2705.99
1082.60	2713.32
1084.21	2735.29
1085.83	2719.59
1087.44	2733.20
1089.05	2710.18
1090.67	2714.36
1092.28	2710.18
1093.89	2736.34
1095.50	2724.83
1097.12	2725.87
1098.73	2721.69
1100.34	2714.36
1101.95	2721.69
1103.57	2726.92
1105.18	2704.94
1106.79	2715.41
1108.40	2723.78
1110.01	2730.06
1111.63	2723.78
1113.24	2737.38
1114.85	2719.59
1116.46	2730.06
1118.07	2723.78
1119.68	2718.55
1121.29	2718.55
1122.90	2723.78
1124.51	2713.32
1126.12	2731.10
1127.73	2732.15
1129.34	2742.62
1130.95	2734.24
1132.56	2743.66
1134.17	2707.04
1135.78	2729.01
1137.39	2725.87
1139.00	2724.83
1140.61	2719.59
1142.22	2740.52
1143.83	2713.32
1145.44	2731.10
1147.05	2719.59
1148.65	2740.52
1150.26	2720.64
1151.87	2721.69
1153.48	2713.32
1155.09	2727.97
1156.69	2717.50
1158.30	2726.92
1159.91	2715.41
1161.52	2722.73
1163.12	2718.55
1164.73	2724.83
1166.34	2724.83
1167.94	2729.01
1169.55	2722.73
1171.16	2732.15
1172.76	2717.50
1174.37	2731.10
1175.97	2722.73
1177.58	2717.50
1179.19	2729.01
1180.79	2726.92
1182.40	2711.22
1184.00	2721.69
1185.61	2725.87
1187.21	2738.43
1188.82	2723.78
1190.42	2731.10
1192.02	2717.50
1193.63	2705.99
1195.23	2715.41
1196.84	2722.73
1198.44	2729.01
1200.04	2740.52
1201.65	2722.73
1203.25	2726.92
1204.85	2730.06
1206.46	2723.78
1208.06	2715.41
1209.66	2719.59
1211.26	2711.22
1212.87	2743.66
1214.47	2716.45
1216.07	2725.87
1217.67	2726.92
1219.27	2730.06
1220.87	2729.01
1222.48	2734.24
1224.08	2717.50
1225.68	2735.29
1227.28	2721.69
1228.88	2725.87
1230.48	2722.73
1232.08	2724.83
1233.68	2727.97
1235.28	2747.85
1236.88	2721.69
1238.48	2718.55
1240.08	2736.34
1241.68	2720.64
1243.28	2720.64
1244.87	2734.24
1246.47	2717.50
1248.07	2723.78
1249.67	2723.78
1251.27	2742.62
1252.87	2717.50
1254.46	2724.83
1256.06	2717.50
1257.66	2739.48
1259.26	2713.32
1260.85	2726.92
1262.45	2715.41
1264.05	2727.97
1265.64	2718.55
1267.24	2729.01
1268.83	2724.83
1270.43	2719.59
1272.03	2734.24
1273.62	2722.73
1275.22	2715.41
1276.81	2733.20
1278.41	2723.78
1280.00	2723.78
1281.60	2717.50
1283.19	2724.83
1284.79	2725.87
1286.38	2734.24
1287.97	2724.83
1289.57	2723.78
1291.16	2714.36
1292.75	2708.08
1294.35	2717.50
1295.94	2716.45
1297.53	2720.64
1299.12	2720.64
1300.72	2735.29
1302.31	2704.94
1303.90	2730.06
1305.49	2732.15
1307.08	2714.36
1308.68	2715.41
1310.27	2715.41
1311.86	2720.64
1313.45	2714.36
1315.04	2721.69
1316.63	2720.64
1318.22	2718.55
1319.81	2713.32
1321.40	2725.87
1322.99	2718.55
1324.58	2717.50
1326.17	2707.04
1327.75	2702.85
1329.34	2709.13
1330.93	2710.18
1332.52	2705.99
1334.11	2712.27
1335.70	2712.27
1337.28	2708.08
1338.87	2710.18
1340.46	2718.55
1342.05	2704.94
1343.63	2705.99
1345.22	2695.53
1346.81	2713.32
1348.39	2705.99
1349.98	2710.18
1351.56	2705.99
1353.15	2715.41
1354.73	2710.18
1356.32	2709.13
1357.90	2703.90
1359.49	2716.45
1361.07	2704.94
1362.66	2718.55
1364.24	2713.32
1365.82	2718.55
1367.41	2713.32
1368.99	2710.18
1370.57	2698.67
1372.16	2701.81
1373.74	2698.67
1375.32	2713.32
1376.91	2715.41
1378.49	2701.81
1380.07	2695.53
1381.65	2716.45
1383.23	2714.36
1384.81	2712.27
1386.39	2695.53
1387.97	2714.36
1389.55	2705.99
1391.14	2707.04
1392.72	2697.62
1394.29	2712.27
1395.87	2709.13
1397.45	2705.99
1399.03	2702.85
1400.61	2708.08
1402.19	2695.53
1403.77	2693.43
1405.35	2717.50
1406.92	2712.27
1408.50	2714.36
1410.08	2716.45
1411.66	2701.81
1413.23	2708.08
1414.81	2717.50
1416.39	2707.04
1417.96	2714.36
1419.54	2710.18
1421.12	2708.08
1422.69	2723.78
1424.27	2700.76
1425.84	2708.08
1427.42	2698.67
1428.99	2708.08
1430.57	2715.41
1432.14	2712.27
1433.71	2712.27
1435.29	2720.64
1436.86	2709.13
1438.43	2708.08
1440.01	2707.04
1441.58	2596.12
1443.15	2714.36
1444.72	2715.41
1446.30	2705.99
1447.87	2714.36
1449.44	2701.81
1451.01	2690.29
1452.58	2711.22
1454.15	2719.59
1455.72	2703.90
1457.29	2696.57
1458.86	2709.13
1460.43	2707.04
1462.00	2725.87
1463.57	2712.27
1465.14	2715.41
1466.71	2709.13
1468.28	2707.04
1469.85	2710.18
1471.41	2707.04
1472.98	2708.08
1474.55	2723.78
1476.12	2710.18
1477.68	2707.04
1479.25	2722.73
1480.82	2714.36
1482.38	2718.55
1483.95	2698.67
1485.51	2711.22
1487.08	2714.36
1488.64	2701.81
1490.21	2705.99
1491.77	2693.43
1493.34	2716.45
1494.90	2704.94
1496.46	2702.85
1498.03	2708.08
1499.59	2709.13
1501.15	2713.32
1502.72	2705.99
1504.28	2709.13
1505.84	2704.94
1507.40	2697.62
1508.97	2711.22
1510.53	2709.13
1512.09	2713.32
1513.65	2723.78
1515.21	2709.13
1516.77	2695.53
1518.33	2704.94
1519.89	2704.94
1521.45	2707.04
1523.01	2713.32
1524.57	2711.22
1526.13	2710.18
1527.68	2711.22
1529.24	2716.45
1530.80	2693.43
1532.36	2709.13
1533.92	2692.39
1535.47	2690.29
1537.03	2695.53
1538.59	2703.90
1540.14	2694.48
1541.70	2687.16
1543.25	2704.94
1544.81	2699.71
1546.36	2709.13
1547.92	2694.48
1549.47	2702.85
1551.03	2697.62
1552.58	2691.34
1554.13	2692.39
1555.69	2698.67
1557.24	2689.25
1558.79	2689.25
1560.35	2691.34
1561.90	2696.57
1563.45	2688.20
1565.00	2698.67
1566.55	2687.16
1568.10	2687.16
1569.66	2687.16
1571.21	2693.43
1572.76	2687.16
1574.31	2688.20
1575.86	2687.16
1577.40	2680.88
1578.95	2680.88
1580.50	2690.29
1582.05	2678.78
1583.60	2679.83
1585.15	2670.41
1586.69	2678.78
1588.24	2688.20
1589.79	2681.92
1591.34	2664.13
1592.88	2682.97
1594.43	2670.41
1595.97	2686.11
1597.52	2685.06
1599.06	2680.88
1600.61	2686.11
1602.15	2695.53
1603.70	2680.88
1605.24	2677.74
1606.79	2684.02
1608.33	2666.23
1609.87	2659.95
1611.41	2680.88
1612.96	2686.11
1614.50	2671.46
1616.04	2664.13
1617.58	2673.55
1619.12	2666.23
1620.67	2675.65
1622.21	2659.95
1623.75	2674.60
1625.29	2663.09
1626.83	2657.86
1628.37	2682.97
1629.90	2663.09
1631.44	2657.86
1632.98	2659.95
1634.52	2656.81
1636.06	2661.00
1637.59	2681.92
1639.13	2670.41
1640.67	2676.69
1642.21	2665.18
1643.74	2674.60
1645.28	2661.00
1646.81	2664.13
1648.35	2675.65
1649.88	2662.04
1651.42	2670.41
1652.95	2650.53
1654.49	2677.74
1656.02	2648.44
1657.55	2661.00
1659.09	2640.07
1660.62	2655.76
1662.15	2650.53
1663.68	2652.62
1665.22	2642.16
1666.75	2648.44
1668.28	2648.44
1669.81	2671.46
1671.34	2655.76
1672.87	2664.13
1674.40	2656.81
1675.93	2651.58
1677.46	2634.84
1678.99	2642.16
1680.52	2646.35
1682.04	2653.67
1683.57	2642.16
1685.10	2642.16
1686.63	2634.84
1688.15	2641.11
1689.68	2630.65
1691.21	2636.93
1692.73	2633.79
1694.26	2639.02
1695.78	2634.84
1697.31	2640.07
1698.83	2618.09
1700.36	2629.60
1701.88	2626.46
1703.40	2637.97
1704.93	2625.42
1706.45	2632.74
