896.35	2867.14
897.98	2868.18
899.60	2871.32
901.22	2889.11
902.85	2881.79
904.47	2890.16
906.10	2900.62
907.72	2893.30
909.34	2906.90
910.97	2917.36
912.59	2932.01
914.21	2940.38
915.84	2962.36
917.46	2987.47
919.08	3007.35
920.71	3011.54
922.33	3033.51
923.95	3039.79
925.58	3068.05
927.20	3046.07
928.82	3059.67
930.44	3091.07
932.07	3071.18
933.69	3051.30
935.31	3069.09
936.93	3086.88
938.56	3085.83
940.18	3084.79
941.80	3083.74
943.42	3097.34
945.05	3114.09
946.67	3097.34
948.29	3111.99
949.91	3102.58
951.53	3114.09
953.16	3114.09
954.78	3107.81
956.40	3095.25
958.02	3113.04
959.64	3100.48
961.26	3104.67
962.88	3102.58
964.51	3099.44
966.13	3113.04
967.75	3117.23
969.37	3105.72
970.99	3111.99
972.61	3104.67
974.23	3110.95
975.85	3114.09
977.47	3114.09
979.09	3118.27
980.71	3103.62
982.33	3117.23
983.95	3114.09
985.57	3135.02
987.19	3126.64
988.81	3130.83
990.43	3126.64
992.05	3123.50
993.67	3146.53
995.29	3130.83
996.91	3120.37
998.53	3142.34
1000.15	3145.48
1001.77	3146.53
1003.39	3150.71
1005.01	3146.53
1006.63	3152.80
1008.25	3158.04
1009.86	3169.55
1011.48	3152.80
1013.10	3154.90
1014.72	3176.87
1016.34	3180.01
1017.96	3193.61
1019.58	3181.06
1021.19	3171.64
1022.81	3174.78
1024.43	3184.20
1026.05	3178.96
1027.66	3192.57
1029.28	3198.85
1030.90	3193.61
1032.52	3172.69
1034.13	3181.06
1035.75	3197.80
1037.37	3196.75
1038.98	3206.17
1040.60	3204.08
1042.22	3188.38
1043.83	3192.57
1045.45	3199.89
1047.07	3198.85
1048.68	3211.40
1050.30	3204.08
1051.92	3207.22
1053.53	3204.08
1055.15	3209.31
1056.76	3199.89
1058.38	3204.08
1059.99	3207.22
1061.61	3206.17
1063.22	3191.52
1064.84	3200.94
1066.46	3205.12
1068.07	3199.89
1069.68	3195.71
1071.30	3198.85
1072.91	3193.61
1074.53	3189.43
1076.14	3205.12
1077.76	3190.47
1079.37	3192.57
1080.98	3171.64
1082.60	3188.38
1084.21	3188.38
1085.83	3190.47
1087.44	3194.66
1089.05	3181.06
1090.67	3184.20
1092.28	3182.10
1093.89	3193.61
1095.50	3180.01
1097.12	3177.92
1098.73	3183.15
1100.34	3164.31
1101.95	3183.15
1103.57	3189.43
1105.18	3162.22
1106.79	3168.50
1108.40	3187.34
1110.01	3185.24
1111.63	3189.43
1113.24	3186.29
1114.85	3186.29
1116.46	3183.15
1118.07	3188.38
1119.68	3178.96
1121.29	3182.10
1122.90	3178.96
1124.51	3188.38
1126.12	3199.89
1127.73	3190.47
1129.34	3196.75
1130.95	3194.66
1132.56	3201.98
1134.17	3169.55
1135.78	3186.29
1137.39	3185.24
1139.00	3171.64
1140.61	3176.87
1142.22	3197.80
1143.83	3185.24
1145.44	3175.82
1147.05	3181.06
1148.65	3185.24
1150.26	3185.24
1151.87	3180.01
1153.48	3186.29
1155.09	3193.61
1156.69	3191.52
1158.30	3178.96
1159.91	3184.20
1161.52	3194.66
1163.12	3190.47
1164.73	3185.24
1166.34	3198.85
1167.94	3194.66
1169.55	3194.66
1171.16	3196.75
1172.76	3194.66
1174.37	3195.71
1175.97	3194.66
1177.58	3173.73
1179.19	3200.94
1180.79	3193.61
1182.40	3194.66
1184.00	3187.34
1185.61	3197.80
1187.21	3196.75
1188.82	3194.66
1190.42	3194.66
1192.02	3188.38
1193.63	3182.10
1195.23	3193.61
1196.84	3196.75
1198.44	3194.66
1200.04	3191.52
1201.65	3197.80
1203.25	3195.71
1204.85	3196.75
1206.46	3178.96
1208.06	3192.57
1209.66	3182.10
1211.26	3182.10
1212.87	3194.66
1214.47	3183.15
1216.07	3185.24
1217.67	3178.96
1219.27	3178.96
1220.87	3181.06
1222.48	3186.29
1224.08	3175.82
1225.68	3180.01
1227.28	3181.06
1228.88	3173.73
1230.48	3169.55
1232.08	3159.08
1233.68	3175.82
1235.28	3185.24
1236.88	3162.22
1238.48	3158.04
1240.08	3184.20
1241.68	3150.71
1243.28	3161.18
1244.87	3158.04
1246.47	3149.66
1248.07	3140.25
1249.67	3156.99
1251.27	3166.41
1252.87	3152.80
1254.46	3133.97
1256.06	3133.97
1257.66	3136.06
1259.26	3136.06
1260.85	3138.15
1262.45	3141.29
1264.05	3131.88
1265.64	3127.69
1267.24	3129.78
1268.83	3136.06
1270.43	3142.34
1272.03	3145.48
1273.62	3120.37
1275.22	3109.90
1276.81	3133.97
1278.41	3128.74
1280.00	3130.83
1281.60	3131.88
1283.19	3126.64
1284.79	3132.92
1286.38	3122.46
1287.97	3121.41
1289.57	3119.32
1291.16	3118.27
1292.75	3108.86
1294.35	3121.41
1295.94	3115.13
1297.53	3121.41
1299.12	3113.04
1300.72	3128.74
1302.31	3095.25
1303.90	3118.27
1305.49	3118.27
1307.08	3099.44
1308.68	3095.25
1310.27	3097.34
1311.86	3097.34
1313.45	3092.11
1315.04	3095.25
1316.63	3093.16
1318.22	3091.07
1319.81	3078.51
1321.40	3075.37
1322.99	3095.25
1324.58	3073.28
1326.17	3080.60
1327.75	3076.42
1329.34	3081.65
1330.93	3071.18
1332.52	3071.18
1334.11	3072.23
1335.70	3060.72
1337.28	3059.67
1338.87	3068.05
1340.46	3063.86
1342.05	3063.86
1343.63	3061.77
1345.22	3047.12
1346.81	3059.67
1348.39	3056.54
1349.98	3054.44
1351.56	3047.12
1353.15	3033.51
1354.73	3040.84
1356.32	3029.33
1357.90	3032.47
1359.49	3028.28
1361.07	3016.77
1362.66	3018.86
1364.24	3019.91
1365.82	3020.96
1367.41	3023.05
1368.99	2997.94
1370.57	3006.31
1372.16	3002.12
1373.74	3003.17
1375.32	2997.94
1376.91	2986.43
1378.49	2961.31
1380.07	2946.66
1381.65	2949.80
1383.23	2936.20
1384.81	2942.48
1386.39	2936.20
1387.97	2941.43
1389.55	2928.87
1391.14	2926.78
1392.72	2917.36
1394.29	2924.69
1395.87	2917.36
1397.45	2906.90
1399.03	2914.22
1400.61	2907.95
1402.19	2893.30
1403.77	2891.20
1405.35	2912.13
1406.92	2893.30
1408.50	2892.25
1410.08	2893.30
1411.66	2882.83
1413.23	2880.74
1414.81	2891.20
1416.39	2873.42
1417.96	2882.83
1419.54	2878.65
1421.12	2876.55
1422.69	2885.97
1424.27	2868.18
1425.84	2875.51
1427.42	2866.09
1428.99	2868.18
1430.57	2865.04
1432.14	2862.95
1433.71	2867.14
1435.29	2868.18
1436.86	2864.00
1438.43	2858.77
1440.01	2860.86
1441.58	2740.52
1443.15	2862.95
1444.72	2867.14
1446.30	2859.81
1447.87	2866.09
1449.44	2856.67
1451.01	2847.26
1452.58	2857.72
1454.15	2854.58
1455.72	2850.39
1457.29	2840.98
1458.86	2856.67
1460.43	2846.21
1462.00	2870.28
1463.57	2849.35
1465.14	2858.77
1466.71	2847.26
1468.28	2849.35
1469.85	2852.49
1471.41	2865.04
1472.98	2850.39
1474.55	2869.23
1476.12	2849.35
1477.68	2850.39
1479.25	2860.86
1480.82	2846.21
1482.38	2852.49
1483.95	2844.12
1485.51	2858.77
1487.08	2861.90
1488.64	2855.63
1490.21	2866.09
1491.77	2854.58
1493.34	2873.42
1494.90	2856.67
1496.46	2856.67
1498.03	2867.14
1499.59	2866.09
1501.15	2865.04
1502.72	2856.67
1504.28	2857.72
1505.84	2860.86
1507.40	2856.67
1508.97	2868.18
1510.53	2866.09
1512.09	2870.28
1513.65	2875.51
1515.21	2867.14
1516.77	2848.30
1518.33	2869.23
1519.89	2865.04
1521.45	2859.81
1523.01	2865.04
1524.57	2869.23
1526.13	2866.09
1527.68	2873.42
1529.24	2875.51
1530.80	2868.18
1532.36	2872.37
1533.92	2862.95
1535.47	2852.49
1537.03	2860.86
1538.59	2864.00
1540.14	2862.95
1541.70	2854.58
1543.25	2865.04
1544.81	2866.09
1546.36	2868.18
1547.92	2854.58
1549.47	2856.67
1551.03	2849.35
1552.58	2845.16
1554.13	2842.02
1555.69	2859.81
1557.24	2852.49
1558.79	2851.44
1560.35	2844.12
1561.90	2849.35
1563.45	2834.70
1565.00	2847.26
1566.55	2839.93
1568.10	2837.84
1569.66	2827.37
1571.21	2845.16
1572.76	2842.02
1574.31	2836.79
1575.86	2833.65
1577.40	2829.47
1578.95	2830.51
1580.50	2835.74
1582.05	2823.19
1583.60	2828.42
1585.15	2821.10
1586.69	2826.33
1588.24	2825.28
1589.79	2829.47
1591.34	2815.86
1592.88	2832.61
1594.43	2811.68
1595.97	2830.51
1597.52	2830.51
1599.06	2826.33
1600.61	2811.68
1602.15	2830.51
1603.70	2814.82
1605.24	2817.96
1606.79	2820.05
1608.33	2809.58
1609.87	2812.72
1611.41	2816.91
1612.96	2817.96
1614.50	2807.49
1616.04	2812.72
1617.58	2821.10
1619.12	2808.54
1620.67	2808.54
1622.21	2783.42
1623.75	2812.72
1625.29	2785.52
1626.83	2789.70
1628.37	2807.49
1629.90	2784.47
1631.44	2787.61
1632.98	2789.70
1634.52	2771.91
1636.06	2766.68
1637.59	2769.82
1639.13	2765.64
1640.67	2763.54
1642.21	2750.99
1643.74	2749.94
1645.28	2735.29
1646.81	2729.01
1648.35	2744.71
1649.88	2715.41
1651.42	2718.55
1652.95	2702.85
1654.49	2725.87
1656.02	2698.67
1657.55	2699.71
1659.09	2678.78
1660.62	2694.48
1662.15	2684.02
1663.68	2691.34
1665.22	2677.74
1666.75	2679.83
1668.28	2668.32
1669.81	2689.25
1671.34	2682.97
1672.87	2691.34
1674.40	2691.34
1675.93	2680.88
1677.46	2663.09
1678.99	2657.86
1680.52	2662.04
1682.04	2677.74
1683.57	2666.23
1685.10	2671.46
1686.63	2672.51
1688.15	2664.13
1689.68	2648.44
1691.21	2658.90
1692.73	2666.23
1694.26	2668.32
1695.78	2654.72
1697.31	2658.90
1698.83	2643.21
1700.36	2658.90
1701.88	2640.07
1703.40	2657.86
1704.93	2642.16
1706.45	2655.76
