896.35	2787.61
897.98	2790.75
899.60	2794.94
901.22	2808.54
902.85	2802.26
904.47	2804.35
906.10	2815.86
907.72	2806.45
909.34	2812.72
910.97	2815.86
912.59	2831.56
914.21	2842.02
915.84	2862.95
917.46	2875.51
919.08	2884.93
920.71	2884.93
922.33	2910.04
923.95	2905.85
925.58	2922.60
927.20	2907.95
928.82	2910.04
930.44	2925.74
932.07	2919.46
933.69	2911.09
935.31	2928.87
936.93	2925.74
938.56	2930.97
940.18	2932.01
941.80	2943.52
943.42	2943.52
945.05	2952.94
946.67	2932.01
948.29	2956.08
949.91	2937.25
951.53	2960.27
953.16	2958.17
954.78	2953.99
956.40	2944.57
958.02	2952.94
959.64	2946.66
961.26	2952.94
962.88	2949.80
964.51	2946.66
966.13	2970.73
967.75	2960.27
969.37	2947.71
970.99	2953.99
972.61	2948.76
974.23	2955.03
975.85	2952.94
977.47	2966.54
979.09	2951.90
980.71	2949.80
982.33	2956.08
983.95	2969.68
985.57	2967.59
987.19	2960.27
988.81	2966.54
990.43	2969.68
992.05	2956.08
993.67	2979.10
995.29	2964.45
996.91	2963.41
998.53	2978.06
1000.15	2978.06
1001.77	2970.73
1003.39	2994.80
1005.01	2979.10
1006.63	2983.29
1008.25	2990.61
1009.86	3003.17
1011.48	2990.61
1013.10	2992.70
1014.72	2990.61
1016.34	2996.89
1017.96	3007.35
1019.58	2996.89
1021.19	2990.61
1022.81	2994.80
1024.43	3007.35
1026.05	3007.35
1027.66	3014.68
1029.28	3010.49
1030.90	3012.59
1032.52	3002.12
1034.13	3013.63
1035.75	3017.82
1037.37	3016.77
1038.98	3035.61
1040.60	3009.45
1042.22	3000.03
1043.83	3000.03
1045.45	3015.73
1047.07	3015.73
1048.68	3031.42
1050.30	3008.40
1051.92	3029.33
1053.53	3016.77
1055.15	3025.14
1056.76	3010.49
1058.38	3018.86
1059.99	3015.73
1061.61	3022.00
1063.22	3013.63
1064.84	3023.05
1066.46	3013.63
1068.07	3013.63
1069.68	3012.59
1071.30	3031.42
1072.91	3010.49
1074.53	3014.68
1076.14	3018.86
1077.76	3018.86
1079.37	3009.45
1080.98	2990.61
1082.60	2998.98
1084.21	3015.73
1085.83	3005.26
1087.44	3013.63
1089.05	2997.94
1090.67	3002.12
1092.28	3000.03
1093.89	3008.40
1095.50	3000.03
1097.12	2997.94
1098.73	3002.12
1100.34	2998.98
1101.95	3010.49
1103.57	3017.82
1105.18	2998.98
1106.79	2993.75
1108.40	3007.35
1110.01	3015.73
1111.63	3009.45
1113.24	3017.82
1114.85	3011.54
1116.46	3011.54
1118.07	3014.68
1119.68	3002.12
1121.29	3005.26
1122.90	3005.26
1124.51	3000.03
1126.12	3016.77
1127.73	3010.49
1129.34	3019.91
1130.95	3018.86
1132.56	3018.86
1134.17	2993.75
1135.78	3012.59
1137.39	3009.45
1139.00	2998.98
1140.61	2994.80
1142.22	3014.68
1143.83	3003.17
1145.44	3010.49
1147.05	3011.54
1148.65	3022.00
1150.26	3005.26
1151.87	3005.26
1153.48	3008.40
1155.09	3022.00
1156.69	3005.26
1158.30	2991.66
1159.91	2998.98
1161.52	3010.49
1163.12	3007.35
1164.73	3007.35
1166.34	3017.82
1167.94	3011.54
1169.55	3012.59
1171.16	3023.05
1172.76	3019.91
1174.37	3005.26
1175.97	3015.73
1177.58	3003.17
1179.19	3023.05
1180.79	3009.45
1182.40	3011.54
1184.00	3010.49
1185.61	3018.86
1187.21	3020.96
1188.82	3008.40
1190.42	3017.82
1192.02	3008.40
1193.63	2993.75
1195.23	3014.68
1196.84	3017.82
1198.44	3012.59
1200.04	3018.86
1201.65	3016.77
1203.25	3014.68
1204.85	3015.73
1206.46	3003.17
1208.06	3005.26
1209.66	3003.17
1211.26	3000.03
1212.87	3019.91
1214.47	3001.08
1216.07	3008.40
1217.67	3008.40
1219.27	3012.59
1220.87	3001.08
1222.48	3003.17
1224.08	2992.70
1225.68	3006.31
1227.28	2995.84
1228.88	3000.03
1230.48	3007.35
1232.08	2991.66
1233.68	3007.35
1235.28	3004.22
1236.88	2990.61
1238.48	2985.38
1240.08	3016.77
1241.68	2987.47
1243.28	2991.66
1244.87	2989.57
1246.47	2986.43
1248.07	2982.24
1249.67	2982.24
1251.27	2998.98
1252.87	2974.92
1254.46	2969.68
1256.06	2977.01
1257.66	2979.10
1259.26	2969.68
1260.85	2978.06
1262.45	2971.78
1264.05	2978.06
1265.64	2969.68
1267.24	2985.38
1268.83	2982.24
1270.43	2974.92
1272.03	2986.43
1273.62	2967.59
1275.22	2963.41
1276.81	2979.10
1278.41	2970.73
1280.00	2974.92
1281.60	2968.64
1283.19	2965.50
1284.79	2970.73
1286.38	2960.27
1287.97	2966.54
1289.57	2958.17
1291.16	2950.85
1292.75	2959.22
1294.35	2962.36
1295.94	2960.27
1297.53	2961.31
1299.12	2960.27
1300.72	2964.45
1302.31	2944.57
1303.90	2964.45
1305.49	2966.54
1307.08	2948.76
1308.68	2944.57
1310.27	2955.03
1311.86	2956.08
1313.45	2941.43
1315.04	2939.34
1316.63	2946.66
1318.22	2943.52
1319.81	2933.06
1321.40	2938.29
1322.99	2945.62
1324.58	2927.83
1326.17	2929.92
1327.75	2932.01
1329.34	2937.25
1330.93	2936.20
1332.52	2921.55
1334.11	2917.36
1335.70	2924.69
1337.28	2921.55
1338.87	2927.83
1340.46	2924.69
1342.05	2913.18
1343.63	2916.32
1345.22	2917.36
1346.81	2929.92
1348.39	2922.60
1349.98	2926.78
1351.56	2906.90
1353.15	2903.76
1354.73	2915.27
1356.32	2899.58
1357.90	2896.44
1359.49	2905.85
1361.07	2895.39
1362.66	2898.53
1364.24	2891.20
1365.82	2900.62
1367.41	2901.67
1368.99	2883.88
1370.57	2878.65
1372.16	2885.97
1373.74	2879.69
1375.32	2890.16
1376.91	2889.11
1378.49	2872.37
1380.07	2853.53
1381.65	2856.67
1383.23	2852.49
1384.81	2852.49
1386.39	2838.88
1387.97	2847.26
1389.55	2838.88
1391.14	2834.70
1392.72	2829.47
1394.29	2828.42
1395.87	2828.42
1397.45	2828.42
1399.03	2830.51
1400.61	2831.56
1402.19	2821.10
1403.77	2813.77
1405.35	2839.93
1406.92	2830.51
1408.50	2819.00
1410.08	2817.96
1411.66	2807.49
1413.23	2817.96
1414.81	2822.14
1416.39	2801.21
1417.96	2814.82
1419.54	2804.35
1421.12	2813.77
1422.69	2824.23
1424.27	2810.63
1425.84	2814.82
1427.42	2808.54
1428.99	2815.86
1430.57	2816.91
1432.14	2806.45
1433.71	2810.63
1435.29	2820.05
1436.86	2807.49
1438.43	2811.68
1440.01	2802.26
1441.58	2690.29
1443.15	2813.77
1444.72	2812.72
1446.30	2800.17
1447.87	2805.40
1449.44	2797.03
1451.01	2787.61
1452.58	2802.26
1454.15	2801.21
1455.72	2793.89
1457.29	2786.56
1458.86	2805.40
1460.43	2803.31
1462.00	2819.00
1463.57	2798.07
1465.14	2799.12
1466.71	2787.61
1468.28	2803.31
1469.85	2799.12
1471.41	2812.72
1472.98	2795.98
1474.55	2812.72
1476.12	2792.84
1477.68	2788.66
1479.25	2794.94
1480.82	2795.98
1482.38	2815.86
1483.95	2793.89
1485.51	2800.17
1487.08	2810.63
1488.64	2803.31
1490.21	2805.40
1491.77	2789.70
1493.34	2801.21
1494.90	2794.94
1496.46	2790.75
1498.03	2805.40
1499.59	2806.45
1501.15	2803.31
1502.72	2797.03
1504.28	2795.98
1505.84	2791.80
1507.40	2790.75
1508.97	2801.21
1510.53	2800.17
1512.09	2808.54
1513.65	2807.49
1515.21	2804.35
1516.77	2791.80
1518.33	2809.58
1519.89	2799.12
1521.45	2802.26
1523.01	2809.58
1524.57	2811.68
1526.13	2798.07
1527.68	2800.17
1529.24	2804.35
1530.80	2797.03
1532.36	2807.49
1533.92	2801.21
1535.47	2791.80
1537.03	2793.89
1538.59	2802.26
1540.14	2793.89
1541.70	2780.29
1543.25	2806.45
1544.81	2799.12
1546.36	2799.12
1547.92	2787.61
1549.47	2795.98
1551.03	2793.89
1552.58	2790.75
1554.13	2788.66
1555.69	2798.07
1557.24	2784.47
1558.79	2785.52
1560.35	2774.01
1561.90	2791.80
1563.45	2786.56
1565.00	2793.89
1566.55	2785.52
1568.10	2778.19
1569.66	2775.05
1571.21	2786.56
1572.76	2783.42
1574.31	2785.52
1575.86	2787.61
1577.40	2771.91
1578.95	2776.10
1580.50	2763.54
1582.05	2758.31
1583.60	2771.91
1585.15	2763.54
1586.69	2767.73
1588.24	2770.87
1589.79	2771.91
1591.34	2756.22
1592.88	2772.96
1594.43	2752.03
1595.97	2766.68
1597.52	2764.59
1599.06	2767.73
1600.61	2766.68
1602.15	2770.87
1603.70	2758.31
1605.24	2763.54
1606.79	2766.68
1608.33	2746.80
1609.87	2753.08
1611.41	2766.68
1612.96	2761.45
1614.50	2748.89
1616.04	2748.89
1617.58	2761.45
1619.12	2752.03
1620.67	2747.85
1622.21	2720.64
1623.75	2748.89
1625.29	2740.52
1626.83	2746.80
1628.37	2753.08
1629.90	2735.29
1631.44	2733.20
1632.98	2733.20
1634.52	2727.97
1636.06	2727.97
1637.59	2749.94
1639.13	2723.78
1640.67	2722.73
1642.21	2717.50
1643.74	2716.45
1645.28	2699.71
1646.81	2701.81
1648.35	2713.32
1649.88	2686.11
1651.42	2699.71
1652.95	2678.78
1654.49	2697.62
1656.02	2680.88
1657.55	2677.74
1659.09	2666.23
1660.62	2689.25
1662.15	2676.69
1663.68	2684.02
1665.22	2668.32
1666.75	2666.23
1668.28	2665.18
1669.81	2679.83
1671.34	2663.09
1672.87	2667.27
1674.40	2672.51
1675.93	2662.04
1677.46	2646.35
1678.99	2651.58
1680.52	2652.62
1682.04	2669.37
1683.57	2653.67
1685.10	2662.04
1686.63	2653.67
1688.15	2665.18
1689.68	2656.81
1691.21	2646.35
1692.73	2640.07
1694.26	2658.90
1695.78	2649.49
1697.31	2650.53
1698.83	2639.02
1700.36	2650.53
1701.88	2641.11
1703.40	2653.67
1704.93	2640.07
1706.45	2637.97
