896.35	3117.23
897.98	3133.97
899.60	3124.55
901.22	3161.18
902.85	3137.11
904.47	3167.45
906.10	3168.50
907.72	3184.20
909.34	3196.75
910.97	3218.73
912.59	3235.47
914.21	3286.74
915.84	3318.14
917.46	3384.06
919.08	3404.99
920.71	3432.19
922.33	3451.03
923.95	3469.86
925.58	3487.65
927.20	3502.30
928.82	3509.63
930.44	3545.20
932.07	3522.18
933.69	3530.55
935.31	3533.69
936.93	3556.71
938.56	3544.16
940.18	3574.50
941.80	3570.32
943.42	3593.34
945.05	3584.97
946.67	3591.25
948.29	3583.92
949.91	3593.34
951.53	3598.57
953.16	3623.68
954.78	3597.52
956.40	3595.43
958.02	3583.92
959.64	3601.71
961.26	3592.29
962.88	3612.17
964.51	3578.69
966.13	3621.59
967.75	3596.48
969.37	3598.57
970.99	3586.01
972.61	3611.13
974.23	3598.57
975.85	3611.13
977.47	3600.66
979.09	3614.27
980.71	3602.76
982.33	3617.41
983.95	3610.08
985.57	3636.24
987.19	3609.03
988.81	3633.10
990.43	3613.22
992.05	3633.10
993.67	3644.61
995.29	3656.12
996.91	3628.92
998.53	3671.82
1000.15	3660.31
1001.77	3676.00
1003.39	3663.45
1005.01	3690.65
1006.63	3682.28
1008.25	3709.49
1009.86	3704.26
1011.48	3715.77
1013.10	3693.79
1014.72	3715.77
1016.34	3712.63
1017.96	3747.16
1019.58	3719.95
1021.19	3744.02
1022.81	3735.65
1024.43	3765.99
1026.05	3750.30
1027.66	3772.27
1029.28	3754.48
1030.90	3760.76
1032.52	3742.97
1034.13	3780.64
1035.75	3771.23
1037.37	3789.02
1038.98	3789.02
1040.60	3791.11
1042.22	3763.90
1043.83	3783.78
1045.45	3769.13
1047.07	3797.39
1048.68	3779.60
1050.30	3785.88
1051.92	3777.50
1053.53	3795.29
1055.15	3791.11
1056.76	3791.11
1058.38	3781.69
1059.99	3806.80
1061.61	3783.78
1063.22	3793.20
1064.84	3782.74
1066.46	3790.06
1068.07	3769.13
1069.68	3790.06
1071.30	3778.55
1072.91	3780.64
1074.53	3762.86
1076.14	3794.25
1077.76	3762.86
1079.37	3778.55
1080.98	3734.60
1082.60	3772.27
1084.21	3758.67
1085.83	3770.18
1087.44	3758.67
1089.05	3759.72
1090.67	3742.97
1092.28	3754.48
1093.89	3747.16
1095.50	3754.48
1097.12	3728.32
1098.73	3754.48
1100.34	3718.91
1101.95	3754.48
1103.57	3740.88
1105.18	3744.02
1106.79	3731.46
1108.40	3752.39
1110.01	3744.02
1111.63	3760.76
1113.24	3741.93
1114.85	3756.58
1116.46	3738.79
1118.07	3760.76
1119.68	3727.28
1121.29	3752.39
1122.90	3737.74
1124.51	3760.76
1126.12	3748.21
1127.73	3764.95
1129.34	3750.30
1130.95	3762.86
1132.56	3752.39
1134.17	3751.34
1135.78	3744.02
1137.39	3765.99
1139.00	3740.88
1140.61	3759.72
1142.22	3758.67
1143.83	3761.81
1145.44	3745.07
1147.05	3759.72
1148.65	3761.81
1150.26	3761.81
1151.87	3752.39
1153.48	3762.86
1155.09	3761.81
1156.69	3776.46
1158.30	3744.02
1159.91	3763.90
1161.52	3760.76
1163.12	3776.46
1164.73	3759.72
1166.34	3781.69
1167.94	3754.48
1169.55	3783.78
1171.16	3770.18
1172.76	3780.64
1174.37	3759.72
1175.97	3786.92
1177.58	3755.53
1179.19	3784.83
1180.79	3753.44
1182.40	3775.41
1184.00	3751.34
1185.61	3791.11
1187.21	3769.13
1188.82	3782.74
1190.42	3763.90
1192.02	3774.37
1193.63	3751.34
1195.23	3774.37
1196.84	3762.86
1198.44	3781.69
1200.04	3770.18
1201.65	3775.41
1203.25	3748.21
1204.85	3774.37
1206.46	3744.02
1208.06	3760.76
1209.66	3744.02
1211.26	3765.99
1212.87	3772.27
1214.47	3769.13
1216.07	3761.81
1217.67	3761.81
1219.27	3737.74
1220.87	3757.62
1222.48	3748.21
1224.08	3750.30
1225.68	3735.65
1227.28	3747.16
1228.88	3728.32
1230.48	3740.88
1232.08	3705.30
1233.68	3730.42
1235.28	3729.37
1236.88	3724.14
1238.48	3696.93
1240.08	3730.42
1241.68	3692.75
1243.28	3713.67
1244.87	3684.38
1246.47	3690.65
1248.07	3677.05
1249.67	3699.02
1251.27	3683.33
1252.87	3671.82
1254.46	3649.84
1256.06	3667.63
1257.66	3655.08
1259.26	3669.73
1260.85	3650.89
1262.45	3648.80
1264.05	3643.57
1265.64	3650.89
1267.24	3640.43
1268.83	3661.35
1270.43	3639.38
1272.03	3667.63
1273.62	3624.73
1275.22	3631.01
1276.81	3637.29
1278.41	3636.24
1280.00	3626.82
1281.60	3628.92
1283.19	3606.94
1284.79	3635.19
1286.38	3611.13
1287.97	3624.73
1289.57	3602.76
1291.16	3612.17
1292.75	3597.52
1294.35	3609.03
1295.94	3592.29
1297.53	3607.99
1299.12	3583.92
1300.72	3612.17
1302.31	3576.60
1303.90	3601.71
1305.49	3584.97
1307.08	3575.55
1308.68	3571.36
1310.27	3581.83
1311.86	3572.41
1313.45	3582.87
1315.04	3555.67
1316.63	3567.18
1318.22	3542.06
1319.81	3558.81
1321.40	3546.25
1322.99	3557.76
1324.58	3531.60
1326.17	3537.88
1327.75	3511.72
1329.34	3532.65
1330.93	3525.32
1332.52	3523.23
1334.11	3520.09
1335.70	3522.18
1337.28	3499.16
1338.87	3507.53
1340.46	3485.56
1342.05	3501.26
1343.63	3485.56
1345.22	3493.93
1346.81	3483.47
1348.39	3480.33
1349.98	3469.86
1351.56	3469.86
1353.15	3455.21
1354.73	3459.40
1356.32	3429.05
1357.90	3424.87
1359.49	3420.68
1361.07	3401.85
1362.66	3381.97
1364.24	3407.08
1365.82	3400.80
1367.41	3406.03
1368.99	3368.36
1370.57	3368.36
1372.16	3370.46
1373.74	3372.55
1375.32	3352.67
1376.91	3349.53
1378.49	3310.81
1380.07	3272.09
1381.65	3244.89
1383.23	3240.70
1384.81	3239.66
1386.39	3242.79
1387.97	3233.38
1389.55	3229.19
1391.14	3215.59
1392.72	3199.89
1394.29	3196.75
1395.87	3183.15
1397.45	3174.78
1399.03	3181.06
1400.61	3147.57
1402.19	3146.53
1403.77	3119.32
1405.35	3144.43
1406.92	3119.32
1408.50	3130.83
1410.08	3119.32
1411.66	3115.13
1413.23	3105.72
1414.81	3114.09
1416.39	3090.02
1417.96	3106.76
1419.54	3097.34
1421.12	3114.09
1422.69	3106.76
1424.27	3094.21
1425.84	3093.16
1427.42	3086.88
1428.99	3080.60
1430.57	3072.23
1432.14	3069.09
1433.71	3077.46
1435.29	3079.56
1436.86	3079.56
1438.43	3075.37
1440.01	3073.28
1441.58	2944.57
1443.15	3076.42
1444.72	3064.91
1446.30	3054.44
1447.87	3064.91
1449.44	3053.40
1451.01	3037.70
1452.58	3060.72
1454.15	3054.44
1455.72	3052.35
1457.29	3050.26
1458.86	3070.14
1460.43	3054.44
1462.00	3070.14
1463.57	3053.40
1465.14	3050.26
1466.71	3036.65
1468.28	3050.26
1469.85	3046.07
1471.41	3052.35
1472.98	3038.75
1474.55	3054.44
1476.12	3038.75
1477.68	3041.89
1479.25	3056.54
1480.82	3052.35
1482.38	3053.40
1483.95	3047.12
1485.51	3051.30
1487.08	3069.09
1488.64	3062.81
1490.21	3072.23
1491.77	3051.30
1493.34	3073.28
1494.90	3042.93
1496.46	3051.30
1498.03	3056.54
1499.59	3067.00
1501.15	3052.35
1502.72	3060.72
1504.28	3065.95
1505.84	3065.95
1507.40	3063.86
1508.97	3081.65
1510.53	3070.14
1512.09	3087.93
1513.65	3079.56
1515.21	3078.51
1516.77	3053.40
1518.33	3079.56
1519.89	3069.09
1521.45	3081.65
1523.01	3065.95
1524.57	3088.97
1526.13	3078.51
1527.68	3083.74
1529.24	3082.70
1530.80	3079.56
1532.36	3085.83
1533.92	3076.42
1535.47	3059.67
1537.03	3071.18
1538.59	3079.56
1540.14	3077.46
1541.70	3068.05
1543.25	3084.79
1544.81	3073.28
1546.36	3081.65
1547.92	3055.49
1549.47	3063.86
1551.03	3062.81
1552.58	3063.86
1554.13	3053.40
1555.69	3069.09
1557.24	3050.26
1558.79	3057.58
1560.35	3042.93
1561.90	3056.54
1563.45	3040.84
1565.00	3054.44
1566.55	3043.98
1568.10	3052.35
1569.66	3036.65
1571.21	3052.35
1572.76	3039.79
1574.31	3037.70
1575.86	3033.51
1577.40	3023.05
1578.95	3017.82
1580.50	3031.42
1582.05	3014.68
1583.60	3027.24
1585.15	3017.82
1586.69	3026.19
1588.24	3018.86
1589.79	3027.24
1591.34	2992.70
1592.88	3018.86
1594.43	3000.03
1595.97	3013.63
1597.52	3007.35
1599.06	3013.63
1600.61	3009.45
1602.15	3020.96
1603.70	3007.35
1605.24	3014.68
1606.79	3005.26
1608.33	2995.84
1609.87	2984.33
1611.41	2992.70
1612.96	2992.70
1614.50	2980.15
1616.04	2986.43
1617.58	2996.89
1619.12	2980.15
1620.67	2989.57
1622.21	2948.76
1623.75	2980.15
1625.29	2963.41
1626.83	2958.17
1628.37	2955.03
1629.90	2945.62
1631.44	2939.34
1632.98	2941.43
1634.52	2916.32
1636.06	2912.13
1637.59	2912.13
1639.13	2892.25
1640.67	2881.79
1642.21	2864.00
1643.74	2854.58
1645.28	2834.70
1646.81	2815.86
1648.35	2827.37
1649.88	2786.56
1651.42	2794.94
1652.95	2766.68
1654.49	2783.42
1656.02	2765.64
1657.55	2759.36
1659.09	2734.24
1660.62	2752.03
1662.15	2740.52
1663.68	2747.85
1665.22	2725.87
1666.75	2732.15
1668.28	2725.87
1669.81	2736.34
1671.34	2711.22
1672.87	2722.73
1674.40	2726.92
1675.93	2715.41
1677.46	2700.76
1678.99	2698.67
1680.52	2698.67
1682.04	2708.08
1683.57	2695.53
1685.10	2707.04
1686.63	2702.85
1688.15	2701.81
1689.68	2680.88
1691.21	2687.16
1692.73	2684.02
1694.26	2695.53
1695.78	2684.02
1697.31	2689.25
1698.83	2676.69
1700.36	2689.25
1701.88	2678.78
1703.40	2693.43
1704.93	2685.06
1706.45	2680.88
