896.35	3036.65
897.98	3050.26
899.60	3054.44
901.22	3075.37
902.85	3054.44
904.47	3072.23
906.10	3083.74
907.72	3092.11
909.34	3107.81
910.97	3129.78
912.59	3148.62
914.21	3176.87
915.84	3207.22
917.46	3259.54
919.08	3277.33
920.71	3296.16
922.33	3307.67
923.95	3336.97
925.58	3349.53
927.20	3355.81
928.82	3359.99
930.44	3390.34
932.07	3376.73
933.69	3385.10
935.31	3392.43
936.93	3410.22
938.56	3407.08
940.18	3411.26
941.80	3409.17
943.42	3430.10
945.05	3443.70
946.67	3426.96
948.29	3433.24
949.91	3438.47
951.53	3447.89
953.16	3454.17
954.78	3444.75
956.40	3441.61
958.02	3441.61
959.64	3445.80
961.26	3441.61
962.88	3454.17
964.51	3431.15
966.13	3455.21
967.75	3441.61
969.37	3435.33
970.99	3429.05
972.61	3439.52
974.23	3436.38
975.85	3442.66
977.47	3445.80
979.09	3453.12
980.71	3445.80
982.33	3456.26
983.95	3457.31
985.57	3474.05
987.19	3448.94
988.81	3467.77
990.43	3458.35
992.05	3469.86
993.67	3483.47
995.29	3485.56
996.91	3467.77
998.53	3510.67
1000.15	3490.79
1001.77	3512.77
1003.39	3509.63
1005.01	3520.09
1006.63	3513.81
1008.25	3532.65
1009.86	3525.32
1011.48	3534.74
1013.10	3531.60
1014.72	3545.20
1016.34	3536.83
1017.96	3559.85
1019.58	3550.44
1021.19	3553.58
1022.81	3550.44
1024.43	3576.60
1026.05	3560.90
1027.66	3582.87
1029.28	3574.50
1030.90	3583.92
1032.52	3567.18
1034.13	3589.15
1035.75	3598.57
1037.37	3595.43
1038.98	3599.62
1040.60	3599.62
1042.22	3577.64
1043.83	3597.52
1045.45	3593.34
1047.07	3598.57
1048.68	3602.76
1050.30	3597.52
1051.92	3599.62
1053.53	3607.99
1055.15	3616.36
1056.76	3619.50
1058.38	3601.71
1059.99	3615.31
1061.61	3599.62
1063.22	3599.62
1064.84	3603.80
1066.46	3612.17
1068.07	3593.34
1069.68	3593.34
1071.30	3595.43
1072.91	3596.48
1074.53	3593.34
1076.14	3603.80
1077.76	3589.15
1079.37	3593.34
1080.98	3559.85
1082.60	3586.01
1084.21	3580.78
1085.83	3580.78
1087.44	3571.36
1089.05	3564.04
1090.67	3560.90
1092.28	3569.27
1093.89	3572.41
1095.50	3579.74
1097.12	3558.81
1098.73	3574.50
1100.34	3538.93
1101.95	3571.36
1103.57	3557.76
1105.18	3558.81
1106.79	3551.48
1108.40	3576.60
1110.01	3560.90
1111.63	3565.09
1113.24	3572.41
1114.85	3577.64
1116.46	3568.22
1118.07	3576.60
1119.68	3554.62
1121.29	3579.74
1122.90	3559.85
1124.51	3564.04
1126.12	3574.50
1127.73	3580.78
1129.34	3569.27
1130.95	3580.78
1132.56	3589.15
1134.17	3562.99
1135.78	3570.32
1137.39	3588.11
1139.00	3567.18
1140.61	3582.87
1142.22	3575.55
1143.83	3576.60
1145.44	3568.22
1147.05	3581.83
1148.65	3584.97
1150.26	3580.78
1151.87	3574.50
1153.48	3584.97
1155.09	3593.34
1156.69	3598.57
1158.30	3577.64
1159.91	3577.64
1161.52	3580.78
1163.12	3589.15
1164.73	3579.74
1166.34	3595.43
1167.94	3586.01
1169.55	3601.71
1171.16	3593.34
1172.76	3603.80
1174.37	3592.29
1175.97	3606.94
1177.58	3566.13
1179.19	3615.31
1180.79	3590.20
1182.40	3612.17
1184.00	3589.15
1185.61	3603.80
1187.21	3603.80
1188.82	3600.66
1190.42	3597.52
1192.02	3599.62
1193.63	3583.92
1195.23	3603.80
1196.84	3600.66
1198.44	3601.71
1200.04	3594.38
1201.65	3601.71
1203.25	3593.34
1204.85	3610.08
1206.46	3578.69
1208.06	3589.15
1209.66	3586.01
1211.26	3591.25
1212.87	3598.57
1214.47	3587.06
1216.07	3582.87
1217.67	3586.01
1219.27	3568.22
1220.87	3579.74
1222.48	3569.27
1224.08	3575.55
1225.68	3566.13
1227.28	3569.27
1228.88	3562.99
1230.48	3575.55
1232.08	3549.39
1233.68	3561.95
1235.28	3558.81
1236.88	3544.16
1238.48	3545.20
1240.08	3573.46
1241.68	3527.42
1243.28	3531.60
1244.87	3521.14
1246.47	3527.42
1248.07	3510.67
1249.67	3519.04
1251.27	3529.51
1252.87	3516.95
1254.46	3501.26
1256.06	3501.26
1257.66	3497.07
1259.26	3493.93
1260.85	3501.26
1262.45	3506.49
1264.05	3494.98
1265.64	3494.98
1267.24	3489.74
1268.83	3498.12
1270.43	3489.74
1272.03	3508.58
1273.62	3479.28
1275.22	3470.91
1276.81	3478.23
1278.41	3485.56
1280.00	3480.33
1281.60	3477.19
1283.19	3466.72
1284.79	3482.42
1286.38	3469.86
1287.97	3482.42
1289.57	3460.45
1291.16	3474.05
1292.75	3451.03
1294.35	3463.58
1295.94	3448.94
1297.53	3453.12
1299.12	3434.29
1300.72	3462.54
1302.31	3426.96
1303.90	3460.45
1305.49	3454.17
1307.08	3441.61
1308.68	3422.78
1310.27	3437.42
1311.86	3428.01
1313.45	3439.52
1315.04	3431.15
1316.63	3428.01
1318.22	3423.82
1319.81	3421.73
1321.40	3412.31
1322.99	3421.73
1324.58	3396.62
1326.17	3411.26
1327.75	3398.71
1329.34	3403.94
1330.93	3387.20
1332.52	3388.24
1334.11	3380.92
1335.70	3374.64
1337.28	3368.36
1338.87	3381.97
1340.46	3371.50
1342.05	3384.06
1343.63	3367.32
1345.22	3365.22
1346.81	3367.32
1348.39	3367.32
1349.98	3352.67
1351.56	3346.39
1353.15	3340.11
1354.73	3340.11
1356.32	3319.18
1357.90	3317.09
1359.49	3318.14
1361.07	3306.62
1362.66	3289.88
1364.24	3293.02
1365.82	3285.70
1367.41	3298.25
1368.99	3277.33
1370.57	3265.82
1372.16	3263.72
1373.74	3276.28
1375.32	3267.91
1376.91	3255.35
1378.49	3216.63
1380.07	3192.57
1381.65	3182.10
1383.23	3170.59
1384.81	3169.55
1386.39	3164.31
1387.97	3167.45
1389.55	3166.41
1391.14	3146.53
1392.72	3137.11
1394.29	3136.06
1395.87	3129.78
1397.45	3123.50
1399.03	3120.37
1400.61	3110.95
1402.19	3110.95
1403.77	3088.97
1405.35	3103.62
1406.92	3093.16
1408.50	3104.67
1410.08	3090.02
1411.66	3080.60
1413.23	3083.74
1414.81	3095.25
1416.39	3071.18
1417.96	3084.79
1419.54	3070.14
1421.12	3074.32
1422.69	3081.65
1424.27	3070.14
1425.84	3068.05
1427.42	3068.05
1428.99	3072.23
1430.57	3072.23
1432.14	3064.91
1433.71	3060.72
1435.29	3062.81
1436.86	3064.91
1438.43	3055.49
1440.01	3051.30
1441.58	2934.11
1443.15	3059.67
1444.72	3050.26
1446.30	3054.44
1447.87	3052.35
1449.44	3041.89
1451.01	3028.28
1452.58	3052.35
1454.15	3052.35
1455.72	3037.70
1457.29	3034.56
1458.86	3050.26
1460.43	3029.33
1462.00	3045.02
1463.57	3031.42
1465.14	3042.93
1466.71	3034.56
1468.28	3032.47
1469.85	3034.56
1471.41	3038.75
1472.98	3022.00
1474.55	3034.56
1476.12	3016.77
1477.68	3023.05
1479.25	3034.56
1480.82	3036.65
1482.38	3035.61
1483.95	3026.19
1485.51	3031.42
1487.08	3046.07
1488.64	3037.70
1490.21	3046.07
1491.77	3030.38
1493.34	3048.16
1494.90	3025.14
1496.46	3039.79
1498.03	3039.79
1499.59	3034.56
1501.15	3036.65
1502.72	3034.56
1504.28	3037.70
1505.84	3033.51
1507.40	3026.19
1508.97	3043.98
1510.53	3033.51
1512.09	3042.93
1513.65	3048.16
1515.21	3046.07
1516.77	3026.19
1518.33	3049.21
1519.89	3041.89
1521.45	3039.79
1523.01	3041.89
1524.57	3051.30
1526.13	3032.47
1527.68	3042.93
1529.24	3043.98
1530.80	3038.75
1532.36	3040.84
1533.92	3029.33
1535.47	3022.00
1537.03	3030.38
1538.59	3024.10
1540.14	3027.24
1541.70	3012.59
1543.25	3039.79
1544.81	3027.24
1546.36	3029.33
1547.92	3013.63
1549.47	3025.14
1551.03	3016.77
1552.58	3010.49
1554.13	3009.45
1555.69	3023.05
1557.24	3007.35
1558.79	3004.22
1560.35	2998.98
1561.90	3014.68
1563.45	3004.22
1565.00	3002.12
1566.55	2998.98
1568.10	3000.03
1569.66	2989.57
1571.21	3007.35
1572.76	2996.89
1574.31	2995.84
1575.86	2995.84
1577.40	2990.61
1578.95	2981.19
1580.50	2979.10
1582.05	2966.54
1583.60	2985.38
1585.15	2967.59
1586.69	2975.96
1588.24	2979.10
1589.79	2982.24
1591.34	2955.03
1592.88	2971.78
1594.43	2948.76
1595.97	2962.36
1597.52	2970.73
1599.06	2969.68
1600.61	2959.22
1602.15	2970.73
1603.70	2963.41
1605.24	2964.45
1606.79	2961.31
1608.33	2949.80
1609.87	2944.57
1611.41	2958.17
1612.96	2955.03
1614.50	2936.20
1616.04	2936.20
1617.58	2951.90
1619.12	2940.38
1620.67	2946.66
1622.21	2912.13
1623.75	2937.25
1625.29	2912.13
1626.83	2911.09
1628.37	2923.64
1629.90	2902.71
1631.44	2904.81
1632.98	2907.95
1634.52	2870.28
1636.06	2880.74
1637.59	2873.42
1639.13	2856.67
1640.67	2847.26
1642.21	2829.47
1643.74	2822.14
1645.28	2800.17
1646.81	2785.52
1648.35	2791.80
1649.88	2767.73
1651.42	2776.10
1652.95	2750.99
1654.49	2769.82
1656.02	2749.94
1657.55	2748.89
1659.09	2717.50
1660.62	2732.15
1662.15	2714.36
1663.68	2718.55
1665.22	2710.18
1666.75	2713.32
1668.28	2716.45
1669.81	2729.01
1671.34	2710.18
1672.87	2712.27
1674.40	2714.36
1675.93	2702.85
1677.46	2689.25
1678.99	2691.34
1680.52	2691.34
1682.04	2707.04
1683.57	2693.43
1685.10	2700.76
1686.63	2685.06
1688.15	2687.16
1689.68	2678.78
1691.21	2682.97
1692.73	2692.39
1694.26	2686.11
1695.78	2667.27
1697.31	2679.83
1698.83	2673.55
1700.36	2685.06
1701.88	2671.46
1703.40	2687.16
1704.93	2667.27
1706.45	2671.46
