896.35	2981.19
897.98	2991.66
899.60	2989.57
901.22	3007.35
902.85	3001.08
904.47	3017.82
906.10	3023.05
907.72	3029.33
909.34	3042.93
910.97	3057.58
912.59	3081.65
914.21	3109.90
915.84	3122.46
917.46	3170.59
919.08	3192.57
920.71	3206.17
922.33	3228.14
923.95	3239.66
925.58	3257.44
927.20	3254.30
928.82	3264.77
930.44	3282.56
932.07	3270.00
933.69	3273.14
935.31	3294.07
936.93	3298.25
938.56	3302.44
940.18	3309.76
941.80	3303.49
943.42	3326.51
945.05	3333.83
946.67	3327.55
948.29	3331.74
949.91	3326.51
951.53	3336.97
953.16	3339.06
954.78	3326.51
956.40	3318.14
958.02	3325.46
959.64	3333.83
961.26	3330.69
962.88	3340.11
964.51	3325.46
966.13	3348.48
967.75	3341.16
969.37	3326.51
970.99	3320.23
972.61	3330.69
974.23	3330.69
975.85	3338.02
977.47	3333.83
979.09	3338.02
980.71	3329.65
982.33	3345.34
983.95	3347.43
985.57	3372.55
987.19	3345.34
988.81	3348.48
990.43	3345.34
992.05	3363.13
993.67	3370.46
995.29	3365.22
996.91	3353.71
998.53	3385.10
1000.15	3378.83
1001.77	3385.10
1003.39	3394.52
1005.01	3392.43
1006.63	3401.85
1008.25	3409.17
1009.86	3412.31
1011.48	3402.89
1013.10	3402.89
1014.72	3424.87
1016.34	3422.78
1017.96	3434.29
1019.58	3420.68
1021.19	3428.01
1022.81	3423.82
1024.43	3441.61
1026.05	3430.10
1027.66	3455.21
1029.28	3449.98
1030.90	3445.80
1032.52	3435.33
1034.13	3449.98
1035.75	3456.26
1037.37	3458.35
1038.98	3469.86
1040.60	3468.82
1042.22	3440.56
1043.83	3453.12
1045.45	3466.72
1047.07	3471.96
1048.68	3467.77
1050.30	3462.54
1051.92	3471.96
1053.53	3470.91
1055.15	3474.05
1056.76	3474.05
1058.38	3475.10
1059.99	3483.47
1061.61	3462.54
1063.22	3462.54
1064.84	3461.49
1066.46	3464.63
1068.07	3460.45
1069.68	3462.54
1071.30	3468.82
1072.91	3457.31
1074.53	3461.49
1076.14	3473.00
1077.76	3449.98
1079.37	3453.12
1080.98	3426.96
1082.60	3448.94
1084.21	3448.94
1085.83	3447.89
1087.44	3443.70
1089.05	3432.19
1090.67	3426.96
1092.28	3433.24
1093.89	3441.61
1095.50	3437.42
1097.12	3435.33
1098.73	3437.42
1100.34	3412.31
1101.95	3445.80
1103.57	3440.56
1105.18	3433.24
1106.79	3425.91
1108.40	3435.33
1110.01	3440.56
1111.63	3438.47
1113.24	3426.96
1114.85	3439.52
1116.46	3441.61
1118.07	3446.84
1119.68	3422.78
1121.29	3436.38
1122.90	3430.10
1124.51	3443.70
1126.12	3444.75
1127.73	3452.07
1129.34	3442.66
1130.95	3448.94
1132.56	3446.84
1134.17	3425.91
1135.78	3424.87
1137.39	3436.38
1139.00	3433.24
1140.61	3439.52
1142.22	3446.84
1143.83	3438.47
1145.44	3434.29
1147.05	3436.38
1148.65	3431.15
1150.26	3430.10
1151.87	3430.10
1153.48	3441.61
1155.09	3443.70
1156.69	3446.84
1158.30	3431.15
1159.91	3439.52
1161.52	3449.98
1163.12	3460.45
1164.73	3439.52
1166.34	3462.54
1167.94	3453.12
1169.55	3449.98
1171.16	3445.80
1172.76	3455.21
1174.37	3447.89
1175.97	3459.40
1177.58	3439.52
1179.19	3459.40
1180.79	3441.61
1182.40	3452.07
1184.00	3443.70
1185.61	3467.77
1187.21	3457.31
1188.82	3461.49
1190.42	3454.17
1192.02	3454.17
1193.63	3443.70
1195.23	3445.80
1196.84	3455.21
1198.44	3453.12
1200.04	3452.07
1201.65	3451.03
1203.25	3443.70
1204.85	3452.07
1206.46	3429.05
1208.06	3438.47
1209.66	3425.91
1211.26	3433.24
1212.87	3451.03
1214.47	3440.56
1216.07	3436.38
1217.67	3447.89
1219.27	3422.78
1220.87	3424.87
1222.48	3425.91
1224.08	3426.96
1225.68	3425.91
1227.28	3424.87
1228.88	3415.45
1230.48	3431.15
1232.08	3404.99
1233.68	3422.78
1235.28	3425.91
1236.88	3406.03
1238.48	3397.66
1240.08	3425.91
1241.68	3392.43
1243.28	3401.85
1244.87	3396.62
1246.47	3395.57
1248.07	3373.59
1249.67	3384.06
1251.27	3392.43
1252.87	3375.69
1254.46	3357.90
1256.06	3369.41
1257.66	3371.50
1259.26	3366.27
1260.85	3370.46
1262.45	3366.27
1264.05	3355.81
1265.64	3358.94
1267.24	3361.04
1268.83	3374.64
1270.43	3351.62
1272.03	3368.36
1273.62	3344.30
1275.22	3336.97
1276.81	3346.39
1278.41	3348.48
1280.00	3351.62
1281.60	3340.11
1283.19	3331.74
1284.79	3347.43
1286.38	3324.41
1287.97	3339.06
1289.57	3330.69
1291.16	3330.69
1292.75	3313.95
1294.35	3327.55
1295.94	3316.04
1297.53	3328.60
1299.12	3310.81
1300.72	3336.97
1302.31	3307.67
1303.90	3333.83
1305.49	3321.27
1307.08	3305.58
1308.68	3301.39
1310.27	3305.58
1311.86	3306.62
1313.45	3305.58
1315.04	3299.30
1316.63	3303.49
1318.22	3290.93
1319.81	3277.33
1321.40	3285.70
1322.99	3289.88
1324.58	3260.58
1326.17	3271.05
1327.75	3267.91
1329.34	3274.19
1330.93	3261.63
1332.52	3265.82
1334.11	3254.30
1335.70	3258.49
1337.28	3251.17
1338.87	3258.49
1340.46	3253.26
1342.05	3248.03
1343.63	3244.89
1345.22	3242.79
1346.81	3246.98
1348.39	3239.66
1349.98	3227.10
1351.56	3216.63
1353.15	3215.59
1354.73	3222.91
1356.32	3205.12
1357.90	3199.89
1359.49	3199.89
1361.07	3185.24
1362.66	3174.78
1364.24	3192.57
1365.82	3181.06
1367.41	3187.34
1368.99	3172.69
1370.57	3164.31
1372.16	3161.18
1373.74	3158.04
1375.32	3153.85
1376.91	3145.48
1378.49	3110.95
1380.07	3091.07
1381.65	3085.83
1383.23	3064.91
1384.81	3065.95
1386.39	3065.95
1387.97	3071.18
1389.55	3058.63
1391.14	3053.40
1392.72	3040.84
1394.29	3036.65
1395.87	3032.47
1397.45	3018.86
1399.03	3018.86
1400.61	3004.22
1402.19	3000.03
1403.77	2989.57
1405.35	3000.03
1406.92	2991.66
1408.50	3003.17
1410.08	2989.57
1411.66	2971.78
1413.23	2970.73
1414.81	2985.38
1416.39	2964.45
1417.96	2979.10
1419.54	2967.59
1421.12	2975.96
1422.69	2978.06
1424.27	2959.22
1425.84	2971.78
1427.42	2959.22
1428.99	2958.17
1430.57	2958.17
1432.14	2958.17
1433.71	2955.03
1435.29	2959.22
1436.86	2953.99
1438.43	2953.99
1440.01	2944.57
1441.58	2821.10
1443.15	2941.43
1444.72	2943.52
1446.30	2942.48
1447.87	2945.62
1449.44	2943.52
1451.01	2923.64
1452.58	2947.71
1454.15	2945.62
1455.72	2941.43
1457.29	2935.15
1458.86	2946.66
1460.43	2928.87
1462.00	2948.76
1463.57	2929.92
1465.14	2938.29
1466.71	2928.87
1468.28	2935.15
1469.85	2936.20
1471.41	2943.52
1472.98	2932.01
1474.55	2946.66
1476.12	2932.01
1477.68	2938.29
1479.25	2943.52
1480.82	2939.34
1482.38	2943.52
1483.95	2938.29
1485.51	2947.71
1487.08	2952.94
1488.64	2946.66
1490.21	2949.80
1491.77	2928.87
1493.34	2955.03
1494.90	2933.06
1496.46	2941.43
1498.03	2952.94
1499.59	2946.66
1501.15	2947.71
1502.72	2946.66
1504.28	2941.43
1505.84	2950.85
1507.40	2941.43
1508.97	2953.99
1510.53	2950.85
1512.09	2972.82
1513.65	2959.22
1515.21	2953.99
1516.77	2935.15
1518.33	2964.45
1519.89	2959.22
1521.45	2946.66
1523.01	2958.17
1524.57	2962.36
1526.13	2961.31
1527.68	2964.45
1529.24	2967.59
1530.80	2955.03
1532.36	2965.50
1533.92	2960.27
1535.47	2948.76
1537.03	2949.80
1538.59	2946.66
1540.14	2944.57
1541.70	2936.20
1543.25	2952.94
1544.81	2947.71
1546.36	2955.03
1547.92	2945.62
1549.47	2952.94
1551.03	2949.80
1552.58	2941.43
1554.13	2938.29
1555.69	2949.80
1557.24	2941.43
1558.79	2940.38
1560.35	2934.11
1561.90	2943.52
1563.45	2928.87
1565.00	2937.25
1566.55	2932.01
1568.10	2928.87
1569.66	2920.50
1571.21	2934.11
1572.76	2920.50
1574.31	2934.11
1575.86	2925.74
1577.40	2916.32
1578.95	2915.27
1580.50	2926.78
1582.05	2911.09
1583.60	2913.18
1585.15	2900.62
1586.69	2910.04
1588.24	2912.13
1589.79	2913.18
1591.34	2895.39
1592.88	2915.27
1594.43	2895.39
1595.97	2910.04
1597.52	2899.58
1599.06	2901.67
1600.61	2893.30
1602.15	2913.18
1603.70	2898.53
1605.24	2903.76
1606.79	2898.53
1608.33	2888.06
1609.87	2880.74
1611.41	2891.20
1612.96	2885.97
1614.50	2882.83
1616.04	2878.65
1617.58	2884.93
1619.12	2879.69
1620.67	2891.20
1622.21	2859.81
1623.75	2876.55
1625.29	2857.72
1626.83	2858.77
1628.37	2881.79
1629.90	2858.77
1631.44	2852.49
1632.98	2848.30
1634.52	2830.51
1636.06	2836.79
1637.59	2840.98
1639.13	2821.10
1640.67	2820.05
1642.21	2802.26
1643.74	2790.75
1645.28	2775.05
1646.81	2767.73
1648.35	2776.10
1649.88	2742.62
1651.42	2745.75
1652.95	2727.97
1654.49	2747.85
1656.02	2730.06
1657.55	2724.83
1659.09	2705.99
1660.62	2720.64
1662.15	2708.08
1663.68	2704.94
1665.22	2704.94
1666.75	2710.18
1668.28	2696.57
1669.81	2710.18
1671.34	2695.53
1672.87	2697.62
1674.40	2705.99
1675.93	2694.48
1677.46	2681.92
1678.99	2679.83
1680.52	2685.06
1682.04	2696.57
1683.57	2679.83
1685.10	2691.34
1686.63	2681.92
1688.15	2687.16
1689.68	2674.60
1691.21	2673.55
1692.73	2674.60
1694.26	2677.74
1695.78	2668.32
1697.31	2673.55
1698.83	2666.23
1700.36	2675.65
1701.88	2659.95
1703.40	2677.74
1704.93	2662.04
1706.45	2663.09
