896.35	3124.55
897.98	3146.53
899.60	3136.06
901.22	3162.22
902.85	3152.80
904.47	3182.10
906.10	3180.01
907.72	3193.61
909.34	3203.03
910.97	3231.28
912.59	3252.21
914.21	3294.07
915.84	3329.65
917.46	3389.29
919.08	3401.85
920.71	3440.56
922.33	3460.45
923.95	3492.88
925.58	3503.35
927.20	3514.86
928.82	3515.90
930.44	3556.71
932.07	3533.69
933.69	3548.34
935.31	3549.39
936.93	3578.69
938.56	3570.32
940.18	3597.52
941.80	3571.36
943.42	3599.62
945.05	3602.76
946.67	3612.17
948.29	3603.80
949.91	3611.13
951.53	3609.03
953.16	3624.73
954.78	3609.03
956.40	3620.54
958.02	3603.80
959.64	3623.68
961.26	3603.80
962.88	3617.41
964.51	3587.06
966.13	3626.82
967.75	3606.94
969.37	3615.31
970.99	3601.71
972.61	3615.31
974.23	3600.66
975.85	3621.59
977.47	3621.59
979.09	3626.82
980.71	3607.99
982.33	3631.01
983.95	3631.01
985.57	3656.12
987.19	3628.92
988.81	3655.08
990.43	3634.15
992.05	3646.70
993.67	3654.03
995.29	3670.77
996.91	3642.52
998.53	3688.56
1000.15	3681.24
1001.77	3705.30
1003.39	3678.10
1005.01	3699.02
1006.63	3686.47
1008.25	3718.91
1009.86	3715.77
1011.48	3731.46
1013.10	3717.86
1014.72	3740.88
1016.34	3730.42
1017.96	3760.76
1019.58	3739.83
1021.19	3760.76
1022.81	3744.02
1024.43	3769.13
1026.05	3752.39
1027.66	3789.02
1029.28	3765.99
1030.90	3789.02
1032.52	3763.90
1034.13	3794.25
1035.75	3783.78
1037.37	3795.29
1038.98	3803.66
1040.60	3809.94
1042.22	3778.55
1043.83	3805.76
1045.45	3789.02
1047.07	3812.04
1048.68	3801.57
1050.30	3804.71
1051.92	3795.29
1053.53	3816.22
1055.15	3798.43
1056.76	3807.85
1058.38	3803.66
1059.99	3825.64
1061.61	3794.25
1063.22	3813.08
1064.84	3802.62
1066.46	3809.94
1068.07	3792.15
1069.68	3818.31
1071.30	3801.57
1072.91	3809.94
1074.53	3780.64
1076.14	3802.62
1077.76	3769.13
1079.37	3796.34
1080.98	3756.58
1082.60	3789.02
1084.21	3771.23
1085.83	3786.92
1087.44	3775.41
1089.05	3776.46
1090.67	3752.39
1092.28	3771.23
1093.89	3758.67
1095.50	3776.46
1097.12	3742.97
1098.73	3781.69
1100.34	3739.83
1101.95	3775.41
1103.57	3755.53
1105.18	3763.90
1106.79	3740.88
1108.40	3780.64
1110.01	3757.62
1111.63	3780.64
1113.24	3760.76
1114.85	3774.37
1116.46	3762.86
1118.07	3789.02
1119.68	3756.58
1121.29	3779.60
1122.90	3752.39
1124.51	3783.78
1126.12	3775.41
1127.73	3794.25
1129.34	3776.46
1130.95	3784.83
1132.56	3769.13
1134.17	3763.90
1135.78	3761.81
1137.39	3793.20
1139.00	3761.81
1140.61	3784.83
1142.22	3780.64
1143.83	3792.15
1145.44	3774.37
1147.05	3790.06
1148.65	3782.74
1150.26	3781.69
1151.87	3763.90
1153.48	3781.69
1155.09	3783.78
1156.69	3794.25
1158.30	3765.99
1159.91	3792.15
1161.52	3790.06
1163.12	3795.29
1164.73	3773.32
1166.34	3794.25
1167.94	3775.41
1169.55	3805.76
1171.16	3790.06
1172.76	3800.53
1174.37	3787.97
1175.97	3812.04
1177.58	3771.23
1179.19	3809.94
1180.79	3784.83
1182.40	3800.53
1184.00	3779.60
1185.61	3798.43
1187.21	3786.92
1188.82	3797.39
1190.42	3775.41
1192.02	3798.43
1193.63	3764.95
1195.23	3797.39
1196.84	3785.88
1198.44	3803.66
1200.04	3786.92
1201.65	3793.20
1203.25	3779.60
1204.85	3786.92
1206.46	3750.30
1208.06	3778.55
1209.66	3770.18
1211.26	3779.60
1212.87	3784.83
1214.47	3784.83
1216.07	3768.09
1217.67	3784.83
1219.27	3753.44
1220.87	3763.90
1222.48	3745.07
1224.08	3754.48
1225.68	3749.25
1227.28	3759.72
1228.88	3739.83
1230.48	3748.21
1232.08	3728.32
1233.68	3747.16
1235.28	3748.21
1236.88	3740.88
1238.48	3717.86
1240.08	3756.58
1241.68	3707.40
1243.28	3722.05
1244.87	3702.16
1246.47	3705.30
1248.07	3682.28
1249.67	3694.84
1251.27	3692.75
1252.87	3686.47
1254.46	3671.82
1256.06	3679.14
1257.66	3667.63
1259.26	3667.63
1260.85	3659.26
1262.45	3671.82
1264.05	3662.40
1265.64	3661.35
1267.24	3649.84
1268.83	3658.22
1270.43	3644.61
1272.03	3676.00
1273.62	3656.12
1275.22	3650.89
1276.81	3645.66
1278.41	3644.61
1280.00	3641.47
1281.60	3636.24
1283.19	3617.41
1284.79	3650.89
1286.38	3624.73
1287.97	3632.06
1289.57	3615.31
1291.16	3629.96
1292.75	3613.22
1294.35	3625.78
1295.94	3604.85
1297.53	3622.64
1299.12	3589.15
1300.72	3614.27
1302.31	3578.69
1303.90	3620.54
1305.49	3610.08
1307.08	3603.80
1308.68	3588.11
1310.27	3598.57
1311.86	3581.83
1313.45	3593.34
1315.04	3571.36
1316.63	3577.64
1318.22	3558.81
1319.81	3561.95
1321.40	3562.99
1322.99	3574.50
1324.58	3539.97
1326.17	3554.62
1327.75	3542.06
1329.34	3560.90
1330.93	3547.30
1332.52	3534.74
1334.11	3529.51
1335.70	3532.65
1337.28	3508.58
1338.87	3528.46
1340.46	3514.86
1342.05	3510.67
1343.63	3500.21
1345.22	3508.58
1346.81	3500.21
1348.39	3504.39
1349.98	3488.70
1351.56	3489.74
1353.15	3460.45
1354.73	3463.58
1356.32	3437.42
1357.90	3443.70
1359.49	3439.52
1361.07	3421.73
1362.66	3400.80
1364.24	3424.87
1365.82	3415.45
1367.41	3426.96
1368.99	3398.71
1370.57	3389.29
1372.16	3390.34
1373.74	3385.10
1375.32	3368.36
1376.91	3353.71
1378.49	3318.14
1380.07	3287.79
1381.65	3267.91
1383.23	3253.26
1384.81	3254.30
1386.39	3254.30
1387.97	3230.24
1389.55	3239.66
1391.14	3223.96
1392.72	3209.31
1394.29	3200.94
1395.87	3191.52
1397.45	3173.73
1399.03	3180.01
1400.61	3160.13
1402.19	3158.04
1403.77	3143.39
1405.35	3159.08
1406.92	3142.34
1408.50	3146.53
1410.08	3133.97
1411.66	3129.78
1413.23	3119.32
1414.81	3125.60
1416.39	3107.81
1417.96	3127.69
1419.54	3110.95
1421.12	3116.18
1422.69	3110.95
1424.27	3103.62
1425.84	3099.44
1427.42	3094.21
1428.99	3091.07
1430.57	3098.39
1432.14	3087.93
1433.71	3092.11
1435.29	3093.16
1436.86	3087.93
1438.43	3078.51
1440.01	3078.51
1441.58	2952.94
1443.15	3083.74
1444.72	3085.83
1446.30	3079.56
1447.87	3082.70
1449.44	3071.18
1451.01	3050.26
1452.58	3077.46
1454.15	3068.05
1455.72	3064.91
1457.29	3059.67
1458.86	3075.37
1460.43	3055.49
1462.00	3091.07
1463.57	3058.63
1465.14	3063.86
1466.71	3056.54
1468.28	3065.95
1469.85	3057.58
1471.41	3074.32
1472.98	3057.58
1474.55	3070.14
1476.12	3054.44
1477.68	3055.49
1479.25	3053.40
1480.82	3059.67
1482.38	3065.95
1483.95	3057.58
1485.51	3054.44
1487.08	3074.32
1488.64	3069.09
1490.21	3082.70
1491.77	3058.63
1493.34	3085.83
1494.90	3061.77
1496.46	3068.05
1498.03	3062.81
1499.59	3067.00
1501.15	3077.46
1502.72	3080.60
1504.28	3080.60
1505.84	3076.42
1507.40	3070.14
1508.97	3085.83
1510.53	3080.60
1512.09	3085.83
1513.65	3082.70
1515.21	3092.11
1516.77	3065.95
1518.33	3090.02
1519.89	3083.74
1521.45	3084.79
1523.01	3083.74
1524.57	3094.21
1526.13	3077.46
1527.68	3096.30
1529.24	3092.11
1530.80	3087.93
1532.36	3084.79
1533.92	3082.70
1535.47	3067.00
1537.03	3078.51
1538.59	3080.60
1540.14	3074.32
1541.70	3070.14
1543.25	3093.16
1544.81	3075.37
1546.36	3094.21
1547.92	3069.09
1549.47	3082.70
1551.03	3079.56
1552.58	3072.23
1554.13	3061.77
1555.69	3077.46
1557.24	3060.72
1558.79	3062.81
1560.35	3055.49
1561.90	3069.09
1563.45	3051.30
1565.00	3063.86
1566.55	3049.21
1568.10	3052.35
1569.66	3031.42
1571.21	3052.35
1572.76	3053.40
1574.31	3049.21
1575.86	3037.70
1577.40	3026.19
1578.95	3030.38
1580.50	3038.75
1582.05	3023.05
1583.60	3038.75
1585.15	3013.63
1586.69	3025.14
1588.24	3024.10
1589.79	3035.61
1591.34	3019.91
1592.88	3030.38
1594.43	3011.54
1595.97	3022.00
1597.52	3014.68
1599.06	3018.86
1600.61	3010.49
1602.15	3022.00
1603.70	3000.03
1605.24	3016.77
1606.79	3016.77
1608.33	2994.80
1609.87	2989.57
1611.41	3003.17
1612.96	3000.03
1614.50	2991.66
1616.04	2990.61
1617.58	3000.03
1619.12	2982.24
1620.67	2994.80
1622.21	2969.68
1623.75	2986.43
1625.29	2956.08
1626.83	2968.64
1628.37	2972.82
1629.90	2953.99
1631.44	2949.80
1632.98	2945.62
1634.52	2921.55
1636.06	2918.41
1637.59	2918.41
1639.13	2893.30
1640.67	2879.69
1642.21	2856.67
1643.74	2856.67
1645.28	2834.70
1646.81	2824.23
1648.35	2823.19
1649.88	2789.70
1651.42	2789.70
1652.95	2772.96
1654.49	2788.66
1656.02	2761.45
1657.55	2762.50
1659.09	2733.20
1660.62	2749.94
1662.15	2731.10
1663.68	2744.71
1665.22	2725.87
1666.75	2730.06
1668.28	2721.69
1669.81	2732.15
1671.34	2716.45
1672.87	2719.59
1674.40	2727.97
1675.93	2711.22
1677.46	2694.48
1678.99	2696.57
1680.52	2700.76
1682.04	2716.45
1683.57	2704.94
1685.10	2703.90
1686.63	2695.53
1688.15	2707.04
1689.68	2684.02
1691.21	2690.29
1692.73	2690.29
1694.26	2693.43
1695.78	2681.92
1697.31	2681.92
1698.83	2678.78
1700.36	2688.20
1701.88	2680.88
1703.40	2689.25
1704.93	2681.92
1706.45	2685.06
