896.35	2788.66
897.98	2795.98
899.60	2797.03
901.22	2807.49
902.85	2797.03
904.47	2806.45
906.10	2817.96
907.72	2817.96
909.34	2830.51
910.97	2820.05
912.59	2837.84
914.21	2838.88
915.84	2855.63
917.46	2876.55
919.08	2887.02
920.71	2889.11
922.33	2910.04
923.95	2907.95
925.58	2941.43
927.20	2915.27
928.82	2919.46
930.44	2924.69
932.07	2928.87
933.69	2914.22
935.31	2929.92
936.93	2934.11
938.56	2939.34
940.18	2943.52
941.80	2945.62
943.42	2951.90
945.05	2973.87
946.67	2942.48
948.29	2957.13
949.91	2935.15
951.53	2959.22
953.16	2966.54
954.78	2970.73
956.40	2948.76
958.02	2953.99
959.64	2955.03
961.26	2957.13
962.88	2950.85
964.51	2945.62
966.13	2960.27
967.75	2969.68
969.37	2948.76
970.99	2958.17
972.61	2950.85
974.23	2963.41
975.85	2956.08
977.47	2970.73
979.09	2962.36
980.71	2959.22
982.33	2965.50
983.95	2977.01
985.57	2981.19
987.19	2973.87
988.81	2972.82
990.43	2963.41
992.05	2969.68
993.67	2986.43
995.29	2978.06
996.91	2974.92
998.53	2983.29
1000.15	2992.70
1001.77	2982.24
1003.39	2990.61
1005.01	2980.15
1006.63	2993.75
1008.25	2992.70
1009.86	3009.45
1011.48	2992.70
1013.10	3003.17
1014.72	3004.22
1016.34	3006.31
1017.96	3012.59
1019.58	3004.22
1021.19	2997.94
1022.81	3009.45
1024.43	3019.91
1026.05	3022.00
1027.66	3014.68
1029.28	3014.68
1030.90	3008.40
1032.52	3009.45
1034.13	3012.59
1035.75	3024.10
1037.37	3020.96
1038.98	3037.70
1040.60	3017.82
1042.22	3013.63
1043.83	3013.63
1045.45	3030.38
1047.07	3019.91
1048.68	3022.00
1050.30	3015.73
1051.92	3041.89
1053.53	3019.91
1055.15	3032.47
1056.76	3020.96
1058.38	3030.38
1059.99	3030.38
1061.61	3027.24
1063.22	3012.59
1064.84	3032.47
1066.46	3031.42
1068.07	3016.77
1069.68	3016.77
1071.30	3031.42
1072.91	3013.63
1074.53	3014.68
1076.14	3024.10
1077.76	3029.33
1079.37	3022.00
1080.98	3004.22
1082.60	3009.45
1084.21	3019.91
1085.83	3019.91
1087.44	3038.75
1089.05	3010.49
1090.67	3010.49
1092.28	3014.68
1093.89	3018.86
1095.50	3010.49
1097.12	3013.63
1098.73	3017.82
1100.34	2998.98
1101.95	3016.77
1103.57	3020.96
1105.18	3013.63
1106.79	3008.40
1108.40	3008.40
1110.01	3013.63
1111.63	3010.49
1113.24	3014.68
1114.85	3013.63
1116.46	3015.73
1118.07	3015.73
1119.68	3013.63
1121.29	3017.82
1122.90	3013.63
1124.51	3011.54
1126.12	3029.33
1127.73	3025.14
1129.34	3031.42
1130.95	3030.38
1132.56	3034.56
1134.17	3006.31
1135.78	3024.10
1137.39	3019.91
1139.00	3008.40
1140.61	3012.59
1142.22	3027.24
1143.83	3017.82
1145.44	3025.14
1147.05	3019.91
1148.65	3027.24
1150.26	3009.45
1151.87	3022.00
1153.48	3013.63
1155.09	3018.86
1156.69	3011.54
1158.30	3014.68
1159.91	3013.63
1161.52	3023.05
1163.12	3022.00
1164.73	3017.82
1166.34	3027.24
1167.94	3025.14
1169.55	3026.19
1171.16	3024.10
1172.76	3031.42
1174.37	3028.28
1175.97	3020.96
1177.58	3004.22
1179.19	3025.14
1180.79	3017.82
1182.40	3019.91
1184.00	3026.19
1185.61	3030.38
1187.21	3033.51
1188.82	3018.86
1190.42	3026.19
1192.02	3018.86
1193.63	3008.40
1195.23	3012.59
1196.84	3023.05
1198.44	3024.10
1200.04	3037.70
1201.65	3028.28
1203.25	3024.10
1204.85	3026.19
1206.46	3016.77
1208.06	3009.45
1209.66	3013.63
1211.26	3013.63
1212.87	3037.70
1214.47	3007.35
1216.07	3019.91
1217.67	3019.91
1219.27	3013.63
1220.87	3014.68
1222.48	3024.10
1224.08	3015.73
1225.68	3017.82
1227.28	3011.54
1228.88	3004.22
1230.48	3011.54
1232.08	3008.40
1233.68	3013.63
1235.28	3029.33
1236.88	3009.45
1238.48	3007.35
1240.08	3029.33
1241.68	2998.98
1243.28	2993.75
1244.87	2997.94
1246.47	2998.98
1248.07	3000.03
1249.67	3002.12
1251.27	3023.05
1252.87	2993.75
1254.46	2994.80
1256.06	2990.61
1257.66	2998.98
1259.26	2981.19
1260.85	2996.89
1262.45	2992.70
1264.05	3000.03
1265.64	2992.70
1267.24	2994.80
1268.83	2993.75
1270.43	2994.80
1272.03	3004.22
1273.62	2988.52
1275.22	2972.82
1276.81	2990.61
1278.41	2987.47
1280.00	2992.70
1281.60	2985.38
1283.19	2980.15
1284.79	2987.47
1286.38	2988.52
1287.97	2988.52
1289.57	2981.19
1291.16	2982.24
1292.75	2968.64
1294.35	2977.01
1295.94	2977.01
1297.53	2980.15
1299.12	2964.45
1300.72	2977.01
1302.31	2953.99
1303.90	2991.66
1305.49	2987.47
1307.08	2967.59
1308.68	2958.17
1310.27	2968.64
1311.86	2969.68
1313.45	2959.22
1315.04	2963.41
1316.63	2961.31
1318.22	2964.45
1319.81	2956.08
1321.40	2952.94
1322.99	2964.45
1324.58	2953.99
1326.17	2958.17
1327.75	2947.71
1329.34	2952.94
1330.93	2948.76
1332.52	2944.57
1334.11	2943.52
1335.70	2942.48
1337.28	2939.34
1338.87	2938.29
1340.46	2940.38
1342.05	2939.34
1343.63	2934.11
1345.22	2936.20
1346.81	2946.66
1348.39	2937.25
1349.98	2937.25
1351.56	2934.11
1353.15	2921.55
1354.73	2934.11
1356.32	2926.78
1357.90	2919.46
1359.49	2916.32
1361.07	2906.90
1362.66	2910.04
1364.24	2913.18
1365.82	2919.46
1367.41	2916.32
1368.99	2900.62
1370.57	2892.25
1372.16	2895.39
1373.74	2897.48
1375.32	2908.99
1376.91	2898.53
1378.49	2876.55
1380.07	2860.86
1381.65	2868.18
1383.23	2858.77
1384.81	2860.86
1386.39	2845.16
1387.97	2864.00
1389.55	2858.77
1391.14	2852.49
1392.72	2846.21
1394.29	2851.44
1395.87	2848.30
1397.45	2829.47
1399.03	2833.65
1400.61	2836.79
1402.19	2834.70
1403.77	2822.14
1405.35	2843.07
1406.92	2826.33
1408.50	2829.47
1410.08	2827.37
1411.66	2813.77
1413.23	2816.91
1414.81	2827.37
1416.39	2813.77
1417.96	2822.14
1419.54	2810.63
1421.12	2821.10
1422.69	2826.33
1424.27	2813.77
1425.84	2822.14
1427.42	2807.49
1428.99	2811.68
1430.57	2810.63
1432.14	2809.58
1433.71	2806.45
1435.29	2816.91
1436.86	2820.05
1438.43	2815.86
1440.01	2801.21
1441.58	2689.25
1443.15	2808.54
1444.72	2811.68
1446.30	2803.31
1447.87	2810.63
1449.44	2798.07
1451.01	2798.07
1452.58	2815.86
1454.15	2805.40
1455.72	2801.21
1457.29	2802.26
1458.86	2807.49
1460.43	2807.49
1462.00	2825.28
1463.57	2817.96
1465.14	2812.72
1466.71	2801.21
1468.28	2802.26
1469.85	2807.49
1471.41	2813.77
1472.98	2798.07
1474.55	2813.77
1476.12	2802.26
1477.68	2792.84
1479.25	2805.40
1480.82	2800.17
1482.38	2814.82
1483.95	2803.31
1485.51	2805.40
1487.08	2810.63
1488.64	2812.72
1490.21	2813.77
1491.77	2795.98
1493.34	2809.58
1494.90	2801.21
1496.46	2799.12
1498.03	2802.26
1499.59	2806.45
1501.15	2799.12
1502.72	2802.26
1504.28	2812.72
1505.84	2812.72
1507.40	2799.12
1508.97	2815.86
1510.53	2813.77
1512.09	2817.96
1513.65	2816.91
1515.21	2816.91
1516.77	2801.21
1518.33	2827.37
1519.89	2812.72
1521.45	2814.82
1523.01	2820.05
1524.57	2819.00
1526.13	2812.72
1527.68	2821.10
1529.24	2821.10
1530.80	2812.72
1532.36	2823.19
1533.92	2809.58
1535.47	2797.03
1537.03	2807.49
1538.59	2819.00
1540.14	2801.21
1541.70	2802.26
1543.25	2823.19
1544.81	2815.86
1546.36	2812.72
1547.92	2791.80
1549.47	2811.68
1551.03	2799.12
1552.58	2794.94
1554.13	2794.94
1555.69	2805.40
1557.24	2794.94
1558.79	2800.17
1560.35	2804.35
1561.90	2804.35
1563.45	2797.03
1565.00	2791.80
1566.55	2784.47
1568.10	2791.80
1569.66	2781.33
1571.21	2800.17
1572.76	2799.12
1574.31	2797.03
1575.86	2789.70
1577.40	2784.47
1578.95	2793.89
1580.50	2794.94
1582.05	2776.10
1583.60	2785.52
1585.15	2761.45
1586.69	2775.05
1588.24	2781.33
1589.79	2787.61
1591.34	2767.73
1592.88	2788.66
1594.43	2759.36
1595.97	2775.05
1597.52	2772.96
1599.06	2767.73
1600.61	2770.87
1602.15	2790.75
1603.70	2776.10
1605.24	2774.01
1606.79	2777.15
1608.33	2770.87
1609.87	2772.96
1611.41	2776.10
1612.96	2760.40
1614.50	2756.22
1616.04	2758.31
1617.58	2774.01
1619.12	2762.50
1620.67	2766.68
1622.21	2737.38
1623.75	2765.64
1625.29	2747.85
1626.83	2743.66
1628.37	2759.36
1629.90	2748.89
1631.44	2752.03
1632.98	2743.66
1634.52	2722.73
1636.06	2733.20
1637.59	2744.71
1639.13	2731.10
1640.67	2729.01
1642.21	2719.59
1643.74	2726.92
1645.28	2713.32
1646.81	2705.99
1648.35	2717.50
1649.88	2699.71
1651.42	2702.85
1652.95	2674.60
1654.49	2705.99
1656.02	2688.20
1657.55	2694.48
1659.09	2665.18
1660.62	2684.02
1662.15	2676.69
1663.68	2679.83
1665.22	2670.41
1666.75	2669.37
1668.28	2658.90
1669.81	2680.88
1671.34	2673.55
1672.87	2671.46
1674.40	2672.51
1675.93	2665.18
1677.46	2649.49
1678.99	2651.58
1680.52	2652.62
1682.04	2663.09
1683.57	2653.67
1685.10	2657.86
1686.63	2650.53
1688.15	2658.90
1689.68	2648.44
1691.21	2653.67
1692.73	2647.39
1694.26	2653.67
1695.78	2642.16
1697.31	2650.53
1698.83	2637.97
1700.36	2641.11
1701.88	2640.07
1703.40	2655.76
1704.93	2644.25
1706.45	2634.84
