896.35	3072.23
897.98	3099.44
899.60	3105.72
901.22	3127.69
902.85	3116.18
904.47	3137.11
906.10	3133.97
907.72	3143.39
909.34	3162.22
910.97	3190.47
912.59	3195.71
914.21	3239.66
915.84	3259.54
917.46	3331.74
919.08	3353.71
920.71	3383.01
922.33	3393.48
923.95	3421.73
925.58	3435.33
927.20	3446.84
928.82	3447.89
930.44	3484.51
932.07	3468.82
933.69	3468.82
935.31	3466.72
936.93	3498.12
938.56	3498.12
940.18	3511.72
941.80	3504.39
943.42	3525.32
945.05	3524.28
946.67	3525.32
948.29	3527.42
949.91	3528.46
951.53	3522.18
953.16	3543.11
954.78	3529.51
956.40	3531.60
958.02	3519.04
959.64	3534.74
961.26	3520.09
962.88	3529.51
964.51	3515.90
966.13	3548.34
967.75	3534.74
969.37	3536.83
970.99	3523.23
972.61	3536.83
974.23	3526.37
975.85	3533.69
977.47	3527.42
979.09	3536.83
980.71	3515.90
982.33	3551.48
983.95	3538.93
985.57	3568.22
987.19	3544.16
988.81	3568.22
990.43	3548.34
992.05	3558.81
993.67	3570.32
995.29	3584.97
996.91	3560.90
998.53	3599.62
1000.15	3587.06
1001.77	3605.90
1003.39	3591.25
1005.01	3604.85
1006.63	3607.99
1008.25	3625.78
1009.86	3624.73
1011.48	3639.38
1013.10	3620.54
1014.72	3646.70
1016.34	3637.29
1017.96	3670.77
1019.58	3643.57
1021.19	3659.26
1022.81	3647.75
1024.43	3677.05
1026.05	3671.82
1027.66	3694.84
1029.28	3679.14
1030.90	3687.51
1032.52	3665.54
1034.13	3697.98
1035.75	3699.02
1037.37	3710.54
1038.98	3702.16
1040.60	3705.30
1042.22	3682.28
1043.83	3707.40
1045.45	3699.02
1047.07	3724.14
1048.68	3705.30
1050.30	3705.30
1051.92	3713.67
1053.53	3719.95
1055.15	3705.30
1056.76	3713.67
1058.38	3700.07
1059.99	3723.09
1061.61	3699.02
1063.22	3711.58
1064.84	3704.26
1066.46	3717.86
1068.07	3695.89
1069.68	3703.21
1071.30	3696.93
1072.91	3708.44
1074.53	3681.24
1076.14	3711.58
1077.76	3690.65
1079.37	3702.16
1080.98	3647.75
1082.60	3683.33
1084.21	3674.96
1085.83	3689.61
1087.44	3671.82
1089.05	3680.19
1090.67	3664.49
1092.28	3671.82
1093.89	3669.73
1095.50	3683.33
1097.12	3663.45
1098.73	3681.24
1100.34	3645.66
1101.95	3679.14
1103.57	3660.31
1105.18	3663.45
1106.79	3641.47
1108.40	3663.45
1110.01	3664.49
1111.63	3678.10
1113.24	3657.17
1114.85	3681.24
1116.46	3662.40
1118.07	3687.51
1119.68	3652.98
1121.29	3674.96
1122.90	3651.94
1124.51	3671.82
1126.12	3667.63
1127.73	3685.42
1129.34	3683.33
1130.95	3700.07
1132.56	3682.28
1134.17	3660.31
1135.78	3656.12
1137.39	3680.19
1139.00	3658.22
1140.61	3672.86
1142.22	3660.31
1143.83	3666.59
1145.44	3657.17
1147.05	3658.22
1148.65	3655.08
1150.26	3656.12
1151.87	3641.47
1153.48	3665.54
1155.09	3662.40
1156.69	3667.63
1158.30	3649.84
1159.91	3665.54
1161.52	3670.77
1163.12	3684.38
1164.73	3651.94
1166.34	3673.91
1167.94	3661.35
1169.55	3684.38
1171.16	3665.54
1172.76	3680.19
1174.37	3659.26
1175.97	3682.28
1177.58	3652.98
1179.19	3690.65
1180.79	3671.82
1182.40	3681.24
1184.00	3657.17
1185.61	3684.38
1187.21	3667.63
1188.82	3679.14
1190.42	3669.73
1192.02	3677.05
1193.63	3651.94
1195.23	3678.10
1196.84	3664.49
1198.44	3680.19
1200.04	3668.68
1201.65	3681.24
1203.25	3667.63
1204.85	3677.05
1206.46	3645.66
1208.06	3663.45
1209.66	3644.61
1211.26	3662.40
1212.87	3668.68
1214.47	3654.03
1216.07	3641.47
1217.67	3657.17
1219.27	3635.19
1220.87	3647.75
1222.48	3643.57
1224.08	3662.40
1225.68	3641.47
1227.28	3647.75
1228.88	3625.78
1230.48	3647.75
1232.08	3625.78
1233.68	3647.75
1235.28	3632.06
1236.88	3631.01
1238.48	3614.27
1240.08	3645.66
1241.68	3599.62
1243.28	3614.27
1244.87	3595.43
1246.47	3589.15
1248.07	3566.13
1249.67	3584.97
1251.27	3592.29
1252.87	3582.87
1254.46	3557.76
1256.06	3572.41
1257.66	3568.22
1259.26	3575.55
1260.85	3572.41
1262.45	3567.18
1264.05	3555.67
1265.64	3559.85
1267.24	3553.58
1268.83	3568.22
1270.43	3550.44
1272.03	3574.50
1273.62	3549.39
1275.22	3547.30
1276.81	3546.25
1278.41	3551.48
1280.00	3548.34
1281.60	3553.58
1283.19	3523.23
1284.79	3536.83
1286.38	3513.81
1287.97	3538.93
1289.57	3518.00
1291.16	3528.46
1292.75	3512.77
1294.35	3525.32
1295.94	3510.67
1297.53	3522.18
1299.12	3493.93
1300.72	3526.37
1302.31	3498.12
1303.90	3523.23
1305.49	3515.90
1307.08	3502.30
1308.68	3478.23
1310.27	3496.02
1311.86	3484.51
1313.45	3490.79
1315.04	3468.82
1316.63	3479.28
1318.22	3458.35
1319.81	3456.26
1321.40	3457.31
1322.99	3482.42
1324.58	3449.98
1326.17	3445.80
1327.75	3435.33
1329.34	3454.17
1330.93	3426.96
1332.52	3424.87
1334.11	3410.22
1335.70	3428.01
1337.28	3401.85
1338.87	3414.40
1340.46	3412.31
1342.05	3406.03
1343.63	3392.43
1345.22	3398.71
1346.81	3395.57
1348.39	3385.10
1349.98	3372.55
1351.56	3369.41
1353.15	3351.62
1354.73	3351.62
1356.32	3323.37
1357.90	3326.51
1359.49	3328.60
1361.07	3305.58
1362.66	3294.07
1364.24	3301.39
1365.82	3294.07
1367.41	3298.25
1368.99	3265.82
1370.57	3270.00
1372.16	3270.00
1373.74	3273.14
1375.32	3260.58
1376.91	3241.75
1378.49	3199.89
1380.07	3173.73
1381.65	3156.99
1383.23	3143.39
1384.81	3143.39
1386.39	3130.83
1387.97	3125.60
1389.55	3116.18
1391.14	3095.25
1392.72	3081.65
1394.29	3068.05
1395.87	3055.49
1397.45	3053.40
1399.03	3047.12
1400.61	3029.33
1402.19	3022.00
1403.77	3003.17
1405.35	3019.91
1406.92	2997.94
1408.50	3004.22
1410.08	2992.70
1411.66	2988.52
1413.23	2989.57
1414.81	2987.47
1416.39	2966.54
1417.96	2978.06
1419.54	2968.64
1421.12	2974.92
1422.69	2982.24
1424.27	2970.73
1425.84	2973.87
1427.42	2961.31
1428.99	2963.41
1430.57	2968.64
1432.14	2955.03
1433.71	2956.08
1435.29	2966.54
1436.86	2958.17
1438.43	2943.52
1440.01	2943.52
1441.58	2821.10
1443.15	2948.76
1444.72	2943.52
1446.30	2947.71
1447.87	2953.99
1449.44	2942.48
1451.01	2928.87
1452.58	2949.80
1454.15	2955.03
1455.72	2938.29
1457.29	2942.48
1458.86	2943.52
1460.43	2934.11
1462.00	2962.36
1463.57	2942.48
1465.14	2951.90
1466.71	2933.06
1468.28	2946.66
1469.85	2946.66
1471.41	2956.08
1472.98	2944.57
1474.55	2961.31
1476.12	2943.52
1477.68	2936.20
1479.25	2940.38
1480.82	2949.80
1482.38	2953.99
1483.95	2943.52
1485.51	2951.90
1487.08	2964.45
1488.64	2963.41
1490.21	2972.82
1491.77	2955.03
1493.34	2975.96
1494.90	2951.90
1496.46	2958.17
1498.03	2968.64
1499.59	2972.82
1501.15	2970.73
1502.72	2973.87
1504.28	2969.68
1505.84	2975.96
1507.40	2969.68
1508.97	2985.38
1510.53	2980.15
1512.09	2990.61
1513.65	2989.57
1515.21	2990.61
1516.77	2980.15
1518.33	2998.98
1519.89	2986.43
1521.45	2982.24
1523.01	2991.66
1524.57	2995.84
1526.13	2984.33
1527.68	2990.61
1529.24	2994.80
1530.80	2994.80
1532.36	3008.40
1533.92	3003.17
1535.47	2973.87
1537.03	2987.47
1538.59	2989.57
1540.14	2996.89
1541.70	2975.96
1543.25	3000.03
1544.81	2988.52
1546.36	2997.94
1547.92	2985.38
1549.47	2994.80
1551.03	2988.52
1552.58	2975.96
1554.13	2979.10
1555.69	2991.66
1557.24	2981.19
1558.79	2981.19
1560.35	2974.92
1561.90	2989.57
1563.45	2974.92
1565.00	2985.38
1566.55	2979.10
1568.10	2981.19
1569.66	2960.27
1571.21	2975.96
1572.76	2975.96
1574.31	2985.38
1575.86	2977.01
1577.40	2966.54
1578.95	2967.59
1580.50	2969.68
1582.05	2955.03
1583.60	2966.54
1585.15	2950.85
1586.69	2965.50
1588.24	2959.22
1589.79	2958.17
1591.34	2940.38
1592.88	2971.78
1594.43	2948.76
1595.97	2959.22
1597.52	2955.03
1599.06	2955.03
1600.61	2943.52
1602.15	2960.27
1603.70	2940.38
1605.24	2952.94
1606.79	2944.57
1608.33	2940.38
1609.87	2937.25
1611.41	2937.25
1612.96	2929.92
1614.50	2928.87
1616.04	2932.01
1617.58	2933.06
1619.12	2919.46
1620.67	2928.87
1622.21	2901.67
1623.75	2930.97
1625.29	2910.04
1626.83	2916.32
1628.37	2920.50
1629.90	2898.53
1631.44	2892.25
1632.98	2893.30
1634.52	2869.23
1636.06	2874.46
1637.59	2875.51
1639.13	2859.81
1640.67	2846.21
1642.21	2835.74
1643.74	2824.23
1645.28	2798.07
1646.81	2779.24
1648.35	2797.03
1649.88	2766.68
1651.42	2774.01
1652.95	2749.94
1654.49	2769.82
1656.02	2743.66
1657.55	2746.80
1659.09	2724.83
1660.62	2741.57
1662.15	2726.92
1663.68	2721.69
1665.22	2712.27
1666.75	2722.73
1668.28	2714.36
1669.81	2730.06
1671.34	2712.27
1672.87	2717.50
1674.40	2712.27
1675.93	2701.81
1677.46	2687.16
1678.99	2692.39
1680.52	2698.67
1682.04	2705.99
1683.57	2694.48
1685.10	2698.67
1686.63	2692.39
1688.15	2702.85
1689.68	2687.16
1691.21	2690.29
1692.73	2691.34
1694.26	2695.53
1695.78	2681.92
1697.31	2691.34
1698.83	2680.88
1700.36	2685.06
1701.88	2673.55
1703.40	2679.83
1704.93	2667.27
1706.45	2677.74
