896.35	2847.26
897.98	2842.02
899.60	2851.44
901.22	2868.18
902.85	2860.86
904.47	2869.23
906.10	2877.60
907.72	2871.32
909.34	2881.79
910.97	2896.44
912.59	2910.04
914.21	2925.74
915.84	2930.97
917.46	2956.08
919.08	2975.96
920.71	2978.06
922.33	2995.84
923.95	2996.89
925.58	3025.14
927.20	3010.49
928.82	3026.19
930.44	3032.47
932.07	3023.05
933.69	3010.49
935.31	3026.19
936.93	3028.28
938.56	3038.75
940.18	3041.89
941.80	3047.12
943.42	3055.49
945.05	3071.18
946.67	3035.61
948.29	3048.16
949.91	3041.89
951.53	3063.86
953.16	3062.81
954.78	3063.86
956.40	3050.26
958.02	3064.91
959.64	3055.49
961.26	3056.54
962.88	3053.40
964.51	3055.49
966.13	3075.37
967.75	3070.14
969.37	3042.93
970.99	3058.63
972.61	3050.26
974.23	3059.67
975.85	3061.77
977.47	3073.28
979.09	3061.77
980.71	3063.86
982.33	3068.05
983.95	3084.79
985.57	3079.56
987.19	3071.18
988.81	3076.42
990.43	3074.32
992.05	3064.91
993.67	3086.88
995.29	3080.60
996.91	3074.32
998.53	3093.16
1000.15	3093.16
1001.77	3087.93
1003.39	3099.44
1005.01	3099.44
1006.63	3101.53
1008.25	3107.81
1009.86	3111.99
1011.48	3107.81
1013.10	3113.04
1014.72	3127.69
1016.34	3126.64
1017.96	3135.02
1019.58	3125.60
1021.19	3110.95
1022.81	3123.50
1024.43	3126.64
1026.05	3132.92
1027.66	3143.39
1029.28	3142.34
1030.90	3132.92
1032.52	3125.60
1034.13	3139.20
1035.75	3150.71
1037.37	3149.66
1038.98	3160.13
1040.60	3146.53
1042.22	3135.02
1043.83	3138.15
1045.45	3155.94
1047.07	3152.80
1048.68	3156.99
1050.30	3139.20
1051.92	3158.04
1053.53	3141.29
1055.15	3151.76
1056.76	3140.25
1058.38	3144.43
1059.99	3163.27
1061.61	3159.08
1063.22	3139.20
1064.84	3137.11
1066.46	3142.34
1068.07	3139.20
1069.68	3147.57
1071.30	3155.94
1072.91	3139.20
1074.53	3143.39
1076.14	3146.53
1077.76	3136.06
1079.37	3135.02
1080.98	3126.64
1082.60	3138.15
1084.21	3133.97
1085.83	3133.97
1087.44	3151.76
1089.05	3128.74
1090.67	3135.02
1092.28	3130.83
1093.89	3140.25
1095.50	3126.64
1097.12	3124.55
1098.73	3135.02
1100.34	3128.74
1101.95	3135.02
1103.57	3125.60
1105.18	3116.18
1106.79	3118.27
1108.40	3126.64
1110.01	3133.97
1111.63	3132.92
1113.24	3138.15
1114.85	3129.78
1116.46	3131.88
1118.07	3129.78
1119.68	3121.41
1121.29	3137.11
1122.90	3129.78
1124.51	3125.60
1126.12	3142.34
1127.73	3138.15
1129.34	3140.25
1130.95	3146.53
1132.56	3145.48
1134.17	3119.32
1135.78	3128.74
1137.39	3128.74
1139.00	3119.32
1140.61	3121.41
1142.22	3133.97
1143.83	3128.74
1145.44	3124.55
1147.05	3123.50
1148.65	3131.88
1150.26	3119.32
1151.87	3121.41
1153.48	3120.37
1155.09	3131.88
1156.69	3129.78
1158.30	3121.41
1159.91	3114.09
1161.52	3126.64
1163.12	3129.78
1164.73	3128.74
1166.34	3129.78
1167.94	3130.83
1169.55	3127.69
1171.16	3128.74
1172.76	3129.78
1174.37	3130.83
1175.97	3143.39
1177.58	3111.99
1179.19	3133.97
1180.79	3125.60
1182.40	3125.60
1184.00	3126.64
1185.61	3139.20
1187.21	3139.20
1188.82	3137.11
1190.42	3136.06
1192.02	3129.78
1193.63	3125.60
1195.23	3138.15
1196.84	3131.88
1198.44	3128.74
1200.04	3130.83
1201.65	3135.02
1203.25	3130.83
1204.85	3138.15
1206.46	3117.23
1208.06	3119.32
1209.66	3109.90
1211.26	3116.18
1212.87	3138.15
1214.47	3118.27
1216.07	3133.97
1217.67	3124.55
1219.27	3119.32
1220.87	3122.46
1222.48	3122.46
1224.08	3117.23
1225.68	3123.50
1227.28	3128.74
1228.88	3120.37
1230.48	3121.41
1232.08	3108.86
1233.68	3132.92
1235.28	3127.69
1236.88	3107.81
1238.48	3109.90
1240.08	3131.88
1241.68	3100.48
1243.28	3098.39
1244.87	3099.44
1246.47	3093.16
1248.07	3097.34
1249.67	3096.30
1251.27	3111.99
1252.87	3094.21
1254.46	3088.97
1256.06	3082.70
1257.66	3086.88
1259.26	3087.93
1260.85	3090.02
1262.45	3080.60
1264.05	3084.79
1265.64	3085.83
1267.24	3085.83
1268.83	3091.07
1270.43	3081.65
1272.03	3093.16
1273.62	3085.83
1275.22	3071.18
1276.81	3090.02
1278.41	3079.56
1280.00	3082.70
1281.60	3077.46
1283.19	3061.77
1284.79	3068.05
1286.38	3072.23
1287.97	3079.56
1289.57	3074.32
1291.16	3064.91
1292.75	3054.44
1294.35	3065.95
1295.94	3061.77
1297.53	3065.95
1299.12	3061.77
1300.72	3073.28
1302.31	3049.21
1303.90	3072.23
1305.49	3065.95
1307.08	3047.12
1308.68	3045.02
1310.27	3046.07
1311.86	3045.02
1313.45	3035.61
1315.04	3043.98
1316.63	3039.79
1318.22	3045.02
1319.81	3029.33
1321.40	3035.61
1322.99	3035.61
1324.58	3018.86
1326.17	3016.77
1327.75	3013.63
1329.34	3027.24
1330.93	3023.05
1332.52	3013.63
1334.11	3017.82
1335.70	3015.73
1337.28	3008.40
1338.87	3010.49
1340.46	3008.40
1342.05	3002.12
1343.63	3004.22
1345.22	3001.08
1346.81	3004.22
1348.39	3000.03
1349.98	3000.03
1351.56	2986.43
1353.15	2985.38
1354.73	2982.24
1356.32	2968.64
1357.90	2966.54
1359.49	2972.82
1361.07	2965.50
1362.66	2969.68
1364.24	2966.54
1365.82	2958.17
1367.41	2959.22
1368.99	2946.66
1370.57	2945.62
1372.16	2952.94
1373.74	2947.71
1375.32	2943.52
1376.91	2935.15
1378.49	2913.18
1380.07	2892.25
1381.65	2898.53
1383.23	2883.88
1384.81	2882.83
1386.39	2876.55
1387.97	2884.93
1389.55	2876.55
1391.14	2866.09
1392.72	2850.39
1394.29	2851.44
1395.87	2845.16
1397.45	2838.88
1399.03	2845.16
1400.61	2833.65
1402.19	2825.28
1403.77	2813.77
1405.35	2833.65
1406.92	2830.51
1408.50	2829.47
1410.08	2820.05
1411.66	2808.54
1413.23	2810.63
1414.81	2811.68
1416.39	2794.94
1417.96	2808.54
1419.54	2799.12
1421.12	2807.49
1422.69	2813.77
1424.27	2797.03
1425.84	2808.54
1427.42	2799.12
1428.99	2806.45
1430.57	2808.54
1432.14	2802.26
1433.71	2797.03
1435.29	2803.31
1436.86	2800.17
1438.43	2802.26
1440.01	2798.07
1441.58	2684.02
1443.15	2802.26
1444.72	2800.17
1446.30	2799.12
1447.87	2809.58
1449.44	2794.94
1451.01	2784.47
1452.58	2798.07
1454.15	2799.12
1455.72	2787.61
1457.29	2790.75
1458.86	2802.26
1460.43	2795.98
1462.00	2811.68
1463.57	2798.07
1465.14	2804.35
1466.71	2793.89
1468.28	2788.66
1469.85	2793.89
1471.41	2805.40
1472.98	2797.03
1474.55	2816.91
1476.12	2794.94
1477.68	2782.38
1479.25	2800.17
1480.82	2795.98
1482.38	2804.35
1483.95	2793.89
1485.51	2810.63
1487.08	2814.82
1488.64	2806.45
1490.21	2811.68
1491.77	2795.98
1493.34	2813.77
1494.90	2797.03
1496.46	2799.12
1498.03	2809.58
1499.59	2807.49
1501.15	2805.40
1502.72	2808.54
1504.28	2804.35
1505.84	2805.40
1507.40	2806.45
1508.97	2816.91
1510.53	2812.72
1512.09	2822.14
1513.65	2826.33
1515.21	2820.05
1516.77	2814.82
1518.33	2823.19
1519.89	2822.14
1521.45	2816.91
1523.01	2817.96
1524.57	2824.23
1526.13	2817.96
1527.68	2823.19
1529.24	2830.51
1530.80	2823.19
1532.36	2830.51
1533.92	2817.96
1535.47	2800.17
1537.03	2811.68
1538.59	2819.00
1540.14	2819.00
1541.70	2808.54
1543.25	2824.23
1544.81	2816.91
1546.36	2823.19
1547.92	2807.49
1549.47	2814.82
1551.03	2820.05
1552.58	2819.00
1554.13	2815.86
1555.69	2821.10
1557.24	2811.68
1558.79	2814.82
1560.35	2810.63
1561.90	2822.14
1563.45	2804.35
1565.00	2803.31
1566.55	2804.35
1568.10	2811.68
1569.66	2802.26
1571.21	2814.82
1572.76	2815.86
1574.31	2811.68
1575.86	2804.35
1577.40	2803.31
1578.95	2807.49
1580.50	2802.26
1582.05	2793.89
1583.60	2794.94
1585.15	2784.47
1586.69	2795.98
1588.24	2801.21
1589.79	2803.31
1591.34	2789.70
1592.88	2808.54
1594.43	2784.47
1595.97	2798.07
1597.52	2789.70
1599.06	2789.70
1600.61	2795.98
1602.15	2806.45
1603.70	2791.80
1605.24	2788.66
1606.79	2791.80
1608.33	2779.24
1609.87	2787.61
1611.41	2798.07
1612.96	2798.07
1614.50	2779.24
1616.04	2783.42
1617.58	2792.84
1619.12	2774.01
1620.67	2781.33
1622.21	2761.45
1623.75	2786.56
1625.29	2769.82
1626.83	2770.87
1628.37	2786.56
1629.90	2759.36
1631.44	2757.26
1632.98	2762.50
1634.52	2748.89
1636.06	2752.03
1637.59	2768.78
1639.13	2754.13
1640.67	2752.03
1642.21	2744.71
1643.74	2727.97
1645.28	2713.32
1646.81	2714.36
1648.35	2724.83
1649.88	2694.48
1651.42	2713.32
1652.95	2689.25
1654.49	2712.27
1656.02	2691.34
1657.55	2704.94
1659.09	2677.74
1660.62	2701.81
1662.15	2686.11
1663.68	2691.34
1665.22	2682.97
1666.75	2680.88
1668.28	2678.78
1669.81	2698.67
1671.34	2677.74
1672.87	2679.83
1674.40	2680.88
1675.93	2675.65
1677.46	2664.13
1678.99	2653.67
1680.52	2661.00
1682.04	2674.60
1683.57	2662.04
1685.10	2672.51
1686.63	2654.72
1688.15	2654.72
1689.68	2648.44
1691.21	2650.53
1692.73	2659.95
1694.26	2656.81
1695.78	2651.58
1697.31	2652.62
1698.83	2642.16
1700.36	2654.72
1701.88	2645.30
1703.40	2656.81
1704.93	2644.25
1706.45	2645.30
