896.35	2950.85
897.98	2955.03
899.60	2958.17
901.22	2986.43
902.85	2974.92
904.47	2986.43
906.10	2989.57
907.72	2993.75
909.34	3005.26
910.97	3023.05
912.59	3037.70
914.21	3062.81
915.84	3088.97
917.46	3129.78
919.08	3151.76
920.71	3166.41
922.33	3181.06
923.95	3191.52
925.58	3213.50
927.20	3208.26
928.82	3214.54
930.44	3238.61
932.07	3221.87
933.69	3231.28
935.31	3243.84
936.93	3254.30
938.56	3249.07
940.18	3261.63
941.80	3248.03
943.42	3265.82
945.05	3272.09
946.67	3263.72
948.29	3270.00
949.91	3266.86
951.53	3279.42
953.16	3283.60
954.78	3280.46
956.40	3272.09
958.02	3275.23
959.64	3270.00
961.26	3283.60
962.88	3276.28
964.51	3268.95
966.13	3286.74
967.75	3286.74
969.37	3271.05
970.99	3273.14
972.61	3278.37
974.23	3272.09
975.85	3276.28
977.47	3281.51
979.09	3286.74
980.71	3279.42
982.33	3283.60
983.95	3290.93
985.57	3300.35
987.19	3294.07
988.81	3303.49
990.43	3291.98
992.05	3296.16
993.67	3304.53
995.29	3308.72
996.91	3300.35
998.53	3332.78
1000.15	3324.41
1001.77	3326.51
1003.39	3328.60
1005.01	3335.92
1006.63	3335.92
1008.25	3344.30
1009.86	3349.53
1011.48	3350.57
1013.10	3349.53
1014.72	3365.22
1016.34	3363.13
1017.96	3383.01
1019.58	3359.99
1021.19	3369.41
1022.81	3371.50
1024.43	3381.97
1026.05	3373.59
1027.66	3385.10
1029.28	3385.10
1030.90	3389.29
1032.52	3374.64
1034.13	3391.38
1035.75	3398.71
1037.37	3401.85
1038.98	3408.13
1040.60	3404.99
1042.22	3387.20
1043.83	3401.85
1045.45	3402.89
1047.07	3403.94
1048.68	3401.85
1050.30	3401.85
1051.92	3403.94
1053.53	3398.71
1055.15	3406.03
1056.76	3402.89
1058.38	3397.66
1059.99	3408.13
1061.61	3409.17
1063.22	3403.94
1064.84	3409.17
1066.46	3396.62
1068.07	3395.57
1069.68	3402.89
1071.30	3415.45
1072.91	3406.03
1074.53	3392.43
1076.14	3412.31
1077.76	3397.66
1079.37	3398.71
1080.98	3372.55
1082.60	3390.34
1084.21	3391.38
1085.83	3392.43
1087.44	3388.24
1089.05	3378.83
1090.67	3380.92
1092.28	3374.64
1093.89	3385.10
1095.50	3392.43
1097.12	3380.92
1098.73	3381.97
1100.34	3359.99
1101.95	3372.55
1103.57	3368.36
1105.18	3368.36
1106.79	3362.08
1108.40	3373.59
1110.01	3375.69
1111.63	3377.78
1113.24	3371.50
1114.85	3378.83
1116.46	3384.06
1118.07	3391.38
1119.68	3371.50
1121.29	3381.97
1122.90	3371.50
1124.51	3380.92
1126.12	3383.01
1127.73	3385.10
1129.34	3390.34
1130.95	3388.24
1132.56	3393.48
1134.17	3366.27
1135.78	3372.55
1137.39	3379.87
1139.00	3368.36
1140.61	3369.41
1142.22	3383.01
1143.83	3376.73
1145.44	3368.36
1147.05	3376.73
1148.65	3375.69
1150.26	3366.27
1151.87	3369.41
1153.48	3376.73
1155.09	3380.92
1156.69	3378.83
1158.30	3369.41
1159.91	3370.46
1161.52	3377.78
1163.12	3376.73
1164.73	3372.55
1166.34	3388.24
1167.94	3381.97
1169.55	3389.29
1171.16	3386.15
1172.76	3386.15
1174.37	3375.69
1175.97	3392.43
1177.58	3372.55
1179.19	3393.48
1180.79	3372.55
1182.40	3383.01
1184.00	3376.73
1185.61	3396.62
1187.21	3387.20
1188.82	3378.83
1190.42	3377.78
1192.02	3377.78
1193.63	3366.27
1195.23	3381.97
1196.84	3383.01
1198.44	3381.97
1200.04	3395.57
1201.65	3390.34
1203.25	3383.01
1204.85	3388.24
1206.46	3357.90
1208.06	3370.46
1209.66	3361.04
1211.26	3368.36
1212.87	3389.29
1214.47	3372.55
1216.07	3370.46
1217.67	3378.83
1219.27	3363.13
1220.87	3358.94
1222.48	3368.36
1224.08	3364.18
1225.68	3359.99
1227.28	3355.81
1228.88	3349.53
1230.48	3357.90
1232.08	3345.34
1233.68	3352.67
1235.28	3356.85
1236.88	3341.16
1238.48	3336.97
1240.08	3359.99
1241.68	3313.95
1243.28	3333.83
1244.87	3326.51
1246.47	3324.41
1248.07	3316.04
1249.67	3324.41
1251.27	3333.83
1252.87	3315.00
1254.46	3305.58
1256.06	3305.58
1257.66	3312.90
1259.26	3309.76
1260.85	3308.72
1262.45	3306.62
1264.05	3310.81
1265.64	3308.72
1267.24	3300.35
1268.83	3306.62
1270.43	3299.30
1272.03	3312.90
1273.62	3302.44
1275.22	3291.98
1276.81	3296.16
1278.41	3293.02
1280.00	3297.21
1281.60	3291.98
1283.19	3281.51
1284.79	3294.07
1286.38	3283.60
1287.97	3294.07
1289.57	3273.14
1291.16	3283.60
1292.75	3266.86
1294.35	3272.09
1295.94	3272.09
1297.53	3278.37
1299.12	3263.72
1300.72	3283.60
1302.31	3249.07
1303.90	3274.19
1305.49	3268.95
1307.08	3248.03
1308.68	3239.66
1310.27	3254.30
1311.86	3258.49
1313.45	3242.79
1315.04	3241.75
1316.63	3237.56
1318.22	3237.56
1319.81	3225.01
1321.40	3221.87
1322.99	3240.70
1324.58	3228.14
1326.17	3216.63
1327.75	3201.98
1329.34	3215.59
1330.93	3208.26
1332.52	3207.22
1334.11	3205.12
1335.70	3204.08
1337.28	3193.61
1338.87	3195.71
1340.46	3194.66
1342.05	3183.15
1343.63	3173.73
1345.22	3183.15
1346.81	3186.29
1348.39	3168.50
1349.98	3162.22
1351.56	3168.50
1353.15	3154.90
1354.73	3159.08
1356.32	3139.20
1357.90	3138.15
1359.49	3141.29
1361.07	3121.41
1362.66	3108.86
1364.24	3119.32
1365.82	3131.88
1367.41	3118.27
1368.99	3100.48
1370.57	3097.34
1372.16	3099.44
1373.74	3093.16
1375.32	3091.07
1376.91	3081.65
1378.49	3051.30
1380.07	3023.05
1381.65	3011.54
1383.23	2997.94
1384.81	2993.75
1386.39	2996.89
1387.97	3005.26
1389.55	2991.66
1391.14	2986.43
1392.72	2969.68
1394.29	2967.59
1395.87	2958.17
1397.45	2941.43
1399.03	2945.62
1400.61	2934.11
1402.19	2937.25
1403.77	2919.46
1405.35	2928.87
1406.92	2913.18
1408.50	2912.13
1410.08	2912.13
1411.66	2901.67
1413.23	2900.62
1414.81	2907.95
1416.39	2891.20
1417.96	2913.18
1419.54	2905.85
1421.12	2908.99
1422.69	2906.90
1424.27	2890.16
1425.84	2895.39
1427.42	2888.06
1428.99	2889.11
1430.57	2893.30
1432.14	2889.11
1433.71	2884.93
1435.29	2897.48
1436.86	2893.30
1438.43	2884.93
1440.01	2888.06
1441.58	2762.50
1443.15	2888.06
1444.72	2892.25
1446.30	2885.97
1447.87	2895.39
1449.44	2877.60
1451.01	2870.28
1452.58	2887.02
1454.15	2888.06
1455.72	2875.51
1457.29	2870.28
1458.86	2882.83
1460.43	2871.32
1462.00	2889.11
1463.57	2881.79
1465.14	2890.16
1466.71	2870.28
1468.28	2883.88
1469.85	2884.93
1471.41	2890.16
1472.98	2881.79
1474.55	2895.39
1476.12	2871.32
1477.68	2875.51
1479.25	2893.30
1480.82	2883.88
1482.38	2890.16
1483.95	2872.37
1485.51	2880.74
1487.08	2895.39
1488.64	2891.20
1490.21	2892.25
1491.77	2874.46
1493.34	2899.58
1494.90	2872.37
1496.46	2882.83
1498.03	2888.06
1499.59	2894.34
1501.15	2889.11
1502.72	2896.44
1504.28	2887.02
1505.84	2892.25
1507.40	2884.93
1508.97	2896.44
1510.53	2891.20
1512.09	2906.90
1513.65	2911.09
1515.21	2910.04
1516.77	2894.34
1518.33	2911.09
1519.89	2897.48
1521.45	2896.44
1523.01	2899.58
1524.57	2907.95
1526.13	2910.04
1527.68	2910.04
1529.24	2911.09
1530.80	2913.18
1532.36	2902.71
1533.92	2903.76
1535.47	2881.79
1537.03	2896.44
1538.59	2900.62
1540.14	2896.44
1541.70	2898.53
1543.25	2916.32
1544.81	2904.81
1546.36	2910.04
1547.92	2894.34
1549.47	2903.76
1551.03	2894.34
1552.58	2890.16
1554.13	2890.16
1555.69	2907.95
1557.24	2887.02
1558.79	2894.34
1560.35	2885.97
1561.90	2900.62
1563.45	2889.11
1565.00	2889.11
1566.55	2889.11
1568.10	2889.11
1569.66	2879.69
1571.21	2892.25
1572.76	2887.02
1574.31	2895.39
1575.86	2880.74
1577.40	2875.51
1578.95	2884.93
1580.50	2880.74
1582.05	2871.32
1583.60	2864.00
1585.15	2856.67
1586.69	2874.46
1588.24	2880.74
1589.79	2882.83
1591.34	2857.72
1592.88	2874.46
1594.43	2857.72
1595.97	2868.18
1597.52	2865.04
1599.06	2864.00
1600.61	2860.86
1602.15	2880.74
1603.70	2865.04
1605.24	2861.90
1606.79	2862.95
1608.33	2853.53
1609.87	2855.63
1611.41	2859.81
1612.96	2861.90
1614.50	2844.12
1616.04	2843.07
1617.58	2850.39
1619.12	2838.88
1620.67	2849.35
1622.21	2825.28
1623.75	2852.49
1625.29	2827.37
1626.83	2823.19
1628.37	2843.07
1629.90	2823.19
1631.44	2817.96
1632.98	2819.00
1634.52	2794.94
1636.06	2800.17
1637.59	2823.19
1639.13	2793.89
1640.67	2798.07
1642.21	2780.29
1643.74	2778.19
1645.28	2761.45
1646.81	2745.75
1648.35	2753.08
1649.88	2727.97
1651.42	2741.57
1652.95	2723.78
1654.49	2740.52
1656.02	2720.64
1657.55	2718.55
1659.09	2688.20
1660.62	2716.45
1662.15	2694.48
1663.68	2714.36
1665.22	2696.57
1666.75	2694.48
1668.28	2695.53
1669.81	2705.99
1671.34	2691.34
1672.87	2687.16
1674.40	2702.85
1675.93	2691.34
1677.46	2673.55
1678.99	2678.78
1680.52	2674.60
1682.04	2685.06
1683.57	2671.46
1685.10	2678.78
1686.63	2670.41
1688.15	2678.78
1689.68	2668.32
1691.21	2664.13
1692.73	2657.86
1694.26	2672.51
1695.78	2674.60
1697.31	2664.13
1698.83	2652.62
1700.36	2663.09
1701.88	2648.44
1703.40	2668.32
1704.93	2656.81
1706.45	2656.81
