896.35	3087.93
897.98	3106.76
899.60	3096.30
901.22	3121.41
902.85	3109.90
904.47	3132.92
906.10	3133.97
907.72	3149.66
909.34	3151.76
910.97	3190.47
912.59	3203.03
914.21	3248.03
915.84	3275.23
917.46	3325.46
919.08	3352.67
920.71	3386.15
922.33	3396.62
923.95	3419.64
925.58	3432.19
927.20	3446.84
928.82	3444.75
930.44	3477.19
932.07	3462.54
933.69	3468.82
935.31	3475.10
936.93	3497.07
938.56	3493.93
940.18	3516.95
941.80	3501.26
943.42	3524.28
945.05	3526.37
946.67	3527.42
948.29	3522.18
949.91	3527.42
951.53	3533.69
953.16	3544.16
954.78	3526.37
956.40	3530.55
958.02	3529.51
959.64	3539.97
961.26	3523.23
962.88	3535.79
964.51	3518.00
966.13	3557.76
967.75	3533.69
969.37	3535.79
970.99	3523.23
972.61	3527.42
974.23	3521.14
975.85	3535.79
977.47	3535.79
979.09	3543.11
980.71	3519.04
982.33	3549.39
983.95	3545.20
985.57	3566.13
987.19	3539.97
988.81	3566.13
990.43	3544.16
992.05	3566.13
993.67	3561.95
995.29	3580.78
996.91	3559.85
998.53	3600.66
1000.15	3590.20
1001.77	3614.27
1003.39	3600.66
1005.01	3613.22
1006.63	3606.94
1008.25	3631.01
1009.86	3636.24
1011.48	3649.84
1013.10	3622.64
1014.72	3651.94
1016.34	3645.66
1017.96	3676.00
1019.58	3645.66
1021.19	3662.40
1022.81	3650.89
1024.43	3687.51
1026.05	3664.49
1027.66	3684.38
1029.28	3678.10
1030.90	3686.47
1032.52	3661.35
1034.13	3694.84
1035.75	3695.89
1037.37	3710.54
1038.98	3707.40
1040.60	3717.86
1042.22	3685.42
1043.83	3712.63
1045.45	3705.30
1047.07	3724.14
1048.68	3707.40
1050.30	3713.67
1051.92	3704.26
1053.53	3719.95
1055.15	3709.49
1056.76	3723.09
1058.38	3715.77
1059.99	3728.32
1061.61	3711.58
1063.22	3706.35
1064.84	3701.12
1066.46	3715.77
1068.07	3703.21
1069.68	3725.18
1071.30	3718.91
1072.91	3718.91
1074.53	3690.65
1076.14	3723.09
1077.76	3697.98
1079.37	3712.63
1080.98	3671.82
1082.60	3697.98
1084.21	3671.82
1085.83	3693.79
1087.44	3693.79
1089.05	3681.24
1090.67	3666.59
1092.28	3682.28
1093.89	3671.82
1095.50	3688.56
1097.12	3669.73
1098.73	3684.38
1100.34	3655.08
1101.95	3674.96
1103.57	3659.26
1105.18	3678.10
1106.79	3667.63
1108.40	3683.33
1110.01	3669.73
1111.63	3683.33
1113.24	3672.86
1114.85	3686.47
1116.46	3668.68
1118.07	3682.28
1119.68	3649.84
1121.29	3682.28
1122.90	3669.73
1124.51	3680.19
1126.12	3672.86
1127.73	3694.84
1129.34	3684.38
1130.95	3695.89
1132.56	3678.10
1134.17	3664.49
1135.78	3656.12
1137.39	3684.38
1139.00	3659.26
1140.61	3673.91
1142.22	3670.77
1143.83	3685.42
1145.44	3664.49
1147.05	3678.10
1148.65	3673.91
1150.26	3662.40
1151.87	3652.98
1153.48	3671.82
1155.09	3671.82
1156.69	3674.96
1158.30	3657.17
1159.91	3665.54
1161.52	3674.96
1163.12	3679.14
1164.73	3658.22
1166.34	3681.24
1167.94	3664.49
1169.55	3687.51
1171.16	3676.00
1172.76	3688.56
1174.37	3672.86
1175.97	3689.61
1177.58	3650.89
1179.19	3690.65
1180.79	3662.40
1182.40	3677.05
1184.00	3673.91
1185.61	3692.75
1187.21	3678.10
1188.82	3685.42
1190.42	3678.10
1192.02	3676.00
1193.63	3651.94
1195.23	3691.70
1196.84	3678.10
1198.44	3693.79
1200.04	3688.56
1201.65	3686.47
1203.25	3670.77
1204.85	3686.47
1206.46	3650.89
1208.06	3669.73
1209.66	3650.89
1211.26	3667.63
1212.87	3677.05
1214.47	3672.86
1216.07	3649.84
1217.67	3664.49
1219.27	3649.84
1220.87	3657.17
1222.48	3646.70
1224.08	3651.94
1225.68	3642.52
1227.28	3650.89
1228.88	3626.82
1230.48	3649.84
1232.08	3621.59
1233.68	3648.80
1235.28	3642.52
1236.88	3646.70
1238.48	3617.41
1240.08	3649.84
1241.68	3603.80
1243.28	3615.31
1244.87	3600.66
1246.47	3602.76
1248.07	3595.43
1249.67	3612.17
1251.27	3596.48
1252.87	3584.97
1254.46	3570.32
1256.06	3574.50
1257.66	3568.22
1259.26	3569.27
1260.85	3573.46
1262.45	3572.41
1264.05	3572.41
1265.64	3569.27
1267.24	3553.58
1268.83	3561.95
1270.43	3541.02
1272.03	3575.55
1273.62	3545.20
1275.22	3539.97
1276.81	3545.20
1278.41	3549.39
1280.00	3548.34
1281.60	3551.48
1283.19	3538.93
1284.79	3542.06
1286.38	3518.00
1287.97	3535.79
1289.57	3516.95
1291.16	3532.65
1292.75	3507.53
1294.35	3530.55
1295.94	3513.81
1297.53	3528.46
1299.12	3505.44
1300.72	3531.60
1302.31	3490.79
1303.90	3516.95
1305.49	3511.72
1307.08	3508.58
1308.68	3488.70
1310.27	3493.93
1311.86	3482.42
1313.45	3488.70
1315.04	3475.10
1316.63	3484.51
1318.22	3473.00
1319.81	3467.77
1321.40	3461.49
1322.99	3473.00
1324.58	3441.61
1326.17	3444.75
1327.75	3443.70
1329.34	3451.03
1330.93	3424.87
1332.52	3433.24
1334.11	3422.78
1335.70	3425.91
1337.28	3415.45
1338.87	3412.31
1340.46	3391.38
1342.05	3401.85
1343.63	3401.85
1345.22	3397.66
1346.81	3399.75
1348.39	3383.01
1349.98	3383.01
1351.56	3375.69
1353.15	3358.94
1354.73	3356.85
1356.32	3327.55
1357.90	3334.88
1359.49	3329.65
1361.07	3306.62
1362.66	3300.35
1364.24	3297.21
1365.82	3301.39
1367.41	3309.76
1368.99	3277.33
1370.57	3279.42
1372.16	3272.09
1373.74	3276.28
1375.32	3266.86
1376.91	3257.44
1378.49	3205.12
1380.07	3166.41
1381.65	3161.18
1383.23	3147.57
1384.81	3144.43
1386.39	3143.39
1387.97	3131.88
1389.55	3122.46
1391.14	3105.72
1392.72	3081.65
1394.29	3068.05
1395.87	3069.09
1397.45	3060.72
1399.03	3053.40
1400.61	3027.24
1402.19	3024.10
1403.77	3013.63
1405.35	3030.38
1406.92	3004.22
1408.50	3007.35
1410.08	3002.12
1411.66	2986.43
1413.23	2988.52
1414.81	2998.98
1416.39	2968.64
1417.96	2973.87
1419.54	2965.50
1421.12	2984.33
1422.69	2981.19
1424.27	2967.59
1425.84	2972.82
1427.42	2967.59
1428.99	2968.64
1430.57	2961.31
1432.14	2950.85
1433.71	2957.13
1435.29	2964.45
1436.86	2961.31
1438.43	2949.80
1440.01	2947.71
1441.58	2835.74
1443.15	2956.08
1444.72	2951.90
1446.30	2945.62
1447.87	2949.80
1449.44	2946.66
1451.01	2943.52
1452.58	2951.90
1454.15	2955.03
1455.72	2941.43
1457.29	2943.52
1458.86	2953.99
1460.43	2940.38
1462.00	2964.45
1463.57	2943.52
1465.14	2949.80
1466.71	2937.25
1468.28	2948.76
1469.85	2947.71
1471.41	2962.36
1472.98	2949.80
1474.55	2955.03
1476.12	2937.25
1477.68	2940.38
1479.25	2958.17
1480.82	2949.80
1482.38	2958.17
1483.95	2955.03
1485.51	2967.59
1487.08	2964.45
1488.64	2963.41
1490.21	2972.82
1491.77	2951.90
1493.34	2973.87
1494.90	2953.99
1496.46	2961.31
1498.03	2966.54
1499.59	2972.82
1501.15	2965.50
1502.72	2971.78
1504.28	2979.10
1505.84	2977.01
1507.40	2969.68
1508.97	2979.10
1510.53	2975.96
1512.09	2994.80
1513.65	2996.89
1515.21	2989.57
1516.77	2973.87
1518.33	2996.89
1519.89	2991.66
1521.45	2983.29
1523.01	2989.57
1524.57	3006.31
1526.13	2994.80
1527.68	2996.89
1529.24	2993.75
1530.80	2997.94
1532.36	3005.26
1533.92	2995.84
1535.47	2989.57
1537.03	2992.70
1538.59	2994.80
1540.14	2991.66
1541.70	2978.06
1543.25	3001.08
1544.81	2997.94
1546.36	3010.49
1547.92	2981.19
1549.47	2995.84
1551.03	2991.66
1552.58	2986.43
1554.13	2982.24
1555.69	2995.84
1557.24	2981.19
1558.79	2989.57
1560.35	2973.87
1561.90	2992.70
1563.45	2982.24
1565.00	2994.80
1566.55	2978.06
1568.10	2981.19
1569.66	2967.59
1571.21	2993.75
1572.76	2975.96
1574.31	2978.06
1575.86	2975.96
1577.40	2968.64
1578.95	2973.87
1580.50	2973.87
1582.05	2960.27
1583.60	2963.41
1585.15	2948.76
1586.69	2966.54
1588.24	2974.92
1589.79	2969.68
1591.34	2946.66
1592.88	2970.73
1594.43	2946.66
1595.97	2956.08
1597.52	2950.85
1599.06	2956.08
1600.61	2956.08
1602.15	2966.54
1603.70	2943.52
1605.24	2951.90
1606.79	2946.66
1608.33	2938.29
1609.87	2938.29
1611.41	2952.94
1612.96	2949.80
1614.50	2936.20
1616.04	2938.29
1617.58	2948.76
1619.12	2936.20
1620.67	2934.11
1622.21	2900.62
1623.75	2933.06
1625.29	2906.90
1626.83	2917.36
1628.37	2920.50
1629.90	2900.62
1631.44	2898.53
1632.98	2897.48
1634.52	2878.65
1636.06	2873.42
1637.59	2871.32
1639.13	2851.44
1640.67	2846.21
1642.21	2829.47
1643.74	2834.70
1645.28	2812.72
1646.81	2793.89
1648.35	2798.07
1649.88	2770.87
1651.42	2768.78
1652.95	2746.80
1654.49	2771.91
1656.02	2747.85
1657.55	2752.03
1659.09	2737.38
1660.62	2737.38
1662.15	2720.64
1663.68	2724.83
1665.22	2716.45
1666.75	2717.50
1668.28	2712.27
1669.81	2736.34
1671.34	2716.45
1672.87	2719.59
1674.40	2718.55
1675.93	2710.18
1677.46	2694.48
1678.99	2693.43
1680.52	2690.29
1682.04	2709.13
1683.57	2695.53
1685.10	2700.76
1686.63	2689.25
1688.15	2697.62
1689.68	2680.88
1691.21	2687.16
1692.73	2693.43
1694.26	2698.67
1695.78	2690.29
1697.31	2694.48
1698.83	2678.78
1700.36	2681.92
1701.88	2679.83
1703.40	2692.39
1704.93	2675.65
1706.45	2682.97
