896.35	2919.46
897.98	2913.18
899.60	2908.99
901.22	2944.57
902.85	2936.20
904.47	2948.76
906.10	2951.90
907.72	2951.90
909.34	2969.68
910.97	2980.15
912.59	2992.70
914.21	3006.31
915.84	3031.42
917.46	3057.58
919.08	3074.32
920.71	3085.83
922.33	3110.95
923.95	3113.04
925.58	3137.11
927.20	3125.60
928.82	3135.02
930.44	3154.90
932.07	3144.43
933.69	3138.15
935.31	3158.04
936.93	3158.04
938.56	3167.45
940.18	3175.82
941.80	3174.78
943.42	3189.43
945.05	3197.80
946.67	3175.82
948.29	3182.10
949.91	3175.82
951.53	3194.66
953.16	3197.80
954.78	3194.66
956.40	3178.96
958.02	3182.10
959.64	3186.29
961.26	3193.61
962.88	3193.61
964.51	3190.47
966.13	3194.66
967.75	3190.47
969.37	3187.34
970.99	3191.52
972.61	3181.06
974.23	3188.38
975.85	3188.38
977.47	3200.94
979.09	3190.47
980.71	3187.34
982.33	3195.71
983.95	3201.98
985.57	3208.26
987.19	3198.85
988.81	3211.40
990.43	3210.36
992.05	3207.22
993.67	3216.63
995.29	3210.36
996.91	3204.08
998.53	3228.14
1000.15	3227.10
1001.77	3226.05
1003.39	3245.93
1005.01	3237.56
1006.63	3239.66
1008.25	3245.93
1009.86	3257.44
1011.48	3246.98
1013.10	3253.26
1014.72	3263.72
1016.34	3270.00
1017.96	3278.37
1019.58	3262.68
1021.19	3258.49
1022.81	3275.23
1024.43	3288.84
1026.05	3272.09
1027.66	3279.42
1029.28	3285.70
1030.90	3285.70
1032.52	3274.19
1034.13	3280.46
1035.75	3297.21
1037.37	3296.16
1038.98	3309.76
1040.60	3294.07
1042.22	3288.84
1043.83	3288.84
1045.45	3291.98
1047.07	3296.16
1048.68	3315.00
1050.30	3296.16
1051.92	3311.86
1053.53	3303.49
1055.15	3309.76
1056.76	3295.11
1058.38	3306.62
1059.99	3302.44
1061.61	3300.35
1063.22	3289.88
1064.84	3293.02
1066.46	3287.79
1068.07	3290.93
1069.68	3299.30
1071.30	3307.67
1072.91	3297.21
1074.53	3290.93
1076.14	3300.35
1077.76	3289.88
1079.37	3287.79
1080.98	3261.63
1082.60	3282.56
1084.21	3291.98
1085.83	3287.79
1087.44	3289.88
1089.05	3274.19
1090.67	3274.19
1092.28	3275.23
1093.89	3286.74
1095.50	3283.60
1097.12	3279.42
1098.73	3277.33
1100.34	3257.44
1101.95	3279.42
1103.57	3287.79
1105.18	3266.86
1106.79	3262.68
1108.40	3267.91
1110.01	3274.19
1111.63	3278.37
1113.24	3285.70
1114.85	3277.33
1116.46	3274.19
1118.07	3274.19
1119.68	3274.19
1121.29	3288.84
1122.90	3280.46
1124.51	3274.19
1126.12	3287.79
1127.73	3286.74
1129.34	3290.93
1130.95	3281.51
1132.56	3288.84
1134.17	3258.49
1135.78	3273.14
1137.39	3276.28
1139.00	3275.23
1140.61	3280.46
1142.22	3288.84
1143.83	3272.09
1145.44	3277.33
1147.05	3272.09
1148.65	3277.33
1150.26	3274.19
1151.87	3258.49
1153.48	3274.19
1155.09	3277.33
1156.69	3270.00
1158.30	3262.68
1159.91	3266.86
1161.52	3275.23
1163.12	3273.14
1164.73	3261.63
1166.34	3272.09
1167.94	3267.91
1169.55	3266.86
1171.16	3284.65
1172.76	3287.79
1174.37	3275.23
1175.97	3281.51
1177.58	3272.09
1179.19	3289.88
1180.79	3266.86
1182.40	3276.28
1184.00	3271.05
1185.61	3296.16
1187.21	3279.42
1188.82	3271.05
1190.42	3271.05
1192.02	3272.09
1193.63	3262.68
1195.23	3276.28
1196.84	3272.09
1198.44	3271.05
1200.04	3282.56
1201.65	3276.28
1203.25	3281.51
1204.85	3287.79
1206.46	3267.91
1208.06	3261.63
1209.66	3252.21
1211.26	3260.58
1212.87	3281.51
1214.47	3265.82
1216.07	3270.00
1217.67	3272.09
1219.27	3267.91
1220.87	3259.54
1222.48	3265.82
1224.08	3249.07
1225.68	3255.35
1227.28	3251.17
1228.88	3250.12
1230.48	3254.30
1232.08	3250.12
1233.68	3256.40
1235.28	3271.05
1236.88	3251.17
1238.48	3238.61
1240.08	3259.54
1241.68	3230.24
1243.28	3234.42
1244.87	3222.91
1246.47	3230.24
1248.07	3218.73
1249.67	3232.33
1251.27	3243.84
1252.87	3218.73
1254.46	3218.73
1256.06	3218.73
1257.66	3222.91
1259.26	3211.40
1260.85	3214.54
1262.45	3207.22
1264.05	3211.40
1265.64	3207.22
1267.24	3216.63
1268.83	3214.54
1270.43	3204.08
1272.03	3209.31
1273.62	3203.03
1275.22	3186.29
1276.81	3201.98
1278.41	3195.71
1280.00	3205.12
1281.60	3199.89
1283.19	3190.47
1284.79	3196.75
1286.38	3188.38
1287.97	3195.71
1289.57	3185.24
1291.16	3178.96
1292.75	3177.92
1294.35	3190.47
1295.94	3185.24
1297.53	3181.06
1299.12	3171.64
1300.72	3185.24
1302.31	3158.04
1303.90	3180.01
1305.49	3183.15
1307.08	3161.18
1308.68	3155.94
1310.27	3169.55
1311.86	3169.55
1313.45	3144.43
1315.04	3149.66
1316.63	3164.31
1318.22	3161.18
1319.81	3141.29
1321.40	3147.57
1322.99	3148.62
1324.58	3135.02
1326.17	3138.15
1327.75	3124.55
1329.34	3127.69
1330.93	3118.27
1332.52	3123.50
1334.11	3119.32
1335.70	3119.32
1337.28	3116.18
1338.87	3117.23
1340.46	3115.13
1342.05	3103.62
1343.63	3099.44
1345.22	3096.30
1346.81	3102.58
1348.39	3086.88
1349.98	3091.07
1351.56	3084.79
1353.15	3077.46
1354.73	3077.46
1356.32	3063.86
1357.90	3063.86
1359.49	3065.95
1361.07	3043.98
1362.66	3045.02
1364.24	3041.89
1365.82	3041.89
1367.41	3047.12
1368.99	3030.38
1370.57	3022.00
1372.16	3033.51
1373.74	3026.19
1375.32	3027.24
1376.91	3014.68
1378.49	2992.70
1380.07	2966.54
1381.65	2968.64
1383.23	2945.62
1384.81	2947.71
1386.39	2929.92
1387.97	2938.29
1389.55	2929.92
1391.14	2918.41
1392.72	2905.85
1394.29	2905.85
1395.87	2896.44
1397.45	2889.11
1399.03	2884.93
1400.61	2871.32
1402.19	2869.23
1403.77	2859.81
1405.35	2868.18
1406.92	2856.67
1408.50	2860.86
1410.08	2856.67
1411.66	2848.30
1413.23	2858.77
1414.81	2854.58
1416.39	2827.37
1417.96	2844.12
1419.54	2832.61
1421.12	2836.79
1422.69	2851.44
1424.27	2837.84
1425.84	2843.07
1427.42	2842.02
1428.99	2842.02
1430.57	2844.12
1432.14	2830.51
1433.71	2824.23
1435.29	2836.79
1436.86	2831.56
1438.43	2835.74
1440.01	2824.23
1441.58	2709.13
1443.15	2829.47
1444.72	2832.61
1446.30	2820.05
1447.87	2829.47
1449.44	2824.23
1451.01	2809.58
1452.58	2816.91
1454.15	2822.14
1455.72	2817.96
1457.29	2814.82
1458.86	2826.33
1460.43	2817.96
1462.00	2837.84
1463.57	2823.19
1465.14	2833.65
1466.71	2824.23
1468.28	2831.56
1469.85	2831.56
1471.41	2826.33
1472.98	2824.23
1474.55	2836.79
1476.12	2822.14
1477.68	2825.28
1479.25	2835.74
1480.82	2831.56
1482.38	2830.51
1483.95	2820.05
1485.51	2838.88
1487.08	2850.39
1488.64	2830.51
1490.21	2837.84
1491.77	2826.33
1493.34	2844.12
1494.90	2830.51
1496.46	2835.74
1498.03	2840.98
1499.59	2837.84
1501.15	2848.30
1502.72	2849.35
1504.28	2843.07
1505.84	2835.74
1507.40	2835.74
1508.97	2848.30
1510.53	2844.12
1512.09	2862.95
1513.65	2859.81
1515.21	2859.81
1516.77	2847.26
1518.33	2864.00
1519.89	2848.30
1521.45	2844.12
1523.01	2865.04
1524.57	2866.09
1526.13	2848.30
1527.68	2851.44
1529.24	2864.00
1530.80	2860.86
1532.36	2865.04
1533.92	2855.63
1535.47	2850.39
1537.03	2854.58
1538.59	2866.09
1540.14	2861.90
1541.70	2842.02
1543.25	2862.95
1544.81	2861.90
1546.36	2862.95
1547.92	2847.26
1549.47	2862.95
1551.03	2859.81
1552.58	2854.58
1554.13	2848.30
1555.69	2856.67
1557.24	2842.02
1558.79	2857.72
1560.35	2848.30
1561.90	2853.53
1563.45	2851.44
1565.00	2856.67
1566.55	2843.07
1568.10	2843.07
1569.66	2833.65
1571.21	2848.30
1572.76	2853.53
1574.31	2851.44
1575.86	2853.53
1577.40	2832.61
1578.95	2836.79
1580.50	2846.21
1582.05	2836.79
1583.60	2838.88
1585.15	2827.37
1586.69	2835.74
1588.24	2835.74
1589.79	2844.12
1591.34	2823.19
1592.88	2842.02
1594.43	2825.28
1595.97	2843.07
1597.52	2828.42
1599.06	2828.42
1600.61	2826.33
1602.15	2847.26
1603.70	2827.37
1605.24	2826.33
1606.79	2829.47
1608.33	2821.10
1609.87	2823.19
1611.41	2829.47
1612.96	2831.56
1614.50	2822.14
1616.04	2812.72
1617.58	2825.28
1619.12	2819.00
1620.67	2816.91
1622.21	2798.07
1623.75	2820.05
1625.29	2800.17
1626.83	2801.21
1628.37	2811.68
1629.90	2790.75
1631.44	2784.47
1632.98	2790.75
1634.52	2787.61
1636.06	2789.70
1637.59	2794.94
1639.13	2780.29
1640.67	2772.96
1642.21	2763.54
1643.74	2753.08
1645.28	2741.57
1646.81	2740.52
1648.35	2745.75
1649.88	2720.64
1651.42	2722.73
1652.95	2705.99
1654.49	2723.78
1656.02	2708.08
1657.55	2713.32
1659.09	2689.25
1660.62	2709.13
1662.15	2696.57
1663.68	2695.53
1665.22	2689.25
1666.75	2686.11
1668.28	2676.69
1669.81	2701.81
1671.34	2685.06
1672.87	2689.25
1674.40	2691.34
1675.93	2681.92
1677.46	2670.41
1678.99	2665.18
1680.52	2662.04
1682.04	2678.78
1683.57	2672.51
1685.10	2680.88
1686.63	2673.55
1688.15	2667.27
1689.68	2663.09
1691.21	2668.32
1692.73	2668.32
1694.26	2676.69
1695.78	2654.72
1697.31	2662.04
1698.83	2658.90
1700.36	2672.51
1701.88	2647.39
1703.40	2659.95
1704.93	2653.67
1706.45	2654.72
