896.35	2917.36
897.98	2920.50
899.60	2928.87
901.22	2949.80
902.85	2932.01
904.47	2950.85
906.10	2963.41
907.72	2951.90
909.34	2972.82
910.97	2979.10
912.59	2991.66
914.21	3011.54
915.84	3030.38
917.46	3062.81
919.08	3081.65
920.71	3098.39
922.33	3114.09
923.95	3123.50
925.58	3144.43
927.20	3125.60
928.82	3138.15
930.44	3160.13
932.07	3158.04
933.69	3149.66
935.31	3165.36
936.93	3169.55
938.56	3180.01
940.18	3180.01
941.80	3173.73
943.42	3189.43
945.05	3198.85
946.67	3182.10
948.29	3195.71
949.91	3193.61
951.53	3201.98
953.16	3203.03
954.78	3200.94
956.40	3190.47
958.02	3193.61
959.64	3197.80
961.26	3194.66
962.88	3193.61
964.51	3177.92
966.13	3211.40
967.75	3211.40
969.37	3199.89
970.99	3198.85
972.61	3184.20
974.23	3191.52
975.85	3191.52
977.47	3207.22
979.09	3203.03
980.71	3196.75
982.33	3207.22
983.95	3211.40
985.57	3222.91
987.19	3216.63
988.81	3226.05
990.43	3219.77
992.05	3217.68
993.67	3229.19
995.29	3223.96
996.91	3220.82
998.53	3244.89
1000.15	3246.98
1001.77	3245.93
1003.39	3248.03
1005.01	3237.56
1006.63	3254.30
1008.25	3248.03
1009.86	3266.86
1011.48	3258.49
1013.10	3255.35
1014.72	3270.00
1016.34	3276.28
1017.96	3288.84
1019.58	3272.09
1021.19	3275.23
1022.81	3287.79
1024.43	3295.11
1026.05	3294.07
1027.66	3304.53
1029.28	3298.25
1030.90	3300.35
1032.52	3286.74
1034.13	3296.16
1035.75	3302.44
1037.37	3306.62
1038.98	3324.41
1040.60	3312.90
1042.22	3303.49
1043.83	3302.44
1045.45	3309.76
1047.07	3304.53
1048.68	3323.37
1050.30	3312.90
1051.92	3321.27
1053.53	3304.53
1055.15	3313.95
1056.76	3309.76
1058.38	3325.46
1059.99	3322.32
1061.61	3320.23
1063.22	3310.81
1064.84	3308.72
1066.46	3305.58
1068.07	3309.76
1069.68	3313.95
1071.30	3331.74
1072.91	3315.00
1074.53	3302.44
1076.14	3312.90
1077.76	3309.76
1079.37	3315.00
1080.98	3283.60
1082.60	3298.25
1084.21	3299.30
1085.83	3296.16
1087.44	3304.53
1089.05	3288.84
1090.67	3289.88
1092.28	3285.70
1093.89	3296.16
1095.50	3285.70
1097.12	3285.70
1098.73	3295.11
1100.34	3284.65
1101.95	3296.16
1103.57	3295.11
1105.18	3279.42
1106.79	3278.37
1108.40	3295.11
1110.01	3296.16
1111.63	3295.11
1113.24	3293.02
1114.85	3287.79
1116.46	3286.74
1118.07	3298.25
1119.68	3290.93
1121.29	3301.39
1122.90	3291.98
1124.51	3286.74
1126.12	3287.79
1127.73	3299.30
1129.34	3306.62
1130.95	3305.58
1132.56	3302.44
1134.17	3276.28
1135.78	3290.93
1137.39	3290.93
1139.00	3287.79
1140.61	3287.79
1142.22	3298.25
1143.83	3290.93
1145.44	3288.84
1147.05	3288.84
1148.65	3291.98
1150.26	3283.60
1151.87	3280.46
1153.48	3283.60
1155.09	3287.79
1156.69	3284.65
1158.30	3273.14
1159.91	3282.56
1161.52	3287.79
1163.12	3283.60
1164.73	3277.33
1166.34	3293.02
1167.94	3283.60
1169.55	3290.93
1171.16	3298.25
1172.76	3293.02
1174.37	3287.79
1175.97	3304.53
1177.58	3281.51
1179.19	3306.62
1180.79	3288.84
1182.40	3280.46
1184.00	3283.60
1185.61	3305.58
1187.21	3301.39
1188.82	3298.25
1190.42	3286.74
1192.02	3283.60
1193.63	3277.33
1195.23	3299.30
1196.84	3298.25
1198.44	3299.30
1200.04	3298.25
1201.65	3294.07
1203.25	3302.44
1204.85	3304.53
1206.46	3287.79
1208.06	3284.65
1209.66	3282.56
1211.26	3282.56
1212.87	3304.53
1214.47	3282.56
1216.07	3279.42
1217.67	3282.56
1219.27	3287.79
1220.87	3282.56
1222.48	3288.84
1224.08	3280.46
1225.68	3267.91
1227.28	3271.05
1228.88	3261.63
1230.48	3277.33
1232.08	3261.63
1233.68	3271.05
1235.28	3278.37
1236.88	3256.40
1238.48	3253.26
1240.08	3281.51
1241.68	3250.12
1243.28	3251.17
1244.87	3250.12
1246.47	3245.93
1248.07	3242.79
1249.67	3254.30
1251.27	3267.91
1252.87	3246.98
1254.46	3236.52
1256.06	3238.61
1257.66	3243.84
1259.26	3223.96
1260.85	3230.24
1262.45	3227.10
1264.05	3235.47
1265.64	3223.96
1267.24	3219.77
1268.83	3225.01
1270.43	3215.59
1272.03	3234.42
1273.62	3226.05
1275.22	3210.36
1276.81	3230.24
1278.41	3212.45
1280.00	3220.82
1281.60	3208.26
1283.19	3212.45
1284.79	3219.77
1286.38	3211.40
1287.97	3215.59
1289.57	3199.89
1291.16	3196.75
1292.75	3190.47
1294.35	3200.94
1295.94	3200.94
1297.53	3203.03
1299.12	3190.47
1300.72	3200.94
1302.31	3174.78
1303.90	3207.22
1305.49	3204.08
1307.08	3190.47
1308.68	3180.01
1310.27	3174.78
1311.86	3182.10
1313.45	3175.82
1315.04	3178.96
1316.63	3167.45
1318.22	3167.45
1319.81	3161.18
1321.40	3174.78
1322.99	3163.27
1324.58	3153.85
1326.17	3146.53
1327.75	3145.48
1329.34	3150.71
1330.93	3143.39
1332.52	3140.25
1334.11	3139.20
1335.70	3135.02
1337.28	3127.69
1338.87	3120.37
1340.46	3121.41
1342.05	3121.41
1343.63	3123.50
1345.22	3120.37
1346.81	3119.32
1348.39	3110.95
1349.98	3111.99
1351.56	3111.99
1353.15	3098.39
1354.73	3096.30
1356.32	3077.46
1357.90	3078.51
1359.49	3086.88
1361.07	3074.32
1362.66	3080.60
1364.24	3065.95
1365.82	3061.77
1367.41	3067.00
1368.99	3052.35
1370.57	3040.84
1372.16	3050.26
1373.74	3043.98
1375.32	3034.56
1376.91	3031.42
1378.49	3009.45
1380.07	2982.24
1381.65	2969.68
1383.23	2962.36
1384.81	2965.50
1386.39	2953.99
1387.97	2960.27
1389.55	2945.62
1391.14	2941.43
1392.72	2923.64
1394.29	2924.69
1395.87	2914.22
1397.45	2898.53
1399.03	2896.44
1400.61	2901.67
1402.19	2895.39
1403.77	2875.51
1405.35	2894.34
1406.92	2874.46
1408.50	2878.65
1410.08	2876.55
1411.66	2865.04
1413.23	2867.14
1414.81	2877.60
1416.39	2864.00
1417.96	2867.14
1419.54	2847.26
1421.12	2858.77
1422.69	2865.04
1424.27	2849.35
1425.84	2857.72
1427.42	2851.44
1428.99	2856.67
1430.57	2851.44
1432.14	2844.12
1433.71	2853.53
1435.29	2862.95
1436.86	2851.44
1438.43	2840.98
1440.01	2843.07
1441.58	2725.87
1443.15	2855.63
1444.72	2855.63
1446.30	2845.16
1447.87	2852.49
1449.44	2846.21
1451.01	2838.88
1452.58	2853.53
1454.15	2838.88
1455.72	2837.84
1457.29	2848.30
1458.86	2848.30
1460.43	2837.84
1462.00	2861.90
1463.57	2845.16
1465.14	2850.39
1466.71	2837.84
1468.28	2843.07
1469.85	2846.21
1471.41	2846.21
1472.98	2844.12
1474.55	2861.90
1476.12	2837.84
1477.68	2839.93
1479.25	2847.26
1480.82	2843.07
1482.38	2846.21
1483.95	2837.84
1485.51	2853.53
1487.08	2861.90
1488.64	2856.67
1490.21	2855.63
1491.77	2845.16
1493.34	2866.09
1494.90	2852.49
1496.46	2849.35
1498.03	2852.49
1499.59	2857.72
1501.15	2855.63
1502.72	2854.58
1504.28	2860.86
1505.84	2850.39
1507.40	2853.53
1508.97	2865.04
1510.53	2854.58
1512.09	2874.46
1513.65	2883.88
1515.21	2872.37
1516.77	2852.49
1518.33	2867.14
1519.89	2860.86
1521.45	2864.00
1523.01	2864.00
1524.57	2874.46
1526.13	2865.04
1527.68	2877.60
1529.24	2872.37
1530.80	2869.23
1532.36	2891.20
1533.92	2872.37
1535.47	2854.58
1537.03	2872.37
1538.59	2874.46
1540.14	2868.18
1541.70	2858.77
1543.25	2879.69
1544.81	2872.37
1546.36	2874.46
1547.92	2857.72
1549.47	2869.23
1551.03	2868.18
1552.58	2868.18
1554.13	2867.14
1555.69	2876.55
1557.24	2855.63
1558.79	2862.95
1560.35	2859.81
1561.90	2865.04
1563.45	2852.49
1565.00	2862.95
1566.55	2853.53
1568.10	2853.53
1569.66	2860.86
1571.21	2862.95
1572.76	2860.86
1574.31	2848.30
1575.86	2853.53
1577.40	2851.44
1578.95	2852.49
1580.50	2850.39
1582.05	2843.07
1583.60	2843.07
1585.15	2835.74
1586.69	2840.98
1588.24	2853.53
1589.79	2852.49
1591.34	2835.74
1592.88	2835.74
1594.43	2824.23
1595.97	2848.30
1597.52	2840.98
1599.06	2836.79
1600.61	2832.61
1602.15	2850.39
1603.70	2836.79
1605.24	2837.84
1606.79	2839.93
1608.33	2831.56
1609.87	2824.23
1611.41	2838.88
1612.96	2831.56
1614.50	2819.00
1616.04	2827.37
1617.58	2834.70
1619.12	2822.14
1620.67	2828.42
1622.21	2799.12
1623.75	2819.00
1625.29	2800.17
1626.83	2820.05
1628.37	2830.51
1629.90	2794.94
1631.44	2794.94
1632.98	2802.26
1634.52	2782.38
1636.06	2784.47
1637.59	2795.98
1639.13	2783.42
1640.67	2780.29
1642.21	2761.45
1643.74	2760.40
1645.28	2735.29
1646.81	2734.24
1648.35	2739.48
1649.88	2716.45
1651.42	2725.87
1652.95	2709.13
1654.49	2726.92
1656.02	2705.99
1657.55	2717.50
1659.09	2690.29
1660.62	2709.13
1662.15	2698.67
1663.68	2700.76
1665.22	2681.92
1666.75	2685.06
1668.28	2672.51
1669.81	2696.57
1671.34	2684.02
1672.87	2686.11
1674.40	2690.29
1675.93	2686.11
1677.46	2674.60
1678.99	2665.18
1680.52	2655.76
1682.04	2679.83
1683.57	2665.18
1685.10	2680.88
1686.63	2665.18
1688.15	2667.27
1689.68	2663.09
1691.21	2667.27
1692.73	2667.27
1694.26	2673.55
1695.78	2662.04
1697.31	2666.23
1698.83	2653.67
1700.36	2667.27
1701.88	2651.58
1703.40	2661.00
1704.93	2656.81
1706.45	2648.44
