896.35	2965.50
897.98	2978.06
899.60	2982.24
901.22	2996.89
902.85	2982.24
904.47	3007.35
906.10	3011.54
907.72	3009.45
909.34	3024.10
910.97	3041.89
912.59	3060.72
914.21	3088.97
915.84	3108.86
917.46	3147.57
919.08	3160.13
920.71	3184.20
922.33	3213.50
923.95	3223.96
925.58	3234.42
927.20	3229.19
928.82	3248.03
930.44	3272.09
932.07	3260.58
933.69	3251.17
935.31	3262.68
936.93	3264.77
938.56	3267.91
940.18	3287.79
941.80	3282.56
943.42	3294.07
945.05	3305.58
946.67	3284.65
948.29	3294.07
949.91	3289.88
951.53	3305.58
953.16	3310.81
954.78	3301.39
956.40	3297.21
958.02	3307.67
959.64	3301.39
961.26	3301.39
962.88	3305.58
964.51	3294.07
966.13	3315.00
967.75	3311.86
969.37	3298.25
970.99	3298.25
972.61	3302.44
974.23	3299.30
975.85	3298.25
977.47	3311.86
979.09	3309.76
980.71	3299.30
982.33	3309.76
983.95	3307.67
985.57	3322.32
987.19	3306.62
988.81	3325.46
990.43	3321.27
992.05	3321.27
993.67	3334.88
995.29	3339.06
996.91	3328.60
998.53	3353.71
1000.15	3344.30
1001.77	3352.67
1003.39	3353.71
1005.01	3356.85
1006.63	3359.99
1008.25	3368.36
1009.86	3375.69
1011.48	3375.69
1013.10	3372.55
1014.72	3387.20
1016.34	3381.97
1017.96	3406.03
1019.58	3385.10
1021.19	3396.62
1022.81	3402.89
1024.43	3411.26
1026.05	3392.43
1027.66	3418.59
1029.28	3409.17
1030.90	3414.40
1032.52	3400.80
1034.13	3418.59
1035.75	3419.64
1037.37	3423.82
1038.98	3432.19
1040.60	3426.96
1042.22	3403.94
1043.83	3413.36
1045.45	3426.96
1047.07	3426.96
1048.68	3435.33
1050.30	3423.82
1051.92	3436.38
1053.53	3435.33
1055.15	3441.61
1056.76	3435.33
1058.38	3440.56
1059.99	3446.84
1061.61	3430.10
1063.22	3420.68
1064.84	3425.91
1066.46	3426.96
1068.07	3418.59
1069.68	3430.10
1071.30	3436.38
1072.91	3426.96
1074.53	3413.36
1076.14	3429.05
1077.76	3419.64
1079.37	3429.05
1080.98	3392.43
1082.60	3410.22
1084.21	3413.36
1085.83	3410.22
1087.44	3411.26
1089.05	3399.75
1090.67	3390.34
1092.28	3400.80
1093.89	3411.26
1095.50	3409.17
1097.12	3404.99
1098.73	3416.50
1100.34	3390.34
1101.95	3413.36
1103.57	3400.80
1105.18	3388.24
1106.79	3379.87
1108.40	3401.85
1110.01	3400.80
1111.63	3406.03
1113.24	3403.94
1114.85	3399.75
1116.46	3400.80
1118.07	3415.45
1119.68	3396.62
1121.29	3409.17
1122.90	3394.52
1124.51	3406.03
1126.12	3409.17
1127.73	3412.31
1129.34	3417.54
1130.95	3415.45
1132.56	3417.54
1134.17	3390.34
1135.78	3397.66
1137.39	3410.22
1139.00	3400.80
1140.61	3408.13
1142.22	3401.85
1143.83	3400.80
1145.44	3392.43
1147.05	3398.71
1148.65	3403.94
1150.26	3398.71
1151.87	3396.62
1153.48	3394.52
1155.09	3398.71
1156.69	3398.71
1158.30	3390.34
1159.91	3399.75
1161.52	3412.31
1163.12	3410.22
1164.73	3406.03
1166.34	3412.31
1167.94	3400.80
1169.55	3410.22
1171.16	3406.03
1172.76	3413.36
1174.37	3402.89
1175.97	3406.03
1177.58	3391.38
1179.19	3425.91
1180.79	3399.75
1182.40	3406.03
1184.00	3399.75
1185.61	3414.40
1187.21	3419.64
1188.82	3402.89
1190.42	3404.99
1192.02	3402.89
1193.63	3393.48
1195.23	3400.80
1196.84	3399.75
1198.44	3419.64
1200.04	3411.26
1201.65	3407.08
1203.25	3400.80
1204.85	3410.22
1206.46	3388.24
1208.06	3399.75
1209.66	3388.24
1211.26	3397.66
1212.87	3411.26
1214.47	3397.66
1216.07	3383.01
1217.67	3398.71
1219.27	3378.83
1220.87	3385.10
1222.48	3381.97
1224.08	3381.97
1225.68	3379.87
1227.28	3384.06
1228.88	3374.64
1230.48	3384.06
1232.08	3362.08
1233.68	3385.10
1235.28	3389.29
1236.88	3367.32
1238.48	3361.04
1240.08	3388.24
1241.68	3359.99
1243.28	3362.08
1244.87	3344.30
1246.47	3346.39
1248.07	3347.43
1249.67	3345.34
1251.27	3354.76
1252.87	3327.55
1254.46	3319.18
1256.06	3338.02
1257.66	3338.02
1259.26	3321.27
1260.85	3332.78
1262.45	3323.37
1264.05	3332.78
1265.64	3318.14
1267.24	3328.60
1268.83	3330.69
1270.43	3318.14
1272.03	3327.55
1273.62	3310.81
1275.22	3298.25
1276.81	3304.53
1278.41	3304.53
1280.00	3306.62
1281.60	3302.44
1283.19	3295.11
1284.79	3304.53
1286.38	3297.21
1287.97	3302.44
1289.57	3294.07
1291.16	3294.07
1292.75	3281.51
1294.35	3293.02
1295.94	3277.33
1297.53	3291.98
1299.12	3278.37
1300.72	3297.21
1302.31	3273.14
1303.90	3294.07
1305.49	3291.98
1307.08	3275.23
1308.68	3272.09
1310.27	3267.91
1311.86	3275.23
1313.45	3268.95
1315.04	3254.30
1316.63	3263.72
1318.22	3255.35
1319.81	3248.03
1321.40	3240.70
1322.99	3248.03
1324.58	3234.42
1326.17	3244.89
1327.75	3223.96
1329.34	3239.66
1330.93	3230.24
1332.52	3217.68
1334.11	3211.40
1335.70	3220.82
1337.28	3207.22
1338.87	3214.54
1340.46	3208.26
1342.05	3208.26
1343.63	3199.89
1345.22	3208.26
1346.81	3203.03
1348.39	3195.71
1349.98	3188.38
1351.56	3174.78
1353.15	3165.36
1354.73	3186.29
1356.32	3160.13
1357.90	3160.13
1359.49	3154.90
1361.07	3140.25
1362.66	3129.78
1364.24	3136.06
1365.82	3139.20
1367.41	3142.34
1368.99	3126.64
1370.57	3118.27
1372.16	3118.27
1373.74	3107.81
1375.32	3110.95
1376.91	3098.39
1378.49	3075.37
1380.07	3053.40
1381.65	3037.70
1383.23	3024.10
1384.81	3018.86
1386.39	3016.77
1387.97	3013.63
1389.55	3016.77
1391.14	3007.35
1392.72	2987.47
1394.29	2975.96
1395.87	2970.73
1397.45	2959.22
1399.03	2962.36
1400.61	2951.90
1402.19	2945.62
1403.77	2935.15
1405.35	2947.71
1406.92	2933.06
1408.50	2936.20
1410.08	2922.60
1411.66	2914.22
1413.23	2922.60
1414.81	2930.97
1416.39	2905.85
1417.96	2920.50
1419.54	2906.90
1421.12	2912.13
1422.69	2921.55
1424.27	2903.76
1425.84	2910.04
1427.42	2892.25
1428.99	2897.48
1430.57	2905.85
1432.14	2900.62
1433.71	2899.58
1435.29	2908.99
1436.86	2902.71
1438.43	2890.16
1440.01	2891.20
1441.58	2776.10
1443.15	2899.58
1444.72	2898.53
1446.30	2896.44
1447.87	2893.30
1449.44	2880.74
1451.01	2874.46
1452.58	2891.20
1454.15	2891.20
1455.72	2880.74
1457.29	2875.51
1458.86	2894.34
1460.43	2883.88
1462.00	2900.62
1463.57	2887.02
1465.14	2893.30
1466.71	2877.60
1468.28	2887.02
1469.85	2881.79
1471.41	2891.20
1472.98	2878.65
1474.55	2901.67
1476.12	2881.79
1477.68	2883.88
1479.25	2899.58
1480.82	2893.30
1482.38	2897.48
1483.95	2877.60
1485.51	2884.93
1487.08	2903.76
1488.64	2889.11
1490.21	2903.76
1491.77	2884.93
1493.34	2905.85
1494.90	2888.06
1496.46	2897.48
1498.03	2900.62
1499.59	2905.85
1501.15	2897.48
1502.72	2898.53
1504.28	2900.62
1505.84	2895.39
1507.40	2892.25
1508.97	2906.90
1510.53	2907.95
1512.09	2918.41
1513.65	2913.18
1515.21	2911.09
1516.77	2893.30
1518.33	2913.18
1519.89	2907.95
1521.45	2911.09
1523.01	2916.32
1524.57	2917.36
1526.13	2916.32
1527.68	2924.69
1529.24	2923.64
1530.80	2918.41
1532.36	2915.27
1533.92	2913.18
1535.47	2896.44
1537.03	2910.04
1538.59	2910.04
1540.14	2906.90
1541.70	2895.39
1543.25	2922.60
1544.81	2916.32
1546.36	2911.09
1547.92	2895.39
1549.47	2910.04
1551.03	2913.18
1552.58	2905.85
1554.13	2900.62
1555.69	2904.81
1557.24	2900.62
1558.79	2898.53
1560.35	2894.34
1561.90	2900.62
1563.45	2891.20
1565.00	2907.95
1566.55	2901.67
1568.10	2892.25
1569.66	2877.60
1571.21	2900.62
1572.76	2898.53
1574.31	2900.62
1575.86	2894.34
1577.40	2887.02
1578.95	2879.69
1580.50	2887.02
1582.05	2871.32
1583.60	2876.55
1585.15	2880.74
1586.69	2887.02
1588.24	2888.06
1589.79	2885.97
1591.34	2865.04
1592.88	2883.88
1594.43	2860.86
1595.97	2879.69
1597.52	2877.60
1599.06	2872.37
1600.61	2860.86
1602.15	2885.97
1603.70	2867.14
1605.24	2872.37
1606.79	2869.23
1608.33	2862.95
1609.87	2858.77
1611.41	2871.32
1612.96	2869.23
1614.50	2858.77
1616.04	2858.77
1617.58	2864.00
1619.12	2853.53
1620.67	2853.53
1622.21	2833.65
1623.75	2852.49
1625.29	2839.93
1626.83	2836.79
1628.37	2853.53
1629.90	2834.70
1631.44	2829.47
1632.98	2827.37
1634.52	2809.58
1636.06	2813.77
1637.59	2821.10
1639.13	2802.26
1640.67	2797.03
1642.21	2780.29
1643.74	2776.10
1645.28	2761.45
1646.81	2756.22
1648.35	2758.31
1649.88	2729.01
1651.42	2741.57
1652.95	2724.83
1654.49	2745.75
1656.02	2710.18
1657.55	2712.27
1659.09	2699.71
1660.62	2722.73
1662.15	2712.27
1663.68	2714.36
1665.22	2699.71
1666.75	2696.57
1668.28	2687.16
1669.81	2709.13
1671.34	2690.29
1672.87	2698.67
1674.40	2709.13
1675.93	2691.34
1677.46	2668.32
1678.99	2668.32
1680.52	2674.60
1682.04	2687.16
1683.57	2674.60
1685.10	2681.92
1686.63	2674.60
1688.15	2671.46
1689.68	2670.41
1691.21	2669.37
1692.73	2672.51
1694.26	2674.60
1695.78	2668.32
1697.31	2669.37
1698.83	2656.81
1700.36	2661.00
1701.88	2657.86
1703.40	2676.69
1704.93	2657.86
1706.45	2664.13
