896.35	2752.03
897.98	2747.85
899.60	2753.08
901.22	2765.64
902.85	2758.31
904.47	2769.82
906.10	2781.33
907.72	2768.78
909.34	2785.52
910.97	2784.47
912.59	2793.89
914.21	2795.98
915.84	2810.63
917.46	2822.14
919.08	2838.88
920.71	2834.70
922.33	2847.26
923.95	2848.30
925.58	2871.32
927.20	2844.12
928.82	2864.00
930.44	2869.23
932.07	2865.04
933.69	2849.35
935.31	2871.32
936.93	2857.72
938.56	2877.60
940.18	2872.37
941.80	2875.51
943.42	2874.46
945.05	2894.34
946.67	2866.09
948.29	2892.25
949.91	2877.60
951.53	2898.53
953.16	2890.16
954.78	2901.67
956.40	2881.79
958.02	2890.16
959.64	2875.51
961.26	2890.16
962.88	2880.74
964.51	2876.55
966.13	2893.30
967.75	2899.58
969.37	2882.83
970.99	2890.16
972.61	2877.60
974.23	2887.02
975.85	2882.83
977.47	2899.58
979.09	2883.88
980.71	2893.30
982.33	2892.25
983.95	2906.90
985.57	2908.99
987.19	2902.71
988.81	2902.71
990.43	2902.71
992.05	2893.30
993.67	2912.13
995.29	2892.25
996.91	2895.39
998.53	2913.18
1000.15	2923.64
1001.77	2915.27
1003.39	2918.41
1005.01	2913.18
1006.63	2919.46
1008.25	2908.99
1009.86	2926.78
1011.48	2915.27
1013.10	2932.01
1014.72	2922.60
1016.34	2933.06
1017.96	2938.29
1019.58	2928.87
1021.19	2920.50
1022.81	2930.97
1024.43	2933.06
1026.05	2940.38
1027.66	2941.43
1029.28	2939.34
1030.90	2930.97
1032.52	2923.64
1034.13	2934.11
1035.75	2947.71
1037.37	2935.15
1038.98	2957.13
1040.60	2935.15
1042.22	2935.15
1043.83	2930.97
1045.45	2943.52
1047.07	2936.20
1048.68	2961.31
1050.30	2921.55
1051.92	2945.62
1053.53	2940.38
1055.15	2959.22
1056.76	2944.57
1058.38	2953.99
1059.99	2949.80
1061.61	2951.90
1063.22	2938.29
1064.84	2953.99
1066.46	2940.38
1068.07	2949.80
1069.68	2937.25
1071.30	2951.90
1072.91	2939.34
1074.53	2940.38
1076.14	2944.57
1077.76	2945.62
1079.37	2942.48
1080.98	2928.87
1082.60	2939.34
1084.21	2955.03
1085.83	2939.34
1087.44	2942.48
1089.05	2917.36
1090.67	2938.29
1092.28	2932.01
1093.89	2946.66
1095.50	2941.43
1097.12	2938.29
1098.73	2942.48
1100.34	2926.78
1101.95	2933.06
1103.57	2941.43
1105.18	2929.92
1106.79	2926.78
1108.40	2932.01
1110.01	2943.52
1111.63	2940.38
1113.24	2949.80
1114.85	2938.29
1116.46	2944.57
1118.07	2940.38
1119.68	2933.06
1121.29	2935.15
1122.90	2930.97
1124.51	2926.78
1126.12	2943.52
1127.73	2948.76
1129.34	2951.90
1130.95	2950.85
1132.56	2953.99
1134.17	2925.74
1135.78	2941.43
1137.39	2937.25
1139.00	2930.97
1140.61	2933.06
1142.22	2945.62
1143.83	2925.74
1145.44	2941.43
1147.05	2939.34
1148.65	2950.85
1150.26	2930.97
1151.87	2933.06
1153.48	2928.87
1155.09	2946.66
1156.69	2939.34
1158.30	2936.20
1159.91	2923.64
1161.52	2947.71
1163.12	2933.06
1164.73	2936.20
1166.34	2936.20
1167.94	2934.11
1169.55	2936.20
1171.16	2940.38
1172.76	2934.11
1174.37	2936.20
1175.97	2939.34
1177.58	2929.92
1179.19	2946.66
1180.79	2936.20
1182.40	2933.06
1184.00	2932.01
1185.61	2940.38
1187.21	2949.80
1188.82	2938.29
1190.42	2942.48
1192.02	2924.69
1193.63	2925.74
1195.23	2938.29
1196.84	2942.48
1198.44	2935.15
1200.04	2946.66
1201.65	2932.01
1203.25	2945.62
1204.85	2944.57
1206.46	2937.25
1208.06	2945.62
1209.66	2930.97
1211.26	2932.01
1212.87	2955.03
1214.47	2937.25
1216.07	2947.71
1217.67	2945.62
1219.27	2938.29
1220.87	2920.50
1222.48	2933.06
1224.08	2927.83
1225.68	2939.34
1227.28	2928.87
1228.88	2933.06
1230.48	2935.15
1232.08	2929.92
1233.68	2935.15
1235.28	2943.52
1236.88	2921.55
1238.48	2924.69
1240.08	2948.76
1241.68	2925.74
1243.28	2919.46
1244.87	2926.78
1246.47	2925.74
1248.07	2924.69
1249.67	2932.01
1251.27	2947.71
1252.87	2918.41
1254.46	2919.46
1256.06	2920.50
1257.66	2924.69
1259.26	2906.90
1260.85	2922.60
1262.45	2916.32
1264.05	2929.92
1265.64	2917.36
1267.24	2915.27
1268.83	2911.09
1270.43	2918.41
1272.03	2928.87
1273.62	2923.64
1275.22	2907.95
1276.81	2922.60
1278.41	2915.27
1280.00	2922.60
1281.60	2916.32
1283.19	2920.50
1284.79	2913.18
1286.38	2905.85
1287.97	2916.32
1289.57	2917.36
1291.16	2911.09
1292.75	2903.76
1294.35	2911.09
1295.94	2910.04
1297.53	2906.90
1299.12	2901.67
1300.72	2919.46
1302.31	2896.44
1303.90	2914.22
1305.49	2916.32
1307.08	2882.83
1308.68	2889.11
1310.27	2897.48
1311.86	2903.76
1313.45	2890.16
1315.04	2892.25
1316.63	2889.11
1318.22	2893.30
1319.81	2885.97
1321.40	2889.11
1322.99	2894.34
1324.58	2882.83
1326.17	2879.69
1327.75	2869.23
1329.34	2880.74
1330.93	2877.60
1332.52	2867.14
1334.11	2872.37
1335.70	2873.42
1337.28	2869.23
1338.87	2872.37
1340.46	2888.06
1342.05	2860.86
1343.63	2861.90
1345.22	2859.81
1346.81	2868.18
1348.39	2866.09
1349.98	2866.09
1351.56	2855.63
1353.15	2854.58
1354.73	2860.86
1356.32	2850.39
1357.90	2851.44
1359.49	2857.72
1361.07	2851.44
1362.66	2852.49
1364.24	2847.26
1365.82	2846.21
1367.41	2846.21
1368.99	2838.88
1370.57	2833.65
1372.16	2836.79
1373.74	2838.88
1375.32	2851.44
1376.91	2828.42
1378.49	2820.05
1380.07	2811.68
1381.65	2820.05
1383.23	2812.72
1384.81	2808.54
1386.39	2806.45
1387.97	2806.45
1389.55	2801.21
1391.14	2799.12
1392.72	2789.70
1394.29	2797.03
1395.87	2794.94
1397.45	2784.47
1399.03	2783.42
1400.61	2784.47
1402.19	2770.87
1403.77	2764.59
1405.35	2789.70
1406.92	2780.29
1408.50	2778.19
1410.08	2777.15
1411.66	2765.64
1413.23	2776.10
1414.81	2777.15
1416.39	2762.50
1417.96	2776.10
1419.54	2769.82
1421.12	2764.59
1422.69	2778.19
1424.27	2755.17
1425.84	2767.73
1427.42	2765.64
1428.99	2768.78
1430.57	2768.78
1432.14	2757.26
1433.71	2759.36
1435.29	2768.78
1436.86	2762.50
1438.43	2769.82
1440.01	2758.31
1441.58	2643.21
1443.15	2756.22
1444.72	2760.40
1446.30	2747.85
1447.87	2765.64
1449.44	2754.13
1451.01	2749.94
1452.58	2762.50
1454.15	2761.45
1455.72	2749.94
1457.29	2752.03
1458.86	2764.59
1460.43	2760.40
1462.00	2766.68
1463.57	2754.13
1465.14	2754.13
1466.71	2747.85
1468.28	2766.68
1469.85	2769.82
1471.41	2764.59
1472.98	2756.22
1474.55	2766.68
1476.12	2755.17
1477.68	2752.03
1479.25	2771.91
1480.82	2756.22
1482.38	2759.36
1483.95	2750.99
1485.51	2759.36
1487.08	2765.64
1488.64	2767.73
1490.21	2765.64
1491.77	2749.94
1493.34	2768.78
1494.90	2762.50
1496.46	2764.59
1498.03	2754.13
1499.59	2758.31
1501.15	2768.78
1502.72	2762.50
1504.28	2770.87
1505.84	2757.26
1507.40	2757.26
1508.97	2770.87
1510.53	2768.78
1512.09	2772.96
1513.65	2781.33
1515.21	2770.87
1516.77	2753.08
1518.33	2778.19
1519.89	2777.15
1521.45	2760.40
1523.01	2760.40
1524.57	2769.82
1526.13	2764.59
1527.68	2774.01
1529.24	2776.10
1530.80	2767.73
1532.36	2770.87
1533.92	2769.82
1535.47	2758.31
1537.03	2766.68
1538.59	2769.82
1540.14	2765.64
1541.70	2749.94
1543.25	2764.59
1544.81	2768.78
1546.36	2771.91
1547.92	2761.45
1549.47	2767.73
1551.03	2762.50
1552.58	2752.03
1554.13	2753.08
1555.69	2762.50
1557.24	2752.03
1558.79	2754.13
1560.35	2749.94
1561.90	2764.59
1563.45	2749.94
1565.00	2758.31
1566.55	2756.22
1568.10	2752.03
1569.66	2755.17
1571.21	2756.22
1572.76	2748.89
1574.31	2753.08
1575.86	2749.94
1577.40	2742.62
1578.95	2745.75
1580.50	2746.80
1582.05	2736.34
1583.60	2744.71
1585.15	2741.57
1586.69	2745.75
1588.24	2754.13
1589.79	2752.03
1591.34	2725.87
1592.88	2747.85
1594.43	2735.29
1595.97	2747.85
1597.52	2745.75
1599.06	2743.66
1600.61	2735.29
1602.15	2749.94
1603.70	2738.43
1605.24	2742.62
1606.79	2733.20
1608.33	2724.83
1609.87	2724.83
1611.41	2736.34
1612.96	2737.38
1614.50	2721.69
1616.04	2733.20
1617.58	2739.48
1619.12	2727.97
1620.67	2732.15
1622.21	2716.45
1623.75	2738.43
1625.29	2720.64
1626.83	2727.97
1628.37	2740.52
1629.90	2714.36
1631.44	2721.69
1632.98	2726.92
1634.52	2712.27
1636.06	2714.36
1637.59	2729.01
1639.13	2719.59
1640.67	2712.27
1642.21	2702.85
1643.74	2701.81
1645.28	2688.20
1646.81	2687.16
1648.35	2696.57
1649.88	2681.92
1651.42	2682.97
1652.95	2672.51
1654.49	2686.11
1656.02	2672.51
1657.55	2677.74
1659.09	2665.18
1660.62	2684.02
1662.15	2671.46
1663.68	2676.69
1665.22	2662.04
1666.75	2665.18
1668.28	2662.04
1669.81	2682.97
1671.34	2666.23
1672.87	2663.09
1674.40	2665.18
1675.93	2658.90
1677.46	2648.44
1678.99	2641.11
1680.52	2640.07
1682.04	2652.62
1683.57	2642.16
1685.10	2653.67
1686.63	2648.44
1688.15	2649.49
1689.68	2639.02
1691.21	2636.93
1692.73	2639.02
1694.26	2639.02
1695.78	2642.16
1697.31	2645.30
1698.83	2640.07
1700.36	2641.11
1701.88	2625.42
1703.40	2639.02
1704.93	2631.70
1706.45	2635.88
