896.35	2669.37
897.98	2655.76
899.60	2661.00
901.22	2670.41
902.85	2672.51
904.47	2681.92
906.10	2685.06
907.72	2668.32
909.34	2688.20
910.97	2680.88
912.59	2691.34
914.21	2671.46
915.84	2675.65
917.46	2678.78
919.08	2691.34
920.71	2679.83
922.33	2701.81
923.95	2686.11
925.58	2716.45
927.20	2679.83
928.82	2691.34
930.44	2698.67
932.07	2690.29
933.69	2669.37
935.31	2697.62
936.93	2684.02
938.56	2700.76
940.18	2694.48
941.80	2697.62
943.42	2698.67
945.05	2731.10
946.67	2701.81
948.29	2714.36
949.91	2699.71
951.53	2713.32
953.16	2703.90
954.78	2715.41
956.40	2696.57
958.02	2711.22
959.64	2697.62
961.26	2709.13
962.88	2697.62
964.51	2707.04
966.13	2713.32
967.75	2726.92
969.37	2701.81
970.99	2716.45
972.61	2697.62
974.23	2711.22
975.85	2703.90
977.47	2720.64
979.09	2697.62
980.71	2704.94
982.33	2705.99
983.95	2729.01
985.57	2727.97
987.19	2724.83
988.81	2717.50
990.43	2720.64
992.05	2703.90
993.67	2734.24
995.29	2715.41
996.91	2716.45
998.53	2724.83
1000.15	2732.15
1001.77	2716.45
1003.39	2726.92
1005.01	2708.08
1006.63	2731.10
1008.25	2713.32
1009.86	2734.24
1011.48	2705.99
1013.10	2722.73
1014.72	2722.73
1016.34	2736.34
1017.96	2740.52
1019.58	2731.10
1021.19	2711.22
1022.81	2726.92
1024.43	2723.78
1026.05	2726.92
1027.66	2719.59
1029.28	2729.01
1030.90	2716.45
1032.52	2726.92
1034.13	2720.64
1035.75	2727.97
1037.37	2717.50
1038.98	2747.85
1040.60	2721.69
1042.22	2721.69
1043.83	2717.50
1045.45	2736.34
1047.07	2723.78
1048.68	2741.57
1050.30	2710.18
1051.92	2737.38
1053.53	2726.92
1055.15	2736.34
1056.76	2716.45
1058.38	2741.57
1059.99	2730.06
1061.61	2737.38
1063.22	2715.41
1064.84	2729.01
1066.46	2717.50
1068.07	2729.01
1069.68	2730.06
1071.30	2746.80
1072.91	2713.32
1074.53	2730.06
1076.14	2732.15
1077.76	2738.43
1079.37	2724.83
1080.98	2715.41
1082.60	2720.64
1084.21	2733.20
1085.83	2724.83
1087.44	2742.62
1089.05	2723.78
1090.67	2730.06
1092.28	2718.55
1093.89	2736.34
1095.50	2730.06
1097.12	2733.20
1098.73	2730.06
1100.34	2719.59
1101.95	2726.92
1103.57	2740.52
1105.18	2713.32
1106.79	2729.01
1108.40	2722.73
1110.01	2740.52
1111.63	2724.83
1113.24	2741.57
1114.85	2729.01
1116.46	2740.52
1118.07	2737.38
1119.68	2733.20
1121.29	2727.97
1122.90	2739.48
1124.51	2726.92
1126.12	2742.62
1127.73	2734.24
1129.34	2748.89
1130.95	2732.15
1132.56	2746.80
1134.17	2717.50
1135.78	2730.06
1137.39	2727.97
1139.00	2725.87
1140.61	2725.87
1142.22	2746.80
1143.83	2721.69
1145.44	2727.97
1147.05	2720.64
1148.65	2735.29
1150.26	2717.50
1151.87	2727.97
1153.48	2730.06
1155.09	2739.48
1156.69	2723.78
1158.30	2723.78
1159.91	2722.73
1161.52	2736.34
1163.12	2727.97
1164.73	2733.20
1166.34	2724.83
1167.94	2723.78
1169.55	2722.73
1171.16	2729.01
1172.76	2723.78
1174.37	2733.20
1175.97	2735.29
1177.58	2712.27
1179.19	2726.92
1180.79	2729.01
1182.40	2716.45
1184.00	2732.15
1185.61	2733.20
1187.21	2739.48
1188.82	2726.92
1190.42	2730.06
1192.02	2718.55
1193.63	2715.41
1195.23	2730.06
1196.84	2738.43
1198.44	2723.78
1200.04	2737.38
1201.65	2723.78
1203.25	2729.01
1204.85	2727.97
1206.46	2719.59
1208.06	2719.59
1209.66	2720.64
1211.26	2716.45
1212.87	2743.66
1214.47	2722.73
1216.07	2734.24
1217.67	2732.15
1219.27	2736.34
1220.87	2722.73
1222.48	2733.20
1224.08	2723.78
1225.68	2744.71
1227.28	2729.01
1228.88	2733.20
1230.48	2729.01
1232.08	2719.59
1233.68	2725.87
1235.28	2742.62
1236.88	2726.92
1238.48	2733.20
1240.08	2747.85
1241.68	2717.50
1243.28	2729.01
1244.87	2743.66
1246.47	2726.92
1248.07	2723.78
1249.67	2727.97
1251.27	2748.89
1252.87	2722.73
1254.46	2725.87
1256.06	2720.64
1257.66	2736.34
1259.26	2719.59
1260.85	2736.34
1262.45	2723.78
1264.05	2742.62
1265.64	2719.59
1267.24	2740.52
1268.83	2735.29
1270.43	2726.92
1272.03	2734.24
1273.62	2733.20
1275.22	2718.55
1276.81	2733.20
1278.41	2733.20
1280.00	2736.34
1281.60	2722.73
1283.19	2723.78
1284.79	2727.97
1286.38	2733.20
1287.97	2732.15
1289.57	2735.29
1291.16	2725.87
1292.75	2730.06
1294.35	2729.01
1295.94	2736.34
1297.53	2727.97
1299.12	2719.59
1300.72	2729.01
1302.31	2712.27
1303.90	2730.06
1305.49	2745.75
1307.08	2723.78
1308.68	2721.69
1310.27	2724.83
1311.86	2726.92
1313.45	2720.64
1315.04	2726.92
1316.63	2722.73
1318.22	2726.92
1319.81	2723.78
1321.40	2726.92
1322.99	2729.01
1324.58	2715.41
1326.17	2710.18
1327.75	2716.45
1329.34	2714.36
1330.93	2722.73
1332.52	2717.50
1334.11	2721.69
1335.70	2711.22
1337.28	2709.13
1338.87	2711.22
1340.46	2727.97
1342.05	2713.32
1343.63	2719.59
1345.22	2713.32
1346.81	2729.01
1348.39	2713.32
1349.98	2719.59
1351.56	2712.27
1353.15	2720.64
1354.73	2729.01
1356.32	2717.50
1357.90	2705.99
1359.49	2720.64
1361.07	2712.27
1362.66	2722.73
1364.24	2716.45
1365.82	2722.73
1367.41	2722.73
1368.99	2711.22
1370.57	2702.85
1372.16	2717.50
1373.74	2715.41
1375.32	2727.97
1376.91	2719.59
1378.49	2713.32
1380.07	2699.71
1381.65	2722.73
1383.23	2716.45
1384.81	2711.22
1386.39	2710.18
1387.97	2719.59
1389.55	2708.08
1391.14	2712.27
1392.72	2710.18
1394.29	2716.45
1395.87	2716.45
1397.45	2709.13
1399.03	2717.50
1400.61	2721.69
1402.19	2707.04
1403.77	2704.94
1405.35	2729.01
1406.92	2721.69
1408.50	2717.50
1410.08	2715.41
1411.66	2700.76
1413.23	2703.90
1414.81	2723.78
1416.39	2703.90
1417.96	2716.45
1419.54	2704.94
1421.12	2713.32
1422.69	2723.78
1424.27	2711.22
1425.84	2722.73
1427.42	2715.41
1428.99	2708.08
1430.57	2709.13
1432.14	2714.36
1433.71	2712.27
1435.29	2721.69
1436.86	2718.55
1438.43	2718.55
1440.01	2709.13
1441.58	2598.21
1443.15	2721.69
1444.72	2711.22
1446.30	2703.90
1447.87	2720.64
1449.44	2718.55
1451.01	2704.94
1452.58	2715.41
1454.15	2718.55
1455.72	2710.18
1457.29	2710.18
1458.86	2717.50
1460.43	2707.04
1462.00	2736.34
1463.57	2723.78
1465.14	2722.73
1466.71	2712.27
1468.28	2708.08
1469.85	2717.50
1471.41	2725.87
1472.98	2711.22
1474.55	2720.64
1476.12	2702.85
1477.68	2702.85
1479.25	2717.50
1480.82	2713.32
1482.38	2713.32
1483.95	2707.04
1485.51	2720.64
1487.08	2720.64
1488.64	2719.59
1490.21	2722.73
1491.77	2701.81
1493.34	2714.36
1494.90	2705.99
1496.46	2709.13
1498.03	2712.27
1499.59	2717.50
1501.15	2710.18
1502.72	2708.08
1504.28	2711.22
1505.84	2703.90
1507.40	2707.04
1508.97	2719.59
1510.53	2712.27
1512.09	2718.55
1513.65	2723.78
1515.21	2714.36
1516.77	2702.85
1518.33	2717.50
1519.89	2710.18
1521.45	2707.04
1523.01	2714.36
1524.57	2714.36
1526.13	2708.08
1527.68	2714.36
1529.24	2715.41
1530.80	2703.90
1532.36	2716.45
1533.92	2712.27
1535.47	2702.85
1537.03	2699.71
1538.59	2711.22
1540.14	2704.94
1541.70	2700.76
1543.25	2720.64
1544.81	2714.36
1546.36	2711.22
1547.92	2702.85
1549.47	2702.85
1551.03	2703.90
1552.58	2699.71
1554.13	2698.67
1555.69	2705.99
1557.24	2692.39
1558.79	2694.48
1560.35	2687.16
1561.90	2698.67
1563.45	2689.25
1565.00	2700.76
1566.55	2697.62
1568.10	2692.39
1569.66	2684.02
1571.21	2697.62
1572.76	2691.34
1574.31	2691.34
1575.86	2695.53
1577.40	2693.43
1578.95	2694.48
1580.50	2692.39
1582.05	2676.69
1583.60	2679.83
1585.15	2670.41
1586.69	2681.92
1588.24	2690.29
1589.79	2695.53
1591.34	2681.92
1592.88	2704.94
1594.43	2670.41
1595.97	2685.06
1597.52	2687.16
1599.06	2689.25
1600.61	2678.78
1602.15	2690.29
1603.70	2682.97
1605.24	2680.88
1606.79	2686.11
1608.33	2677.74
1609.87	2675.65
1611.41	2684.02
1612.96	2682.97
1614.50	2666.23
1616.04	2679.83
1617.58	2690.29
1619.12	2677.74
1620.67	2675.65
1622.21	2664.13
1623.75	2679.83
1625.29	2661.00
1626.83	2667.27
1628.37	2685.06
1629.90	2666.23
1631.44	2671.46
1632.98	2671.46
1634.52	2657.86
1636.06	2664.13
1637.59	2688.20
1639.13	2677.74
1640.67	2678.78
1642.21	2680.88
1643.74	2676.69
1645.28	2659.95
1646.81	2662.04
1648.35	2674.60
1649.88	2661.00
1651.42	2672.51
1652.95	2655.76
1654.49	2677.74
1656.02	2659.95
1657.55	2670.41
1659.09	2641.11
1660.62	2670.41
1662.15	2662.04
1663.68	2668.32
1665.22	2657.86
1666.75	2652.62
1668.28	2647.39
1669.81	2667.27
1671.34	2654.72
1672.87	2655.76
1674.40	2661.00
1675.93	2652.62
1677.46	2643.21
1678.99	2637.97
1680.52	2641.11
1682.04	2656.81
1683.57	2646.35
1685.10	2650.53
1686.63	2646.35
1688.15	2648.44
1689.68	2644.25
1691.21	2640.07
1692.73	2642.16
1694.26	2652.62
1695.78	2642.16
1697.31	2645.30
1698.83	2626.46
1700.36	2642.16
1701.88	2627.51
1703.40	2643.21
1704.93	2629.60
1706.45	2636.93
