896.35	3011.54
897.98	3018.86
899.60	3020.96
901.22	3053.40
902.85	3040.84
904.47	3056.54
906.10	3062.81
907.72	3058.63
909.34	3076.42
910.97	3098.39
912.59	3123.50
914.21	3146.53
915.84	3167.45
917.46	3215.59
919.08	3232.33
920.71	3259.54
922.33	3281.51
923.95	3289.88
925.58	3313.95
927.20	3307.67
928.82	3309.76
930.44	3339.06
932.07	3334.88
933.69	3330.69
935.31	3349.53
936.93	3355.81
938.56	3358.94
940.18	3367.32
941.80	3357.90
943.42	3383.01
945.05	3380.92
946.67	3367.32
948.29	3378.83
949.91	3387.20
951.53	3390.34
953.16	3391.38
954.78	3383.01
956.40	3373.59
958.02	3380.92
959.64	3387.20
961.26	3384.06
962.88	3387.20
964.51	3372.55
966.13	3400.80
967.75	3396.62
969.37	3377.78
970.99	3377.78
972.61	3385.10
974.23	3386.15
975.85	3389.29
977.47	3391.38
979.09	3393.48
980.71	3380.92
982.33	3400.80
983.95	3400.80
985.57	3410.22
987.19	3385.10
988.81	3410.22
990.43	3412.31
992.05	3407.08
993.67	3415.45
995.29	3413.36
996.91	3404.99
998.53	3436.38
1000.15	3438.47
1001.77	3441.61
1003.39	3437.42
1005.01	3439.52
1006.63	3453.12
1008.25	3463.58
1009.86	3469.86
1011.48	3465.68
1013.10	3462.54
1014.72	3485.56
1016.34	3479.28
1017.96	3496.02
1019.58	3473.00
1021.19	3478.23
1022.81	3488.70
1024.43	3504.39
1026.05	3496.02
1027.66	3505.44
1029.28	3499.16
1030.90	3508.58
1032.52	3497.07
1034.13	3512.77
1035.75	3527.42
1037.37	3522.18
1038.98	3529.51
1040.60	3522.18
1042.22	3503.35
1043.83	3515.90
1045.45	3512.77
1047.07	3526.37
1048.68	3528.46
1050.30	3526.37
1051.92	3520.09
1053.53	3523.23
1055.15	3527.42
1056.76	3524.28
1058.38	3530.55
1059.99	3536.83
1061.61	3528.46
1063.22	3519.04
1064.84	3520.09
1066.46	3515.90
1068.07	3515.90
1069.68	3522.18
1071.30	3526.37
1072.91	3511.72
1074.53	3506.49
1076.14	3518.00
1077.76	3511.72
1079.37	3509.63
1080.98	3477.19
1082.60	3500.21
1084.21	3505.44
1085.83	3492.88
1087.44	3496.02
1089.05	3485.56
1090.67	3480.33
1092.28	3486.61
1093.89	3488.70
1095.50	3489.74
1097.12	3488.70
1098.73	3500.21
1100.34	3471.96
1101.95	3486.61
1103.57	3488.70
1105.18	3482.42
1106.79	3470.91
1108.40	3479.28
1110.01	3477.19
1111.63	3480.33
1113.24	3491.84
1114.85	3487.65
1116.46	3482.42
1118.07	3492.88
1119.68	3464.63
1121.29	3488.70
1122.90	3479.28
1124.51	3481.37
1126.12	3484.51
1127.73	3494.98
1129.34	3486.61
1130.95	3491.84
1132.56	3496.02
1134.17	3463.58
1135.78	3477.19
1137.39	3480.33
1139.00	3461.49
1140.61	3476.14
1142.22	3474.05
1143.83	3473.00
1145.44	3470.91
1147.05	3462.54
1148.65	3465.68
1150.26	3463.58
1151.87	3459.40
1153.48	3462.54
1155.09	3474.05
1156.69	3470.91
1158.30	3452.07
1159.91	3463.58
1161.52	3478.23
1163.12	3474.05
1164.73	3461.49
1166.34	3480.33
1167.94	3459.40
1169.55	3476.14
1171.16	3484.51
1172.76	3477.19
1174.37	3476.14
1175.97	3485.56
1177.58	3466.72
1179.19	3483.47
1180.79	3473.00
1182.40	3478.23
1184.00	3477.19
1185.61	3487.65
1187.21	3475.10
1188.82	3474.05
1190.42	3468.82
1192.02	3469.86
1193.63	3453.12
1195.23	3469.86
1196.84	3469.86
1198.44	3478.23
1200.04	3478.23
1201.65	3477.19
1203.25	3469.86
1204.85	3469.86
1206.46	3447.89
1208.06	3458.35
1209.66	3453.12
1211.26	3451.03
1212.87	3470.91
1214.47	3447.89
1216.07	3451.03
1217.67	3460.45
1219.27	3444.75
1220.87	3451.03
1222.48	3441.61
1224.08	3441.61
1225.68	3449.98
1227.28	3444.75
1228.88	3432.19
1230.48	3443.70
1232.08	3426.96
1233.68	3435.33
1235.28	3437.42
1236.88	3417.54
1238.48	3407.08
1240.08	3438.47
1241.68	3407.08
1243.28	3412.31
1244.87	3404.99
1246.47	3396.62
1248.07	3386.15
1249.67	3397.66
1251.27	3406.03
1252.87	3385.10
1254.46	3381.97
1256.06	3386.15
1257.66	3386.15
1259.26	3378.83
1260.85	3381.97
1262.45	3381.97
1264.05	3374.64
1265.64	3366.27
1267.24	3374.64
1268.83	3375.69
1270.43	3371.50
1272.03	3385.10
1273.62	3365.22
1275.22	3348.48
1276.81	3358.94
1278.41	3358.94
1280.00	3358.94
1281.60	3348.48
1283.19	3338.02
1284.79	3350.57
1286.38	3339.06
1287.97	3349.53
1289.57	3336.97
1291.16	3333.83
1292.75	3326.51
1294.35	3330.69
1295.94	3322.32
1297.53	3330.69
1299.12	3310.81
1300.72	3324.41
1302.31	3308.72
1303.90	3329.65
1305.49	3328.60
1307.08	3311.86
1308.68	3302.44
1310.27	3303.49
1311.86	3303.49
1313.45	3294.07
1315.04	3300.35
1316.63	3296.16
1318.22	3286.74
1319.81	3277.33
1321.40	3275.23
1322.99	3283.60
1324.58	3268.95
1326.17	3270.00
1327.75	3258.49
1329.34	3262.68
1330.93	3242.79
1332.52	3251.17
1334.11	3241.75
1335.70	3251.17
1337.28	3236.52
1338.87	3237.56
1340.46	3233.38
1342.05	3239.66
1343.63	3225.01
1345.22	3225.01
1346.81	3222.91
1348.39	3214.54
1349.98	3212.45
1351.56	3204.08
1353.15	3199.89
1354.73	3197.80
1356.32	3185.24
1357.90	3170.59
1359.49	3174.78
1361.07	3158.04
1362.66	3153.85
1364.24	3156.99
1365.82	3160.13
1367.41	3164.31
1368.99	3141.29
1370.57	3137.11
1372.16	3141.29
1373.74	3128.74
1375.32	3116.18
1376.91	3107.81
1378.49	3080.60
1380.07	3056.54
1381.65	3051.30
1383.23	3031.42
1384.81	3020.96
1386.39	3014.68
1387.97	3020.96
1389.55	3016.77
1391.14	3001.08
1392.72	2981.19
1394.29	2975.96
1395.87	2974.92
1397.45	2961.31
1399.03	2960.27
1400.61	2945.62
1402.19	2941.43
1403.77	2929.92
1405.35	2937.25
1406.92	2924.69
1408.50	2921.55
1410.08	2918.41
1411.66	2907.95
1413.23	2915.27
1414.81	2917.36
1416.39	2897.48
1417.96	2910.04
1419.54	2903.76
1421.12	2901.67
1422.69	2910.04
1424.27	2888.06
1425.84	2902.71
1427.42	2891.20
1428.99	2898.53
1430.57	2894.34
1432.14	2896.44
1433.71	2893.30
1435.29	2900.62
1436.86	2896.44
1438.43	2891.20
1440.01	2887.02
1441.58	2775.05
1443.15	2893.30
1444.72	2884.93
1446.30	2877.60
1447.87	2890.16
1449.44	2880.74
1451.01	2867.14
1452.58	2888.06
1454.15	2883.88
1455.72	2874.46
1457.29	2876.55
1458.86	2883.88
1460.43	2870.28
1462.00	2891.20
1463.57	2884.93
1465.14	2894.34
1466.71	2877.60
1468.28	2881.79
1469.85	2892.25
1471.41	2892.25
1472.98	2880.74
1474.55	2893.30
1476.12	2882.83
1477.68	2871.32
1479.25	2882.83
1480.82	2882.83
1482.38	2893.30
1483.95	2877.60
1485.51	2884.93
1487.08	2901.67
1488.64	2894.34
1490.21	2893.30
1491.77	2880.74
1493.34	2905.85
1494.90	2889.11
1496.46	2891.20
1498.03	2904.81
1499.59	2906.90
1501.15	2895.39
1502.72	2900.62
1504.28	2898.53
1505.84	2898.53
1507.40	2899.58
1508.97	2904.81
1510.53	2903.76
1512.09	2916.32
1513.65	2911.09
1515.21	2906.90
1516.77	2902.71
1518.33	2923.64
1519.89	2912.13
1521.45	2914.22
1523.01	2914.22
1524.57	2913.18
1526.13	2913.18
1527.68	2917.36
1529.24	2918.41
1530.80	2905.85
1532.36	2915.27
1533.92	2919.46
1535.47	2905.85
1537.03	2902.71
1538.59	2910.04
1540.14	2905.85
1541.70	2898.53
1543.25	2925.74
1544.81	2913.18
1546.36	2918.41
1547.92	2902.71
1549.47	2912.13
1551.03	2915.27
1552.58	2902.71
1554.13	2892.25
1555.69	2908.99
1557.24	2893.30
1558.79	2896.44
1560.35	2898.53
1561.90	2907.95
1563.45	2901.67
1565.00	2902.71
1566.55	2896.44
1568.10	2891.20
1569.66	2885.97
1571.21	2911.09
1572.76	2904.81
1574.31	2885.97
1575.86	2891.20
1577.40	2888.06
1578.95	2890.16
1580.50	2889.11
1582.05	2873.42
1583.60	2880.74
1585.15	2874.46
1586.69	2885.97
1588.24	2887.02
1589.79	2889.11
1591.34	2869.23
1592.88	2884.93
1594.43	2869.23
1595.97	2880.74
1597.52	2880.74
1599.06	2880.74
1600.61	2869.23
1602.15	2882.83
1603.70	2875.51
1605.24	2866.09
1606.79	2866.09
1608.33	2856.67
1609.87	2866.09
1611.41	2871.32
1612.96	2877.60
1614.50	2867.14
1616.04	2865.04
1617.58	2869.23
1619.12	2858.77
1620.67	2868.18
1622.21	2830.51
1623.75	2851.44
1625.29	2838.88
1626.83	2840.98
1628.37	2852.49
1629.90	2832.61
1631.44	2833.65
1632.98	2832.61
1634.52	2812.72
1636.06	2817.96
1637.59	2827.37
1639.13	2809.58
1640.67	2802.26
1642.21	2782.38
1643.74	2781.33
1645.28	2765.64
1646.81	2765.64
1648.35	2774.01
1649.88	2735.29
1651.42	2747.85
1652.95	2730.06
1654.49	2742.62
1656.02	2722.73
1657.55	2729.01
1659.09	2698.67
1660.62	2720.64
1662.15	2713.32
1663.68	2715.41
1665.22	2703.90
1666.75	2696.57
1668.28	2696.57
1669.81	2713.32
1671.34	2697.62
1672.87	2694.48
1674.40	2702.85
1675.93	2693.43
1677.46	2678.78
1678.99	2680.88
1680.52	2686.11
1682.04	2693.43
1683.57	2679.83
1685.10	2688.20
1686.63	2676.69
1688.15	2688.20
1689.68	2676.69
1691.21	2678.78
1692.73	2677.74
1694.26	2678.78
1695.78	2675.65
1697.31	2678.78
1698.83	2666.23
1700.36	2665.18
1701.88	2654.72
1703.40	2682.97
1704.93	2663.09
1706.45	2658.90
