896.35	2657.86
897.98	2656.81
899.60	2663.09
901.22	2674.60
902.85	2653.67
904.47	2656.81
906.10	2667.27
907.72	2661.00
909.34	2676.69
910.97	2670.41
912.59	2668.32
914.21	2664.13
915.84	2670.41
917.46	2672.51
919.08	2680.88
920.71	2671.46
922.33	2693.43
923.95	2672.51
925.58	2698.67
927.20	2675.65
928.82	2698.67
930.44	2694.48
932.07	2678.78
933.69	2658.90
935.31	2691.34
936.93	2672.51
938.56	2690.29
940.18	2685.06
941.80	2686.11
943.42	2688.20
945.05	2708.08
946.67	2681.92
948.29	2701.81
949.91	2690.29
951.53	2715.41
953.16	2697.62
954.78	2708.08
956.40	2685.06
958.02	2704.94
959.64	2691.34
961.26	2710.18
962.88	2695.53
964.51	2693.43
966.13	2699.71
967.75	2711.22
969.37	2689.25
970.99	2699.71
972.61	2690.29
974.23	2700.76
975.85	2690.29
977.47	2707.04
979.09	2693.43
980.71	2697.62
982.33	2698.67
983.95	2726.92
985.57	2717.50
987.19	2716.45
988.81	2715.41
990.43	2716.45
992.05	2695.53
993.67	2718.55
995.29	2705.99
996.91	2709.13
998.53	2705.99
1000.15	2711.22
1001.77	2709.13
1003.39	2725.87
1005.01	2700.76
1006.63	2712.27
1008.25	2703.90
1009.86	2726.92
1011.48	2702.85
1013.10	2716.45
1014.72	2712.27
1016.34	2725.87
1017.96	2731.10
1019.58	2720.64
1021.19	2714.36
1022.81	2719.59
1024.43	2718.55
1026.05	2721.69
1027.66	2708.08
1029.28	2723.78
1030.90	2705.99
1032.52	2716.45
1034.13	2705.99
1035.75	2731.10
1037.37	2718.55
1038.98	2741.57
1040.60	2712.27
1042.22	2718.55
1043.83	2700.76
1045.45	2723.78
1047.07	2702.85
1048.68	2725.87
1050.30	2701.81
1051.92	2729.01
1053.53	2710.18
1055.15	2727.97
1056.76	2708.08
1058.38	2726.92
1059.99	2723.78
1061.61	2725.87
1063.22	2704.94
1064.84	2724.83
1066.46	2703.90
1068.07	2722.73
1069.68	2713.32
1071.30	2739.48
1072.91	2712.27
1074.53	2718.55
1076.14	2718.55
1077.76	2724.83
1079.37	2712.27
1080.98	2698.67
1082.60	2703.90
1084.21	2723.78
1085.83	2710.18
1087.44	2734.24
1089.05	2709.13
1090.67	2719.59
1092.28	2698.67
1093.89	2723.78
1095.50	2716.45
1097.12	2725.87
1098.73	2714.36
1100.34	2702.85
1101.95	2712.27
1103.57	2722.73
1105.18	2705.99
1106.79	2711.22
1108.40	2705.99
1110.01	2733.20
1111.63	2723.78
1113.24	2723.78
1114.85	2702.85
1116.46	2729.01
1118.07	2725.87
1119.68	2722.73
1121.29	2723.78
1122.90	2726.92
1124.51	2709.13
1126.12	2727.97
1127.73	2714.36
1129.34	2730.06
1130.95	2723.78
1132.56	2731.10
1134.17	2692.39
1135.78	2719.59
1137.39	2717.50
1139.00	2720.64
1140.61	2719.59
1142.22	2733.20
1143.83	2716.45
1145.44	2724.83
1147.05	2713.32
1148.65	2734.24
1150.26	2712.27
1151.87	2716.45
1153.48	2717.50
1155.09	2724.83
1156.69	2718.55
1158.30	2722.73
1159.91	2714.36
1161.52	2732.15
1163.12	2716.45
1164.73	2718.55
1166.34	2725.87
1167.94	2721.69
1169.55	2712.27
1171.16	2722.73
1172.76	2709.13
1174.37	2722.73
1175.97	2719.59
1177.58	2713.32
1179.19	2723.78
1180.79	2723.78
1182.40	2714.36
1184.00	2720.64
1185.61	2722.73
1187.21	2730.06
1188.82	2714.36
1190.42	2723.78
1192.02	2708.08
1193.63	2704.94
1195.23	2713.32
1196.84	2718.55
1198.44	2719.59
1200.04	2738.43
1201.65	2719.59
1203.25	2724.83
1204.85	2723.78
1206.46	2718.55
1208.06	2716.45
1209.66	2719.59
1211.26	2709.13
1212.87	2737.38
1214.47	2713.32
1216.07	2719.59
1217.67	2714.36
1219.27	2726.92
1220.87	2721.69
1222.48	2724.83
1224.08	2716.45
1225.68	2726.92
1227.28	2715.41
1228.88	2725.87
1230.48	2718.55
1232.08	2718.55
1233.68	2731.10
1235.28	2745.75
1236.88	2712.27
1238.48	2715.41
1240.08	2737.38
1241.68	2713.32
1243.28	2714.36
1244.87	2725.87
1246.47	2716.45
1248.07	2723.78
1249.67	2720.64
1251.27	2739.48
1252.87	2717.50
1254.46	2723.78
1256.06	2714.36
1257.66	2730.06
1259.26	2714.36
1260.85	2729.01
1262.45	2716.45
1264.05	2731.10
1265.64	2717.50
1267.24	2729.01
1268.83	2720.64
1270.43	2724.83
1272.03	2725.87
1273.62	2726.92
1275.22	2705.99
1276.81	2731.10
1278.41	2714.36
1280.00	2733.20
1281.60	2715.41
1283.19	2725.87
1284.79	2722.73
1286.38	2715.41
1287.97	2712.27
1289.57	2720.64
1291.16	2709.13
1292.75	2714.36
1294.35	2723.78
1295.94	2724.83
1297.53	2719.59
1299.12	2721.69
1300.72	2731.10
1302.31	2712.27
1303.90	2732.15
1305.49	2734.24
1307.08	2714.36
1308.68	2713.32
1310.27	2711.22
1311.86	2722.73
1313.45	2707.04
1315.04	2720.64
1316.63	2712.27
1318.22	2715.41
1319.81	2704.94
1321.40	2714.36
1322.99	2714.36
1324.58	2702.85
1326.17	2703.90
1327.75	2705.99
1329.34	2698.67
1330.93	2707.04
1332.52	2693.43
1334.11	2708.08
1335.70	2698.67
1337.28	2696.57
1338.87	2700.76
1340.46	2715.41
1342.05	2714.36
1343.63	2712.27
1345.22	2701.81
1346.81	2718.55
1348.39	2707.04
1349.98	2717.50
1351.56	2708.08
1353.15	2715.41
1354.73	2716.45
1356.32	2713.32
1357.90	2699.71
1359.49	2722.73
1361.07	2703.90
1362.66	2720.64
1364.24	2708.08
1365.82	2715.41
1367.41	2713.32
1368.99	2703.90
1370.57	2692.39
1372.16	2704.94
1373.74	2700.76
1375.32	2723.78
1376.91	2715.41
1378.49	2704.94
1380.07	2696.57
1381.65	2719.59
1383.23	2704.94
1384.81	2707.04
1386.39	2701.81
1387.97	2716.45
1389.55	2695.53
1391.14	2709.13
1392.72	2698.67
1394.29	2700.76
1395.87	2699.71
1397.45	2697.62
1399.03	2703.90
1400.61	2712.27
1402.19	2703.90
1403.77	2697.62
1405.35	2713.32
1406.92	2704.94
1408.50	2701.81
1410.08	2705.99
1411.66	2705.99
1413.23	2709.13
1414.81	2708.08
1416.39	2687.16
1417.96	2704.94
1419.54	2698.67
1421.12	2710.18
1422.69	2709.13
1424.27	2698.67
1425.84	2708.08
1427.42	2696.57
1428.99	2699.71
1430.57	2699.71
1432.14	2708.08
1433.71	2704.94
1435.29	2719.59
1436.86	2712.27
1438.43	2708.08
1440.01	2697.62
1441.58	2586.70
1443.15	2707.04
1444.72	2715.41
1446.30	2703.90
1447.87	2709.13
1449.44	2690.29
1451.01	2692.39
1452.58	2709.13
1454.15	2705.99
1455.72	2697.62
1457.29	2701.81
1458.86	2709.13
1460.43	2696.57
1462.00	2720.64
1463.57	2719.59
1465.14	2707.04
1466.71	2692.39
1468.28	2694.48
1469.85	2707.04
1471.41	2712.27
1472.98	2703.90
1474.55	2715.41
1476.12	2699.71
1477.68	2696.57
1479.25	2717.50
1480.82	2705.99
1482.38	2703.90
1483.95	2695.53
1485.51	2717.50
1487.08	2714.36
1488.64	2699.71
1490.21	2707.04
1491.77	2698.67
1493.34	2712.27
1494.90	2697.62
1496.46	2691.34
1498.03	2711.22
1499.59	2703.90
1501.15	2708.08
1502.72	2691.34
1504.28	2701.81
1505.84	2693.43
1507.40	2695.53
1508.97	2707.04
1510.53	2708.08
1512.09	2705.99
1513.65	2709.13
1515.21	2708.08
1516.77	2690.29
1518.33	2698.67
1519.89	2700.76
1521.45	2690.29
1523.01	2698.67
1524.57	2711.22
1526.13	2699.71
1527.68	2701.81
1529.24	2712.27
1530.80	2698.67
1532.36	2708.08
1533.92	2699.71
1535.47	2684.02
1537.03	2689.25
1538.59	2703.90
1540.14	2690.29
1541.70	2692.39
1543.25	2699.71
1544.81	2695.53
1546.36	2696.57
1547.92	2686.11
1549.47	2698.67
1551.03	2695.53
1552.58	2691.34
1554.13	2694.48
1555.69	2696.57
1557.24	2680.88
1558.79	2687.16
1560.35	2689.25
1561.90	2695.53
1563.45	2689.25
1565.00	2689.25
1566.55	2695.53
1568.10	2677.74
1569.66	2675.65
1571.21	2686.11
1572.76	2692.39
1574.31	2687.16
1575.86	2688.20
1577.40	2676.69
1578.95	2686.11
1580.50	2684.02
1582.05	2672.51
1583.60	2681.92
1585.15	2677.74
1586.69	2680.88
1588.24	2685.06
1589.79	2687.16
1591.34	2663.09
1592.88	2682.97
1594.43	2669.37
1595.97	2675.65
1597.52	2671.46
1599.06	2671.46
1600.61	2672.51
1602.15	2685.06
1603.70	2679.83
1605.24	2675.65
1606.79	2681.92
1608.33	2661.00
1609.87	2671.46
1611.41	2677.74
1612.96	2677.74
1614.50	2661.00
1616.04	2665.18
1617.58	2670.41
1619.12	2670.41
1620.67	2676.69
1622.21	2649.49
1623.75	2679.83
1625.29	2658.90
1626.83	2657.86
1628.37	2670.41
1629.90	2657.86
1631.44	2663.09
1632.98	2667.27
1634.52	2654.72
1636.06	2663.09
1637.59	2678.78
1639.13	2668.32
1640.67	2676.69
1642.21	2661.00
1643.74	2670.41
1645.28	2651.58
1646.81	2655.76
1648.35	2664.13
1649.88	2656.81
1651.42	2665.18
1652.95	2654.72
1654.49	2672.51
1656.02	2657.86
1657.55	2663.09
1659.09	2640.07
1660.62	2666.23
1662.15	2650.53
1663.68	2663.09
1665.22	2647.39
1666.75	2643.21
1668.28	2635.88
1669.81	2664.13
1671.34	2647.39
1672.87	2647.39
1674.40	2656.81
1675.93	2644.25
1677.46	2630.65
1678.99	2629.60
1680.52	2640.07
1682.04	2649.49
1683.57	2646.35
1685.10	2647.39
1686.63	2632.74
1688.15	2635.88
1689.68	2627.51
1691.21	2636.93
1692.73	2634.84
1694.26	2646.35
1695.78	2635.88
1697.31	2637.97
1698.83	2614.95
1700.36	2628.56
1701.88	2621.23
1703.40	2632.74
1704.93	2623.33
1706.45	2624.37
