896.35	3036.65
897.98	3047.12
899.60	3048.16
901.22	3069.09
902.85	3061.77
904.47	3080.60
906.10	3083.74
907.72	3093.16
909.34	3111.99
910.97	3127.69
912.59	3148.62
914.21	3187.34
915.84	3203.03
917.46	3246.98
919.08	3272.09
920.71	3302.44
922.33	3316.04
923.95	3342.20
925.58	3351.62
927.20	3354.76
928.82	3366.27
930.44	3395.57
932.07	3370.46
933.69	3375.69
935.31	3387.20
936.93	3409.17
938.56	3407.08
940.18	3409.17
941.80	3404.99
943.42	3422.78
945.05	3431.15
946.67	3431.15
948.29	3425.91
949.91	3426.96
951.53	3437.42
953.16	3452.07
954.78	3438.47
956.40	3436.38
958.02	3431.15
959.64	3446.84
961.26	3435.33
962.88	3443.70
964.51	3422.78
966.13	3447.89
967.75	3436.38
969.37	3435.33
970.99	3436.38
972.61	3437.42
974.23	3423.82
975.85	3433.24
977.47	3437.42
979.09	3446.84
980.71	3434.29
982.33	3452.07
983.95	3451.03
985.57	3471.96
987.19	3455.21
988.81	3470.91
990.43	3456.26
992.05	3469.86
993.67	3466.72
995.29	3469.86
996.91	3464.63
998.53	3493.93
1000.15	3490.79
1001.77	3501.26
1003.39	3501.26
1005.01	3505.44
1006.63	3504.39
1008.25	3521.14
1009.86	3528.46
1011.48	3536.83
1013.10	3528.46
1014.72	3547.30
1016.34	3539.97
1017.96	3565.09
1019.58	3539.97
1021.19	3550.44
1022.81	3545.20
1024.43	3575.55
1026.05	3564.04
1027.66	3578.69
1029.28	3566.13
1030.90	3580.78
1032.52	3565.09
1034.13	3584.97
1035.75	3578.69
1037.37	3599.62
1038.98	3607.99
1040.60	3601.71
1042.22	3581.83
1043.83	3595.43
1045.45	3591.25
1047.07	3604.85
1048.68	3597.52
1050.30	3599.62
1051.92	3602.76
1053.53	3605.90
1055.15	3597.52
1056.76	3599.62
1058.38	3599.62
1059.99	3615.31
1061.61	3591.25
1063.22	3593.34
1064.84	3597.52
1066.46	3603.80
1068.07	3592.29
1069.68	3605.90
1071.30	3602.76
1072.91	3591.25
1074.53	3580.78
1076.14	3614.27
1077.76	3590.20
1079.37	3600.66
1080.98	3562.99
1082.60	3593.34
1084.21	3578.69
1085.83	3583.92
1087.44	3576.60
1089.05	3566.13
1090.67	3560.90
1092.28	3571.36
1093.89	3576.60
1095.50	3578.69
1097.12	3557.76
1098.73	3574.50
1100.34	3542.06
1101.95	3568.22
1103.57	3561.95
1105.18	3564.04
1106.79	3553.58
1108.40	3571.36
1110.01	3564.04
1111.63	3574.50
1113.24	3560.90
1114.85	3570.32
1116.46	3557.76
1118.07	3582.87
1119.68	3554.62
1121.29	3575.55
1122.90	3556.71
1124.51	3576.60
1126.12	3568.22
1127.73	3584.97
1129.34	3573.46
1130.95	3590.20
1132.56	3579.74
1134.17	3549.39
1135.78	3552.53
1137.39	3577.64
1139.00	3559.85
1140.61	3574.50
1142.22	3568.22
1143.83	3561.95
1145.44	3557.76
1147.05	3560.90
1148.65	3566.13
1150.26	3566.13
1151.87	3545.20
1153.48	3565.09
1155.09	3574.50
1156.69	3572.41
1158.30	3558.81
1159.91	3565.09
1161.52	3561.95
1163.12	3572.41
1164.73	3560.90
1166.34	3578.69
1167.94	3556.71
1169.55	3578.69
1171.16	3569.27
1172.76	3582.87
1174.37	3573.46
1175.97	3586.01
1177.58	3556.71
1179.19	3575.55
1180.79	3554.62
1182.40	3571.36
1184.00	3560.90
1185.61	3584.97
1187.21	3570.32
1188.82	3569.27
1190.42	3570.32
1192.02	3566.13
1193.63	3549.39
1195.23	3568.22
1196.84	3559.85
1198.44	3575.55
1200.04	3578.69
1201.65	3582.87
1203.25	3568.22
1204.85	3579.74
1206.46	3554.62
1208.06	3566.13
1209.66	3551.48
1211.26	3557.76
1212.87	3582.87
1214.47	3564.04
1216.07	3556.71
1217.67	3556.71
1219.27	3542.06
1220.87	3550.44
1222.48	3547.30
1224.08	3545.20
1225.68	3544.16
1227.28	3541.02
1228.88	3531.60
1230.48	3542.06
1232.08	3513.81
1233.68	3546.25
1235.28	3542.06
1236.88	3541.02
1238.48	3510.67
1240.08	3542.06
1241.68	3498.12
1243.28	3512.77
1244.87	3506.49
1246.47	3503.35
1248.07	3485.56
1249.67	3502.30
1251.27	3505.44
1252.87	3490.79
1254.46	3485.56
1256.06	3487.65
1257.66	3477.19
1259.26	3476.14
1260.85	3478.23
1262.45	3484.51
1264.05	3470.91
1265.64	3474.05
1267.24	3476.14
1268.83	3481.37
1270.43	3464.63
1272.03	3478.23
1273.62	3453.12
1275.22	3448.94
1276.81	3460.45
1278.41	3460.45
1280.00	3456.26
1281.60	3455.21
1283.19	3446.84
1284.79	3456.26
1286.38	3445.80
1287.97	3456.26
1289.57	3436.38
1291.16	3441.61
1292.75	3420.68
1294.35	3446.84
1295.94	3435.33
1297.53	3443.70
1299.12	3412.31
1300.72	3438.47
1302.31	3411.26
1303.90	3443.70
1305.49	3422.78
1307.08	3401.85
1308.68	3398.71
1310.27	3406.03
1311.86	3394.52
1313.45	3397.66
1315.04	3393.48
1316.63	3401.85
1318.22	3397.66
1319.81	3393.48
1321.40	3379.87
1322.99	3386.15
1324.58	3362.08
1326.17	3372.55
1327.75	3353.71
1329.34	3365.22
1330.93	3342.20
1332.52	3345.34
1334.11	3342.20
1335.70	3344.30
1337.28	3326.51
1338.87	3340.11
1340.46	3335.92
1342.05	3334.88
1343.63	3317.09
1345.22	3315.00
1346.81	3311.86
1348.39	3306.62
1349.98	3302.44
1351.56	3298.25
1353.15	3285.70
1354.73	3280.46
1356.32	3253.26
1357.90	3263.72
1359.49	3254.30
1361.07	3238.61
1362.66	3221.87
1364.24	3231.28
1365.82	3227.10
1367.41	3232.33
1368.99	3209.31
1370.57	3211.40
1372.16	3212.45
1373.74	3200.94
1375.32	3195.71
1376.91	3181.06
1378.49	3145.48
1380.07	3119.32
1381.65	3101.53
1383.23	3088.97
1384.81	3087.93
1386.39	3081.65
1387.97	3073.28
1389.55	3072.23
1391.14	3052.35
1392.72	3022.00
1394.29	3017.82
1395.87	3012.59
1397.45	2998.98
1399.03	2994.80
1400.61	2988.52
1402.19	2982.24
1403.77	2963.41
1405.35	2981.19
1406.92	2963.41
1408.50	2957.13
1410.08	2955.03
1411.66	2946.66
1413.23	2937.25
1414.81	2946.66
1416.39	2924.69
1417.96	2937.25
1419.54	2918.41
1421.12	2922.60
1422.69	2934.11
1424.27	2924.69
1425.84	2925.74
1427.42	2918.41
1428.99	2918.41
1430.57	2921.55
1432.14	2907.95
1433.71	2907.95
1435.29	2919.46
1436.86	2914.22
1438.43	2914.22
1440.01	2907.95
1441.58	2791.80
1443.15	2916.32
1444.72	2912.13
1446.30	2910.04
1447.87	2916.32
1449.44	2904.81
1451.01	2893.30
1452.58	2915.27
1454.15	2915.27
1455.72	2904.81
1457.29	2905.85
1458.86	2900.62
1460.43	2892.25
1462.00	2920.50
1463.57	2912.13
1465.14	2911.09
1466.71	2901.67
1468.28	2906.90
1469.85	2907.95
1471.41	2915.27
1472.98	2907.95
1474.55	2925.74
1476.12	2891.20
1477.68	2902.71
1479.25	2914.22
1480.82	2906.90
1482.38	2921.55
1483.95	2905.85
1485.51	2915.27
1487.08	2923.64
1488.64	2917.36
1490.21	2926.78
1491.77	2917.36
1493.34	2937.25
1494.90	2914.22
1496.46	2921.55
1498.03	2923.64
1499.59	2929.92
1501.15	2923.64
1502.72	2934.11
1504.28	2928.87
1505.84	2928.87
1507.40	2929.92
1508.97	2946.66
1510.53	2950.85
1512.09	2949.80
1513.65	2943.52
1515.21	2942.48
1516.77	2933.06
1518.33	2952.94
1519.89	2946.66
1521.45	2944.57
1523.01	2951.90
1524.57	2961.31
1526.13	2949.80
1527.68	2959.22
1529.24	2963.41
1530.80	2962.36
1532.36	2967.59
1533.92	2950.85
1535.47	2940.38
1537.03	2950.85
1538.59	2962.36
1540.14	2957.13
1541.70	2951.90
1543.25	2970.73
1544.81	2956.08
1546.36	2968.64
1547.92	2953.99
1549.47	2962.36
1551.03	2963.41
1552.58	2958.17
1554.13	2945.62
1555.69	2958.17
1557.24	2945.62
1558.79	2946.66
1560.35	2945.62
1561.90	2957.13
1563.45	2941.43
1565.00	2957.13
1566.55	2943.52
1568.10	2949.80
1569.66	2940.38
1571.21	2957.13
1572.76	2947.71
1574.31	2952.94
1575.86	2939.34
1577.40	2938.29
1578.95	2941.43
1580.50	2944.57
1582.05	2922.60
1583.60	2925.74
1585.15	2917.36
1586.69	2932.01
1588.24	2935.15
1589.79	2939.34
1591.34	2916.32
1592.88	2944.57
1594.43	2920.50
1595.97	2925.74
1597.52	2927.83
1599.06	2928.87
1600.61	2916.32
1602.15	2942.48
1603.70	2919.46
1605.24	2921.55
1606.79	2913.18
1608.33	2908.99
1609.87	2902.71
1611.41	2915.27
1612.96	2913.18
1614.50	2896.44
1616.04	2898.53
1617.58	2913.18
1619.12	2897.48
1620.67	2907.95
1622.21	2871.32
1623.75	2896.44
1625.29	2877.60
1626.83	2883.88
1628.37	2891.20
1629.90	2878.65
1631.44	2880.74
1632.98	2870.28
1634.52	2845.16
1636.06	2852.49
1637.59	2856.67
1639.13	2840.98
1640.67	2833.65
1642.21	2820.05
1643.74	2804.35
1645.28	2785.52
1646.81	2781.33
1648.35	2790.75
1649.88	2763.54
1651.42	2764.59
1652.95	2740.52
1654.49	2760.40
1656.02	2735.29
1657.55	2743.66
1659.09	2715.41
1660.62	2745.75
1662.15	2729.01
1663.68	2726.92
1665.22	2718.55
1666.75	2712.27
1668.28	2700.76
1669.81	2723.78
1671.34	2708.08
1672.87	2704.94
1674.40	2711.22
1675.93	2712.27
1677.46	2693.43
1678.99	2685.06
1680.52	2685.06
1682.04	2697.62
1683.57	2687.16
1685.10	2695.53
1686.63	2688.20
1688.15	2693.43
1689.68	2686.11
1691.21	2682.97
1692.73	2682.97
1694.26	2689.25
1695.78	2687.16
1697.31	2679.83
1698.83	2676.69
1700.36	2685.06
1701.88	2671.46
1703.40	2690.29
1704.93	2667.27
1706.45	2676.69
