896.35	2730.06
897.98	2731.10
899.60	2724.83
901.22	2735.29
902.85	2736.34
904.47	2740.52
906.10	2743.66
907.72	2740.52
909.34	2757.26
910.97	2752.03
912.59	2764.59
914.21	2760.40
915.84	2766.68
917.46	2787.61
919.08	2801.21
920.71	2792.84
922.33	2814.82
923.95	2804.35
925.58	2832.61
927.20	2803.31
928.82	2816.91
930.44	2817.96
932.07	2816.91
933.69	2800.17
935.31	2825.28
936.93	2817.96
938.56	2827.37
940.18	2826.33
941.80	2829.47
943.42	2820.05
945.05	2846.21
946.67	2819.00
948.29	2847.26
949.91	2829.47
951.53	2857.72
953.16	2847.26
954.78	2854.58
956.40	2826.33
958.02	2836.79
959.64	2828.42
961.26	2837.84
962.88	2834.70
964.51	2835.74
966.13	2846.21
967.75	2846.21
969.37	2829.47
970.99	2839.93
972.61	2823.19
974.23	2843.07
975.85	2833.65
977.47	2852.49
979.09	2832.61
980.71	2836.79
982.33	2843.07
983.95	2853.53
985.57	2849.35
987.19	2851.44
988.81	2859.81
990.43	2854.58
992.05	2840.98
993.67	2869.23
995.29	2851.44
996.91	2848.30
998.53	2856.67
1000.15	2867.14
1001.77	2857.72
1003.39	2869.23
1005.01	2855.63
1006.63	2870.28
1008.25	2854.58
1009.86	2872.37
1011.48	2859.81
1013.10	2879.69
1014.72	2882.83
1016.34	2887.02
1017.96	2879.69
1019.58	2876.55
1021.19	2862.95
1022.81	2878.65
1024.43	2881.79
1026.05	2881.79
1027.66	2887.02
1029.28	2887.02
1030.90	2874.46
1032.52	2876.55
1034.13	2873.42
1035.75	2892.25
1037.37	2878.65
1038.98	2892.25
1040.60	2873.42
1042.22	2875.51
1043.83	2868.18
1045.45	2894.34
1047.07	2883.88
1048.68	2899.58
1050.30	2871.32
1051.92	2897.48
1053.53	2879.69
1055.15	2889.11
1056.76	2879.69
1058.38	2901.67
1059.99	2892.25
1061.61	2894.34
1063.22	2883.88
1064.84	2897.48
1066.46	2870.28
1068.07	2885.97
1069.68	2881.79
1071.30	2901.67
1072.91	2877.60
1074.53	2882.83
1076.14	2883.88
1077.76	2884.93
1079.37	2885.97
1080.98	2870.28
1082.60	2870.28
1084.21	2890.16
1085.83	2882.83
1087.44	2888.06
1089.05	2872.37
1090.67	2878.65
1092.28	2867.14
1093.89	2891.20
1095.50	2877.60
1097.12	2887.02
1098.73	2885.97
1100.34	2871.32
1101.95	2876.55
1103.57	2882.83
1105.18	2874.46
1106.79	2877.60
1108.40	2871.32
1110.01	2887.02
1111.63	2876.55
1113.24	2891.20
1114.85	2887.02
1116.46	2887.02
1118.07	2889.11
1119.68	2885.97
1121.29	2888.06
1122.90	2888.06
1124.51	2880.74
1126.12	2895.39
1127.73	2896.44
1129.34	2906.90
1130.95	2887.02
1132.56	2895.39
1134.17	2865.04
1135.78	2884.93
1137.39	2873.42
1139.00	2883.88
1140.61	2879.69
1142.22	2897.48
1143.83	2879.69
1145.44	2892.25
1147.05	2882.83
1148.65	2897.48
1150.26	2884.93
1151.87	2879.69
1153.48	2875.51
1155.09	2893.30
1156.69	2878.65
1158.30	2874.46
1159.91	2870.28
1161.52	2884.93
1163.12	2876.55
1164.73	2876.55
1166.34	2888.06
1167.94	2884.93
1169.55	2877.60
1171.16	2883.88
1172.76	2882.83
1174.37	2879.69
1175.97	2882.83
1177.58	2870.28
1179.19	2888.06
1180.79	2882.83
1182.40	2885.97
1184.00	2885.97
1185.61	2884.93
1187.21	2882.83
1188.82	2880.74
1190.42	2885.97
1192.02	2873.42
1193.63	2872.37
1195.23	2874.46
1196.84	2889.11
1198.44	2882.83
1200.04	2885.97
1201.65	2879.69
1203.25	2885.97
1204.85	2881.79
1206.46	2874.46
1208.06	2880.74
1209.66	2879.69
1211.26	2872.37
1212.87	2896.44
1214.47	2870.28
1216.07	2889.11
1217.67	2885.97
1219.27	2874.46
1220.87	2870.28
1222.48	2894.34
1224.08	2880.74
1225.68	2889.11
1227.28	2882.83
1228.88	2885.97
1230.48	2885.97
1232.08	2875.51
1233.68	2883.88
1235.28	2890.16
1236.88	2871.32
1238.48	2881.79
1240.08	2900.62
1241.68	2871.32
1243.28	2866.09
1244.87	2875.51
1246.47	2872.37
1248.07	2862.95
1249.67	2875.51
1251.27	2895.39
1252.87	2867.14
1254.46	2871.32
1256.06	2862.95
1257.66	2870.28
1259.26	2861.90
1260.85	2870.28
1262.45	2860.86
1264.05	2875.51
1265.64	2868.18
1267.24	2870.28
1268.83	2873.42
1270.43	2866.09
1272.03	2876.55
1273.62	2870.28
1275.22	2857.72
1276.81	2879.69
1278.41	2858.77
1280.00	2875.51
1281.60	2861.90
1283.19	2864.00
1284.79	2868.18
1286.38	2867.14
1287.97	2865.04
1289.57	2858.77
1291.16	2852.49
1292.75	2846.21
1294.35	2857.72
1295.94	2858.77
1297.53	2859.81
1299.12	2850.39
1300.72	2870.28
1302.31	2846.21
1303.90	2865.04
1305.49	2876.55
1307.08	2859.81
1308.68	2853.53
1310.27	2851.44
1311.86	2846.21
1313.45	2846.21
1315.04	2851.44
1316.63	2844.12
1318.22	2850.39
1319.81	2833.65
1321.40	2842.02
1322.99	2847.26
1324.58	2833.65
1326.17	2842.02
1327.75	2842.02
1329.34	2836.79
1330.93	2828.42
1332.52	2829.47
1334.11	2834.70
1335.70	2831.56
1337.28	2830.51
1338.87	2829.47
1340.46	2830.51
1342.05	2822.14
1343.63	2821.10
1345.22	2816.91
1346.81	2831.56
1348.39	2820.05
1349.98	2824.23
1351.56	2816.91
1353.15	2822.14
1354.73	2828.42
1356.32	2811.68
1357.90	2811.68
1359.49	2812.72
1361.07	2810.63
1362.66	2813.77
1364.24	2810.63
1365.82	2812.72
1367.41	2813.77
1368.99	2802.26
1370.57	2793.89
1372.16	2809.58
1373.74	2800.17
1375.32	2804.35
1376.91	2801.21
1378.49	2786.56
1380.07	2782.38
1381.65	2792.84
1383.23	2777.15
1384.81	2774.01
1386.39	2762.50
1387.97	2775.05
1389.55	2767.73
1391.14	2770.87
1392.72	2764.59
1394.29	2771.91
1395.87	2759.36
1397.45	2764.59
1399.03	2759.36
1400.61	2764.59
1402.19	2754.13
1403.77	2745.75
1405.35	2756.22
1406.92	2752.03
1408.50	2746.80
1410.08	2747.85
1411.66	2735.29
1413.23	2755.17
1414.81	2749.94
1416.39	2735.29
1417.96	2749.94
1419.54	2740.52
1421.12	2743.66
1422.69	2747.85
1424.27	2732.15
1425.84	2745.75
1427.42	2741.57
1428.99	2748.89
1430.57	2749.94
1432.14	2737.38
1433.71	2737.38
1435.29	2745.75
1436.86	2745.75
1438.43	2747.85
1440.01	2738.43
1441.58	2619.14
1443.15	2741.57
1444.72	2739.48
1446.30	2726.92
1447.87	2744.71
1449.44	2739.48
1451.01	2732.15
1452.58	2741.57
1454.15	2746.80
1455.72	2737.38
1457.29	2738.43
1458.86	2745.75
1460.43	2732.15
1462.00	2756.22
1463.57	2750.99
1465.14	2742.62
1466.71	2733.20
1468.28	2730.06
1469.85	2742.62
1471.41	2743.66
1472.98	2733.20
1474.55	2746.80
1476.12	2731.10
1477.68	2730.06
1479.25	2748.89
1480.82	2747.85
1482.38	2748.89
1483.95	2736.34
1485.51	2750.99
1487.08	2747.85
1488.64	2745.75
1490.21	2747.85
1491.77	2732.15
1493.34	2749.94
1494.90	2739.48
1496.46	2737.38
1498.03	2739.48
1499.59	2744.71
1501.15	2740.52
1502.72	2744.71
1504.28	2750.99
1505.84	2742.62
1507.40	2742.62
1508.97	2754.13
1510.53	2749.94
1512.09	2754.13
1513.65	2761.45
1515.21	2754.13
1516.77	2742.62
1518.33	2760.40
1519.89	2746.80
1521.45	2740.52
1523.01	2739.48
1524.57	2750.99
1526.13	2752.03
1527.68	2754.13
1529.24	2754.13
1530.80	2743.66
1532.36	2750.99
1533.92	2749.94
1535.47	2738.43
1537.03	2745.75
1538.59	2749.94
1540.14	2744.71
1541.70	2738.43
1543.25	2754.13
1544.81	2748.89
1546.36	2752.03
1547.92	2732.15
1549.47	2752.03
1551.03	2752.03
1552.58	2742.62
1554.13	2745.75
1555.69	2746.80
1557.24	2739.48
1558.79	2737.38
1560.35	2734.24
1561.90	2739.48
1563.45	2729.01
1565.00	2738.43
1566.55	2735.29
1568.10	2731.10
1569.66	2722.73
1571.21	2739.48
1572.76	2734.24
1574.31	2733.20
1575.86	2736.34
1577.40	2736.34
1578.95	2738.43
1580.50	2735.29
1582.05	2719.59
1583.60	2725.87
1585.15	2724.83
1586.69	2730.06
1588.24	2732.15
1589.79	2733.20
1591.34	2712.27
1592.88	2736.34
1594.43	2716.45
1595.97	2721.69
1597.52	2729.01
1599.06	2730.06
1600.61	2725.87
1602.15	2735.29
1603.70	2718.55
1605.24	2719.59
1606.79	2716.45
1608.33	2707.04
1609.87	2713.32
1611.41	2724.83
1612.96	2723.78
1614.50	2710.18
1616.04	2713.32
1617.58	2720.64
1619.12	2714.36
1620.67	2718.55
1622.21	2693.43
1623.75	2714.36
1625.29	2700.76
1626.83	2700.76
1628.37	2720.64
1629.90	2698.67
1631.44	2703.90
1632.98	2707.04
1634.52	2698.67
1636.06	2701.81
1637.59	2712.27
1639.13	2700.76
1640.67	2701.81
1642.21	2695.53
1643.74	2693.43
1645.28	2682.97
1646.81	2677.74
1648.35	2689.25
1649.88	2670.41
1651.42	2672.51
1652.95	2656.81
1654.49	2678.78
1656.02	2662.04
1657.55	2669.37
1659.09	2650.53
1660.62	2669.37
1662.15	2657.86
1663.68	2671.46
1665.22	2655.76
1666.75	2656.81
1668.28	2651.58
1669.81	2673.55
1671.34	2652.62
1672.87	2654.72
1674.40	2659.95
1675.93	2653.67
1677.46	2649.49
1678.99	2640.07
1680.52	2634.84
1682.04	2652.62
1683.57	2648.44
1685.10	2649.49
1686.63	2640.07
1688.15	2650.53
1689.68	2637.97
1691.21	2640.07
1692.73	2632.74
1694.26	2632.74
1695.78	2643.21
1697.31	2643.21
1698.83	2624.37
1700.36	2633.79
1701.88	2629.60
1703.40	2642.16
1704.93	2624.37
1706.45	2625.42
