896.35	3007.35
897.98	3011.54
899.60	3015.73
901.22	3042.93
902.85	3032.47
904.47	3049.21
906.10	3051.30
907.72	3059.67
909.34	3067.00
910.97	3085.83
912.59	3106.76
914.21	3136.06
915.84	3158.04
917.46	3200.94
919.08	3217.68
920.71	3239.66
922.33	3263.72
923.95	3278.37
925.58	3293.02
927.20	3300.35
928.82	3298.25
930.44	3331.74
932.07	3317.09
933.69	3317.09
935.31	3326.51
936.93	3336.97
938.56	3342.20
940.18	3351.62
941.80	3349.53
943.42	3372.55
945.05	3376.73
946.67	3358.94
948.29	3358.94
949.91	3365.22
951.53	3372.55
953.16	3380.92
954.78	3371.50
956.40	3369.41
958.02	3366.27
959.64	3379.87
961.26	3373.59
962.88	3373.59
964.51	3348.48
966.13	3387.20
967.75	3385.10
969.37	3369.41
970.99	3369.41
972.61	3378.83
974.23	3371.50
975.85	3381.97
977.47	3375.69
979.09	3380.92
980.71	3371.50
982.33	3392.43
983.95	3394.52
985.57	3399.75
987.19	3377.78
988.81	3403.94
990.43	3384.06
992.05	3395.57
993.67	3402.89
995.29	3404.99
996.91	3396.62
998.53	3429.05
1000.15	3426.96
1001.77	3438.47
1003.39	3430.10
1005.01	3443.70
1006.63	3443.70
1008.25	3459.40
1009.86	3459.40
1011.48	3459.40
1013.10	3457.31
1014.72	3477.19
1016.34	3474.05
1017.96	3502.30
1019.58	3476.14
1021.19	3491.84
1022.81	3480.33
1024.43	3497.07
1026.05	3483.47
1027.66	3509.63
1029.28	3502.30
1030.90	3510.67
1032.52	3491.84
1034.13	3512.77
1035.75	3509.63
1037.37	3518.00
1038.98	3522.18
1040.60	3523.23
1042.22	3500.21
1043.83	3513.81
1045.45	3511.72
1047.07	3525.32
1048.68	3527.42
1050.30	3527.42
1051.92	3524.28
1053.53	3528.46
1055.15	3530.55
1056.76	3528.46
1058.38	3526.37
1059.99	3543.11
1061.61	3527.42
1063.22	3524.28
1064.84	3525.32
1066.46	3519.04
1068.07	3510.67
1069.68	3525.32
1071.30	3533.69
1072.91	3525.32
1074.53	3506.49
1076.14	3529.51
1077.76	3515.90
1079.37	3529.51
1080.98	3498.12
1082.60	3513.81
1084.21	3496.02
1085.83	3504.39
1087.44	3503.35
1089.05	3501.26
1090.67	3483.47
1092.28	3492.88
1093.89	3499.16
1095.50	3504.39
1097.12	3488.70
1098.73	3502.30
1100.34	3481.37
1101.95	3501.26
1103.57	3485.56
1105.18	3487.65
1106.79	3479.28
1108.40	3504.39
1110.01	3488.70
1111.63	3490.79
1113.24	3492.88
1114.85	3497.07
1116.46	3488.70
1118.07	3509.63
1119.68	3485.56
1121.29	3506.49
1122.90	3486.61
1124.51	3492.88
1126.12	3483.47
1127.73	3506.49
1129.34	3499.16
1130.95	3509.63
1132.56	3504.39
1134.17	3487.65
1135.78	3494.98
1137.39	3505.44
1139.00	3492.88
1140.61	3506.49
1142.22	3503.35
1143.83	3499.16
1145.44	3484.51
1147.05	3491.84
1148.65	3487.65
1150.26	3486.61
1151.87	3481.37
1153.48	3496.02
1155.09	3500.21
1156.69	3503.35
1158.30	3489.74
1159.91	3502.30
1161.52	3503.35
1163.12	3503.35
1164.73	3483.47
1166.34	3503.35
1167.94	3487.65
1169.55	3510.67
1171.16	3500.21
1172.76	3515.90
1174.37	3503.35
1175.97	3513.81
1177.58	3484.51
1179.19	3525.32
1180.79	3494.98
1182.40	3504.39
1184.00	3491.84
1185.61	3508.58
1187.21	3500.21
1188.82	3508.58
1190.42	3500.21
1192.02	3503.35
1193.63	3478.23
1195.23	3501.26
1196.84	3491.84
1198.44	3507.53
1200.04	3503.35
1201.65	3502.30
1203.25	3496.02
1204.85	3507.53
1206.46	3484.51
1208.06	3497.07
1209.66	3483.47
1211.26	3491.84
1212.87	3498.12
1214.47	3488.70
1216.07	3477.19
1217.67	3486.61
1219.27	3478.23
1220.87	3486.61
1222.48	3482.42
1224.08	3488.70
1225.68	3487.65
1227.28	3484.51
1228.88	3471.96
1230.48	3489.74
1232.08	3466.72
1233.68	3489.74
1235.28	3476.14
1236.88	3463.58
1238.48	3444.75
1240.08	3483.47
1241.68	3446.84
1243.28	3455.21
1244.87	3439.52
1246.47	3437.42
1248.07	3428.01
1249.67	3446.84
1251.27	3446.84
1252.87	3435.33
1254.46	3421.73
1256.06	3424.87
1257.66	3417.54
1259.26	3414.40
1260.85	3423.82
1262.45	3422.78
1264.05	3420.68
1265.64	3411.26
1267.24	3404.99
1268.83	3417.54
1270.43	3411.26
1272.03	3431.15
1273.62	3406.03
1275.22	3395.57
1276.81	3401.85
1278.41	3408.13
1280.00	3401.85
1281.60	3394.52
1283.19	3386.15
1284.79	3398.71
1286.38	3394.52
1287.97	3407.08
1289.57	3376.73
1291.16	3386.15
1292.75	3371.50
1294.35	3384.06
1295.94	3376.73
1297.53	3383.01
1299.12	3364.18
1300.72	3380.92
1302.31	3344.30
1303.90	3378.83
1305.49	3374.64
1307.08	3364.18
1308.68	3354.76
1310.27	3362.08
1311.86	3353.71
1313.45	3350.57
1315.04	3345.34
1316.63	3353.71
1318.22	3341.16
1319.81	3330.69
1321.40	3329.65
1322.99	3333.83
1324.58	3316.04
1326.17	3332.78
1327.75	3307.67
1329.34	3310.81
1330.93	3300.35
1332.52	3306.62
1334.11	3293.02
1335.70	3294.07
1337.28	3279.42
1338.87	3291.98
1340.46	3290.93
1342.05	3282.56
1343.63	3277.33
1345.22	3273.14
1346.81	3267.91
1348.39	3262.68
1349.98	3264.77
1351.56	3260.58
1353.15	3241.75
1354.73	3240.70
1356.32	3215.59
1357.90	3216.63
1359.49	3212.45
1361.07	3205.12
1362.66	3187.34
1364.24	3198.85
1365.82	3191.52
1367.41	3193.61
1368.99	3172.69
1370.57	3167.45
1372.16	3175.82
1373.74	3175.82
1375.32	3164.31
1376.91	3148.62
1378.49	3115.13
1380.07	3085.83
1381.65	3076.42
1383.23	3053.40
1384.81	3051.30
1386.39	3045.02
1387.97	3048.16
1389.55	3045.02
1391.14	3025.14
1392.72	3009.45
1394.29	3002.12
1395.87	2992.70
1397.45	2979.10
1399.03	2972.82
1400.61	2975.96
1402.19	2960.27
1403.77	2945.62
1405.35	2951.90
1406.92	2936.20
1408.50	2933.06
1410.08	2929.92
1411.66	2916.32
1413.23	2921.55
1414.81	2932.01
1416.39	2906.90
1417.96	2920.50
1419.54	2901.67
1421.12	2917.36
1422.69	2913.18
1424.27	2899.58
1425.84	2913.18
1427.42	2902.71
1428.99	2898.53
1430.57	2900.62
1432.14	2892.25
1433.71	2899.58
1435.29	2906.90
1436.86	2898.53
1438.43	2892.25
1440.01	2896.44
1441.58	2771.91
1443.15	2892.25
1444.72	2895.39
1446.30	2892.25
1447.87	2899.58
1449.44	2890.16
1451.01	2874.46
1452.58	2892.25
1454.15	2893.30
1455.72	2882.83
1457.29	2892.25
1458.86	2897.48
1460.43	2890.16
1462.00	2902.71
1463.57	2894.34
1465.14	2899.58
1466.71	2890.16
1468.28	2894.34
1469.85	2890.16
1471.41	2897.48
1472.98	2890.16
1474.55	2905.85
1476.12	2882.83
1477.68	2889.11
1479.25	2898.53
1480.82	2894.34
1482.38	2899.58
1483.95	2887.02
1485.51	2898.53
1487.08	2911.09
1488.64	2906.90
1490.21	2912.13
1491.77	2900.62
1493.34	2924.69
1494.90	2908.99
1496.46	2906.90
1498.03	2910.04
1499.59	2914.22
1501.15	2914.22
1502.72	2920.50
1504.28	2924.69
1505.84	2922.60
1507.40	2915.27
1508.97	2925.74
1510.53	2921.55
1512.09	2940.38
1513.65	2933.06
1515.21	2927.83
1516.77	2914.22
1518.33	2939.34
1519.89	2927.83
1521.45	2934.11
1523.01	2936.20
1524.57	2943.52
1526.13	2935.15
1527.68	2935.15
1529.24	2942.48
1530.80	2939.34
1532.36	2945.62
1533.92	2946.66
1535.47	2933.06
1537.03	2941.43
1538.59	2943.52
1540.14	2945.62
1541.70	2933.06
1543.25	2950.85
1544.81	2944.57
1546.36	2950.85
1547.92	2940.38
1549.47	2946.66
1551.03	2937.25
1552.58	2926.78
1554.13	2927.83
1555.69	2945.62
1557.24	2923.64
1558.79	2936.20
1560.35	2929.92
1561.90	2938.29
1563.45	2929.92
1565.00	2940.38
1566.55	2925.74
1568.10	2927.83
1569.66	2924.69
1571.21	2934.11
1572.76	2929.92
1574.31	2937.25
1575.86	2937.25
1577.40	2926.78
1578.95	2922.60
1580.50	2925.74
1582.05	2908.99
1583.60	2920.50
1585.15	2912.13
1586.69	2914.22
1588.24	2926.78
1589.79	2926.78
1591.34	2895.39
1592.88	2917.36
1594.43	2901.67
1595.97	2920.50
1597.52	2911.09
1599.06	2913.18
1600.61	2903.76
1602.15	2926.78
1603.70	2908.99
1605.24	2911.09
1606.79	2914.22
1608.33	2898.53
1609.87	2892.25
1611.41	2907.95
1612.96	2908.99
1614.50	2891.20
1616.04	2894.34
1617.58	2897.48
1619.12	2888.06
1620.67	2890.16
1622.21	2870.28
1623.75	2890.16
1625.29	2876.55
1626.83	2875.51
1628.37	2881.79
1629.90	2866.09
1631.44	2862.95
1632.98	2861.90
1634.52	2839.93
1636.06	2840.98
1637.59	2846.21
1639.13	2831.56
1640.67	2823.19
1642.21	2809.58
1643.74	2798.07
1645.28	2783.42
1646.81	2775.05
1648.35	2771.91
1649.88	2747.85
1651.42	2749.94
1652.95	2733.20
1654.49	2759.36
1656.02	2734.24
1657.55	2733.20
1659.09	2701.81
1660.62	2722.73
1662.15	2705.99
1663.68	2722.73
1665.22	2715.41
1666.75	2710.18
1668.28	2690.29
1669.81	2717.50
1671.34	2703.90
1672.87	2711.22
1674.40	2712.27
1675.93	2695.53
1677.46	2684.02
1678.99	2685.06
1680.52	2679.83
1682.04	2697.62
1683.57	2679.83
1685.10	2690.29
1686.63	2672.51
1688.15	2688.20
1689.68	2678.78
1691.21	2675.65
1692.73	2682.97
1694.26	2691.34
1695.78	2671.46
1697.31	2677.74
1698.83	2671.46
1700.36	2671.46
1701.88	2656.81
1703.40	2676.69
1704.93	2664.13
1706.45	2662.04
