896.35	2739.48
897.98	2744.71
899.60	2756.22
901.22	2760.40
902.85	2757.26
904.47	2758.31
906.10	2759.36
907.72	2755.17
909.34	2770.87
910.97	2768.78
912.59	2783.42
914.21	2780.29
915.84	2793.89
917.46	2806.45
919.08	2816.91
920.71	2804.35
922.33	2834.70
923.95	2823.19
925.58	2852.49
927.20	2826.33
928.82	2840.98
930.44	2846.21
932.07	2840.98
933.69	2817.96
935.31	2846.21
936.93	2830.51
938.56	2849.35
940.18	2839.93
941.80	2853.53
943.42	2853.53
945.05	2873.42
946.67	2848.30
948.29	2859.81
949.91	2836.79
951.53	2865.04
953.16	2858.77
954.78	2870.28
956.40	2852.49
958.02	2860.86
959.64	2857.72
961.26	2867.14
962.88	2858.77
964.51	2860.86
966.13	2871.32
967.75	2881.79
969.37	2859.81
970.99	2866.09
972.61	2850.39
974.23	2869.23
975.85	2855.63
977.47	2875.51
979.09	2865.04
980.71	2867.14
982.33	2865.04
983.95	2885.97
985.57	2874.46
987.19	2872.37
988.81	2872.37
990.43	2881.79
992.05	2862.95
993.67	2881.79
995.29	2869.23
996.91	2869.23
998.53	2888.06
1000.15	2897.48
1001.77	2878.65
1003.39	2888.06
1005.01	2873.42
1006.63	2890.16
1008.25	2891.20
1009.86	2902.71
1011.48	2885.97
1013.10	2892.25
1014.72	2897.48
1016.34	2904.81
1017.96	2912.13
1019.58	2905.85
1021.19	2884.93
1022.81	2894.34
1024.43	2897.48
1026.05	2910.04
1027.66	2900.62
1029.28	2906.90
1030.90	2899.58
1032.52	2899.58
1034.13	2893.30
1035.75	2913.18
1037.37	2900.62
1038.98	2926.78
1040.60	2902.71
1042.22	2898.53
1043.83	2898.53
1045.45	2919.46
1047.07	2904.81
1048.68	2914.22
1050.30	2898.53
1051.92	2919.46
1053.53	2904.81
1055.15	2915.27
1056.76	2901.67
1058.38	2914.22
1059.99	2914.22
1061.61	2921.55
1063.22	2902.71
1064.84	2917.36
1066.46	2905.85
1068.07	2912.13
1069.68	2899.58
1071.30	2921.55
1072.91	2902.71
1074.53	2908.99
1076.14	2915.27
1077.76	2915.27
1079.37	2907.95
1080.98	2887.02
1082.60	2900.62
1084.21	2910.04
1085.83	2899.58
1087.44	2913.18
1089.05	2889.11
1090.67	2902.71
1092.28	2893.30
1093.89	2908.99
1095.50	2893.30
1097.12	2902.71
1098.73	2916.32
1100.34	2899.58
1101.95	2898.53
1103.57	2908.99
1105.18	2891.20
1106.79	2896.44
1108.40	2900.62
1110.01	2908.99
1111.63	2903.76
1113.24	2910.04
1114.85	2906.90
1116.46	2913.18
1118.07	2907.95
1119.68	2910.04
1121.29	2908.99
1122.90	2905.85
1124.51	2888.06
1126.12	2911.09
1127.73	2907.95
1129.34	2916.32
1130.95	2913.18
1132.56	2926.78
1134.17	2890.16
1135.78	2903.76
1137.39	2901.67
1139.00	2893.30
1140.61	2897.48
1142.22	2921.55
1143.83	2899.58
1145.44	2907.95
1147.05	2903.76
1148.65	2913.18
1150.26	2899.58
1151.87	2897.48
1153.48	2893.30
1155.09	2913.18
1156.69	2901.67
1158.30	2907.95
1159.91	2897.48
1161.52	2914.22
1163.12	2897.48
1164.73	2902.71
1166.34	2911.09
1167.94	2903.76
1169.55	2898.53
1171.16	2910.04
1172.76	2899.58
1174.37	2911.09
1175.97	2912.13
1177.58	2889.11
1179.19	2900.62
1180.79	2903.76
1182.40	2898.53
1184.00	2899.58
1185.61	2903.76
1187.21	2919.46
1188.82	2899.58
1190.42	2910.04
1192.02	2894.34
1193.63	2890.16
1195.23	2904.81
1196.84	2920.50
1198.44	2906.90
1200.04	2916.32
1201.65	2907.95
1203.25	2913.18
1204.85	2912.13
1206.46	2903.76
1208.06	2900.62
1209.66	2902.71
1211.26	2896.44
1212.87	2933.06
1214.47	2893.30
1216.07	2905.85
1217.67	2902.71
1219.27	2899.58
1220.87	2900.62
1222.48	2910.04
1224.08	2892.25
1225.68	2904.81
1227.28	2898.53
1228.88	2897.48
1230.48	2901.67
1232.08	2895.39
1233.68	2905.85
1235.28	2920.50
1236.88	2895.39
1238.48	2898.53
1240.08	2913.18
1241.68	2891.20
1243.28	2892.25
1244.87	2903.76
1246.47	2890.16
1248.07	2892.25
1249.67	2900.62
1251.27	2917.36
1252.87	2894.34
1254.46	2879.69
1256.06	2880.74
1257.66	2889.11
1259.26	2879.69
1260.85	2893.30
1262.45	2883.88
1264.05	2891.20
1265.64	2887.02
1267.24	2887.02
1268.83	2887.02
1270.43	2889.11
1272.03	2902.71
1273.62	2901.67
1275.22	2873.42
1276.81	2879.69
1278.41	2876.55
1280.00	2890.16
1281.60	2874.46
1283.19	2884.93
1284.79	2882.83
1286.38	2885.97
1287.97	2889.11
1289.57	2880.74
1291.16	2879.69
1292.75	2871.32
1294.35	2876.55
1295.94	2870.28
1297.53	2873.42
1299.12	2868.18
1300.72	2883.88
1302.31	2858.77
1303.90	2878.65
1305.49	2885.97
1307.08	2867.14
1308.68	2875.51
1310.27	2871.32
1311.86	2876.55
1313.45	2867.14
1315.04	2872.37
1316.63	2866.09
1318.22	2868.18
1319.81	2858.77
1321.40	2862.95
1322.99	2868.18
1324.58	2860.86
1326.17	2854.58
1327.75	2853.53
1329.34	2861.90
1330.93	2862.95
1332.52	2849.35
1334.11	2852.49
1335.70	2846.21
1337.28	2847.26
1338.87	2846.21
1340.46	2850.39
1342.05	2843.07
1343.63	2842.02
1345.22	2840.98
1346.81	2855.63
1348.39	2833.65
1349.98	2845.16
1351.56	2828.42
1353.15	2835.74
1354.73	2842.02
1356.32	2833.65
1357.90	2824.23
1359.49	2840.98
1361.07	2832.61
1362.66	2826.33
1364.24	2825.28
1365.82	2825.28
1367.41	2837.84
1368.99	2827.37
1370.57	2806.45
1372.16	2822.14
1373.74	2811.68
1375.32	2824.23
1376.91	2810.63
1378.49	2802.26
1380.07	2783.42
1381.65	2804.35
1383.23	2797.03
1384.81	2799.12
1386.39	2776.10
1387.97	2790.75
1389.55	2783.42
1391.14	2781.33
1392.72	2771.91
1394.29	2781.33
1395.87	2775.05
1397.45	2766.68
1399.03	2770.87
1400.61	2770.87
1402.19	2757.26
1403.77	2759.36
1405.35	2779.24
1406.92	2768.78
1408.50	2764.59
1410.08	2774.01
1411.66	2755.17
1413.23	2762.50
1414.81	2765.64
1416.39	2748.89
1417.96	2765.64
1419.54	2754.13
1421.12	2753.08
1422.69	2763.54
1424.27	2755.17
1425.84	2766.68
1427.42	2754.13
1428.99	2754.13
1430.57	2753.08
1432.14	2745.75
1433.71	2756.22
1435.29	2766.68
1436.86	2757.26
1438.43	2753.08
1440.01	2744.71
1441.58	2632.74
1443.15	2757.26
1444.72	2764.59
1446.30	2747.85
1447.87	2762.50
1449.44	2744.71
1451.01	2739.48
1452.58	2753.08
1454.15	2754.13
1455.72	2738.43
1457.29	2743.66
1458.86	2754.13
1460.43	2749.94
1462.00	2766.68
1463.57	2758.31
1465.14	2755.17
1466.71	2740.52
1468.28	2759.36
1469.85	2756.22
1471.41	2756.22
1472.98	2746.80
1474.55	2758.31
1476.12	2746.80
1477.68	2744.71
1479.25	2753.08
1480.82	2750.99
1482.38	2756.22
1483.95	2754.13
1485.51	2761.45
1487.08	2762.50
1488.64	2759.36
1490.21	2760.40
1491.77	2747.85
1493.34	2761.45
1494.90	2741.57
1496.46	2746.80
1498.03	2754.13
1499.59	2762.50
1501.15	2758.31
1502.72	2757.26
1504.28	2757.26
1505.84	2752.03
1507.40	2747.85
1508.97	2761.45
1510.53	2762.50
1512.09	2762.50
1513.65	2757.26
1515.21	2764.59
1516.77	2758.31
1518.33	2758.31
1519.89	2759.36
1521.45	2756.22
1523.01	2762.50
1524.57	2764.59
1526.13	2754.13
1527.68	2762.50
1529.24	2768.78
1530.80	2755.17
1532.36	2768.78
1533.92	2756.22
1535.47	2745.75
1537.03	2753.08
1538.59	2761.45
1540.14	2758.31
1541.70	2748.89
1543.25	2771.91
1544.81	2763.54
1546.36	2764.59
1547.92	2755.17
1549.47	2761.45
1551.03	2767.73
1552.58	2752.03
1554.13	2750.99
1555.69	2746.80
1557.24	2744.71
1558.79	2745.75
1560.35	2741.57
1561.90	2750.99
1563.45	2745.75
1565.00	2749.94
1566.55	2742.62
1568.10	2745.75
1569.66	2736.34
1571.21	2748.89
1572.76	2747.85
1574.31	2750.99
1575.86	2752.03
1577.40	2743.66
1578.95	2747.85
1580.50	2745.75
1582.05	2729.01
1583.60	2742.62
1585.15	2733.20
1586.69	2737.38
1588.24	2743.66
1589.79	2747.85
1591.34	2732.15
1592.88	2745.75
1594.43	2716.45
1595.97	2737.38
1597.52	2741.57
1599.06	2741.57
1600.61	2729.01
1602.15	2742.62
1603.70	2724.83
1605.24	2737.38
1606.79	2731.10
1608.33	2726.92
1609.87	2731.10
1611.41	2732.15
1612.96	2724.83
1614.50	2717.50
1616.04	2724.83
1617.58	2729.01
1619.12	2722.73
1620.67	2736.34
1622.21	2707.04
1623.75	2727.97
1625.29	2704.94
1626.83	2713.32
1628.37	2727.97
1629.90	2712.27
1631.44	2715.41
1632.98	2713.32
1634.52	2705.99
1636.06	2704.94
1637.59	2720.64
1639.13	2710.18
1640.67	2714.36
1642.21	2703.90
1643.74	2704.94
1645.28	2689.25
1646.81	2697.62
1648.35	2695.53
1649.88	2675.65
1651.42	2686.11
1652.95	2672.51
1654.49	2694.48
1656.02	2680.88
1657.55	2682.97
1659.09	2657.86
1660.62	2677.74
1662.15	2667.27
1663.68	2677.74
1665.22	2675.65
1666.75	2668.32
1668.28	2667.27
1669.81	2676.69
1671.34	2659.95
1672.87	2661.00
1674.40	2670.41
1675.93	2659.95
1677.46	2653.67
1678.99	2651.58
1680.52	2647.39
1682.04	2657.86
1683.57	2647.39
1685.10	2667.27
1686.63	2648.44
1688.15	2653.67
1689.68	2641.11
1691.21	2644.25
1692.73	2649.49
1694.26	2656.81
1695.78	2643.21
1697.31	2645.30
1698.83	2642.16
1700.36	2644.25
1701.88	2635.88
1703.40	2653.67
1704.93	2643.21
1706.45	2632.74
