896.35	2917.36
897.98	2924.69
899.60	2926.78
901.22	2952.94
902.85	2942.48
904.47	2955.03
906.10	2958.17
907.72	2960.27
909.34	2977.01
910.97	2992.70
912.59	3008.40
914.21	3028.28
915.84	3042.93
917.46	3081.65
919.08	3099.44
920.71	3109.90
922.33	3135.02
923.95	3135.02
925.58	3162.22
927.20	3146.53
928.82	3162.22
930.44	3178.96
932.07	3172.69
933.69	3163.27
935.31	3178.96
936.93	3181.06
938.56	3186.29
940.18	3198.85
941.80	3200.94
943.42	3208.26
945.05	3216.63
946.67	3205.12
948.29	3211.40
949.91	3207.22
951.53	3222.91
953.16	3221.87
954.78	3218.73
956.40	3207.22
958.02	3214.54
959.64	3210.36
961.26	3210.36
962.88	3217.68
964.51	3209.31
966.13	3226.05
967.75	3220.82
969.37	3216.63
970.99	3218.73
972.61	3212.45
974.23	3216.63
975.85	3216.63
977.47	3226.05
979.09	3218.73
980.71	3209.31
982.33	3220.82
983.95	3225.01
985.57	3238.61
987.19	3231.28
988.81	3246.98
990.43	3239.66
992.05	3236.52
993.67	3243.84
995.29	3242.79
996.91	3233.38
998.53	3256.40
1000.15	3249.07
1001.77	3258.49
1003.39	3262.68
1005.01	3264.77
1006.63	3277.33
1008.25	3275.23
1009.86	3285.70
1011.48	3289.88
1013.10	3284.65
1014.72	3291.98
1016.34	3291.98
1017.96	3312.90
1019.58	3298.25
1021.19	3296.16
1022.81	3298.25
1024.43	3318.14
1026.05	3307.67
1027.66	3321.27
1029.28	3316.04
1030.90	3322.32
1032.52	3313.95
1034.13	3311.86
1035.75	3322.32
1037.37	3334.88
1038.98	3342.20
1040.60	3332.78
1042.22	3316.04
1043.83	3326.51
1045.45	3331.74
1047.07	3333.83
1048.68	3340.11
1050.30	3329.65
1051.92	3336.97
1053.53	3331.74
1055.15	3341.16
1056.76	3340.11
1058.38	3336.97
1059.99	3347.43
1061.61	3333.83
1063.22	3326.51
1064.84	3335.92
1066.46	3328.60
1068.07	3325.46
1069.68	3331.74
1071.30	3342.20
1072.91	3318.14
1074.53	3315.00
1076.14	3334.88
1077.76	3320.23
1079.37	3323.37
1080.98	3300.35
1082.60	3313.95
1084.21	3307.67
1085.83	3309.76
1087.44	3315.00
1089.05	3304.53
1090.67	3305.58
1092.28	3302.44
1093.89	3318.14
1095.50	3307.67
1097.12	3307.67
1098.73	3321.27
1100.34	3287.79
1101.95	3304.53
1103.57	3307.67
1105.18	3298.25
1106.79	3296.16
1108.40	3305.58
1110.01	3302.44
1111.63	3303.49
1113.24	3301.39
1114.85	3304.53
1116.46	3308.72
1118.07	3315.00
1119.68	3295.11
1121.29	3307.67
1122.90	3295.11
1124.51	3307.67
1126.12	3312.90
1127.73	3318.14
1129.34	3322.32
1130.95	3325.46
1132.56	3325.46
1134.17	3290.93
1135.78	3300.35
1137.39	3309.76
1139.00	3296.16
1140.61	3307.67
1142.22	3305.58
1143.83	3296.16
1145.44	3300.35
1147.05	3294.07
1148.65	3312.90
1150.26	3290.93
1151.87	3283.60
1153.48	3295.11
1155.09	3300.35
1156.69	3310.81
1158.30	3291.98
1159.91	3294.07
1161.52	3297.21
1163.12	3301.39
1164.73	3295.11
1166.34	3305.58
1167.94	3298.25
1169.55	3313.95
1171.16	3318.14
1172.76	3318.14
1174.37	3311.86
1175.97	3319.18
1177.58	3295.11
1179.19	3315.00
1180.79	3303.49
1182.40	3306.62
1184.00	3301.39
1185.61	3309.76
1187.21	3318.14
1188.82	3317.09
1190.42	3308.72
1192.02	3306.62
1193.63	3296.16
1195.23	3312.90
1196.84	3311.86
1198.44	3312.90
1200.04	3317.09
1201.65	3303.49
1203.25	3306.62
1204.85	3308.72
1206.46	3294.07
1208.06	3298.25
1209.66	3293.02
1211.26	3296.16
1212.87	3318.14
1214.47	3296.16
1216.07	3291.98
1217.67	3300.35
1219.27	3290.93
1220.87	3297.21
1222.48	3296.16
1224.08	3289.88
1225.68	3301.39
1227.28	3287.79
1228.88	3284.65
1230.48	3289.88
1232.08	3274.19
1233.68	3290.93
1235.28	3295.11
1236.88	3276.28
1238.48	3273.14
1240.08	3298.25
1241.68	3264.77
1243.28	3270.00
1244.87	3256.40
1246.47	3257.44
1248.07	3250.12
1249.67	3264.77
1251.27	3268.95
1252.87	3248.03
1254.46	3238.61
1256.06	3241.75
1257.66	3233.38
1259.26	3238.61
1260.85	3251.17
1262.45	3244.89
1264.05	3242.79
1265.64	3233.38
1267.24	3239.66
1268.83	3245.93
1270.43	3241.75
1272.03	3246.98
1273.62	3235.47
1275.22	3222.91
1276.81	3235.47
1278.41	3232.33
1280.00	3233.38
1281.60	3225.01
1283.19	3210.36
1284.79	3222.91
1286.38	3219.77
1287.97	3221.87
1289.57	3207.22
1291.16	3212.45
1292.75	3205.12
1294.35	3215.59
1295.94	3208.26
1297.53	3213.50
1299.12	3200.94
1300.72	3210.36
1302.31	3180.01
1303.90	3211.40
1305.49	3208.26
1307.08	3196.75
1308.68	3185.24
1310.27	3192.57
1311.86	3197.80
1313.45	3182.10
1315.04	3183.15
1316.63	3183.15
1318.22	3191.52
1319.81	3170.59
1321.40	3173.73
1322.99	3175.82
1324.58	3154.90
1326.17	3164.31
1327.75	3159.08
1329.34	3166.41
1330.93	3144.43
1332.52	3141.29
1334.11	3149.66
1335.70	3141.29
1337.28	3130.83
1338.87	3135.02
1340.46	3133.97
1342.05	3130.83
1343.63	3130.83
1345.22	3130.83
1346.81	3124.55
1348.39	3114.09
1349.98	3114.09
1351.56	3101.53
1353.15	3106.76
1354.73	3104.67
1356.32	3079.56
1357.90	3072.23
1359.49	3085.83
1361.07	3073.28
1362.66	3068.05
1364.24	3067.00
1365.82	3062.81
1367.41	3070.14
1368.99	3057.58
1370.57	3040.84
1372.16	3045.02
1373.74	3040.84
1375.32	3042.93
1376.91	3028.28
1378.49	3004.22
1380.07	2980.15
1381.65	2977.01
1383.23	2961.31
1384.81	2962.36
1386.39	2946.66
1387.97	2949.80
1389.55	2942.48
1391.14	2934.11
1392.72	2923.64
1394.29	2922.60
1395.87	2910.04
1397.45	2901.67
1399.03	2902.71
1400.61	2885.97
1402.19	2882.83
1403.77	2866.09
1405.35	2883.88
1406.92	2865.04
1408.50	2867.14
1410.08	2865.04
1411.66	2858.77
1413.23	2858.77
1414.81	2864.00
1416.39	2848.30
1417.96	2858.77
1419.54	2855.63
1421.12	2865.04
1422.69	2858.77
1424.27	2843.07
1425.84	2853.53
1427.42	2848.30
1428.99	2845.16
1430.57	2847.26
1432.14	2840.98
1433.71	2847.26
1435.29	2859.81
1436.86	2851.44
1438.43	2851.44
1440.01	2837.84
1441.58	2719.59
1443.15	2844.12
1444.72	2845.16
1446.30	2843.07
1447.87	2850.39
1449.44	2840.98
1451.01	2831.56
1452.58	2840.98
1454.15	2844.12
1455.72	2834.70
1457.29	2843.07
1458.86	2848.30
1460.43	2832.61
1462.00	2857.72
1463.57	2835.74
1465.14	2837.84
1466.71	2832.61
1468.28	2837.84
1469.85	2843.07
1471.41	2847.26
1472.98	2842.02
1474.55	2853.53
1476.12	2835.74
1477.68	2830.51
1479.25	2843.07
1480.82	2844.12
1482.38	2848.30
1483.95	2835.74
1485.51	2843.07
1487.08	2852.49
1488.64	2853.53
1490.21	2861.90
1491.77	2849.35
1493.34	2859.81
1494.90	2831.56
1496.46	2846.21
1498.03	2854.58
1499.59	2862.95
1501.15	2857.72
1502.72	2856.67
1504.28	2855.63
1505.84	2851.44
1507.40	2853.53
1508.97	2869.23
1510.53	2853.53
1512.09	2868.18
1513.65	2876.55
1515.21	2869.23
1516.77	2858.77
1518.33	2882.83
1519.89	2873.42
1521.45	2873.42
1523.01	2873.42
1524.57	2875.51
1526.13	2865.04
1527.68	2873.42
1529.24	2881.79
1530.80	2869.23
1532.36	2884.93
1533.92	2880.74
1535.47	2860.86
1537.03	2856.67
1538.59	2869.23
1540.14	2865.04
1541.70	2862.95
1543.25	2883.88
1544.81	2875.51
1546.36	2879.69
1547.92	2861.90
1549.47	2875.51
1551.03	2872.37
1552.58	2871.32
1554.13	2852.49
1555.69	2870.28
1557.24	2866.09
1558.79	2862.95
1560.35	2857.72
1561.90	2869.23
1563.45	2861.90
1565.00	2864.00
1566.55	2859.81
1568.10	2855.63
1569.66	2849.35
1571.21	2867.14
1572.76	2861.90
1574.31	2864.00
1575.86	2856.67
1577.40	2847.26
1578.95	2852.49
1580.50	2852.49
1582.05	2840.98
1583.60	2853.53
1585.15	2840.98
1586.69	2850.39
1588.24	2846.21
1589.79	2858.77
1591.34	2836.79
1592.88	2855.63
1594.43	2826.33
1595.97	2850.39
1597.52	2842.02
1599.06	2843.07
1600.61	2833.65
1602.15	2849.35
1603.70	2835.74
1605.24	2835.74
1606.79	2833.65
1608.33	2831.56
1609.87	2826.33
1611.41	2840.98
1612.96	2836.79
1614.50	2830.51
1616.04	2834.70
1617.58	2835.74
1619.12	2824.23
1620.67	2834.70
1622.21	2809.58
1623.75	2827.37
1625.29	2812.72
1626.83	2813.77
1628.37	2827.37
1629.90	2809.58
1631.44	2803.31
1632.98	2802.26
1634.52	2781.33
1636.06	2790.75
1637.59	2804.35
1639.13	2786.56
1640.67	2779.24
1642.21	2762.50
1643.74	2764.59
1645.28	2745.75
1646.81	2743.66
1648.35	2745.75
1649.88	2718.55
1651.42	2724.83
1652.95	2705.99
1654.49	2724.83
1656.02	2712.27
1657.55	2715.41
1659.09	2698.67
1660.62	2708.08
1662.15	2697.62
1663.68	2710.18
1665.22	2694.48
1666.75	2695.53
1668.28	2687.16
1669.81	2695.53
1671.34	2686.11
1672.87	2685.06
1674.40	2688.20
1675.93	2684.02
1677.46	2666.23
1678.99	2669.37
1680.52	2669.37
1682.04	2678.78
1683.57	2670.41
1685.10	2673.55
1686.63	2674.60
1688.15	2675.65
1689.68	2663.09
1691.21	2665.18
1692.73	2662.04
1694.26	2672.51
1695.78	2663.09
1697.31	2668.32
1698.83	2662.04
1700.36	2659.95
1701.88	2642.16
1703.40	2670.41
1704.93	2657.86
1706.45	2651.58
