896.35	3034.56
897.98	3035.61
899.60	3043.63
901.22	3050.26
902.85	3054.79
904.47	3060.02
906.10	3065.60
907.72	3072.23
909.34	3080.95
910.97	3095.25
912.59	3109.55
914.21	3125.25
915.84	3151.41
917.46	3180.36
919.08	3202.33
920.71	3219.08
922.33	3230.94
923.95	3250.82
925.58	3258.84
927.20	3267.91
928.82	3274.88
930.44	3281.86
932.07	3282.56
933.69	3280.81
935.31	3284.65
936.93	3295.81
938.56	3303.14
940.18	3309.76
941.80	3315.00
943.42	3325.11
945.05	3325.81
946.67	3332.78
948.29	3326.16
949.91	3336.27
951.53	3340.11
953.16	3347.43
954.78	3341.50
956.40	3336.27
958.02	3332.09
959.64	3338.02
961.26	3338.02
962.88	3338.37
964.51	3339.41
966.13	3342.90
967.75	3341.85
969.37	3341.50
970.99	3338.37
972.61	3343.60
974.23	3339.41
975.85	3343.95
977.47	3343.60
979.09	3347.43
980.71	3345.69
982.33	3350.22
983.95	3356.50
985.57	3359.99
987.19	3365.57
988.81	3364.87
990.43	3364.53
992.05	3366.27
993.67	3369.76
995.29	3370.11
996.91	3373.25
998.53	3377.78
1000.15	3390.69
1001.77	3392.08
1003.39	3395.92
1005.01	3401.15
1006.63	3408.47
1008.25	3415.45
1009.86	3414.75
1011.48	3413.36
1013.10	3415.10
1014.72	3418.94
1016.34	3431.15
1017.96	3431.84
1019.58	3431.84
1021.19	3427.66
1022.81	3435.33
1024.43	3441.96
1026.05	3449.98
1027.66	3452.42
1029.28	3457.66
1030.90	3455.21
1032.52	3454.86
1034.13	3461.14
1035.75	3464.98
1037.37	3475.10
1038.98	3471.96
1040.60	3471.61
1042.22	3463.24
1043.83	3466.03
1045.45	3469.51
1047.07	3476.84
1048.68	3474.40
1050.30	3475.79
1051.92	3472.30
1053.53	3477.19
1055.15	3476.49
1056.76	3483.47
1058.38	3483.82
1059.99	3483.82
1061.61	3476.14
1063.22	3477.19
1064.84	3476.14
1066.46	3475.79
1068.07	3469.86
1069.68	3473.00
1071.30	3475.44
1072.91	3476.49
1074.53	3477.89
1076.14	3476.14
1077.76	3480.68
1079.37	3470.21
1080.98	3469.17
1082.60	3464.63
1084.21	3467.77
1085.83	3470.91
1087.44	3464.63
1089.05	3461.49
1090.67	3455.21
1092.28	3460.45
1093.89	3466.72
1095.50	3469.51
1097.12	3471.96
1098.73	3461.84
1100.34	3462.89
1101.95	3462.89
1103.57	3467.77
1105.18	3461.84
1106.79	3457.31
1108.40	3458.70
1110.01	3463.93
1111.63	3467.77
1113.24	3470.91
1114.85	3467.42
1116.46	3468.47
1118.07	3466.38
1119.68	3472.65
1121.29	3466.72
1122.90	3466.38
1124.51	3466.72
1126.12	3473.70
1127.73	3477.89
1129.34	3480.33
1130.95	3481.02
1132.56	3474.05
1134.17	3467.77
1135.78	3465.68
1137.39	3469.51
1139.00	3470.91
1140.61	3472.65
1142.22	3477.89
1143.83	3480.68
1145.44	3478.58
1147.05	3479.28
1148.65	3477.89
1150.26	3477.89
1151.87	3476.14
1153.48	3481.02
1155.09	3482.77
1156.69	3478.23
1158.30	3471.26
1159.91	3472.30
1161.52	3478.58
1163.12	3480.68
1164.73	3487.30
1166.34	3485.91
1167.94	3490.79
1169.55	3488.35
1171.16	3495.33
1172.76	3497.07
1174.37	3499.51
1175.97	3493.58
1177.58	3496.72
1179.19	3490.44
1180.79	3494.63
1182.40	3490.44
1184.00	3498.46
1185.61	3503.35
1187.21	3508.23
1188.82	3509.28
1190.42	3508.23
1192.02	3503.70
1193.63	3501.26
1195.23	3501.95
1196.84	3507.88
1198.44	3515.21
1200.04	3518.00
1201.65	3519.74
1203.25	3519.04
1204.85	3513.11
1206.46	3512.77
1208.06	3509.98
1209.66	3513.11
1211.26	3519.39
1212.87	3518.00
1214.47	3520.44
1216.07	3514.16
1217.67	3514.51
1219.27	3514.51
1220.87	3514.86
1222.48	3511.37
1224.08	3511.37
1225.68	3512.42
1227.28	3512.77
1228.88	3515.90
1230.48	3507.53
1232.08	3508.93
1233.68	3504.74
1235.28	3508.23
1236.88	3506.84
1238.48	3513.11
1240.08	3509.98
1241.68	3510.32
1243.28	3497.42
1244.87	3496.72
1246.47	3492.88
1248.07	3493.23
1249.67	3499.86
1251.27	3492.88
1252.87	3486.61
1254.46	3475.79
1256.06	3481.37
1257.66	3482.07
1259.26	3484.16
1260.85	3482.77
1262.45	3486.95
1264.05	3485.91
1265.64	3489.05
1267.24	3487.65
1268.83	3485.56
1270.43	3485.21
1272.03	3483.12
1273.62	3480.68
1275.22	3476.14
1276.81	3473.35
1278.41	3478.23
1280.00	3480.33
1281.60	3483.12
1283.19	3483.12
1284.79	3478.93
1286.38	3481.02
1287.97	3477.89
1289.57	3477.54
1291.16	3469.51
1292.75	3474.05
1294.35	3473.70
1295.94	3477.89
1297.53	3468.82
1299.12	3470.91
1300.72	3461.49
1302.31	3466.72
1303.90	3466.38
1305.49	3469.86
1307.08	3457.66
1308.68	3451.03
1310.27	3451.03
1311.86	3455.21
1313.45	3455.21
1315.04	3455.56
1316.63	3456.61
1318.22	3456.96
1319.81	3455.56
1321.40	3454.52
1322.99	3446.84
1324.58	3438.82
1326.17	3431.50
1327.75	3432.89
1329.34	3434.98
1330.93	3434.29
1332.52	3429.40
1334.11	3428.36
1335.70	3421.73
1337.28	3419.98
1338.87	3418.24
1340.46	3422.08
1342.05	3421.73
1343.63	3416.50
1345.22	3414.75
1346.81	3410.57
1348.39	3408.47
1349.98	3399.41
1351.56	3391.73
1353.15	3384.41
1354.73	3372.20
1356.32	3365.92
1357.90	3356.85
1359.49	3354.76
1361.07	3344.30
1362.66	3340.46
1364.24	3340.46
1365.82	3347.78
1367.41	3343.60
1368.99	3338.37
1370.57	3334.18
1372.16	3336.62
1373.74	3338.02
1375.32	3333.48
1376.91	3317.44
1378.49	3295.81
1380.07	3270.35
1381.65	3250.12
1383.23	3241.05
1384.81	3238.61
1386.39	3241.05
1387.97	3236.17
1389.55	3226.40
1391.14	3208.96
1392.72	3192.92
1394.29	3178.27
1395.87	3169.55
1397.45	3164.66
1399.03	3156.99
1400.61	3151.76
1402.19	3137.81
1403.77	3133.62
1405.35	3123.85
1406.92	3121.41
1408.50	3115.48
1410.08	3109.55
1411.66	3101.53
1413.23	3096.65
1414.81	3087.93
1416.39	3092.46
1417.96	3085.49
1419.54	3089.67
1421.12	3085.83
1422.69	3080.95
1424.27	3079.90
1425.84	3073.28
1427.42	3073.98
1428.99	3075.02
1430.57	3072.93
1432.14	3072.93
1433.71	3073.28
1435.29	3073.98
1436.86	3072.58
1438.43	3067.70
1440.01	3005.26
1441.58	3005.96
1443.15	3008.05
1444.72	3068.05
1446.30	3071.18
1447.87	3064.56
1449.44	3060.02
1451.01	3058.63
1452.58	3065.60
1454.15	3071.53
1455.72	3071.18
1457.29	3075.37
1458.86	3076.77
1460.43	3086.88
1462.00	3084.09
1463.57	3086.18
1465.14	3077.46
1466.71	3077.11
1468.28	3079.90
1469.85	3085.49
1471.41	3083.74
1472.98	3087.58
1474.55	3083.74
1476.12	3088.97
1477.68	3090.72
1479.25	3093.86
1480.82	3099.79
1482.38	3094.90
1483.95	3098.04
1485.51	3103.97
1487.08	3115.13
1488.64	3123.50
1490.21	3118.97
1491.77	3122.81
1493.34	3116.18
1494.90	3117.92
1496.46	3115.83
1498.03	3123.50
1499.59	3126.30
1501.15	3127.34
1502.72	3128.39
1504.28	3130.83
1505.84	3129.43
1507.40	3134.32
1508.97	3137.81
1510.53	3149.32
1512.09	3151.76
1513.65	3156.64
1515.21	3152.80
1516.77	3155.94
1518.33	3153.15
1519.89	3154.20
1521.45	3151.41
1523.01	3159.43
1524.57	3167.10
1526.13	3174.43
1527.68	3178.27
1529.24	3178.62
1530.80	3180.71
1532.36	3174.08
1533.92	3169.55
1535.47	3164.66
1537.03	3168.50
1538.59	3173.03
1540.14	3175.13
1541.70	3182.45
1543.25	3184.89
1544.81	3190.82
1546.36	3184.89
1547.92	3186.99
1549.47	3185.24
1551.03	3185.94
1552.58	3185.24
1554.13	3189.78
1555.69	3193.61
1557.24	3192.22
1558.79	3184.54
1560.35	3181.75
1561.90	3183.15
1563.45	3186.64
1565.00	3185.59
1566.55	3187.68
1568.10	3187.34
1569.66	3191.52
1571.21	3192.22
1572.76	3196.40
1574.31	3195.01
1575.86	3189.43
1577.40	3184.20
1578.95	3184.54
1580.50	3184.89
1582.05	3188.73
1583.60	3183.50
1585.15	3185.24
1586.69	3184.54
1588.24	3195.01
1589.79	3191.87
1591.34	3192.57
1592.88	3179.66
1594.43	3185.94
1595.97	3184.20
1597.52	3189.78
1599.06	3184.89
1600.61	3188.38
1602.15	3186.64
1603.70	3187.68
1605.24	3181.41
1606.79	3178.96
1608.33	3175.13
1609.87	3175.48
1611.41	3178.96
1612.96	3178.27
1614.50	3173.38
1616.04	3169.55
1617.58	3167.80
1619.12	3168.15
1620.67	3155.94
1622.21	3158.04
1623.75	3153.15
1625.29	3159.08
1626.83	3157.34
1628.37	3155.59
1629.90	3148.27
1631.44	3137.11
1632.98	3125.25
1634.52	3118.62
1636.06	3113.74
1637.59	3107.81
1639.13	3098.74
1640.67	3079.21
1642.21	3065.26
1643.74	3041.89
1645.28	3020.61
1646.81	3003.17
1648.35	2981.54
1649.88	2966.89
1651.42	2943.87
1652.95	2940.38
1654.49	2925.04
1656.02	2916.32
1657.55	2896.78
1659.09	2893.99
1660.62	2881.79
1662.15	2880.74
1663.68	2867.49
1665.22	2862.25
1666.75	2851.79
1668.28	2853.88
1669.81	2849.35
1671.34	2849.35
1672.87	2845.51
1674.40	2841.33
1675.93	2829.47
1677.46	2817.26
1678.99	2811.33
1680.52	2817.96
1682.04	2816.56
1683.57	2820.05
1685.10	2810.98
1686.63	2810.63
1688.15	2801.56
1689.68	2795.63
1691.21	2789.01
1692.73	2791.45
1694.26	2795.63
1695.78	2797.03
1697.31	2789.35
1698.83	2785.87
1700.36	2778.54
1701.88	2784.12
1703.40	2781.33
1704.93	2784.47
1706.45	2780.29
