896.35	3037.70
897.98	3040.49
899.60	3051.30
901.22	3057.23
902.85	3061.77
904.47	3066.65
906.10	3070.84
907.72	3080.25
909.34	3084.79
910.97	3099.09
912.59	3110.25
914.21	3127.34
915.84	3151.76
917.46	3177.92
919.08	3199.19
920.71	3216.98
922.33	3232.68
923.95	3252.91
925.58	3260.93
927.20	3267.21
928.82	3272.09
930.44	3282.56
932.07	3289.18
933.69	3290.58
935.31	3295.46
936.93	3303.83
938.56	3312.90
940.18	3317.79
941.80	3323.37
943.42	3332.78
945.05	3334.53
946.67	3339.76
948.29	3330.34
949.91	3336.97
951.53	3341.50
953.16	3350.22
954.78	3346.39
956.40	3340.46
958.02	3336.97
959.64	3344.30
961.26	3346.74
962.88	3346.39
964.51	3345.34
966.13	3349.53
967.75	3351.27
969.37	3349.53
970.99	3345.69
972.61	3349.18
974.23	3348.48
975.85	3352.67
977.47	3352.32
979.09	3353.36
980.71	3351.27
982.33	3357.20
983.95	3365.57
985.57	3369.76
987.19	3374.64
988.81	3372.55
990.43	3371.85
992.05	3371.85
993.67	3377.43
995.29	3377.43
996.91	3382.31
998.53	3386.85
1000.15	3400.80
1001.77	3403.59
1003.39	3405.68
1005.01	3409.87
1006.63	3413.71
1008.25	3420.68
1009.86	3421.73
1011.48	3423.82
1013.10	3429.40
1014.72	3432.19
1016.34	3446.14
1017.96	3445.10
1019.58	3449.98
1021.19	3445.10
1022.81	3451.03
1024.43	3453.12
1026.05	3456.96
1027.66	3459.05
1029.28	3462.19
1030.90	3459.75
1032.52	3459.05
1034.13	3463.93
1035.75	3468.82
1037.37	3477.54
1038.98	3475.79
1040.60	3475.79
1042.22	3470.21
1043.83	3474.05
1045.45	3478.93
1047.07	3488.35
1048.68	3483.82
1050.30	3485.91
1051.92	3480.33
1053.53	3485.91
1055.15	3479.28
1056.76	3484.86
1058.38	3487.65
1059.99	3492.19
1061.61	3483.82
1063.22	3485.56
1064.84	3486.61
1066.46	3488.00
1068.07	3482.07
1069.68	3483.82
1071.30	3486.26
1072.91	3486.26
1074.53	3487.65
1076.14	3485.56
1077.76	3490.09
1079.37	3475.44
1080.98	3473.00
1082.60	3465.68
1084.21	3471.96
1085.83	3473.70
1087.44	3468.47
1089.05	3463.58
1090.67	3460.45
1092.28	3465.68
1093.89	3473.35
1095.50	3468.47
1097.12	3471.61
1098.73	3462.54
1100.34	3471.26
1101.95	3472.30
1103.57	3475.10
1105.18	3468.47
1106.79	3464.28
1108.40	3468.47
1110.01	3472.30
1111.63	3471.96
1113.24	3474.05
1114.85	3474.75
1116.46	3479.63
1118.07	3477.19
1119.68	3479.63
1121.29	3473.00
1122.90	3472.30
1124.51	3472.30
1126.12	3478.93
1127.73	3484.51
1129.34	3487.65
1130.95	3488.70
1132.56	3480.68
1134.17	3476.14
1135.78	3474.75
1137.39	3479.28
1139.00	3480.68
1140.61	3485.21
1142.22	3486.95
1143.83	3490.09
1145.44	3486.61
1147.05	3490.09
1148.65	3486.61
1150.26	3484.51
1151.87	3480.68
1153.48	3483.12
1155.09	3485.21
1156.69	3486.61
1158.30	3489.40
1159.91	3493.58
1161.52	3498.81
1163.12	3498.12
1164.73	3504.39
1166.34	3505.79
1167.94	3512.42
1169.55	3507.18
1171.16	3512.07
1172.76	3513.11
1174.37	3515.90
1175.97	3511.37
1177.58	3514.16
1179.19	3509.63
1180.79	3509.98
1182.40	3503.00
1184.00	3511.37
1185.61	3517.30
1187.21	3522.88
1188.82	3523.93
1190.42	3523.93
1192.02	3518.35
1193.63	3514.86
1195.23	3514.51
1196.84	3520.09
1198.44	3526.02
1200.04	3527.07
1201.65	3529.86
1203.25	3531.25
1204.85	3526.02
1206.46	3526.02
1208.06	3520.09
1209.66	3522.88
1211.26	3523.58
1212.87	3518.00
1214.47	3519.74
1216.07	3519.04
1217.67	3527.07
1219.27	3528.11
1220.87	3528.11
1222.48	3524.62
1224.08	3522.18
1225.68	3520.44
1227.28	3519.74
1228.88	3524.28
1230.48	3522.18
1232.08	3524.97
1233.68	3521.49
1235.28	3520.44
1236.88	3515.90
1238.48	3520.44
1240.08	3517.65
1241.68	3516.60
1243.28	3508.23
1244.87	3505.79
1246.47	3504.74
1248.07	3501.60
1249.67	3504.05
1251.27	3496.02
1252.87	3489.40
1254.46	3484.51
1256.06	3488.70
1257.66	3489.74
1259.26	3489.05
1260.85	3488.35
1262.45	3491.14
1264.05	3488.00
1265.64	3486.61
1267.24	3483.47
1268.83	3487.30
1270.43	3496.02
1272.03	3498.46
1273.62	3492.88
1275.22	3490.79
1276.81	3488.35
1278.41	3494.63
1280.00	3489.40
1281.60	3492.88
1283.19	3491.49
1284.79	3489.74
1286.38	3491.49
1287.97	3491.84
1289.57	3490.79
1291.16	3481.02
1292.75	3482.77
1294.35	3481.37
1295.94	3484.86
1297.53	3475.44
1299.12	3478.23
1300.72	3471.26
1302.31	3479.28
1303.90	3480.33
1305.49	3485.56
1307.08	3476.49
1308.68	3471.26
1310.27	3471.61
1311.86	3475.79
1313.45	3475.44
1315.04	3475.10
1316.63	3473.00
1318.22	3468.12
1319.81	3463.93
1321.40	3466.38
1322.99	3462.19
1324.58	3456.61
1326.17	3444.75
1327.75	3445.10
1329.34	3446.14
1330.93	3447.19
1332.52	3447.19
1334.11	3445.10
1335.70	3439.52
1337.28	3437.77
1338.87	3436.73
1340.46	3437.08
1342.05	3429.40
1343.63	3421.38
1345.22	3420.68
1346.81	3419.64
1348.39	3421.38
1349.98	3413.36
1351.56	3407.78
1353.15	3400.10
1354.73	3388.94
1356.32	3378.48
1357.90	3368.36
1359.49	3362.78
1361.07	3357.55
1362.66	3353.36
1364.24	3351.97
1365.82	3355.46
1367.41	3349.53
1368.99	3344.30
1370.57	3336.27
1372.16	3337.32
1373.74	3338.37
1375.32	3335.92
1376.91	3323.02
1378.49	3298.95
1380.07	3272.09
1381.65	3249.42
1383.23	3242.79
1384.81	3241.40
1386.39	3243.84
1387.97	3238.61
1389.55	3231.28
1391.14	3216.98
1392.72	3206.87
1394.29	3191.52
1395.87	3180.01
1397.45	3170.94
1399.03	3162.92
1400.61	3156.29
1402.19	3143.04
1403.77	3138.15
1405.35	3129.78
1406.92	3126.30
1408.50	3118.27
1410.08	3114.09
1411.66	3107.46
1413.23	3103.62
1414.81	3094.55
1416.39	3095.60
1417.96	3091.07
1419.54	3094.21
1421.12	3092.11
1422.69	3088.62
1424.27	3086.88
1425.84	3082.35
1427.42	3083.74
1428.99	3085.14
1430.57	3084.09
1432.14	3080.95
1433.71	3081.65
1435.29	3080.95
1436.86	3081.65
1438.43	3074.32
1440.01	3007.35
1441.58	3004.91
1443.15	3009.10
1444.72	3073.63
1446.30	3080.25
1447.87	3077.11
1449.44	3073.28
1451.01	3070.84
1452.58	3072.23
1454.15	3075.02
1455.72	3073.63
1457.29	3075.37
1458.86	3074.32
1460.43	3080.60
1462.00	3080.60
1463.57	3087.23
1465.14	3080.95
1466.71	3081.65
1468.28	3085.14
1469.85	3090.72
1471.41	3092.46
1472.98	3095.60
1474.55	3092.81
1476.12	3092.11
1477.68	3093.16
1479.25	3097.34
1480.82	3103.62
1482.38	3100.48
1483.95	3103.27
1485.51	3113.39
1487.08	3121.76
1488.64	3130.83
1490.21	3122.81
1491.77	3126.99
1493.34	3117.23
1494.90	3119.32
1496.46	3120.02
1498.03	3129.09
1499.59	3134.32
1501.15	3133.62
1502.72	3135.02
1504.28	3136.41
1505.84	3134.67
1507.40	3139.55
1508.97	3144.43
1510.53	3154.55
1512.09	3157.69
1513.65	3160.48
1515.21	3155.94
1516.77	3158.38
1518.33	3155.59
1519.89	3161.52
1521.45	3162.57
1523.01	3171.99
1524.57	3173.03
1526.13	3174.43
1527.68	3176.87
1529.24	3178.27
1530.80	3182.45
1532.36	3178.27
1533.92	3176.17
1535.47	3170.94
1537.03	3173.03
1538.59	3179.31
1540.14	3182.10
1541.70	3190.47
1543.25	3193.26
1544.81	3203.38
1546.36	3196.06
1547.92	3196.75
1549.47	3190.82
1551.03	3193.96
1552.58	3192.22
1554.13	3198.50
1555.69	3202.68
1557.24	3204.78
1558.79	3199.54
1560.35	3201.98
1561.90	3203.03
1563.45	3203.38
1565.00	3196.40
1566.55	3194.31
1568.10	3192.92
1569.66	3197.10
1571.21	3200.24
1572.76	3205.12
1574.31	3201.98
1575.86	3196.75
1577.40	3192.57
1578.95	3195.01
1580.50	3193.61
1582.05	3195.71
1583.60	3187.68
1585.15	3189.43
1586.69	3186.64
1588.24	3196.75
1589.79	3192.92
1591.34	3193.26
1592.88	3183.15
1594.43	3188.73
1595.97	3186.29
1597.52	3192.22
1599.06	3187.34
1600.61	3194.31
1602.15	3190.13
1603.70	3189.08
1605.24	3179.66
1606.79	3175.48
1608.33	3174.78
1609.87	3176.87
1611.41	3182.80
1612.96	3182.10
1614.50	3177.92
1616.04	3176.87
1617.58	3178.27
1619.12	3180.36
1620.67	3167.45
1622.21	3167.10
1623.75	3161.18
1625.29	3165.01
1626.83	3161.87
1628.37	3158.04
1629.90	3153.50
1631.44	3150.36
1632.98	3141.99
1634.52	3133.27
1636.06	3119.67
1637.59	3109.90
1639.13	3097.00
1640.67	3079.90
1642.21	3065.60
1643.74	3044.68
1645.28	3020.96
1646.81	3002.82
1648.35	2980.85
1649.88	2969.68
1651.42	2948.06
1652.95	2944.57
1654.49	2927.48
1656.02	2919.46
1657.55	2899.23
1659.09	2898.53
1660.62	2887.02
1662.15	2885.62
1663.68	2870.28
1665.22	2864.70
1666.75	2857.37
1668.28	2858.77
1669.81	2852.84
1671.34	2846.91
1672.87	2842.02
1674.40	2839.23
1675.93	2833.30
1677.46	2823.19
1678.99	2815.17
1680.52	2816.91
1682.04	2813.42
1683.57	2812.72
1685.10	2802.61
1686.63	2801.91
1688.15	2798.77
1689.68	2798.77
1691.21	2795.63
1692.73	2795.63
1694.26	2794.24
1695.78	2793.89
1697.31	2790.40
1698.83	2789.35
1700.36	2783.77
1701.88	2788.31
1703.40	2785.87
1704.93	2786.56
1706.45	2781.33
