896.35	2938.29
897.98	2940.04
899.60	2948.76
901.22	2954.34
902.85	2958.17
904.47	2964.80
906.10	2969.68
907.72	2975.96
909.34	2976.31
910.97	2988.17
912.59	2998.29
914.21	3010.49
915.84	3024.10
917.46	3045.37
919.08	3057.58
920.71	3074.32
922.33	3078.51
923.95	3100.83
925.58	3102.58
927.20	3110.25
928.82	3110.25
930.44	3117.58
932.07	3115.13
933.69	3112.34
935.31	3116.18
936.93	3127.34
938.56	3131.53
940.18	3132.57
941.80	3134.32
943.42	3145.48
945.05	3143.04
946.67	3149.66
948.29	3139.20
949.91	3152.11
951.53	3152.80
953.16	3163.62
954.78	3156.64
956.40	3156.64
958.02	3152.11
959.64	3158.38
961.26	3156.99
962.88	3153.85
964.51	3152.80
966.13	3158.04
967.75	3158.04
969.37	3158.38
970.99	3151.41
972.61	3159.78
974.23	3158.38
975.85	3167.10
977.47	3162.57
979.09	3163.62
980.71	3160.13
982.33	3170.59
983.95	3180.01
985.57	3184.89
987.19	3186.29
988.81	3181.75
990.43	3178.27
992.05	3180.36
993.67	3183.15
995.29	3183.50
996.91	3183.85
998.53	3189.08
1000.15	3198.85
1001.77	3200.24
1003.39	3200.24
1005.01	3205.82
1006.63	3209.66
1008.25	3216.98
1009.86	3211.40
1011.48	3211.40
1013.10	3211.40
1014.72	3221.52
1016.34	3232.33
1017.96	3236.52
1019.58	3234.42
1021.19	3231.63
1022.81	3235.47
1024.43	3240.70
1026.05	3243.14
1027.66	3241.40
1029.28	3240.35
1030.90	3239.31
1032.52	3237.21
1034.13	3243.84
1035.75	3244.89
1037.37	3256.40
1038.98	3251.51
1040.60	3253.96
1042.22	3245.24
1043.83	3253.61
1045.45	3255.00
1047.07	3264.77
1048.68	3255.70
1050.30	3258.14
1051.92	3253.26
1053.53	3264.07
1055.15	3261.63
1056.76	3266.16
1058.38	3263.37
1059.99	3267.56
1061.61	3260.93
1063.22	3265.12
1064.84	3259.89
1066.46	3261.63
1068.07	3252.91
1069.68	3260.23
1071.30	3260.58
1072.91	3265.12
1074.53	3263.37
1076.14	3264.42
1077.76	3266.16
1079.37	3254.65
1080.98	3255.00
1082.60	3253.26
1084.21	3260.93
1085.83	3262.33
1087.44	3253.26
1089.05	3249.77
1090.67	3243.84
1092.28	3252.91
1093.89	3259.54
1095.50	3260.58
1097.12	3258.49
1098.73	3248.38
1100.34	3251.86
1101.95	3253.96
1103.57	3258.84
1105.18	3254.30
1106.79	3248.03
1108.40	3249.77
1110.01	3252.21
1111.63	3258.49
1113.24	3257.44
1114.85	3256.05
1116.46	3257.10
1118.07	3259.19
1119.68	3263.37
1121.29	3262.68
1122.90	3261.28
1124.51	3265.47
1126.12	3267.56
1127.73	3275.23
1129.34	3277.67
1130.95	3282.91
1132.56	3272.09
1134.17	3266.51
1135.78	3261.28
1137.39	3268.26
1139.00	3266.16
1140.61	3270.70
1142.22	3273.84
1143.83	3278.37
1145.44	3272.79
1147.05	3274.19
1148.65	3274.88
1150.26	3274.54
1151.87	3270.35
1153.48	3272.44
1155.09	3273.49
1156.69	3274.88
1158.30	3271.05
1159.91	3276.63
1161.52	3278.37
1163.12	3277.67
1164.73	3278.02
1166.34	3279.07
1167.94	3283.95
1169.55	3286.05
1171.16	3290.93
1172.76	3290.58
1174.37	3289.18
1175.97	3283.26
1177.58	3289.53
1179.19	3284.65
1180.79	3285.00
1182.40	3276.28
1184.00	3286.05
1185.61	3294.77
1187.21	3298.95
1188.82	3298.25
1190.42	3296.16
1192.02	3296.51
1193.63	3294.07
1195.23	3296.51
1196.84	3297.90
1198.44	3303.14
1200.04	3303.14
1201.65	3306.28
1203.25	3303.83
1204.85	3300.35
1206.46	3299.30
1208.06	3295.11
1209.66	3295.46
1211.26	3300.70
1212.87	3302.09
1214.47	3304.88
1216.07	3300.35
1217.67	3302.09
1219.27	3297.90
1220.87	3297.56
1222.48	3293.72
1224.08	3296.86
1225.68	3298.95
1227.28	3300.00
1228.88	3300.35
1230.48	3297.56
1232.08	3299.30
1233.68	3301.04
1235.28	3300.70
1236.88	3297.56
1238.48	3300.00
1240.08	3296.16
1241.68	3296.16
1243.28	3287.44
1244.87	3285.00
1246.47	3282.91
1248.07	3280.81
1249.67	3288.49
1251.27	3284.65
1252.87	3282.21
1254.46	3272.79
1256.06	3278.37
1257.66	3277.33
1259.26	3282.91
1260.85	3279.07
1262.45	3282.91
1264.05	3278.02
1265.64	3282.91
1267.24	3283.26
1268.83	3286.74
1270.43	3288.49
1272.03	3289.53
1273.62	3284.30
1275.22	3283.60
1276.81	3279.77
1278.41	3286.74
1280.00	3280.46
1281.60	3281.51
1283.19	3278.02
1284.79	3281.51
1286.38	3283.60
1287.97	3280.12
1289.57	3274.88
1291.16	3268.26
1292.75	3272.79
1294.35	3276.63
1295.94	3283.26
1297.53	3279.07
1299.12	3280.46
1300.72	3272.79
1302.31	3278.02
1303.90	3277.67
1305.49	3279.07
1307.08	3272.44
1308.68	3267.56
1310.27	3266.16
1311.86	3265.47
1313.45	3263.02
1315.04	3265.82
1316.63	3266.16
1318.22	3264.42
1319.81	3264.42
1321.40	3267.56
1322.99	3265.12
1324.58	3258.84
1326.17	3250.82
1327.75	3250.47
1329.34	3250.47
1330.93	3247.68
1332.52	3245.93
1334.11	3245.58
1335.70	3242.79
1337.28	3246.28
1338.87	3248.38
1340.46	3253.61
1342.05	3251.86
1343.63	3246.63
1345.22	3247.68
1346.81	3244.89
1348.39	3244.54
1349.98	3237.21
1351.56	3234.07
1353.15	3231.63
1354.73	3225.01
1356.32	3216.98
1357.90	3211.40
1359.49	3207.57
1361.07	3206.87
1362.66	3204.08
1364.24	3206.87
1365.82	3212.45
1367.41	3210.01
1368.99	3203.38
1370.57	3196.06
1372.16	3195.71
1373.74	3201.64
1375.32	3201.29
1376.91	3192.92
1378.49	3172.69
1380.07	3153.15
1381.65	3135.71
1383.23	3132.22
1384.81	3130.48
1386.39	3135.36
1387.97	3131.88
1389.55	3130.83
1391.14	3124.55
1392.72	3121.06
1394.29	3114.09
1395.87	3110.25
1397.45	3106.06
1399.03	3102.58
1400.61	3097.69
1402.19	3089.67
1403.77	3090.02
1405.35	3086.88
1406.92	3091.07
1408.50	3086.53
1410.08	3085.83
1411.66	3084.44
1413.23	3087.93
1414.81	3081.65
1416.39	3082.70
1417.96	3075.02
1419.54	3082.35
1421.12	3080.25
1422.69	3077.11
1424.27	3076.42
1425.84	3074.67
1427.42	3078.16
1428.99	3080.60
1430.57	3078.16
1432.14	3077.46
1433.71	3077.46
1435.29	3081.65
1436.86	3085.83
1438.43	3081.65
1440.01	3017.47
1441.58	3013.98
1443.15	3015.73
1444.72	3076.07
1446.30	3078.86
1447.87	3074.32
1449.44	3070.14
1451.01	3066.30
1452.58	3068.39
1454.15	3069.79
1455.72	3069.09
1457.29	3073.28
1458.86	3071.53
1460.43	3079.21
1462.00	3072.23
1463.57	3078.16
1465.14	3071.88
1466.71	3075.72
1468.28	3078.51
1469.85	3081.65
1471.41	3080.95
1472.98	3082.35
1474.55	3077.81
1476.12	3076.42
1477.68	3073.98
1479.25	3074.32
1480.82	3077.81
1482.38	3075.02
1483.95	3079.21
1485.51	3086.88
1487.08	3095.25
1488.64	3100.48
1490.21	3094.21
1491.77	3096.30
1493.34	3093.16
1494.90	3092.81
1496.46	3092.81
1498.03	3093.16
1499.59	3095.60
1501.15	3092.46
1502.72	3093.51
1504.28	3095.25
1505.84	3092.11
1507.40	3094.21
1508.97	3094.55
1510.53	3100.48
1512.09	3103.97
1513.65	3105.72
1515.21	3102.93
1516.77	3102.23
1518.33	3102.93
1519.89	3106.06
1521.45	3104.32
1523.01	3108.86
1524.57	3108.16
1526.13	3109.90
1527.68	3110.60
1529.24	3113.04
1530.80	3116.18
1532.36	3111.65
1533.92	3107.81
1535.47	3104.67
1537.03	3107.46
1538.59	3114.78
1540.14	3114.09
1541.70	3117.58
1543.25	3115.83
1544.81	3120.37
1546.36	3113.39
1547.92	3113.74
1549.47	3109.20
1551.03	3110.95
1552.58	3108.86
1554.13	3112.69
1555.69	3114.78
1557.24	3116.53
1558.79	3115.48
1560.35	3116.53
1561.90	3113.74
1563.45	3111.65
1565.00	3106.41
1566.55	3106.41
1568.10	3102.23
1569.66	3106.76
1571.21	3111.65
1572.76	3114.78
1574.31	3110.95
1575.86	3103.97
1577.40	3101.18
1578.95	3102.58
1580.50	3098.74
1582.05	3099.44
1583.60	3092.81
1585.15	3096.30
1586.69	3098.74
1588.24	3106.41
1589.79	3104.32
1591.34	3104.67
1592.88	3094.90
1594.43	3096.65
1595.97	3089.32
1597.52	3093.16
1599.06	3087.93
1600.61	3093.86
1602.15	3093.86
1603.70	3095.60
1605.24	3087.58
1606.79	3080.60
1608.33	3075.02
1609.87	3076.42
1611.41	3081.65
1612.96	3080.25
1614.50	3076.42
1616.04	3075.37
1617.58	3078.51
1619.12	3080.95
1620.67	3067.70
1622.21	3067.35
1623.75	3060.37
1625.29	3064.21
1626.83	3062.81
1628.37	3059.67
1629.90	3054.44
1631.44	3046.77
1632.98	3039.44
1634.52	3032.47
1636.06	3030.72
1637.59	3026.54
1639.13	3023.75
1640.67	3003.87
1642.21	2991.31
1643.74	2969.68
1645.28	2953.64
1646.81	2944.92
1648.35	2929.22
1649.88	2921.90
1651.42	2900.97
1652.95	2899.23
1654.49	2882.83
1656.02	2875.51
1657.55	2858.42
1659.09	2859.46
1660.62	2850.39
1662.15	2851.09
1663.68	2838.19
1665.22	2834.35
1666.75	2827.02
1668.28	2830.16
1669.81	2827.02
1671.34	2824.93
1672.87	2820.75
1674.40	2817.26
1675.93	2809.93
1677.46	2799.82
1678.99	2792.84
1680.52	2794.94
1682.04	2796.33
1683.57	2802.26
1685.10	2795.28
1686.63	2794.24
1688.15	2784.82
1689.68	2782.73
1691.21	2777.50
1692.73	2782.03
1694.26	2781.68
1695.78	2780.29
1697.31	2772.26
1698.83	2772.61
1700.36	2766.68
1701.88	2769.82
1703.40	2765.98
1704.93	2770.52
1706.45	2770.87
