896.35	2920.50
897.98	2915.62
899.60	2920.85
901.22	2927.48
902.85	2931.32
904.47	2936.55
906.10	2940.73
907.72	2946.31
909.34	2947.71
910.97	2955.03
912.59	2961.31
914.21	2972.13
915.84	2985.73
917.46	3004.91
919.08	3012.59
920.71	3024.79
922.33	3028.98
923.95	3050.95
925.58	3056.19
927.20	3062.81
928.82	3062.81
930.44	3068.39
932.07	3065.60
933.69	3063.51
935.31	3064.56
936.93	3076.07
938.56	3077.11
940.18	3082.00
941.80	3084.44
943.42	3098.04
945.05	3097.00
946.67	3103.62
948.29	3093.86
949.91	3102.23
951.53	3102.58
953.16	3111.99
954.78	3102.58
956.40	3100.83
958.02	3096.65
959.64	3106.06
961.26	3105.72
962.88	3103.97
964.51	3103.97
966.13	3109.55
967.75	3108.51
969.37	3109.90
970.99	3100.48
972.61	3109.90
974.23	3108.51
975.85	3120.02
977.47	3115.48
979.09	3118.27
980.71	3115.13
982.33	3123.16
983.95	3126.64
985.57	3126.99
987.19	3129.09
988.81	3129.43
990.43	3128.04
992.05	3130.83
993.67	3131.53
995.29	3131.88
996.91	3131.88
998.53	3137.46
1000.15	3147.57
1001.77	3150.36
1003.39	3147.92
1005.01	3154.20
1006.63	3156.64
1008.25	3168.15
1009.86	3165.36
1011.48	3166.76
1013.10	3166.06
1014.72	3173.03
1016.34	3179.66
1017.96	3180.71
1019.58	3178.62
1021.19	3178.96
1022.81	3181.75
1024.43	3185.94
1026.05	3185.94
1027.66	3189.43
1029.28	3189.43
1030.90	3187.68
1032.52	3183.50
1034.13	3189.08
1035.75	3189.78
1037.37	3197.80
1038.98	3190.82
1040.60	3192.22
1042.22	3184.54
1043.83	3193.26
1045.45	3194.31
1047.07	3205.47
1048.68	3199.89
1050.30	3205.47
1051.92	3197.80
1053.53	3204.43
1055.15	3199.89
1056.76	3207.22
1058.38	3208.61
1059.99	3213.50
1061.61	3202.33
1063.22	3203.38
1064.84	3200.24
1066.46	3206.52
1068.07	3199.54
1069.68	3204.78
1071.30	3205.82
1072.91	3208.61
1074.53	3207.91
1076.14	3207.22
1077.76	3204.78
1079.37	3194.31
1080.98	3190.47
1082.60	3191.87
1084.21	3194.31
1085.83	3199.19
1087.44	3193.26
1089.05	3195.36
1090.67	3190.13
1092.28	3196.75
1093.89	3197.10
1095.50	3197.80
1097.12	3198.50
1098.73	3194.31
1100.34	3194.31
1101.95	3195.01
1103.57	3196.75
1105.18	3197.10
1106.79	3193.26
1108.40	3198.50
1110.01	3200.24
1111.63	3204.78
1113.24	3203.38
1114.85	3200.59
1116.46	3197.45
1118.07	3196.40
1119.68	3200.59
1121.29	3200.94
1122.90	3197.80
1124.51	3198.50
1126.12	3200.94
1127.73	3208.61
1129.34	3209.31
1130.95	3212.10
1132.56	3201.64
1134.17	3197.80
1135.78	3195.71
1137.39	3206.17
1139.00	3205.82
1140.61	3206.52
1142.22	3202.33
1143.83	3208.96
1145.44	3207.91
1147.05	3216.98
1148.65	3213.84
1150.26	3214.89
1151.87	3208.61
1153.48	3217.33
1155.09	3220.47
1156.69	3219.77
1158.30	3212.10
1159.91	3212.45
1161.52	3214.54
1163.12	3215.94
1164.73	3219.77
1166.34	3221.52
1167.94	3225.01
1169.55	3223.96
1171.16	3226.75
1172.76	3228.49
1174.37	3229.54
1175.97	3226.05
1177.58	3227.45
1179.19	3221.87
1180.79	3223.96
1182.40	3220.47
1184.00	3227.45
1185.61	3235.12
1187.21	3237.21
1188.82	3237.91
1190.42	3231.63
1192.02	3227.10
1193.63	3221.87
1195.23	3223.61
1196.84	3226.75
1198.44	3232.33
1200.04	3232.68
1201.65	3238.61
1203.25	3239.31
1204.85	3236.86
1206.46	3231.63
1208.06	3225.70
1209.66	3227.80
1211.26	3235.82
1212.87	3236.17
1214.47	3240.00
1216.07	3235.82
1217.67	3239.66
1219.27	3235.47
1220.87	3237.56
1222.48	3233.03
1224.08	3238.26
1225.68	3235.12
1227.28	3239.31
1228.88	3236.86
1230.48	3233.73
1232.08	3232.68
1233.68	3233.03
1235.28	3231.63
1236.88	3226.75
1238.48	3230.24
1240.08	3230.24
1241.68	3232.33
1243.28	3226.05
1244.87	3224.31
1246.47	3221.87
1248.07	3217.68
1249.67	3224.31
1251.27	3221.17
1252.87	3219.77
1254.46	3212.10
1256.06	3215.94
1257.66	3214.54
1259.26	3216.63
1260.85	3212.45
1262.45	3218.38
1264.05	3215.59
1265.64	3221.87
1267.24	3222.91
1268.83	3227.10
1270.43	3229.54
1272.03	3229.54
1273.62	3223.61
1275.22	3222.56
1276.81	3215.59
1278.41	3224.31
1280.00	3219.42
1281.60	3221.87
1283.19	3216.29
1284.79	3217.33
1286.38	3220.82
1287.97	3219.77
1289.57	3215.94
1291.16	3205.82
1292.75	3207.22
1294.35	3208.26
1295.94	3213.84
1297.53	3210.36
1299.12	3212.80
1300.72	3206.87
1302.31	3214.19
1303.90	3216.63
1305.49	3220.12
1307.08	3213.84
1308.68	3208.26
1310.27	3210.70
1311.86	3211.75
1313.45	3211.05
1315.04	3207.91
1316.63	3205.12
1318.22	3201.64
1319.81	3201.64
1321.40	3204.43
1322.99	3200.94
1324.58	3196.75
1326.17	3190.47
1327.75	3190.13
1329.34	3191.17
1330.93	3186.64
1332.52	3188.73
1334.11	3186.99
1335.70	3186.29
1337.28	3184.89
1338.87	3183.85
1340.46	3184.54
1342.05	3182.10
1343.63	3181.41
1345.22	3184.89
1346.81	3183.50
1348.39	3181.75
1349.98	3175.82
1351.56	3171.64
1353.15	3167.80
1354.73	3159.78
1356.32	3156.99
1357.90	3154.20
1359.49	3151.41
1361.07	3146.18
1362.66	3141.64
1364.24	3143.04
1365.82	3147.92
1367.41	3145.83
1368.99	3139.55
1370.57	3136.76
1372.16	3138.50
1373.74	3143.39
1375.32	3137.81
1376.91	3126.64
1378.49	3111.30
1380.07	3099.44
1381.65	3089.67
1383.23	3088.62
1384.81	3086.53
1386.39	3087.23
1387.97	3084.09
1389.55	3082.35
1391.14	3077.81
1392.72	3075.37
1394.29	3070.49
1395.87	3067.70
1397.45	3064.91
1399.03	3062.81
1400.61	3059.67
1402.19	3052.70
1403.77	3054.44
1405.35	3052.35
1406.92	3052.00
1408.50	3046.42
1410.08	3043.98
1411.66	3041.19
1413.23	3041.19
1414.81	3034.56
1416.39	3036.30
1417.96	3030.38
1419.54	3034.56
1421.12	3035.26
1422.69	3031.07
1424.27	3033.51
1425.84	3030.38
1427.42	3034.91
1428.99	3034.21
1430.57	3034.56
1432.14	3033.51
1433.71	3035.61
1435.29	3037.35
1436.86	3036.30
1438.43	3031.77
1440.01	2968.64
1441.58	2971.08
1443.15	2973.52
1444.72	3032.12
1446.30	3037.00
1447.87	3030.72
1449.44	3025.14
1451.01	3020.26
1452.58	3026.54
1454.15	3030.03
1455.72	3027.93
1457.29	3030.72
1458.86	3032.12
1460.43	3040.14
1462.00	3033.17
1463.57	3036.30
1465.14	3028.63
1466.71	3028.63
1468.28	3029.33
1469.85	3033.86
1471.41	3038.40
1472.98	3041.89
1474.55	3040.84
1476.12	3039.10
1477.68	3037.70
1479.25	3036.65
1480.82	3042.58
1482.38	3038.40
1483.95	3042.58
1485.51	3045.72
1487.08	3050.95
1488.64	3053.40
1490.21	3044.33
1491.77	3048.51
1493.34	3040.14
1494.90	3043.28
1496.46	3041.19
1498.03	3048.86
1499.59	3053.74
1501.15	3053.05
1502.72	3052.70
1504.28	3050.26
1505.84	3047.82
1507.40	3050.95
1508.97	3056.88
1510.53	3064.21
1512.09	3066.30
1513.65	3067.00
1515.21	3064.21
1516.77	3063.86
1518.33	3062.12
1519.89	3064.56
1521.45	3067.35
1523.01	3071.53
1524.57	3073.28
1526.13	3071.53
1527.68	3071.88
1529.24	3071.88
1530.80	3074.32
1532.36	3071.88
1533.92	3066.65
1535.47	3064.21
1537.03	3063.51
1538.59	3066.30
1540.14	3060.37
1541.70	3064.21
1543.25	3068.05
1544.81	3076.42
1546.36	3073.28
1547.92	3071.88
1549.47	3068.05
1551.03	3064.21
1552.58	3062.46
1554.13	3064.56
1555.69	3067.35
1557.24	3068.74
1558.79	3063.51
1560.35	3064.91
1561.90	3061.77
1563.45	3065.26
1565.00	3060.37
1566.55	3062.12
1568.10	3058.28
1569.66	3060.37
1571.21	3061.42
1572.76	3062.46
1574.31	3063.86
1575.86	3057.93
1577.40	3054.79
1578.95	3049.56
1580.50	3045.02
1582.05	3042.23
1583.60	3034.21
1585.15	3034.91
1586.69	3038.40
1588.24	3047.47
1589.79	3046.42
1591.34	3049.21
1592.88	3038.75
1594.43	3041.54
1595.97	3035.61
1597.52	3041.54
1599.06	3039.10
1600.61	3044.33
1602.15	3042.58
1603.70	3042.23
1605.24	3034.91
1606.79	3032.82
1608.33	3033.51
1609.87	3033.51
1611.41	3037.35
1612.96	3033.17
1614.50	3030.38
1616.04	3030.03
1617.58	3030.38
1619.12	3033.86
1620.67	3022.70
1622.21	3024.10
1623.75	3016.77
1625.29	3017.47
1626.83	3017.47
1628.37	3012.59
1629.90	3008.05
1631.44	2998.98
1632.98	2992.01
1634.52	2986.43
1636.06	2984.33
1637.59	2982.24
1639.13	2977.71
1640.67	2962.36
1642.21	2952.59
1643.74	2938.99
1645.28	2925.04
1646.81	2915.97
1648.35	2900.97
1649.88	2893.65
1651.42	2876.90
1652.95	2874.11
1654.49	2859.81
1656.02	2854.93
1657.55	2840.28
1659.09	2840.63
1660.62	2831.56
1662.15	2832.26
1663.68	2822.84
1665.22	2820.40
1666.75	2814.47
1668.28	2817.26
1669.81	2813.77
1671.34	2813.77
1672.87	2810.28
1674.40	2806.10
1675.93	2797.73
1677.46	2788.31
1678.99	2783.77
1680.52	2786.91
1682.04	2784.47
1683.57	2786.56
1685.10	2781.68
1686.63	2784.12
1688.15	2776.45
1689.68	2772.61
1691.21	2769.47
1692.73	2774.01
1694.26	2774.70
1695.78	2772.26
1697.31	2764.24
1698.83	2761.10
1700.36	2755.52
1701.88	2763.19
1703.40	2761.45
1704.93	2764.59
1706.45	2760.40
