896.35	2928.87
897.98	2930.27
899.60	2939.34
901.22	2948.06
902.85	2952.94
904.47	2955.03
906.10	2953.64
907.72	2959.92
909.34	2964.80
910.97	2977.01
912.59	2984.33
914.21	2994.80
915.84	3008.05
917.46	3026.89
919.08	3038.40
920.71	3056.19
922.33	3064.21
923.95	3082.35
925.58	3083.04
927.20	3088.28
928.82	3090.72
930.44	3095.60
932.07	3094.21
933.69	3091.76
935.31	3094.21
936.93	3102.23
938.56	3107.11
940.18	3113.04
941.80	3119.67
943.42	3128.04
945.05	3125.95
946.67	3130.48
948.29	3124.20
949.91	3135.02
951.53	3134.32
953.16	3144.78
954.78	3137.46
956.40	3136.06
958.02	3127.69
959.64	3134.67
961.26	3132.92
962.88	3133.97
964.51	3133.62
966.13	3140.25
967.75	3139.90
969.37	3139.90
970.99	3135.02
972.61	3139.90
974.23	3137.46
975.85	3145.13
977.47	3143.04
979.09	3144.43
980.71	3138.50
982.33	3146.87
983.95	3153.50
985.57	3159.08
987.19	3160.13
988.81	3161.87
990.43	3162.92
992.05	3166.06
993.67	3165.36
995.29	3161.18
996.91	3161.18
998.53	3166.76
1000.15	3177.57
1001.77	3178.62
1003.39	3175.82
1005.01	3180.01
1006.63	3184.54
1008.25	3192.22
1009.86	3190.47
1011.48	3191.52
1013.10	3193.61
1014.72	3200.24
1016.34	3209.66
1017.96	3211.40
1019.58	3209.66
1021.19	3205.82
1022.81	3208.26
1024.43	3211.75
1026.05	3215.24
1027.66	3218.38
1029.28	3220.47
1030.90	3220.47
1032.52	3218.03
1034.13	3224.31
1035.75	3225.01
1037.37	3234.07
1038.98	3227.10
1040.60	3227.45
1042.22	3217.68
1043.83	3225.01
1045.45	3226.75
1047.07	3238.26
1048.68	3234.42
1050.30	3238.96
1051.92	3232.33
1053.53	3234.77
1055.15	3227.10
1056.76	3233.03
1058.38	3236.17
1059.99	3242.45
1061.61	3233.38
1063.22	3232.68
1064.84	3230.24
1066.46	3235.82
1068.07	3231.63
1069.68	3237.56
1071.30	3238.26
1072.91	3240.70
1074.53	3239.66
1076.14	3237.56
1077.76	3237.91
1079.37	3226.05
1080.98	3223.96
1082.60	3221.87
1084.21	3227.45
1085.83	3232.33
1087.44	3227.80
1089.05	3224.66
1090.67	3216.98
1092.28	3222.56
1093.89	3226.75
1095.50	3228.84
1097.12	3230.59
1098.73	3226.40
1100.34	3228.84
1101.95	3228.84
1103.57	3228.84
1105.18	3225.01
1106.79	3219.42
1108.40	3223.61
1110.01	3229.54
1111.63	3236.86
1113.24	3236.17
1114.85	3232.68
1116.46	3229.89
1118.07	3231.28
1119.68	3235.12
1121.29	3233.03
1122.90	3229.54
1124.51	3231.28
1126.12	3236.52
1127.73	3245.24
1129.34	3246.98
1130.95	3247.33
1132.56	3236.86
1134.17	3232.33
1135.78	3232.33
1137.39	3239.66
1139.00	3235.82
1140.61	3235.12
1142.22	3232.33
1143.83	3237.91
1145.44	3235.82
1147.05	3241.75
1148.65	3241.40
1150.26	3241.05
1151.87	3237.91
1153.48	3241.05
1155.09	3243.14
1156.69	3243.49
1158.30	3237.21
1159.91	3240.00
1161.52	3241.75
1163.12	3243.84
1164.73	3246.63
1166.34	3245.93
1167.94	3249.77
1169.55	3247.68
1171.16	3252.91
1172.76	3254.65
1174.37	3255.35
1175.97	3251.17
1177.58	3254.30
1179.19	3251.51
1180.79	3251.51
1182.40	3245.24
1184.00	3249.77
1185.61	3255.35
1187.21	3260.58
1188.82	3261.63
1190.42	3260.93
1192.02	3260.58
1193.63	3259.54
1195.23	3261.28
1196.84	3263.37
1198.44	3268.95
1200.04	3267.56
1201.65	3267.56
1203.25	3265.47
1204.85	3261.28
1206.46	3258.49
1208.06	3252.56
1209.66	3253.26
1211.26	3258.84
1212.87	3259.89
1214.47	3267.21
1216.07	3265.47
1217.67	3269.30
1219.27	3265.47
1220.87	3265.47
1222.48	3258.14
1224.08	3262.33
1225.68	3262.33
1227.28	3268.26
1228.88	3267.91
1230.48	3265.12
1232.08	3266.86
1233.68	3268.61
1235.28	3266.51
1236.88	3262.33
1238.48	3261.63
1240.08	3260.58
1241.68	3258.49
1243.28	3253.61
1244.87	3252.91
1246.47	3255.00
1248.07	3251.86
1249.67	3257.79
1251.27	3253.26
1252.87	3252.91
1254.46	3246.98
1256.06	3251.17
1257.66	3246.28
1259.26	3246.63
1260.85	3241.40
1262.45	3247.68
1264.05	3246.63
1265.64	3252.56
1267.24	3251.51
1268.83	3251.17
1270.43	3255.00
1272.03	3255.00
1273.62	3252.56
1275.22	3247.68
1276.81	3244.19
1278.41	3249.42
1280.00	3246.63
1281.60	3248.03
1283.19	3246.98
1284.79	3246.28
1286.38	3246.98
1287.97	3244.19
1289.57	3239.31
1291.16	3232.33
1292.75	3231.98
1294.35	3233.73
1295.94	3238.96
1297.53	3233.73
1299.12	3238.26
1300.72	3233.03
1302.31	3240.00
1303.90	3242.10
1305.49	3244.19
1307.08	3238.96
1308.68	3230.94
1310.27	3231.28
1311.86	3230.24
1313.45	3228.49
1315.04	3224.31
1316.63	3225.70
1318.22	3223.96
1319.81	3228.49
1321.40	3232.33
1322.99	3228.84
1324.58	3222.22
1326.17	3213.50
1327.75	3214.19
1329.34	3214.89
1330.93	3209.66
1332.52	3207.91
1334.11	3205.12
1335.70	3203.38
1337.28	3202.68
1338.87	3204.43
1340.46	3205.47
1342.05	3201.64
1343.63	3195.01
1345.22	3195.01
1346.81	3193.61
1348.39	3193.26
1349.98	3189.43
1351.56	3185.24
1353.15	3180.36
1354.73	3171.99
1356.32	3165.36
1357.90	3161.52
1359.49	3159.43
1361.07	3158.38
1362.66	3154.55
1364.24	3152.11
1365.82	3154.55
1367.41	3150.71
1368.99	3147.92
1370.57	3144.43
1372.16	3147.57
1373.74	3150.36
1375.32	3147.22
1376.91	3136.76
1378.49	3122.46
1380.07	3108.86
1381.65	3097.00
1383.23	3094.90
1384.81	3090.02
1386.39	3092.46
1387.97	3084.09
1389.55	3079.21
1391.14	3066.65
1392.72	3059.67
1394.29	3052.35
1395.87	3044.68
1397.45	3039.44
1399.03	3033.51
1400.61	3030.03
1402.19	3019.91
1403.77	3018.52
1405.35	3014.68
1406.92	3016.42
1408.50	3012.59
1410.08	3009.45
1411.66	3005.26
1413.23	3005.26
1414.81	2996.19
1416.39	2998.98
1417.96	2991.31
1419.54	2999.68
1421.12	2999.33
1422.69	2994.80
1424.27	2990.96
1425.84	2983.29
1427.42	2984.68
1428.99	2983.64
1430.57	2981.89
1432.14	2982.24
1433.71	2985.03
1435.29	2988.17
1436.86	2987.82
1438.43	2981.89
1440.01	2919.46
1441.58	2919.46
1443.15	2924.34
1444.72	2984.68
1446.30	2988.17
1447.87	2987.12
1449.44	2983.64
1451.01	2982.24
1452.58	2982.59
1454.15	2984.68
1455.72	2979.80
1457.29	2981.54
1458.86	2977.71
1460.43	2984.68
1462.00	2982.24
1463.57	2988.87
1465.14	2985.73
1466.71	2987.47
1468.28	2989.22
1469.85	2992.01
1471.41	2991.66
1472.98	2994.10
1474.55	2989.91
1476.12	2988.17
1477.68	2988.87
1479.25	2992.01
1480.82	2997.24
1482.38	2994.10
1483.95	2998.98
1485.51	3005.61
1487.08	3011.19
1488.64	3014.68
1490.21	3007.01
1491.77	3011.19
1493.34	3005.96
1494.90	3009.45
1496.46	3009.45
1498.03	3013.28
1499.59	3015.38
1501.15	3012.59
1502.72	3014.68
1504.28	3015.73
1505.84	3013.28
1507.40	3017.12
1508.97	3021.66
1510.53	3034.91
1512.09	3036.65
1513.65	3037.70
1515.21	3032.12
1516.77	3033.51
1518.33	3033.86
1519.89	3034.91
1521.45	3036.30
1523.01	3042.93
1524.57	3047.12
1526.13	3050.61
1527.68	3052.00
1529.24	3052.00
1530.80	3053.05
1532.36	3049.91
1533.92	3047.47
1535.47	3044.33
1537.03	3047.82
1538.59	3052.00
1540.14	3049.91
1541.70	3049.91
1543.25	3049.91
1544.81	3055.14
1546.36	3051.30
1547.92	3055.49
1549.47	3055.49
1551.03	3056.19
1552.58	3052.70
1554.13	3053.74
1555.69	3056.54
1557.24	3057.93
1558.79	3053.40
1560.35	3053.40
1561.90	3051.30
1563.45	3054.79
1565.00	3052.35
1566.55	3056.19
1568.10	3054.79
1569.66	3057.23
1571.21	3055.49
1572.76	3055.49
1574.31	3053.40
1575.86	3047.47
1577.40	3044.68
1578.95	3042.58
1580.50	3042.23
1582.05	3043.63
1583.60	3040.84
1585.15	3045.02
1586.69	3046.42
1588.24	3051.65
1589.79	3046.07
1591.34	3048.16
1592.88	3042.58
1594.43	3047.12
1595.97	3039.79
1597.52	3040.49
1599.06	3035.61
1600.61	3041.54
1602.15	3040.84
1603.70	3043.28
1605.24	3037.70
1606.79	3033.86
1608.33	3031.07
1609.87	3032.82
1611.41	3039.79
1612.96	3039.79
1614.50	3034.91
1616.04	3030.03
1617.58	3028.63
1619.12	3032.47
1620.67	3024.10
1622.21	3026.19
1623.75	3017.82
1625.29	3020.61
1626.83	3021.31
1628.37	3020.61
1629.90	3017.12
1631.44	3009.10
1632.98	2999.33
1634.52	2992.70
1636.06	2988.17
1637.59	2985.38
1639.13	2978.06
1640.67	2962.71
1642.21	2955.73
1643.74	2943.87
1645.28	2930.27
1646.81	2918.76
1648.35	2902.37
1649.88	2896.78
1651.42	2881.44
1652.95	2881.79
1654.49	2866.44
1656.02	2859.11
1657.55	2842.72
1659.09	2845.16
1660.62	2837.49
1662.15	2838.88
1663.68	2827.02
1665.22	2824.23
1666.75	2816.91
1668.28	2820.40
1669.81	2816.91
1671.34	2814.82
1672.87	2812.03
1674.40	2809.58
1675.93	2804.70
1677.46	2796.33
1678.99	2790.05
1680.52	2793.89
1682.04	2789.70
1683.57	2787.96
1685.10	2778.54
1686.63	2780.29
1688.15	2776.80
1689.68	2776.10
1691.21	2771.91
1692.73	2775.40
1694.26	2774.70
1695.78	2772.26
1697.31	2765.29
1698.83	2764.24
1700.36	2759.36
1701.88	2765.98
1703.40	2763.54
1704.93	2764.24
1706.45	2755.17
