896.35	2953.99
897.98	2951.55
899.60	2958.17
901.22	2966.54
902.85	2970.03
904.47	2977.01
906.10	2981.89
907.72	2990.26
909.34	2993.05
910.97	3004.91
912.59	3012.94
914.21	3025.49
915.84	3040.84
917.46	3062.81
919.08	3077.81
920.71	3093.86
922.33	3099.44
923.95	3114.44
925.58	3114.09
927.20	3121.41
928.82	3125.95
930.44	3135.36
932.07	3136.76
933.69	3137.11
935.31	3141.64
936.93	3149.66
938.56	3152.80
940.18	3154.20
941.80	3155.25
943.42	3163.97
945.05	3165.01
946.67	3173.03
948.29	3165.01
949.91	3174.78
951.53	3176.17
953.16	3184.89
954.78	3177.92
956.40	3175.82
958.02	3170.59
959.64	3176.87
961.26	3177.22
962.88	3180.01
964.51	3179.66
966.13	3185.59
967.75	3182.10
969.37	3183.85
970.99	3177.57
972.61	3185.24
974.23	3181.75
975.85	3189.43
977.47	3188.03
979.09	3191.17
980.71	3188.38
982.33	3194.31
983.95	3199.19
985.57	3200.94
987.19	3203.03
988.81	3203.03
990.43	3201.29
992.05	3204.08
993.67	3204.08
995.29	3205.12
996.91	3206.17
998.53	3212.10
1000.15	3222.22
1001.77	3224.31
1003.39	3222.56
1005.01	3225.01
1006.63	3226.05
1008.25	3236.86
1009.86	3236.86
1011.48	3239.31
1013.10	3238.96
1014.72	3245.93
1016.34	3256.05
1017.96	3259.19
1019.58	3256.75
1021.19	3253.96
1022.81	3258.84
1024.43	3266.16
1026.05	3269.30
1027.66	3270.00
1029.28	3271.74
1030.90	3270.35
1032.52	3268.26
1034.13	3274.54
1035.75	3276.28
1037.37	3286.39
1038.98	3278.72
1040.60	3279.07
1042.22	3271.05
1043.83	3278.02
1045.45	3279.42
1047.07	3286.39
1048.68	3277.67
1050.30	3282.56
1051.92	3279.07
1053.53	3290.58
1055.15	3285.35
1056.76	3288.84
1058.38	3285.00
1059.99	3287.79
1061.61	3278.37
1063.22	3281.16
1064.84	3281.16
1066.46	3284.65
1068.07	3277.67
1069.68	3283.26
1071.30	3285.70
1072.91	3287.44
1074.53	3282.91
1076.14	3281.51
1077.76	3281.86
1079.37	3275.23
1080.98	3273.49
1082.60	3277.67
1084.21	3280.12
1085.83	3285.35
1087.44	3275.93
1089.05	3275.23
1090.67	3268.61
1092.28	3274.54
1093.89	3276.98
1095.50	3279.42
1097.12	3278.37
1098.73	3273.14
1100.34	3273.84
1101.95	3273.84
1103.57	3274.19
1105.18	3270.00
1106.79	3267.56
1108.40	3272.09
1110.01	3275.93
1111.63	3280.46
1113.24	3281.51
1114.85	3281.16
1116.46	3279.77
1118.07	3279.77
1119.68	3282.21
1121.29	3281.16
1122.90	3278.02
1124.51	3281.86
1126.12	3284.65
1127.73	3291.28
1129.34	3290.58
1130.95	3291.63
1132.56	3282.91
1134.17	3276.63
1135.78	3274.19
1137.39	3280.81
1139.00	3281.16
1140.61	3283.95
1142.22	3281.51
1143.83	3282.21
1145.44	3275.93
1147.05	3281.16
1148.65	3280.12
1150.26	3282.21
1151.87	3279.42
1153.48	3288.14
1155.09	3293.37
1156.69	3293.02
1158.30	3287.79
1159.91	3288.49
1161.52	3289.88
1163.12	3290.23
1164.73	3291.63
1166.34	3293.37
1167.94	3295.46
1169.55	3295.81
1171.16	3299.30
1172.76	3301.04
1174.37	3301.39
1175.97	3297.90
1177.58	3303.14
1179.19	3299.65
1180.79	3300.70
1182.40	3295.46
1184.00	3300.00
1185.61	3306.62
1187.21	3305.58
1188.82	3305.93
1190.42	3303.14
1192.02	3303.14
1193.63	3301.39
1195.23	3300.35
1196.84	3303.83
1198.44	3309.76
1200.04	3311.51
1201.65	3314.30
1203.25	3313.60
1204.85	3309.76
1206.46	3304.88
1208.06	3296.86
1209.66	3299.30
1211.26	3306.28
1212.87	3309.76
1214.47	3313.95
1216.07	3309.07
1217.67	3311.16
1219.27	3308.02
1220.87	3311.51
1222.48	3309.07
1224.08	3311.86
1225.68	3310.81
1227.28	3311.16
1228.88	3313.60
1230.48	3309.42
1232.08	3312.55
1233.68	3309.76
1235.28	3310.11
1236.88	3307.67
1238.48	3309.42
1240.08	3305.58
1241.68	3299.30
1243.28	3290.58
1244.87	3287.09
1246.47	3289.53
1248.07	3287.44
1249.67	3296.86
1251.27	3293.37
1252.87	3293.72
1254.46	3286.05
1256.06	3289.18
1257.66	3288.14
1259.26	3290.93
1260.85	3289.18
1262.45	3291.63
1264.05	3287.79
1265.64	3291.28
1267.24	3291.63
1268.83	3294.77
1270.43	3296.16
1272.03	3295.46
1273.62	3287.44
1275.22	3286.74
1276.81	3284.30
1278.41	3292.67
1280.00	3283.60
1281.60	3279.42
1283.19	3274.19
1284.79	3278.37
1286.38	3282.21
1287.97	3283.95
1289.57	3280.46
1291.16	3276.98
1292.75	3279.42
1294.35	3281.16
1295.94	3284.65
1297.53	3276.63
1299.12	3278.72
1300.72	3271.05
1302.31	3278.37
1303.90	3276.98
1305.49	3278.37
1307.08	3272.44
1308.68	3266.86
1310.27	3270.70
1311.86	3271.74
1313.45	3271.05
1315.04	3267.91
1316.63	3265.82
1318.22	3263.02
1319.81	3263.02
1321.40	3266.86
1322.99	3267.21
1324.58	3262.33
1326.17	3254.30
1327.75	3252.91
1329.34	3252.21
1330.93	3248.03
1332.52	3244.89
1334.11	3243.84
1335.70	3240.70
1337.28	3239.66
1338.87	3240.00
1340.46	3242.10
1342.05	3238.26
1343.63	3230.94
1345.22	3233.73
1346.81	3232.33
1348.39	3233.03
1349.98	3220.47
1351.56	3216.98
1353.15	3214.54
1354.73	3207.22
1356.32	3199.89
1357.90	3190.82
1359.49	3191.17
1361.07	3188.03
1362.66	3187.34
1364.24	3186.99
1365.82	3190.13
1367.41	3185.94
1368.99	3178.62
1370.57	3175.82
1372.16	3176.17
1373.74	3182.45
1375.32	3176.87
1376.91	3166.06
1378.49	3145.13
1380.07	3129.43
1381.65	3116.53
1383.23	3111.65
1384.81	3106.41
1386.39	3108.16
1387.97	3106.41
1389.55	3103.97
1391.14	3091.76
1392.72	3087.23
1394.29	3079.56
1395.87	3073.63
1397.45	3067.35
1399.03	3060.72
1400.61	3054.79
1402.19	3043.63
1403.77	3040.84
1405.35	3037.00
1406.92	3034.91
1408.50	3029.68
1410.08	3023.75
1411.66	3020.61
1413.23	3019.56
1414.81	3014.68
1416.39	3015.38
1417.96	3007.35
1419.54	3010.14
1421.12	3009.10
1422.69	3007.70
1424.27	3008.40
1425.84	3002.12
1427.42	3003.87
1428.99	3002.12
1430.57	3001.42
1432.14	2999.68
1433.71	3003.52
1435.29	3007.35
1436.86	3007.70
1438.43	3001.42
1440.01	2936.55
1441.58	2936.55
1443.15	2936.90
1444.72	2995.15
1446.30	2999.68
1447.87	2997.94
1449.44	2997.59
1451.01	2991.66
1452.58	2995.50
1454.15	2997.94
1455.72	2997.24
1457.29	2998.63
1458.86	2994.45
1460.43	3002.82
1462.00	3001.42
1463.57	3009.10
1465.14	3003.52
1466.71	3003.52
1468.28	3004.91
1469.85	3007.70
1471.41	3011.19
1472.98	3015.73
1474.55	3013.28
1476.12	3009.45
1477.68	3008.75
1479.25	3012.59
1480.82	3018.86
1482.38	3012.59
1483.95	3012.94
1485.51	3020.26
1487.08	3031.77
1488.64	3038.40
1490.21	3030.72
1491.77	3030.38
1493.34	3024.45
1494.90	3028.28
1496.46	3029.68
1498.03	3034.56
1499.59	3038.05
1501.15	3037.70
1502.72	3039.10
1504.28	3036.30
1505.84	3034.56
1507.40	3036.65
1508.97	3040.14
1510.53	3046.77
1512.09	3052.00
1513.65	3053.74
1515.21	3050.61
1516.77	3050.61
1518.33	3053.74
1519.89	3057.23
1521.45	3057.58
1523.01	3062.46
1524.57	3065.26
1526.13	3068.05
1527.68	3071.18
1529.24	3070.84
1530.80	3073.98
1532.36	3067.35
1533.92	3065.95
1535.47	3061.07
1537.03	3062.12
1538.59	3067.70
1540.14	3069.09
1541.70	3076.42
1543.25	3076.77
1544.81	3081.30
1546.36	3075.72
1547.92	3075.37
1549.47	3071.18
1551.03	3069.44
1552.58	3068.74
1554.13	3073.28
1555.69	3077.81
1557.24	3078.51
1558.79	3075.37
1560.35	3076.07
1561.90	3074.67
1563.45	3075.02
1565.00	3071.88
1566.55	3072.58
1568.10	3071.18
1569.66	3073.63
1571.21	3073.98
1572.76	3074.32
1574.31	3071.53
1575.86	3069.09
1577.40	3068.74
1578.95	3070.14
1580.50	3065.60
1582.05	3065.26
1583.60	3059.67
1585.15	3063.86
1586.69	3063.51
1588.24	3069.79
1589.79	3067.70
1591.34	3071.88
1592.88	3065.60
1594.43	3069.79
1595.97	3062.81
1597.52	3067.00
1599.06	3063.16
1600.61	3067.00
1602.15	3062.46
1603.70	3060.72
1605.24	3056.54
1606.79	3053.40
1608.33	3053.74
1609.87	3052.35
1611.41	3055.49
1612.96	3052.35
1614.50	3053.05
1616.04	3054.79
1617.58	3055.49
1619.12	3055.49
1620.67	3044.33
1622.21	3046.07
1623.75	3038.75
1625.29	3040.84
1626.83	3039.44
1628.37	3039.44
1629.90	3036.30
1631.44	3030.38
1632.98	3023.75
1634.52	3018.17
1636.06	3015.73
1637.59	3009.45
1639.13	3003.52
1640.67	2983.64
1642.21	2973.87
1643.74	2957.48
1645.28	2943.18
1646.81	2933.06
1648.35	2915.27
1649.88	2909.34
1651.42	2890.86
1652.95	2890.86
1654.49	2874.81
1656.02	2868.18
1657.55	2851.09
1659.09	2850.05
1660.62	2842.02
1662.15	2842.37
1663.68	2832.61
1665.22	2829.82
1666.75	2824.58
1668.28	2827.37
1669.81	2822.49
1671.34	2821.10
1672.87	2815.86
1674.40	2813.42
1675.93	2806.79
1677.46	2798.07
1678.99	2791.80
1680.52	2791.10
1682.04	2791.45
1683.57	2794.24
1685.10	2790.05
1686.63	2792.49
1688.15	2786.22
1689.68	2784.47
1691.21	2779.24
1692.73	2784.82
1694.26	2783.08
1695.78	2780.29
1697.31	2770.17
1698.83	2769.47
1700.36	2762.85
1701.88	2768.08
1703.40	2764.94
1704.93	2768.43
1706.45	2764.59
