896.35	3015.73
897.98	3016.77
899.60	3027.24
901.22	3060.72
902.85	3050.26
904.47	3062.81
906.10	3065.95
907.72	3074.32
909.34	3091.07
910.97	3107.81
912.59	3118.27
914.21	3146.53
915.84	3188.38
917.46	3230.24
919.08	3245.93
920.71	3266.86
922.33	3284.65
923.95	3309.76
925.58	3323.37
927.20	3323.37
928.82	3326.51
930.44	3359.99
932.07	3340.11
933.69	3343.25
935.31	3345.34
936.93	3365.22
938.56	3375.69
940.18	3384.06
941.80	3374.64
943.42	3390.34
945.05	3393.48
946.67	3391.38
948.29	3391.38
949.91	3401.85
951.53	3412.31
953.16	3422.78
954.78	3398.71
956.40	3393.48
958.02	3398.71
959.64	3404.99
961.26	3402.89
962.88	3408.13
964.51	3393.48
966.13	3413.36
967.75	3410.22
969.37	3400.80
970.99	3395.57
972.61	3410.22
974.23	3408.13
975.85	3412.31
977.47	3411.26
979.09	3406.03
980.71	3398.71
982.33	3417.54
983.95	3421.73
985.57	3435.33
987.19	3408.13
988.81	3432.19
990.43	3422.78
992.05	3425.91
993.67	3444.75
995.29	3440.56
996.91	3423.82
998.53	3463.58
1000.15	3458.35
1001.77	3474.05
1003.39	3463.58
1005.01	3467.77
1006.63	3468.82
1008.25	3480.33
1009.86	3477.19
1011.48	3479.28
1013.10	3479.28
1014.72	3500.21
1016.34	3499.16
1017.96	3521.14
1019.58	3496.02
1021.19	3512.77
1022.81	3510.67
1024.43	3532.65
1026.05	3520.09
1027.66	3538.93
1029.28	3534.74
1030.90	3543.11
1032.52	3526.37
1034.13	3546.25
1035.75	3543.11
1037.37	3539.97
1038.98	3552.53
1040.60	3555.67
1042.22	3549.39
1043.83	3545.20
1045.45	3549.39
1047.07	3560.90
1048.68	3562.99
1050.30	3556.71
1051.92	3558.81
1053.53	3556.71
1055.15	3551.48
1056.76	3559.85
1058.38	3556.71
1059.99	3577.64
1061.61	3547.30
1063.22	3542.06
1064.84	3552.53
1066.46	3561.95
1068.07	3550.44
1069.68	3551.48
1071.30	3559.85
1072.91	3549.39
1074.53	3537.88
1076.14	3556.71
1077.76	3538.93
1079.37	3549.39
1080.98	3519.04
1082.60	3536.83
1084.21	3529.51
1085.83	3536.83
1087.44	3531.60
1089.05	3524.28
1090.67	3507.53
1092.28	3527.42
1093.89	3528.46
1095.50	3521.14
1097.12	3518.00
1098.73	3535.79
1100.34	3502.30
1101.95	3518.00
1103.57	3513.81
1105.18	3513.81
1106.79	3513.81
1108.40	3528.46
1110.01	3524.28
1111.63	3528.46
1113.24	3520.09
1114.85	3520.09
1116.46	3512.77
1118.07	3529.51
1119.68	3508.58
1121.29	3520.09
1122.90	3511.72
1124.51	3527.42
1126.12	3527.42
1127.73	3537.88
1129.34	3534.74
1130.95	3537.88
1132.56	3537.88
1134.17	3522.18
1135.78	3523.23
1137.39	3531.60
1139.00	3516.95
1140.61	3527.42
1142.22	3528.46
1143.83	3534.74
1145.44	3529.51
1147.05	3529.51
1148.65	3534.74
1150.26	3535.79
1151.87	3528.46
1153.48	3539.97
1155.09	3533.69
1156.69	3538.93
1158.30	3522.18
1159.91	3534.74
1161.52	3542.06
1163.12	3546.25
1164.73	3538.93
1166.34	3556.71
1167.94	3530.55
1169.55	3547.30
1171.16	3536.83
1172.76	3551.48
1174.37	3534.74
1175.97	3556.71
1177.58	3531.60
1179.19	3553.58
1180.79	3538.93
1182.40	3547.30
1184.00	3534.74
1185.61	3550.44
1187.21	3547.30
1188.82	3546.25
1190.42	3548.34
1192.02	3548.34
1193.63	3531.60
1195.23	3552.53
1196.84	3545.20
1198.44	3544.16
1200.04	3546.25
1201.65	3547.30
1203.25	3532.65
1204.85	3556.71
1206.46	3525.32
1208.06	3533.69
1209.66	3516.95
1211.26	3531.60
1212.87	3545.20
1214.47	3527.42
1216.07	3527.42
1217.67	3534.74
1219.27	3525.32
1220.87	3531.60
1222.48	3526.37
1224.08	3526.37
1225.68	3508.58
1227.28	3515.90
1228.88	3515.90
1230.48	3528.46
1232.08	3494.98
1233.68	3518.00
1235.28	3523.23
1236.88	3511.72
1238.48	3494.98
1240.08	3520.09
1241.68	3491.84
1243.28	3492.88
1244.87	3476.14
1246.47	3485.56
1248.07	3464.63
1249.67	3474.05
1251.27	3484.51
1252.87	3475.10
1254.46	3454.17
1256.06	3460.45
1257.66	3456.26
1259.26	3455.21
1260.85	3456.26
1262.45	3453.12
1264.05	3449.98
1265.64	3448.94
1267.24	3452.07
1268.83	3460.45
1270.43	3438.47
1272.03	3458.35
1273.62	3426.96
1275.22	3425.91
1276.81	3435.33
1278.41	3436.38
1280.00	3436.38
1281.60	3436.38
1283.19	3419.64
1284.79	3439.52
1286.38	3428.01
1287.97	3439.52
1289.57	3419.64
1291.16	3408.13
1292.75	3403.94
1294.35	3422.78
1295.94	3415.45
1297.53	3421.73
1299.12	3400.80
1300.72	3418.59
1302.31	3390.34
1303.90	3421.73
1305.49	3412.31
1307.08	3395.57
1308.68	3380.92
1310.27	3391.38
1311.86	3383.01
1313.45	3394.52
1315.04	3381.97
1316.63	3383.01
1318.22	3374.64
1319.81	3369.41
1321.40	3368.36
1322.99	3374.64
1324.58	3353.71
1326.17	3357.90
1327.75	3353.71
1329.34	3364.18
1330.93	3347.43
1332.52	3346.39
1334.11	3340.11
1335.70	3336.97
1337.28	3327.55
1338.87	3334.88
1340.46	3333.83
1342.05	3333.83
1343.63	3324.41
1345.22	3328.60
1346.81	3331.74
1348.39	3324.41
1349.98	3316.04
1351.56	3309.76
1353.15	3297.21
1354.73	3290.93
1356.32	3275.23
1357.90	3276.28
1359.49	3273.14
1361.07	3264.77
1362.66	3250.12
1364.24	3257.44
1365.82	3251.17
1367.41	3260.58
1368.99	3231.28
1370.57	3233.38
1372.16	3237.56
1373.74	3237.56
1375.32	3234.42
1376.91	3213.50
1378.49	3175.82
1380.07	3154.90
1381.65	3144.43
1383.23	3126.64
1384.81	3124.55
1386.39	3128.74
1387.97	3125.60
1389.55	3115.13
1391.14	3111.99
1392.72	3094.21
1394.29	3093.16
1395.87	3083.74
1397.45	3075.37
1399.03	3078.51
1400.61	3063.86
1402.19	3059.67
1403.77	3039.79
1405.35	3055.49
1406.92	3050.26
1408.50	3048.16
1410.08	3039.79
1411.66	3037.70
1413.23	3019.91
1414.81	3033.51
1416.39	3013.63
1417.96	3028.28
1419.54	3014.68
1421.12	3024.10
1422.69	3018.86
1424.27	3005.26
1425.84	3024.10
1427.42	3022.00
1428.99	3011.54
1430.57	3017.82
1432.14	3008.40
1433.71	3005.26
1435.29	3015.73
1436.86	3010.49
1438.43	3000.03
1440.01	2997.94
1441.58	2874.46
1443.15	3007.35
1444.72	3003.17
1446.30	2993.75
1447.87	2990.61
1449.44	2987.47
1451.01	2969.68
1452.58	2997.94
1454.15	2991.66
1455.72	2979.10
1457.29	2975.96
1458.86	2992.70
1460.43	2979.10
1462.00	3004.22
1463.57	2990.61
1465.14	2994.80
1466.71	2966.54
1468.28	2979.10
1469.85	2985.38
1471.41	2989.57
1472.98	2975.96
1474.55	2998.98
1476.12	2971.78
1477.68	2974.92
1479.25	2986.43
1480.82	2987.47
1482.38	2984.33
1483.95	2970.73
1485.51	2985.38
1487.08	3001.08
1488.64	2993.75
1490.21	3004.22
1491.77	2983.29
1493.34	3000.03
1494.90	2981.19
1496.46	2981.19
1498.03	2990.61
1499.59	2993.75
1501.15	2991.66
1502.72	2986.43
1504.28	2984.33
1505.84	2986.43
1507.40	2985.38
1508.97	2997.94
1510.53	2989.57
1512.09	3006.31
1513.65	3004.22
1515.21	3008.40
1516.77	2988.52
1518.33	3006.31
1519.89	3001.08
1521.45	2992.70
1523.01	2995.84
1524.57	3004.22
1526.13	2990.61
1527.68	3003.17
1529.24	3008.40
1530.80	2998.98
1532.36	3011.54
1533.92	2998.98
1535.47	2984.33
1537.03	2989.57
1538.59	2998.98
1540.14	2992.70
1541.70	2984.33
1543.25	3003.17
1544.81	2988.52
1546.36	2998.98
1547.92	2993.75
1549.47	2994.80
1551.03	2989.57
1552.58	2985.38
1554.13	2978.06
1555.69	2992.70
1557.24	2973.87
1558.79	2984.33
1560.35	2974.92
1561.90	2979.10
1563.45	2968.64
1565.00	2972.82
1566.55	2971.78
1568.10	2970.73
1569.66	2966.54
1571.21	2972.82
1572.76	2966.54
1574.31	2972.82
1575.86	2963.41
1577.40	2946.66
1578.95	2950.85
1580.50	2959.22
1582.05	2944.57
1583.60	2950.85
1585.15	2945.62
1586.69	2952.94
1588.24	2951.90
1589.79	2949.80
1591.34	2923.64
1592.88	2949.80
1594.43	2926.78
1595.97	2940.38
1597.52	2938.29
1599.06	2942.48
1600.61	2936.20
1602.15	2945.62
1603.70	2932.01
1605.24	2938.29
1606.79	2939.34
1608.33	2926.78
1609.87	2923.64
1611.41	2927.83
1612.96	2932.01
1614.50	2916.32
1616.04	2918.41
1617.58	2924.69
1619.12	2912.13
1620.67	2916.32
1622.21	2882.83
1623.75	2920.50
1625.29	2902.71
1626.83	2889.11
1628.37	2906.90
1629.90	2883.88
1631.44	2877.60
1632.98	2874.46
1634.52	2859.81
1636.06	2859.81
1637.59	2861.90
1639.13	2846.21
1640.67	2828.42
1642.21	2822.14
1643.74	2820.05
1645.28	2797.03
1646.81	2787.61
1648.35	2785.52
1649.88	2752.03
1651.42	2762.50
1652.95	2739.48
1654.49	2761.45
1656.02	2736.34
1657.55	2740.52
1659.09	2719.59
1660.62	2739.48
1662.15	2720.64
1663.68	2720.64
1665.22	2707.04
1666.75	2709.13
1668.28	2697.62
1669.81	2718.55
1671.34	2710.18
1672.87	2701.81
1674.40	2703.90
1675.93	2695.53
1677.46	2685.06
1678.99	2693.43
1680.52	2691.34
1682.04	2692.39
1683.57	2679.83
1685.10	2695.53
1686.63	2682.97
1688.15	2691.34
1689.68	2673.55
1691.21	2676.69
1692.73	2677.74
1694.26	2684.02
1695.78	2676.69
1697.31	2681.92
1698.83	2671.46
1700.36	2684.02
1701.88	2664.13
1703.40	2677.74
1704.93	2665.18
1706.45	2667.27
