896.35	2963.41
897.98	2973.87
899.60	2985.38
901.22	3002.12
902.85	2992.70
904.47	3004.22
906.10	3004.22
907.72	3012.59
909.34	3035.61
910.97	3045.02
912.59	3062.81
914.21	3086.88
915.84	3108.86
917.46	3151.76
919.08	3176.87
920.71	3188.38
922.33	3206.17
923.95	3214.54
925.58	3239.66
927.20	3237.56
928.82	3239.66
930.44	3261.63
932.07	3257.44
933.69	3251.17
935.31	3257.44
936.93	3274.19
938.56	3276.28
940.18	3285.70
941.80	3279.42
943.42	3296.16
945.05	3311.86
946.67	3302.44
948.29	3309.76
949.91	3300.35
951.53	3302.44
953.16	3316.04
954.78	3312.90
956.40	3299.30
958.02	3300.35
959.64	3305.58
961.26	3301.39
962.88	3310.81
964.51	3295.11
966.13	3318.14
967.75	3308.72
969.37	3301.39
970.99	3311.86
972.61	3297.21
974.23	3298.25
975.85	3312.90
977.47	3306.62
979.09	3311.86
980.71	3306.62
982.33	3325.46
983.95	3323.37
985.57	3334.88
987.19	3328.60
988.81	3330.69
990.43	3309.76
992.05	3331.74
993.67	3336.97
995.29	3331.74
996.91	3331.74
998.53	3354.76
1000.15	3358.94
1001.77	3358.94
1003.39	3363.13
1005.01	3362.08
1006.63	3364.18
1008.25	3373.59
1009.86	3386.15
1011.48	3384.06
1013.10	3375.69
1014.72	3395.57
1016.34	3393.48
1017.96	3416.50
1019.58	3397.66
1021.19	3395.57
1022.81	3398.71
1024.43	3413.36
1026.05	3395.57
1027.66	3416.50
1029.28	3424.87
1030.90	3424.87
1032.52	3409.17
1034.13	3419.64
1035.75	3430.10
1037.37	3434.29
1038.98	3442.66
1040.60	3438.47
1042.22	3419.64
1043.83	3429.05
1045.45	3422.78
1047.07	3436.38
1048.68	3442.66
1050.30	3425.91
1051.92	3433.24
1053.53	3440.56
1055.15	3447.89
1056.76	3436.38
1058.38	3434.29
1059.99	3448.94
1061.61	3432.19
1063.22	3429.05
1064.84	3432.19
1066.46	3437.42
1068.07	3437.42
1069.68	3431.15
1071.30	3441.61
1072.91	3434.29
1074.53	3421.73
1076.14	3436.38
1077.76	3424.87
1079.37	3434.29
1080.98	3399.75
1082.60	3421.73
1084.21	3413.36
1085.83	3411.26
1087.44	3424.87
1089.05	3416.50
1090.67	3412.31
1092.28	3409.17
1093.89	3411.26
1095.50	3414.40
1097.12	3402.89
1098.73	3421.73
1100.34	3389.29
1101.95	3408.13
1103.57	3404.99
1105.18	3404.99
1106.79	3398.71
1108.40	3410.22
1110.01	3413.36
1111.63	3410.22
1113.24	3416.50
1114.85	3414.40
1116.46	3400.80
1118.07	3420.68
1119.68	3403.94
1121.29	3411.26
1122.90	3401.85
1124.51	3419.64
1126.12	3416.50
1127.73	3429.05
1129.34	3425.91
1130.95	3432.19
1132.56	3425.91
1134.17	3400.80
1135.78	3412.31
1137.39	3417.54
1139.00	3406.03
1140.61	3404.99
1142.22	3410.22
1143.83	3399.75
1145.44	3408.13
1147.05	3409.17
1148.65	3421.73
1150.26	3416.50
1151.87	3408.13
1153.48	3417.54
1155.09	3419.64
1156.69	3422.78
1158.30	3397.66
1159.91	3403.94
1161.52	3416.50
1163.12	3419.64
1164.73	3417.54
1166.34	3428.01
1167.94	3415.45
1169.55	3426.96
1171.16	3422.78
1172.76	3429.05
1174.37	3417.54
1175.97	3430.10
1177.58	3403.94
1179.19	3424.87
1180.79	3411.26
1182.40	3413.36
1184.00	3410.22
1185.61	3425.91
1187.21	3422.78
1188.82	3420.68
1190.42	3422.78
1192.02	3423.82
1193.63	3409.17
1195.23	3424.87
1196.84	3415.45
1198.44	3426.96
1200.04	3422.78
1201.65	3419.64
1203.25	3413.36
1204.85	3419.64
1206.46	3392.43
1208.06	3410.22
1209.66	3406.03
1211.26	3403.94
1212.87	3422.78
1214.47	3403.94
1216.07	3396.62
1217.67	3407.08
1219.27	3408.13
1220.87	3408.13
1222.48	3402.89
1224.08	3406.03
1225.68	3398.71
1227.28	3400.80
1228.88	3392.43
1230.48	3397.66
1232.08	3373.59
1233.68	3393.48
1235.28	3400.80
1236.88	3391.38
1238.48	3376.73
1240.08	3400.80
1241.68	3362.08
1243.28	3370.46
1244.87	3356.85
1246.47	3356.85
1248.07	3350.57
1249.67	3356.85
1251.27	3371.50
1252.87	3354.76
1254.46	3332.78
1256.06	3336.97
1257.66	3345.34
1259.26	3351.62
1260.85	3342.20
1262.45	3335.92
1264.05	3334.88
1265.64	3339.06
1267.24	3329.65
1268.83	3340.11
1270.43	3332.78
1272.03	3349.53
1273.62	3321.27
1275.22	3307.67
1276.81	3315.00
1278.41	3321.27
1280.00	3325.46
1281.60	3318.14
1283.19	3313.95
1284.79	3321.27
1286.38	3309.76
1287.97	3312.90
1289.57	3302.44
1291.16	3307.67
1292.75	3284.65
1294.35	3303.49
1295.94	3307.67
1297.53	3306.62
1299.12	3278.37
1300.72	3301.39
1302.31	3271.05
1303.90	3299.30
1305.49	3295.11
1307.08	3280.46
1308.68	3282.56
1310.27	3288.84
1311.86	3281.51
1313.45	3279.42
1315.04	3272.09
1316.63	3270.00
1318.22	3267.91
1319.81	3257.44
1321.40	3260.58
1322.99	3272.09
1324.58	3257.44
1326.17	3259.54
1327.75	3242.79
1329.34	3255.35
1330.93	3235.47
1332.52	3240.70
1334.11	3233.38
1335.70	3244.89
1337.28	3227.10
1338.87	3233.38
1340.46	3240.70
1342.05	3230.24
1343.63	3206.17
1345.22	3217.68
1346.81	3227.10
1348.39	3221.87
1349.98	3211.40
1351.56	3200.94
1353.15	3195.71
1354.73	3197.80
1356.32	3181.06
1357.90	3174.78
1359.49	3180.01
1361.07	3165.36
1362.66	3161.18
1364.24	3168.50
1365.82	3163.27
1367.41	3166.41
1368.99	3136.06
1370.57	3138.15
1372.16	3136.06
1373.74	3135.02
1375.32	3130.83
1376.91	3127.69
1378.49	3083.74
1380.07	3063.86
1381.65	3059.67
1383.23	3057.58
1384.81	3047.12
1386.39	3033.51
1387.97	3043.98
1389.55	3035.61
1391.14	3020.96
1392.72	3010.49
1394.29	3008.40
1395.87	2997.94
1397.45	2995.84
1399.03	2994.80
1400.61	2981.19
1402.19	2973.87
1403.77	2951.90
1405.35	2970.73
1406.92	2958.17
1408.50	2961.31
1410.08	2957.13
1411.66	2946.66
1413.23	2944.57
1414.81	2947.71
1416.39	2935.15
1417.96	2944.57
1419.54	2936.20
1421.12	2932.01
1422.69	2937.25
1424.27	2928.87
1425.84	2928.87
1427.42	2928.87
1428.99	2923.64
1430.57	2924.69
1432.14	2918.41
1433.71	2920.50
1435.29	2929.92
1436.86	2923.64
1438.43	2917.36
1440.01	2915.27
1441.58	2800.17
1443.15	2922.60
1444.72	2921.55
1446.30	2920.50
1447.87	2923.64
1449.44	2913.18
1451.01	2895.39
1452.58	2915.27
1454.15	2917.36
1455.72	2903.76
1457.29	2902.71
1458.86	2907.95
1460.43	2895.39
1462.00	2922.60
1463.57	2906.90
1465.14	2906.90
1466.71	2899.58
1468.28	2910.04
1469.85	2911.09
1471.41	2914.22
1472.98	2906.90
1474.55	2917.36
1476.12	2894.34
1477.68	2895.39
1479.25	2901.67
1480.82	2910.04
1482.38	2917.36
1483.95	2911.09
1485.51	2914.22
1487.08	2922.60
1488.64	2916.32
1490.21	2926.78
1491.77	2911.09
1493.34	2926.78
1494.90	2908.99
1496.46	2910.04
1498.03	2922.60
1499.59	2921.55
1501.15	2921.55
1502.72	2923.64
1504.28	2929.92
1505.84	2924.69
1507.40	2922.60
1508.97	2936.20
1510.53	2923.64
1512.09	2939.34
1513.65	2936.20
1515.21	2940.38
1516.77	2926.78
1518.33	2948.76
1519.89	2932.01
1521.45	2930.97
1523.01	2935.15
1524.57	2945.62
1526.13	2933.06
1527.68	2929.92
1529.24	2950.85
1530.80	2938.29
1532.36	2941.43
1533.92	2932.01
1535.47	2918.41
1537.03	2932.01
1538.59	2937.25
1540.14	2926.78
1541.70	2918.41
1543.25	2948.76
1544.81	2940.38
1546.36	2932.01
1547.92	2920.50
1549.47	2934.11
1551.03	2923.64
1552.58	2922.60
1554.13	2922.60
1555.69	2930.97
1557.24	2925.74
1558.79	2922.60
1560.35	2905.85
1561.90	2916.32
1563.45	2908.99
1565.00	2919.46
1566.55	2907.95
1568.10	2911.09
1569.66	2903.76
1571.21	2921.55
1572.76	2916.32
1574.31	2916.32
1575.86	2907.95
1577.40	2898.53
1578.95	2907.95
1580.50	2908.99
1582.05	2897.48
1583.60	2893.30
1585.15	2885.97
1586.69	2894.34
1588.24	2901.67
1589.79	2902.71
1591.34	2883.88
1592.88	2897.48
1594.43	2881.79
1595.97	2894.34
1597.52	2879.69
1599.06	2882.83
1600.61	2878.65
1602.15	2901.67
1603.70	2887.02
1605.24	2893.30
1606.79	2888.06
1608.33	2874.46
1609.87	2874.46
1611.41	2882.83
1612.96	2878.65
1614.50	2862.95
1616.04	2858.77
1617.58	2870.28
1619.12	2864.00
1620.67	2876.55
1622.21	2845.16
1623.75	2864.00
1625.29	2850.39
1626.83	2849.35
1628.37	2860.86
1629.90	2840.98
1631.44	2836.79
1632.98	2830.51
1634.52	2821.10
1636.06	2823.19
1637.59	2823.19
1639.13	2811.68
1640.67	2808.54
1642.21	2795.98
1643.74	2785.52
1645.28	2766.68
1646.81	2752.03
1648.35	2757.26
1649.88	2734.24
1651.42	2742.62
1652.95	2727.97
1654.49	2740.52
1656.02	2725.87
1657.55	2723.78
1659.09	2700.76
1660.62	2715.41
1662.15	2712.27
1663.68	2718.55
1665.22	2708.08
1666.75	2698.67
1668.28	2688.20
1669.81	2707.04
1671.34	2695.53
1672.87	2698.67
1674.40	2699.71
1675.93	2689.25
1677.46	2681.92
1678.99	2679.83
1680.52	2672.51
1682.04	2694.48
1683.57	2682.97
1685.10	2681.92
1686.63	2666.23
1688.15	2678.78
1689.68	2671.46
1691.21	2670.41
1692.73	2673.55
1694.26	2671.46
1695.78	2667.27
1697.31	2666.23
1698.83	2666.23
1700.36	2668.32
1701.88	2663.09
1703.40	2671.46
1704.93	2659.95
1706.45	2661.00
