896.35	2956.08
897.98	2953.99
899.60	2960.62
901.22	2969.68
902.85	2973.87
904.47	2975.96
906.10	2978.06
907.72	2983.64
909.34	2989.22
910.97	2999.33
912.59	3005.96
914.21	3019.91
915.84	3036.30
917.46	3058.98
919.08	3070.84
920.71	3088.28
922.33	3094.55
923.95	3111.30
925.58	3113.04
927.20	3119.67
928.82	3122.81
930.44	3128.04
932.07	3126.64
933.69	3124.20
935.31	3130.48
936.93	3139.55
938.56	3144.43
940.18	3146.18
941.80	3152.46
943.42	3165.71
945.05	3166.76
946.67	3173.73
948.29	3163.97
949.91	3170.94
951.53	3171.29
953.16	3179.31
954.78	3173.38
956.40	3171.64
958.02	3166.41
959.64	3173.73
961.26	3171.29
962.88	3172.69
964.51	3171.99
966.13	3177.57
967.75	3175.13
969.37	3177.22
970.99	3173.03
972.61	3183.15
974.23	3179.66
975.85	3185.24
977.47	3180.36
979.09	3181.75
980.71	3180.71
982.33	3188.73
983.95	3195.01
985.57	3196.75
987.19	3200.94
988.81	3201.98
990.43	3201.64
992.05	3199.19
993.67	3199.54
995.29	3199.89
996.91	3205.47
998.53	3213.50
1000.15	3225.01
1001.77	3227.80
1003.39	3226.05
1005.01	3229.19
1006.63	3230.24
1008.25	3239.31
1009.86	3236.52
1011.48	3237.91
1013.10	3238.61
1014.72	3246.98
1016.34	3255.70
1017.96	3253.61
1019.58	3249.42
1021.19	3247.68
1022.81	3254.30
1024.43	3261.98
1026.05	3264.77
1027.66	3266.51
1029.28	3265.12
1030.90	3267.21
1032.52	3265.12
1034.13	3270.70
1035.75	3268.61
1037.37	3279.77
1038.98	3276.98
1040.60	3279.42
1042.22	3270.70
1043.83	3275.93
1045.45	3277.33
1047.07	3286.74
1048.68	3280.81
1050.30	3283.95
1051.92	3277.67
1053.53	3288.14
1055.15	3286.39
1056.76	3292.67
1058.38	3288.49
1059.99	3290.23
1061.61	3280.12
1063.22	3285.35
1064.84	3282.56
1066.46	3287.09
1068.07	3278.37
1069.68	3282.21
1071.30	3282.21
1072.91	3286.05
1074.53	3284.65
1076.14	3283.60
1077.76	3283.60
1079.37	3274.54
1080.98	3273.84
1082.60	3272.09
1084.21	3276.98
1085.83	3280.46
1087.44	3274.54
1089.05	3273.14
1090.67	3269.30
1092.28	3275.23
1093.89	3277.67
1095.50	3274.88
1097.12	3273.49
1098.73	3269.65
1100.34	3272.79
1101.95	3276.28
1103.57	3276.63
1105.18	3275.58
1106.79	3270.00
1108.40	3272.79
1110.01	3275.93
1111.63	3283.26
1113.24	3283.26
1114.85	3281.51
1116.46	3279.07
1118.07	3279.42
1119.68	3283.26
1121.29	3279.77
1122.90	3277.33
1124.51	3278.72
1126.12	3284.65
1127.73	3294.77
1129.34	3296.51
1130.95	3299.30
1132.56	3287.09
1134.17	3283.26
1135.78	3279.42
1137.39	3288.49
1139.00	3286.74
1140.61	3289.53
1142.22	3288.84
1143.83	3294.42
1145.44	3292.67
1147.05	3297.90
1148.65	3295.11
1150.26	3291.63
1151.87	3286.74
1153.48	3293.72
1155.09	3300.00
1156.69	3301.04
1158.30	3295.81
1159.91	3300.35
1161.52	3304.88
1163.12	3305.23
1164.73	3304.88
1166.34	3303.49
1167.94	3308.72
1169.55	3309.07
1171.16	3312.55
1172.76	3308.72
1174.37	3307.32
1175.97	3300.70
1177.58	3308.37
1179.19	3308.37
1180.79	3315.69
1182.40	3308.72
1184.00	3315.34
1185.61	3320.93
1187.21	3324.06
1188.82	3320.58
1190.42	3316.04
1192.02	3317.09
1193.63	3317.44
1195.23	3320.58
1196.84	3321.62
1198.44	3326.16
1200.04	3325.81
1201.65	3328.25
1203.25	3324.76
1204.85	3319.18
1206.46	3319.18
1208.06	3317.79
1209.66	3322.67
1211.26	3326.86
1212.87	3322.32
1214.47	3324.06
1216.07	3319.88
1217.67	3328.25
1219.27	3326.86
1220.87	3325.81
1222.48	3318.48
1224.08	3321.27
1225.68	3323.72
1227.28	3326.86
1228.88	3327.90
1230.48	3325.11
1232.08	3327.20
1233.68	3327.55
1235.28	3327.20
1236.88	3326.86
1238.48	3330.69
1240.08	3326.86
1241.68	3323.37
1243.28	3312.90
1244.87	3314.65
1246.47	3315.00
1248.07	3313.95
1249.67	3317.09
1251.27	3311.51
1252.87	3310.11
1254.46	3301.74
1256.06	3304.18
1257.66	3299.65
1259.26	3301.39
1260.85	3298.60
1262.45	3301.04
1264.05	3298.95
1265.64	3302.79
1267.24	3301.74
1268.83	3302.44
1270.43	3306.97
1272.03	3308.72
1273.62	3308.02
1275.22	3307.32
1276.81	3305.93
1278.41	3312.90
1280.00	3306.62
1281.60	3304.18
1283.19	3298.95
1284.79	3297.90
1286.38	3303.49
1287.97	3303.14
1289.57	3302.09
1291.16	3296.16
1292.75	3299.65
1294.35	3302.44
1295.94	3305.23
1297.53	3297.56
1299.12	3298.25
1300.72	3293.02
1302.31	3299.65
1303.90	3301.04
1305.49	3305.23
1307.08	3296.51
1308.68	3291.28
1310.27	3289.88
1311.86	3292.67
1313.45	3292.32
1315.04	3293.72
1316.63	3293.37
1318.22	3290.23
1319.81	3288.14
1321.40	3293.02
1322.99	3289.88
1324.58	3284.65
1326.17	3276.98
1327.75	3277.67
1329.34	3279.77
1330.93	3275.23
1332.52	3274.19
1334.11	3270.00
1335.70	3267.56
1337.28	3267.56
1338.87	3268.61
1340.46	3270.70
1342.05	3266.51
1343.63	3262.68
1345.22	3264.77
1346.81	3265.82
1348.39	3265.12
1349.98	3255.70
1351.56	3250.47
1353.15	3247.33
1354.73	3241.05
1356.32	3233.73
1357.90	3229.54
1359.49	3228.49
1361.07	3227.10
1362.66	3223.61
1364.24	3223.61
1365.82	3226.75
1367.41	3220.82
1368.99	3214.89
1370.57	3210.01
1372.16	3211.05
1373.74	3213.84
1375.32	3212.45
1376.91	3205.12
1378.49	3191.17
1380.07	3176.17
1381.65	3163.62
1383.23	3158.73
1384.81	3156.29
1386.39	3161.52
1387.97	3161.87
1389.55	3161.52
1391.14	3152.11
1392.72	3146.87
1394.29	3139.55
1395.87	3133.27
1397.45	3129.09
1399.03	3123.50
1400.61	3122.46
1402.19	3115.48
1403.77	3117.92
1405.35	3115.83
1406.92	3114.44
1408.50	3108.51
1410.08	3106.41
1411.66	3105.37
1413.23	3106.41
1414.81	3101.88
1416.39	3105.37
1417.96	3098.74
1419.54	3101.18
1421.12	3098.04
1422.69	3100.83
1424.27	3106.41
1425.84	3104.67
1427.42	3104.32
1428.99	3101.53
1430.57	3101.88
1432.14	3104.67
1433.71	3107.46
1435.29	3109.90
1436.86	3108.16
1438.43	3102.58
1440.01	3039.10
1441.58	3041.19
1443.15	3044.33
1444.72	3105.02
1446.30	3108.51
1447.87	3105.72
1449.44	3100.48
1451.01	3095.95
1452.58	3097.00
1454.15	3099.79
1455.72	3095.60
1457.29	3097.00
1458.86	3098.04
1460.43	3108.51
1462.00	3110.95
1463.57	3113.74
1465.14	3106.06
1466.71	3103.27
1468.28	3105.02
1469.85	3106.76
1471.41	3106.41
1472.98	3109.55
1474.55	3106.41
1476.12	3107.81
1477.68	3107.46
1479.25	3109.55
1480.82	3112.34
1482.38	3107.46
1483.95	3108.86
1485.51	3113.04
1487.08	3119.32
1488.64	3124.55
1490.21	3117.58
1491.77	3122.11
1493.34	3116.18
1494.90	3117.92
1496.46	3115.83
1498.03	3119.32
1499.59	3122.81
1501.15	3118.97
1502.72	3118.97
1504.28	3118.27
1505.84	3118.27
1507.40	3122.81
1508.97	3122.46
1510.53	3129.09
1512.09	3129.09
1513.65	3132.22
1515.21	3126.30
1516.77	3126.30
1518.33	3124.55
1519.89	3127.34
1521.45	3129.43
1523.01	3133.62
1524.57	3135.71
1526.13	3135.36
1527.68	3138.15
1529.24	3138.15
1530.80	3139.90
1532.36	3134.32
1533.92	3129.78
1535.47	3126.64
1537.03	3129.09
1538.59	3133.62
1540.14	3133.27
1541.70	3135.36
1543.25	3135.71
1544.81	3140.25
1546.36	3136.41
1547.92	3137.11
1549.47	3131.88
1551.03	3127.69
1552.58	3123.85
1554.13	3126.64
1555.69	3130.48
1557.24	3131.53
1558.79	3130.13
1560.35	3131.53
1561.90	3131.88
1563.45	3131.53
1565.00	3128.39
1566.55	3130.13
1568.10	3128.04
1569.66	3131.88
1571.21	3131.88
1572.76	3132.92
1574.31	3130.83
1575.86	3125.25
1577.40	3121.06
1578.95	3117.23
1580.50	3112.34
1582.05	3110.60
1583.60	3106.06
1585.15	3108.51
1586.69	3111.99
1588.24	3121.06
1589.79	3121.76
1591.34	3122.81
1592.88	3114.44
1594.43	3116.88
1595.97	3113.39
1597.52	3112.69
1599.06	3108.51
1600.61	3114.09
1602.15	3115.83
1603.70	3117.92
1605.24	3107.11
1606.79	3103.62
1608.33	3096.30
1609.87	3098.74
1611.41	3102.23
1612.96	3103.62
1614.50	3098.74
1616.04	3095.60
1617.58	3095.25
1619.12	3095.60
1620.67	3081.30
1622.21	3079.90
1623.75	3072.93
1625.29	3079.21
1626.83	3079.90
1628.37	3082.35
1629.90	3078.51
1631.44	3070.14
1632.98	3059.67
1634.52	3051.65
1636.06	3048.86
1637.59	3044.68
1639.13	3038.40
1640.67	3021.31
1642.21	3008.75
1643.74	2988.87
1645.28	2966.20
1646.81	2953.99
1648.35	2933.06
1649.88	2923.99
1651.42	2900.27
1652.95	2902.37
1654.49	2890.16
1656.02	2883.88
1657.55	2864.70
1659.09	2861.21
1660.62	2853.88
1662.15	2855.63
1663.68	2846.21
1665.22	2840.28
1666.75	2832.61
1668.28	2836.09
1669.81	2833.30
1671.34	2828.42
1672.87	2821.79
1674.40	2818.65
1675.93	2812.38
1677.46	2801.56
1678.99	2792.84
1680.52	2794.59
1682.04	2795.63
1683.57	2800.52
1685.10	2794.59
1686.63	2794.59
1688.15	2785.17
1689.68	2780.63
1691.21	2772.26
1692.73	2777.50
1694.26	2778.89
1695.78	2778.54
1697.31	2768.78
1698.83	2767.03
1700.36	2761.80
1701.88	2770.52
1703.40	2768.78
1704.93	2770.52
1706.45	2760.40
