896.35	2980.15
897.98	2975.96
899.60	2984.33
901.22	2991.66
902.85	2996.19
904.47	3000.03
906.10	3007.01
907.72	3019.21
909.34	3023.75
910.97	3036.30
912.59	3043.63
914.21	3060.72
915.84	3079.21
917.46	3102.23
919.08	3115.13
920.71	3132.22
922.33	3141.99
923.95	3162.92
925.58	3167.10
927.20	3174.43
928.82	3177.22
930.44	3185.24
932.07	3186.99
933.69	3186.64
935.31	3191.52
936.93	3200.94
938.56	3209.31
940.18	3211.75
941.80	3216.63
943.42	3223.96
945.05	3223.96
946.67	3228.14
948.29	3220.12
949.91	3230.94
951.53	3232.68
953.16	3239.66
954.78	3233.38
956.40	3233.03
958.02	3230.24
959.64	3236.52
961.26	3234.77
962.88	3235.82
964.51	3233.03
966.13	3238.61
967.75	3238.26
969.37	3241.05
970.99	3234.42
972.61	3240.35
974.23	3236.52
975.85	3242.79
977.47	3239.31
979.09	3240.70
980.71	3238.26
982.33	3244.89
983.95	3249.42
985.57	3251.51
987.19	3255.00
988.81	3257.44
990.43	3259.19
992.05	3260.93
993.67	3264.42
995.29	3263.72
996.91	3268.26
998.53	3272.09
1000.15	3283.95
1001.77	3285.70
1003.39	3287.09
1005.01	3294.42
1006.63	3297.90
1008.25	3307.67
1009.86	3304.18
1011.48	3303.49
1013.10	3305.93
1014.72	3308.72
1016.34	3320.58
1017.96	3319.18
1019.58	3320.58
1021.19	3315.00
1022.81	3317.79
1024.43	3325.81
1026.05	3330.34
1027.66	3334.18
1029.28	3332.78
1030.90	3332.78
1032.52	3333.13
1034.13	3339.76
1035.75	3343.60
1037.37	3354.76
1038.98	3353.71
1040.60	3354.06
1042.22	3344.30
1043.83	3347.43
1045.45	3347.09
1047.07	3356.15
1048.68	3349.53
1050.30	3353.71
1051.92	3346.39
1053.53	3353.36
1055.15	3348.13
1056.76	3352.67
1058.38	3353.71
1059.99	3358.94
1061.61	3352.32
1063.22	3353.36
1064.84	3349.53
1066.46	3352.67
1068.07	3347.09
1069.68	3354.41
1071.30	3355.11
1072.91	3354.06
1074.53	3348.48
1076.14	3346.39
1077.76	3351.27
1079.37	3341.50
1080.98	3341.50
1082.60	3338.02
1084.21	3347.09
1085.83	3349.18
1087.44	3343.60
1089.05	3340.81
1090.67	3333.83
1092.28	3341.16
1093.89	3345.69
1095.50	3348.13
1097.12	3347.09
1098.73	3338.02
1100.34	3341.85
1101.95	3341.85
1103.57	3346.04
1105.18	3341.50
1106.79	3336.97
1108.40	3340.81
1110.01	3344.99
1111.63	3351.62
1113.24	3352.67
1114.85	3349.18
1116.46	3348.48
1118.07	3344.99
1119.68	3350.22
1121.29	3347.09
1122.90	3349.88
1124.51	3351.62
1126.12	3357.55
1127.73	3361.74
1129.34	3364.53
1130.95	3364.53
1132.56	3354.06
1134.17	3349.88
1135.78	3347.09
1137.39	3354.76
1139.00	3354.76
1140.61	3356.85
1142.22	3357.20
1143.83	3358.94
1145.44	3357.20
1147.05	3362.08
1148.65	3360.69
1150.26	3360.34
1151.87	3356.50
1153.48	3362.08
1155.09	3366.62
1156.69	3364.53
1158.30	3357.90
1159.91	3360.69
1161.52	3364.53
1163.12	3364.87
1164.73	3367.32
1166.34	3368.36
1167.94	3377.43
1169.55	3377.78
1171.16	3383.71
1172.76	3383.01
1174.37	3381.97
1175.97	3374.64
1177.58	3379.87
1179.19	3376.73
1180.79	3378.83
1182.40	3372.90
1184.00	3379.18
1185.61	3387.20
1187.21	3389.29
1188.82	3390.34
1190.42	3387.90
1192.02	3383.71
1193.63	3379.87
1195.23	3383.71
1196.84	3392.43
1198.44	3400.80
1200.04	3400.45
1201.65	3399.41
1203.25	3394.87
1204.85	3390.34
1206.46	3388.59
1208.06	3384.06
1209.66	3385.80
1211.26	3392.43
1212.87	3395.57
1214.47	3400.10
1216.07	3397.66
1217.67	3399.06
1219.27	3394.17
1220.87	3392.08
1222.48	3388.59
1224.08	3393.13
1225.68	3391.03
1227.28	3390.69
1228.88	3388.59
1230.48	3386.50
1232.08	3390.69
1233.68	3395.92
1235.28	3396.62
1236.88	3393.13
1238.48	3394.17
1240.08	3391.03
1241.68	3389.99
1243.28	3379.87
1244.87	3380.57
1246.47	3377.43
1248.07	3376.38
1249.67	3381.97
1251.27	3379.52
1252.87	3376.73
1254.46	3368.71
1256.06	3373.25
1257.66	3371.85
1259.26	3372.20
1260.85	3368.36
1262.45	3369.76
1264.05	3370.46
1265.64	3372.20
1267.24	3372.20
1268.83	3374.64
1270.43	3379.87
1272.03	3380.57
1273.62	3375.34
1275.22	3372.20
1276.81	3368.71
1278.41	3372.20
1280.00	3366.97
1281.60	3365.57
1283.19	3365.57
1284.79	3365.57
1286.38	3371.15
1287.97	3367.66
1289.57	3368.01
1291.16	3361.74
1292.75	3361.74
1294.35	3361.04
1295.94	3361.74
1297.53	3358.25
1299.12	3363.13
1300.72	3359.29
1302.31	3367.32
1303.90	3366.97
1305.49	3371.50
1307.08	3363.48
1308.68	3356.15
1310.27	3356.15
1311.86	3353.36
1313.45	3352.32
1315.04	3350.92
1316.63	3354.06
1318.22	3351.97
1319.81	3352.32
1321.40	3352.67
1322.99	3348.48
1324.58	3342.20
1326.17	3335.58
1327.75	3338.37
1329.34	3339.06
1330.93	3334.88
1332.52	3330.69
1334.11	3327.55
1335.70	3325.46
1337.28	3325.81
1338.87	3325.46
1340.46	3328.95
1342.05	3326.16
1343.63	3322.67
1345.22	3320.58
1346.81	3319.53
1348.39	3318.83
1349.98	3314.65
1351.56	3306.97
1353.15	3301.04
1354.73	3289.53
1356.32	3284.65
1357.90	3278.37
1359.49	3274.19
1361.07	3265.47
1362.66	3258.14
1364.24	3260.58
1365.82	3268.26
1367.41	3265.82
1368.99	3258.84
1370.57	3254.65
1372.16	3259.89
1373.74	3263.72
1375.32	3259.19
1376.91	3245.24
1378.49	3224.31
1380.07	3202.68
1381.65	3186.64
1383.23	3182.45
1384.81	3180.01
1386.39	3178.27
1387.97	3173.73
1389.55	3170.94
1391.14	3163.97
1392.72	3158.73
1394.29	3147.57
1395.87	3139.90
1397.45	3133.97
1399.03	3131.53
1400.61	3130.13
1402.19	3118.62
1403.77	3117.58
1405.35	3109.90
1406.92	3109.90
1408.50	3098.39
1410.08	3096.30
1411.66	3093.51
1413.23	3096.65
1414.81	3089.32
1416.39	3089.32
1417.96	3082.00
1419.54	3085.83
1421.12	3084.09
1422.69	3079.56
1424.27	3077.81
1425.84	3075.02
1427.42	3080.60
1428.99	3083.04
1430.57	3080.95
1432.14	3076.42
1433.71	3077.81
1435.29	3082.00
1436.86	3086.18
1438.43	3078.86
1440.01	3012.59
1441.58	3010.14
1443.15	3013.98
1444.72	3074.32
1446.30	3080.60
1447.87	3079.56
1449.44	3077.46
1451.01	3073.63
1452.58	3075.02
1454.15	3075.02
1455.72	3071.53
1457.29	3076.07
1458.86	3078.51
1460.43	3088.97
1462.00	3085.14
1463.57	3089.67
1465.14	3081.65
1466.71	3082.00
1468.28	3081.65
1469.85	3086.53
1471.41	3086.88
1472.98	3092.11
1474.55	3089.32
1476.12	3088.62
1477.68	3088.62
1479.25	3090.72
1480.82	3097.69
1482.38	3094.21
1483.95	3097.00
1485.51	3102.58
1487.08	3109.90
1488.64	3115.48
1490.21	3107.81
1491.77	3110.95
1493.34	3103.27
1494.90	3106.41
1496.46	3107.46
1498.03	3113.39
1499.59	3116.88
1501.15	3115.48
1502.72	3117.92
1504.28	3118.97
1505.84	3116.18
1507.40	3119.32
1508.97	3120.37
1510.53	3128.74
1512.09	3129.78
1513.65	3131.53
1515.21	3124.55
1516.77	3127.69
1518.33	3126.99
1519.89	3133.97
1521.45	3129.78
1523.01	3134.32
1524.57	3131.18
1526.13	3132.57
1527.68	3136.41
1529.24	3140.60
1530.80	3146.53
1532.36	3140.60
1533.92	3137.11
1535.47	3133.27
1537.03	3135.36
1538.59	3139.90
1540.14	3139.20
1541.70	3146.53
1543.25	3148.27
1544.81	3153.15
1546.36	3145.13
1547.92	3144.78
1549.47	3143.04
1551.03	3143.04
1552.58	3140.25
1554.13	3141.29
1555.69	3143.39
1557.24	3144.43
1558.79	3141.64
1560.35	3144.08
1561.90	3143.39
1563.45	3145.48
1565.00	3142.34
1566.55	3144.78
1568.10	3141.29
1569.66	3142.69
1571.21	3145.48
1572.76	3151.76
1574.31	3153.50
1575.86	3146.87
1577.40	3140.25
1578.95	3138.50
1580.50	3136.76
1582.05	3140.60
1583.60	3133.97
1585.15	3135.02
1586.69	3135.36
1588.24	3141.64
1589.79	3137.46
1591.34	3136.76
1592.88	3128.04
1594.43	3133.62
1595.97	3127.69
1597.52	3133.97
1599.06	3131.53
1600.61	3137.81
1602.15	3135.02
1603.70	3133.62
1605.24	3128.74
1606.79	3126.30
1608.33	3122.81
1609.87	3123.50
1611.41	3129.78
1612.96	3130.83
1614.50	3123.50
1616.04	3117.58
1617.58	3114.09
1619.12	3118.97
1620.67	3107.81
1622.21	3108.86
1623.75	3098.39
1625.29	3097.69
1626.83	3095.95
1628.37	3093.86
1629.90	3091.42
1631.44	3084.79
1632.98	3078.86
1634.52	3075.02
1636.06	3070.49
1637.59	3063.51
1639.13	3052.00
1640.67	3031.42
1642.21	3017.12
1643.74	2997.59
1645.28	2979.80
1646.81	2965.50
1648.35	2946.66
1649.88	2937.59
1651.42	2919.11
1652.95	2916.32
1654.49	2902.37
1656.02	2895.74
1657.55	2877.60
1659.09	2870.97
1660.62	2858.77
1662.15	2859.46
1663.68	2849.35
1665.22	2845.51
1666.75	2837.49
1668.28	2840.98
1669.81	2836.09
1671.34	2833.30
1672.87	2830.16
1674.40	2825.63
1675.93	2816.21
1677.46	2802.61
1678.99	2797.03
1680.52	2797.73
1682.04	2795.28
1683.57	2794.94
1685.10	2789.70
1686.63	2791.45
1688.15	2784.47
1689.68	2782.03
1691.21	2777.84
1692.73	2783.42
1694.26	2784.47
1695.78	2784.82
1697.31	2777.15
1698.83	2775.05
1700.36	2767.38
1701.88	2771.91
1703.40	2768.43
1704.93	2770.87
1706.45	2767.73
