896.35	2986.43
897.98	2986.08
899.60	2995.50
901.22	3003.17
902.85	3010.14
904.47	3015.38
906.10	3017.82
907.72	3024.79
909.34	3028.63
910.97	3042.58
912.59	3054.09
914.21	3067.35
915.84	3087.23
917.46	3112.69
919.08	3132.92
920.71	3152.11
922.33	3159.43
923.95	3175.82
925.58	3178.62
927.20	3187.34
928.82	3193.96
930.44	3201.98
932.07	3200.24
933.69	3196.75
935.31	3200.24
936.93	3211.75
938.56	3220.82
940.18	3226.40
941.80	3231.98
943.42	3242.79
945.05	3240.00
946.67	3242.79
948.29	3230.59
949.91	3239.66
951.53	3242.10
953.16	3251.17
954.78	3245.58
956.40	3241.05
958.02	3236.17
959.64	3243.49
961.26	3244.54
962.88	3243.84
964.51	3242.45
966.13	3246.63
967.75	3246.28
969.37	3246.63
970.99	3239.31
972.61	3244.54
974.23	3242.45
975.85	3252.56
977.47	3253.61
979.09	3256.05
980.71	3251.51
982.33	3255.35
983.95	3261.63
985.57	3264.77
987.19	3266.86
988.81	3264.77
990.43	3263.72
992.05	3267.56
993.67	3269.65
995.29	3272.09
996.91	3276.28
998.53	3287.09
1000.15	3300.00
1001.77	3301.39
1003.39	3298.60
1005.01	3298.60
1006.63	3301.39
1008.25	3311.51
1009.86	3314.65
1011.48	3316.74
1013.10	3316.04
1014.72	3320.23
1016.34	3330.69
1017.96	3333.48
1019.58	3336.97
1021.19	3333.13
1022.81	3335.58
1024.43	3340.11
1026.05	3345.34
1027.66	3348.48
1029.28	3347.43
1030.90	3345.69
1032.52	3346.74
1034.13	3354.76
1035.75	3356.85
1037.37	3365.57
1038.98	3359.99
1040.60	3358.94
1042.22	3349.88
1043.83	3354.06
1045.45	3357.55
1047.07	3365.22
1048.68	3360.34
1050.30	3365.92
1051.92	3358.94
1053.53	3366.62
1055.15	3363.83
1056.76	3373.25
1058.38	3373.59
1059.99	3373.25
1061.61	3364.18
1063.22	3363.83
1064.84	3363.13
1066.46	3367.32
1068.07	3361.04
1069.68	3366.97
1071.30	3367.32
1072.91	3370.46
1074.53	3368.36
1076.14	3366.97
1077.76	3370.11
1079.37	3356.85
1080.98	3355.11
1082.60	3349.88
1084.21	3356.50
1085.83	3363.48
1087.44	3359.29
1089.05	3355.81
1090.67	3346.04
1092.28	3350.22
1093.89	3354.41
1095.50	3353.02
1097.12	3353.02
1098.73	3348.83
1100.34	3355.81
1101.95	3356.85
1103.57	3355.81
1105.18	3348.48
1106.79	3342.55
1108.40	3348.83
1110.01	3356.15
1111.63	3363.13
1113.24	3364.18
1114.85	3360.69
1116.46	3362.43
1118.07	3362.43
1119.68	3367.66
1121.29	3362.78
1122.90	3359.29
1124.51	3358.25
1126.12	3362.78
1127.73	3368.71
1129.34	3371.50
1130.95	3373.59
1132.56	3364.87
1134.17	3359.64
1135.78	3356.50
1137.39	3361.39
1139.00	3359.99
1140.61	3364.53
1142.22	3367.32
1143.83	3373.59
1145.44	3364.53
1147.05	3365.57
1148.65	3359.64
1150.26	3361.04
1151.87	3354.76
1153.48	3362.08
1155.09	3366.97
1156.69	3372.55
1158.30	3367.66
1159.91	3370.80
1161.52	3372.55
1163.12	3374.99
1164.73	3377.43
1166.34	3378.13
1167.94	3380.22
1169.55	3377.43
1171.16	3380.57
1172.76	3382.31
1174.37	3384.41
1175.97	3379.52
1177.58	3384.06
1179.19	3381.27
1180.79	3384.41
1182.40	3381.62
1184.00	3389.99
1185.61	3395.92
1187.21	3395.22
1188.82	3395.22
1190.42	3393.48
1192.02	3390.34
1193.63	3385.45
1195.23	3388.94
1196.84	3395.57
1198.44	3401.15
1200.04	3401.50
1201.65	3402.20
1203.25	3402.89
1204.85	3395.22
1206.46	3392.43
1208.06	3387.90
1209.66	3392.43
1211.26	3400.10
1212.87	3398.01
1214.47	3399.41
1216.07	3393.82
1217.67	3397.31
1219.27	3395.22
1220.87	3393.82
1222.48	3388.94
1224.08	3391.03
1225.68	3393.48
1227.28	3396.62
1228.88	3399.75
1230.48	3395.57
1232.08	3395.57
1233.68	3395.22
1235.28	3395.92
1236.88	3395.22
1238.48	3397.31
1240.08	3394.17
1241.68	3391.03
1243.28	3382.31
1244.87	3383.01
1246.47	3382.66
1248.07	3384.41
1249.67	3391.38
1251.27	3390.69
1252.87	3384.41
1254.46	3374.99
1256.06	3376.38
1257.66	3373.59
1259.26	3370.46
1260.85	3367.66
1262.45	3373.59
1264.05	3373.25
1265.64	3373.94
1267.24	3371.85
1268.83	3374.64
1270.43	3379.18
1272.03	3377.08
1273.62	3370.46
1275.22	3366.62
1276.81	3365.57
1278.41	3374.29
1280.00	3369.06
1281.60	3369.06
1283.19	3369.06
1284.79	3372.55
1286.38	3374.29
1287.97	3368.36
1289.57	3363.48
1291.16	3357.90
1292.75	3362.78
1294.35	3365.22
1295.94	3368.36
1297.53	3362.08
1299.12	3366.97
1300.72	3361.74
1302.31	3366.97
1303.90	3364.53
1305.49	3368.01
1307.08	3359.99
1308.68	3353.02
1310.27	3350.22
1311.86	3350.92
1313.45	3347.43
1315.04	3348.13
1316.63	3347.78
1318.22	3348.48
1319.81	3347.78
1321.40	3349.53
1322.99	3345.69
1324.58	3340.81
1326.17	3333.83
1327.75	3335.92
1329.34	3335.23
1330.93	3331.74
1332.52	3329.65
1334.11	3329.99
1335.70	3327.20
1337.28	3326.86
1338.87	3323.72
1340.46	3322.32
1342.05	3313.25
1343.63	3303.49
1345.22	3305.93
1346.81	3308.02
1348.39	3311.51
1349.98	3303.14
1351.56	3295.81
1353.15	3286.74
1354.73	3275.58
1356.32	3267.56
1357.90	3265.12
1359.49	3262.68
1361.07	3259.54
1362.66	3253.61
1364.24	3253.26
1365.82	3254.65
1367.41	3249.42
1368.99	3242.10
1370.57	3239.66
1372.16	3244.54
1373.74	3252.56
1375.32	3252.56
1376.91	3243.84
1378.49	3222.22
1380.07	3199.19
1381.65	3175.13
1383.23	3168.50
1384.81	3165.01
1386.39	3171.29
1387.97	3168.15
1389.55	3158.73
1391.14	3143.74
1392.72	3136.06
1394.29	3130.13
1395.87	3121.41
1397.45	3111.99
1399.03	3102.58
1400.61	3097.69
1402.19	3088.62
1403.77	3086.53
1405.35	3080.60
1406.92	3078.16
1408.50	3071.18
1410.08	3067.35
1411.66	3063.16
1413.23	3064.56
1414.81	3057.93
1416.39	3058.28
1417.96	3049.56
1419.54	3052.00
1421.12	3050.26
1422.69	3045.72
1424.27	3045.02
1425.84	3039.79
1427.42	3041.89
1428.99	3041.89
1430.57	3038.75
1432.14	3038.75
1433.71	3041.19
1435.29	3044.33
1436.86	3042.58
1438.43	3036.30
1440.01	2975.61
1441.58	2975.96
1443.15	2980.15
1444.72	3040.49
1446.30	3045.02
1447.87	3042.23
1449.44	3036.30
1451.01	3033.51
1452.58	3035.96
1454.15	3038.75
1455.72	3035.96
1457.29	3038.40
1458.86	3038.40
1460.43	3045.37
1462.00	3042.58
1463.57	3043.98
1465.14	3034.91
1466.71	3031.42
1468.28	3034.21
1469.85	3041.54
1471.41	3047.47
1472.98	3053.40
1474.55	3050.26
1476.12	3047.82
1477.68	3047.12
1479.25	3053.05
1480.82	3059.33
1482.38	3055.49
1483.95	3058.28
1485.51	3065.95
1487.08	3074.67
1488.64	3079.90
1490.21	3072.58
1491.77	3076.42
1493.34	3073.63
1494.90	3076.07
1496.46	3075.72
1498.03	3075.72
1499.59	3078.86
1501.15	3079.56
1502.72	3082.70
1504.28	3083.74
1505.84	3080.60
1507.40	3087.58
1508.97	3093.51
1510.53	3105.02
1512.09	3107.46
1513.65	3110.25
1515.21	3106.76
1516.77	3106.41
1518.33	3105.02
1519.89	3107.11
1521.45	3108.51
1523.01	3115.13
1524.57	3118.62
1526.13	3121.41
1527.68	3122.81
1529.24	3119.32
1530.80	3120.02
1532.36	3114.78
1533.92	3115.48
1535.47	3114.44
1537.03	3119.67
1538.59	3123.16
1540.14	3120.71
1541.70	3122.81
1543.25	3125.25
1544.81	3133.97
1546.36	3130.83
1547.92	3133.27
1549.47	3129.43
1551.03	3129.78
1552.58	3125.25
1554.13	3126.30
1555.69	3127.34
1557.24	3130.13
1558.79	3124.90
1560.35	3125.95
1561.90	3125.25
1563.45	3132.57
1565.00	3128.04
1566.55	3125.95
1568.10	3120.71
1569.66	3125.95
1571.21	3130.48
1572.76	3131.53
1574.31	3127.69
1575.86	3122.81
1577.40	3122.11
1578.95	3122.46
1580.50	3119.32
1582.05	3121.06
1583.60	3118.27
1585.15	3122.46
1586.69	3121.41
1588.24	3127.34
1589.79	3120.02
1591.34	3120.02
1592.88	3110.25
1594.43	3118.97
1595.97	3116.88
1597.52	3122.46
1599.06	3116.88
1600.61	3121.76
1602.15	3120.71
1603.70	3120.02
1605.24	3112.34
1606.79	3106.76
1608.33	3103.27
1609.87	3107.11
1611.41	3111.99
1612.96	3114.09
1614.50	3106.41
1616.04	3106.41
1617.58	3107.81
1619.12	3110.95
1620.67	3100.14
1622.21	3100.83
1623.75	3094.55
1625.29	3094.55
1626.83	3091.07
1628.37	3087.58
1629.90	3084.79
1631.44	3078.16
1632.98	3073.28
1634.52	3066.30
1636.06	3057.93
1637.59	3048.51
1639.13	3042.23
1640.67	3026.19
1642.21	3015.38
1643.74	2993.40
1645.28	2975.26
1646.81	2959.22
1648.35	2939.69
1649.88	2931.32
1651.42	2911.78
1652.95	2911.09
1654.49	2892.25
1656.02	2885.62
1657.55	2866.79
1659.09	2866.79
1660.62	2856.67
1662.15	2859.11
1663.68	2847.95
1665.22	2845.86
1666.75	2837.14
1668.28	2839.58
1669.81	2834.35
1671.34	2833.30
1672.87	2831.21
1674.40	2828.42
1675.93	2819.00
1677.46	2808.19
1678.99	2802.26
1680.52	2806.45
1682.04	2803.31
1683.57	2803.66
1685.10	2793.89
1686.63	2793.54
1688.15	2785.52
1689.68	2783.42
1691.21	2778.89
1692.73	2780.98
1694.26	2779.24
1695.78	2779.24
1697.31	2772.61
1698.83	2770.87
1700.36	2763.19
1701.88	2771.22
1703.40	2769.47
1704.93	2772.61
1706.45	2767.73
