896.35	2880.74
897.98	2882.14
899.60	2888.06
901.22	2891.55
902.85	2890.16
904.47	2892.60
906.10	2893.99
907.72	2901.32
909.34	2904.81
910.97	2914.57
912.59	2919.81
914.21	2926.78
915.84	2933.06
917.46	2947.36
919.08	2954.34
920.71	2968.29
922.33	2971.08
923.95	2985.38
925.58	2983.98
927.20	2990.61
928.82	2996.19
930.44	3004.22
932.07	3002.47
933.69	2997.24
935.31	2999.33
936.93	3008.05
938.56	3011.89
940.18	3015.03
941.80	3017.12
943.42	3025.84
945.05	3023.40
946.67	3028.98
948.29	3022.00
949.91	3033.17
951.53	3034.56
953.16	3042.93
954.78	3035.96
956.40	3034.21
958.02	3029.33
959.64	3035.96
961.26	3034.91
962.88	3036.65
964.51	3038.75
966.13	3045.72
967.75	3041.89
969.37	3041.89
970.99	3033.86
972.61	3041.19
974.23	3038.05
975.85	3049.21
977.47	3045.37
979.09	3046.77
980.71	3037.70
982.33	3044.33
983.95	3047.82
985.57	3051.65
987.19	3053.74
988.81	3054.09
990.43	3053.74
992.05	3054.79
993.67	3053.40
995.29	3053.05
996.91	3055.14
998.53	3062.46
1000.15	3070.49
1001.77	3070.84
1003.39	3067.35
1005.01	3072.93
1006.63	3076.42
1008.25	3087.58
1009.86	3084.44
1011.48	3084.09
1013.10	3082.00
1014.72	3085.14
1016.34	3093.86
1017.96	3091.42
1019.58	3087.23
1021.19	3082.35
1022.81	3087.93
1024.43	3095.95
1026.05	3095.95
1027.66	3098.74
1029.28	3097.69
1030.90	3098.74
1032.52	3091.42
1034.13	3098.04
1035.75	3098.39
1037.37	3111.65
1038.98	3103.27
1040.60	3103.62
1042.22	3090.72
1043.83	3099.09
1045.45	3100.48
1047.07	3111.65
1048.68	3105.72
1050.30	3109.20
1051.92	3103.27
1053.53	3110.25
1055.15	3103.97
1056.76	3107.11
1058.38	3103.27
1059.99	3108.16
1061.61	3100.14
1063.22	3103.97
1064.84	3102.58
1066.46	3106.41
1068.07	3100.48
1069.68	3107.11
1071.30	3108.51
1072.91	3113.39
1074.53	3111.30
1076.14	3114.44
1077.76	3114.78
1079.37	3106.76
1080.98	3102.58
1082.60	3101.18
1084.21	3103.27
1085.83	3110.60
1087.44	3106.41
1089.05	3105.72
1090.67	3096.65
1092.28	3102.23
1093.89	3107.81
1095.50	3110.25
1097.12	3109.90
1098.73	3102.58
1100.34	3103.97
1101.95	3105.02
1103.57	3106.06
1105.18	3105.72
1106.79	3099.44
1108.40	3105.72
1110.01	3107.46
1111.63	3113.74
1113.24	3111.99
1114.85	3111.99
1116.46	3113.04
1118.07	3114.44
1119.68	3117.58
1121.29	3112.69
1122.90	3107.81
1124.51	3107.46
1126.12	3108.86
1127.73	3116.88
1129.34	3118.62
1130.95	3121.76
1132.56	3110.95
1134.17	3103.62
1135.78	3100.14
1137.39	3105.37
1139.00	3103.62
1140.61	3108.16
1142.22	3108.86
1143.83	3116.18
1145.44	3114.09
1147.05	3119.32
1148.65	3114.44
1150.26	3111.30
1151.87	3105.72
1153.48	3111.30
1155.09	3113.39
1156.69	3115.48
1158.30	3110.60
1159.91	3115.83
1161.52	3117.23
1163.12	3118.27
1164.73	3117.58
1166.34	3116.88
1167.94	3119.32
1169.55	3118.62
1171.16	3122.11
1172.76	3122.46
1174.37	3123.50
1175.97	3117.58
1177.58	3119.67
1179.19	3113.74
1180.79	3114.78
1182.40	3112.69
1184.00	3120.02
1185.61	3127.69
1187.21	3129.43
1188.82	3131.88
1190.42	3131.18
1192.02	3130.48
1193.63	3124.90
1195.23	3126.99
1196.84	3129.09
1198.44	3134.32
1200.04	3130.13
1201.65	3130.48
1203.25	3130.83
1204.85	3129.09
1206.46	3126.30
1208.06	3123.16
1209.66	3128.04
1211.26	3135.02
1212.87	3132.92
1214.47	3133.62
1216.07	3129.09
1217.67	3134.67
1219.27	3131.18
1220.87	3132.57
1222.48	3125.60
1224.08	3128.39
1225.68	3126.64
1227.28	3130.48
1228.88	3132.92
1230.48	3134.32
1232.08	3136.06
1233.68	3139.55
1235.28	3139.20
1236.88	3133.62
1238.48	3131.18
1240.08	3128.39
1241.68	3131.18
1243.28	3124.20
1244.87	3121.41
1246.47	3120.37
1248.07	3119.67
1249.67	3131.18
1251.27	3126.64
1252.87	3125.25
1254.46	3113.74
1256.06	3118.27
1257.66	3116.18
1259.26	3120.71
1260.85	3120.37
1262.45	3124.55
1264.05	3121.06
1265.64	3123.16
1267.24	3123.50
1268.83	3126.64
1270.43	3127.34
1272.03	3123.85
1273.62	3114.44
1275.22	3112.34
1276.81	3109.20
1278.41	3118.27
1280.00	3113.74
1281.60	3117.23
1283.19	3116.88
1284.79	3118.62
1286.38	3121.41
1287.97	3118.62
1289.57	3115.13
1291.16	3109.90
1292.75	3110.95
1294.35	3114.09
1295.94	3117.58
1297.53	3111.99
1299.12	3114.09
1300.72	3108.51
1302.31	3115.48
1303.90	3113.74
1305.49	3113.74
1307.08	3105.37
1308.68	3100.48
1310.27	3099.79
1311.86	3099.09
1313.45	3098.04
1315.04	3098.39
1316.63	3099.44
1318.22	3097.34
1319.81	3098.74
1321.40	3101.88
1322.99	3098.39
1324.58	3093.86
1326.17	3088.28
1327.75	3090.02
1329.34	3092.11
1330.93	3088.97
1332.52	3089.32
1334.11	3083.39
1335.70	3080.25
1337.28	3073.63
1338.87	3075.37
1340.46	3077.11
1342.05	3080.95
1343.63	3077.46
1345.22	3080.95
1346.81	3079.90
1348.39	3080.95
1349.98	3074.67
1351.56	3072.23
1353.15	3071.53
1354.73	3067.70
1356.32	3062.46
1357.90	3060.37
1359.49	3060.37
1361.07	3057.23
1362.66	3051.30
1364.24	3047.82
1365.82	3052.35
1367.41	3050.26
1368.99	3046.07
1370.57	3040.14
1372.16	3039.79
1373.74	3045.37
1375.32	3047.82
1376.91	3042.58
1378.49	3029.33
1380.07	3018.17
1381.65	3010.14
1383.23	3008.05
1384.81	3002.82
1386.39	3002.12
1387.97	2998.98
1389.55	2998.63
1391.14	2992.36
1392.72	2990.96
1394.29	2986.43
1395.87	2981.54
1397.45	2975.61
1399.03	2970.73
1400.61	2966.89
1402.19	2958.52
1403.77	2959.22
1405.35	2959.22
1406.92	2963.06
1408.50	2960.27
1410.08	2955.38
1411.66	2951.20
1413.23	2950.15
1414.81	2947.71
1416.39	2950.85
1417.96	2944.92
1419.54	2945.97
1421.12	2944.22
1422.69	2941.43
1424.27	2942.83
1425.84	2938.99
1427.42	2943.18
1428.99	2945.27
1430.57	2945.27
1432.14	2941.08
1433.71	2941.78
1435.29	2941.08
1436.86	2942.48
1438.43	2935.85
1440.01	2872.37
1441.58	2870.28
1443.15	2872.37
1444.72	2932.71
1446.30	2937.25
1447.87	2936.90
1449.44	2933.41
1451.01	2930.97
1452.58	2931.66
1454.15	2933.76
1455.72	2932.36
1457.29	2935.85
1458.86	2936.20
1460.43	2943.18
1462.00	2941.43
1463.57	2946.66
1465.14	2941.78
1466.71	2939.34
1468.28	2940.38
1469.85	2942.13
1471.41	2943.52
1472.98	2945.27
1474.55	2941.08
1476.12	2941.08
1477.68	2943.52
1479.25	2946.31
1480.82	2950.50
1482.38	2945.27
1483.95	2948.76
1485.51	2954.34
1487.08	2959.92
1488.64	2960.62
1490.21	2949.80
1491.77	2950.50
1493.34	2949.10
1494.90	2953.99
1496.46	2956.43
1498.03	2958.17
1499.59	2962.01
1501.15	2957.48
1502.72	2957.48
1504.28	2956.43
1505.84	2955.38
1507.40	2958.17
1508.97	2959.92
1510.53	2965.50
1512.09	2968.29
1513.65	2968.99
1515.21	2968.64
1516.77	2970.38
1518.33	2971.08
1519.89	2971.08
1521.45	2969.34
1523.01	2972.47
1524.57	2976.31
1526.13	2976.31
1527.68	2978.40
1529.24	2976.31
1530.80	2978.06
1532.36	2972.82
1533.92	2971.78
1535.47	2969.68
1537.03	2973.87
1538.59	2975.96
1540.14	2976.31
1541.70	2978.06
1543.25	2979.10
1544.81	2982.94
1546.36	2975.26
1547.92	2973.17
1549.47	2969.68
1551.03	2970.38
1552.58	2968.99
1554.13	2971.08
1555.69	2972.82
1557.24	2972.13
1558.79	2968.29
1560.35	2967.24
1561.90	2967.94
1563.45	2969.34
1565.00	2969.34
1566.55	2969.68
1568.10	2967.59
1569.66	2970.73
1571.21	2972.47
1572.76	2974.57
1574.31	2972.47
1575.86	2969.68
1577.40	2966.89
1578.95	2966.89
1580.50	2962.01
1582.05	2963.41
1583.60	2957.48
1585.15	2960.96
1586.69	2961.31
1588.24	2967.59
1589.79	2965.50
1591.34	2966.89
1592.88	2958.17
1594.43	2962.71
1595.97	2959.22
1597.52	2965.15
1599.06	2959.92
1600.61	2963.75
1602.15	2963.06
1603.70	2963.41
1605.24	2956.08
1606.79	2951.55
1608.33	2949.10
1609.87	2951.90
1611.41	2957.48
1612.96	2956.08
1614.50	2951.90
1616.04	2949.80
1617.58	2952.59
1619.12	2955.03
1620.67	2945.27
1622.21	2944.92
1623.75	2939.34
1625.29	2940.73
1626.83	2941.43
1628.37	2940.04
1629.90	2938.64
1631.44	2932.71
1632.98	2928.53
1634.52	2923.64
1636.06	2920.85
1637.59	2917.71
1639.13	2915.27
1640.67	2903.41
1642.21	2897.13
1643.74	2885.62
1645.28	2876.90
1646.81	2870.97
1648.35	2860.16
1649.88	2856.67
1651.42	2842.02
1652.95	2845.51
1654.49	2834.00
1656.02	2835.05
1657.55	2822.49
1659.09	2825.98
1660.62	2819.00
1662.15	2820.05
1663.68	2809.58
1665.22	2805.40
1666.75	2798.77
1668.28	2804.70
1669.81	2804.00
1671.34	2805.05
1672.87	2800.52
1674.40	2797.03
1675.93	2790.05
1677.46	2783.42
1678.99	2780.63
1680.52	2783.42
1682.04	2783.42
1683.57	2783.77
1685.10	2776.80
1686.63	2773.66
1688.15	2768.43
1689.68	2766.68
1691.21	2763.54
1692.73	2766.68
1694.26	2767.03
1695.78	2765.98
1697.31	2756.57
1698.83	2754.13
1700.36	2749.24
1701.88	2753.78
1703.40	2751.68
1704.93	2754.82
1706.45	2755.17
