896.35	2911.09
897.98	2917.36
899.60	2926.78
901.22	2948.76
902.85	2943.52
904.47	2944.57
906.10	2948.76
907.72	2952.94
909.34	2965.50
910.97	2975.96
912.59	2991.66
914.21	3014.68
915.84	3045.02
917.46	3074.32
919.08	3091.07
920.71	3097.34
922.33	3129.78
923.95	3128.74
925.58	3146.53
927.20	3127.69
928.82	3139.20
930.44	3164.31
932.07	3159.08
933.69	3150.71
935.31	3156.99
936.93	3167.45
938.56	3171.64
940.18	3183.15
941.80	3181.06
943.42	3197.80
945.05	3203.03
946.67	3187.34
948.29	3191.52
949.91	3190.47
951.53	3201.98
953.16	3206.17
954.78	3201.98
956.40	3188.38
958.02	3199.89
959.64	3197.80
961.26	3197.80
962.88	3190.47
964.51	3188.38
966.13	3214.54
967.75	3214.54
969.37	3195.71
970.99	3201.98
972.61	3195.71
974.23	3201.98
975.85	3203.03
977.47	3207.22
979.09	3197.80
980.71	3198.85
982.33	3214.54
983.95	3214.54
985.57	3227.10
987.19	3213.50
988.81	3223.96
990.43	3221.87
992.05	3211.40
993.67	3231.28
995.29	3222.91
996.91	3219.77
998.53	3243.84
1000.15	3242.79
1001.77	3251.17
1003.39	3254.30
1005.01	3245.93
1006.63	3258.49
1008.25	3259.54
1009.86	3264.77
1011.48	3255.35
1013.10	3265.82
1014.72	3278.37
1016.34	3279.42
1017.96	3291.98
1019.58	3277.33
1021.19	3267.91
1022.81	3274.19
1024.43	3286.74
1026.05	3284.65
1027.66	3300.35
1029.28	3302.44
1030.90	3302.44
1032.52	3287.79
1034.13	3303.49
1035.75	3312.90
1037.37	3307.67
1038.98	3315.00
1040.60	3297.21
1042.22	3295.11
1043.83	3305.58
1045.45	3310.81
1047.07	3306.62
1048.68	3311.86
1050.30	3303.49
1051.92	3311.86
1053.53	3305.58
1055.15	3304.53
1056.76	3307.67
1058.38	3304.53
1059.99	3313.95
1061.61	3311.86
1063.22	3306.62
1064.84	3311.86
1066.46	3301.39
1068.07	3300.35
1069.68	3294.07
1071.30	3310.81
1072.91	3293.02
1074.53	3283.60
1076.14	3300.35
1077.76	3293.02
1079.37	3296.16
1080.98	3267.91
1082.60	3294.07
1084.21	3294.07
1085.83	3291.98
1087.44	3296.16
1089.05	3282.56
1090.67	3276.28
1092.28	3275.23
1093.89	3277.33
1095.50	3280.46
1097.12	3282.56
1098.73	3279.42
1100.34	3265.82
1101.95	3275.23
1103.57	3281.51
1105.18	3265.82
1106.79	3266.86
1108.40	3277.33
1110.01	3271.05
1111.63	3278.37
1113.24	3279.42
1114.85	3284.65
1116.46	3281.51
1118.07	3285.70
1119.68	3270.00
1121.29	3274.19
1122.90	3274.19
1124.51	3268.95
1126.12	3279.42
1127.73	3282.56
1129.34	3287.79
1130.95	3282.56
1132.56	3296.16
1134.17	3265.82
1135.78	3270.00
1137.39	3281.51
1139.00	3268.95
1140.61	3275.23
1142.22	3281.51
1143.83	3267.91
1145.44	3271.05
1147.05	3271.05
1148.65	3281.51
1150.26	3270.00
1151.87	3263.72
1153.48	3270.00
1155.09	3277.33
1156.69	3275.23
1158.30	3265.82
1159.91	3261.63
1161.52	3265.82
1163.12	3271.05
1164.73	3265.82
1166.34	3276.28
1167.94	3267.91
1169.55	3268.95
1171.16	3266.86
1172.76	3274.19
1174.37	3266.86
1175.97	3273.14
1177.58	3263.72
1179.19	3276.28
1180.79	3261.63
1182.40	3275.23
1184.00	3266.86
1185.61	3279.42
1187.21	3275.23
1188.82	3262.68
1190.42	3267.91
1192.02	3271.05
1193.63	3261.63
1195.23	3271.05
1196.84	3267.91
1198.44	3270.00
1200.04	3280.46
1201.65	3275.23
1203.25	3268.95
1204.85	3267.91
1206.46	3256.40
1208.06	3265.82
1209.66	3261.63
1211.26	3248.03
1212.87	3274.19
1214.47	3264.77
1216.07	3265.82
1217.67	3264.77
1219.27	3252.21
1220.87	3248.03
1222.48	3244.89
1224.08	3244.89
1225.68	3259.54
1227.28	3258.49
1228.88	3245.93
1230.48	3256.40
1232.08	3238.61
1233.68	3250.12
1235.28	3253.26
1236.88	3237.56
1238.48	3223.96
1240.08	3246.98
1241.68	3216.63
1243.28	3221.87
1244.87	3222.91
1246.47	3208.26
1248.07	3204.08
1249.67	3216.63
1251.27	3227.10
1252.87	3204.08
1254.46	3204.08
1256.06	3210.36
1257.66	3213.50
1259.26	3201.98
1260.85	3209.31
1262.45	3200.94
1264.05	3205.12
1265.64	3191.52
1267.24	3193.61
1268.83	3197.80
1270.43	3188.38
1272.03	3208.26
1273.62	3197.80
1275.22	3177.92
1276.81	3188.38
1278.41	3184.20
1280.00	3200.94
1281.60	3183.15
1283.19	3181.06
1284.79	3178.96
1286.38	3168.50
1287.97	3176.87
1289.57	3169.55
1291.16	3170.59
1292.75	3165.36
1294.35	3174.78
1295.94	3170.59
1297.53	3172.69
1299.12	3162.22
1300.72	3172.69
1302.31	3138.15
1303.90	3169.55
1305.49	3174.78
1307.08	3155.94
1308.68	3149.66
1310.27	3143.39
1311.86	3144.43
1313.45	3142.34
1315.04	3148.62
1316.63	3138.15
1318.22	3131.88
1319.81	3124.55
1321.40	3131.88
1322.99	3139.20
1324.58	3116.18
1326.17	3125.60
1327.75	3120.37
1329.34	3125.60
1330.93	3107.81
1332.52	3106.76
1334.11	3107.81
1335.70	3098.39
1337.28	3091.07
1338.87	3097.34
1340.46	3105.72
1342.05	3100.48
1343.63	3092.11
1345.22	3094.21
1346.81	3091.07
1348.39	3082.70
1349.98	3077.46
1351.56	3073.28
1353.15	3079.56
1354.73	3073.28
1356.32	3053.40
1357.90	3051.30
1359.49	3055.49
1361.07	3051.30
1362.66	3048.16
1364.24	3038.75
1365.82	3040.84
1367.41	3042.93
1368.99	3026.19
1370.57	3022.00
1372.16	3030.38
1373.74	3025.14
1375.32	3020.96
1376.91	3013.63
1378.49	2989.57
1380.07	2967.59
1381.65	2958.17
1383.23	2950.85
1384.81	2952.94
1386.39	2938.29
1387.97	2941.43
1389.55	2934.11
1391.14	2935.15
1392.72	2922.60
1394.29	2911.09
1395.87	2913.18
1397.45	2902.71
1399.03	2908.99
1400.61	2900.62
1402.19	2885.97
1403.77	2871.32
1405.35	2898.53
1406.92	2894.34
1408.50	2881.79
1410.08	2877.60
1411.66	2869.23
1413.23	2873.42
1414.81	2881.79
1416.39	2857.72
1417.96	2870.28
1419.54	2861.90
1421.12	2871.32
1422.69	2869.23
1424.27	2849.35
1425.84	2857.72
1427.42	2855.63
1428.99	2857.72
1430.57	2862.95
1432.14	2857.72
1433.71	2860.86
1435.29	2865.04
1436.86	2856.67
1438.43	2857.72
1440.01	2853.53
1441.58	2732.15
1443.15	2858.77
1444.72	2849.35
1446.30	2843.07
1447.87	2854.58
1449.44	2849.35
1451.01	2835.74
1452.58	2844.12
1454.15	2845.16
1455.72	2842.02
1457.29	2843.07
1458.86	2855.63
1460.43	2848.30
1462.00	2870.28
1463.57	2840.98
1465.14	2839.93
1466.71	2831.56
1468.28	2837.84
1469.85	2843.07
1471.41	2846.21
1472.98	2839.93
1474.55	2854.58
1476.12	2837.84
1477.68	2833.65
1479.25	2844.12
1480.82	2840.98
1482.38	2848.30
1483.95	2842.02
1485.51	2858.77
1487.08	2859.81
1488.64	2855.63
1490.21	2857.72
1491.77	2837.84
1493.34	2856.67
1494.90	2847.26
1496.46	2858.77
1498.03	2852.49
1499.59	2844.12
1501.15	2846.21
1502.72	2851.44
1504.28	2852.49
1505.84	2851.44
1507.40	2843.07
1508.97	2859.81
1510.53	2851.44
1512.09	2868.18
1513.65	2867.14
1515.21	2855.63
1516.77	2838.88
1518.33	2861.90
1519.89	2856.67
1521.45	2854.58
1523.01	2858.77
1524.57	2860.86
1526.13	2854.58
1527.68	2872.37
1529.24	2876.55
1530.80	2868.18
1532.36	2865.04
1533.92	2859.81
1535.47	2848.30
1537.03	2851.44
1538.59	2867.14
1540.14	2866.09
1541.70	2855.63
1543.25	2874.46
1544.81	2870.28
1546.36	2866.09
1547.92	2847.26
1549.47	2859.81
1551.03	2859.81
1552.58	2852.49
1554.13	2856.67
1555.69	2865.04
1557.24	2857.72
1558.79	2848.30
1560.35	2849.35
1561.90	2849.35
1563.45	2846.21
1565.00	2850.39
1566.55	2835.74
1568.10	2846.21
1569.66	2836.79
1571.21	2855.63
1572.76	2857.72
1574.31	2843.07
1575.86	2835.74
1577.40	2832.61
1578.95	2836.79
1580.50	2831.56
1582.05	2826.33
1583.60	2825.28
1585.15	2825.28
1586.69	2828.42
1588.24	2836.79
1589.79	2835.74
1591.34	2824.23
1592.88	2831.56
1594.43	2816.91
1595.97	2834.70
1597.52	2829.47
1599.06	2821.10
1600.61	2817.96
1602.15	2836.79
1603.70	2816.91
1605.24	2822.14
1606.79	2819.00
1608.33	2813.77
1609.87	2809.58
1611.41	2815.86
1612.96	2817.96
1614.50	2804.35
1616.04	2804.35
1617.58	2806.45
1619.12	2806.45
1620.67	2811.68
1622.21	2790.75
1623.75	2810.63
1625.29	2794.94
1626.83	2804.35
1628.37	2814.82
1629.90	2790.75
1631.44	2781.33
1632.98	2793.89
1634.52	2770.87
1636.06	2775.05
1637.59	2789.70
1639.13	2774.01
1640.67	2772.96
1642.21	2762.50
1643.74	2760.40
1645.28	2741.57
1646.81	2725.87
1648.35	2738.43
1649.88	2710.18
1651.42	2718.55
1652.95	2701.81
1654.49	2718.55
1656.02	2703.90
1657.55	2701.81
1659.09	2688.20
1660.62	2715.41
1662.15	2698.67
1663.68	2703.90
1665.22	2688.20
1666.75	2687.16
1668.28	2682.97
1669.81	2702.85
1671.34	2685.06
1672.87	2693.43
1674.40	2696.57
1675.93	2685.06
1677.46	2672.51
1678.99	2661.00
1680.52	2661.00
1682.04	2680.88
1683.57	2669.37
1685.10	2672.51
1686.63	2666.23
1688.15	2672.51
1689.68	2664.13
1691.21	2666.23
1692.73	2663.09
1694.26	2673.55
1695.78	2665.18
1697.31	2670.41
1698.83	2648.44
1700.36	2655.76
1701.88	2654.72
1703.40	2664.13
1704.93	2649.49
1706.45	2651.58
