896.35	3082.70
897.98	3096.30
899.60	3097.34
901.22	3125.60
902.85	3111.99
904.47	3122.46
906.10	3129.78
907.72	3143.39
909.34	3153.85
910.97	3176.87
912.59	3193.61
914.21	3235.47
915.84	3261.63
917.46	3316.04
919.08	3353.71
920.71	3370.46
922.33	3389.29
923.95	3402.89
925.58	3432.19
927.20	3432.19
928.82	3436.38
930.44	3465.68
932.07	3458.35
933.69	3461.49
935.31	3466.72
936.93	3486.61
938.56	3483.47
940.18	3500.21
941.80	3482.42
943.42	3509.63
945.05	3515.90
946.67	3511.72
948.29	3503.35
949.91	3507.53
951.53	3514.86
953.16	3524.28
954.78	3518.00
956.40	3513.81
958.02	3509.63
959.64	3515.90
961.26	3516.95
962.88	3519.04
964.51	3501.26
966.13	3523.23
967.75	3516.95
969.37	3514.86
970.99	3514.86
972.61	3514.86
974.23	3511.72
975.85	3519.04
977.47	3523.23
979.09	3525.32
980.71	3503.35
982.33	3526.37
983.95	3530.55
985.57	3544.16
987.19	3527.42
988.81	3539.97
990.43	3529.51
992.05	3537.88
993.67	3550.44
995.29	3549.39
996.91	3538.93
998.53	3572.41
1000.15	3566.13
1001.77	3583.92
1003.39	3574.50
1005.01	3586.01
1006.63	3584.97
1008.25	3594.38
1009.86	3611.13
1011.48	3610.08
1013.10	3604.85
1014.72	3619.50
1016.34	3620.54
1017.96	3646.70
1019.58	3620.54
1021.19	3639.38
1022.81	3621.59
1024.43	3645.66
1026.05	3635.19
1027.66	3657.17
1029.28	3656.12
1030.90	3662.40
1032.52	3640.43
1034.13	3664.49
1035.75	3665.54
1037.37	3681.24
1038.98	3679.14
1040.60	3672.86
1042.22	3658.22
1043.83	3662.40
1045.45	3669.73
1047.07	3676.00
1048.68	3672.86
1050.30	3670.77
1051.92	3673.91
1053.53	3673.91
1055.15	3673.91
1056.76	3674.96
1058.38	3669.73
1059.99	3690.65
1061.61	3673.91
1063.22	3676.00
1064.84	3677.05
1066.46	3670.77
1068.07	3664.49
1069.68	3660.31
1071.30	3673.91
1072.91	3664.49
1074.53	3658.22
1076.14	3671.82
1077.76	3647.75
1079.37	3658.22
1080.98	3619.50
1082.60	3650.89
1084.21	3641.47
1085.83	3646.70
1087.44	3636.24
1089.05	3631.01
1090.67	3620.54
1092.28	3625.78
1093.89	3624.73
1095.50	3634.15
1097.12	3626.82
1098.73	3632.06
1100.34	3617.41
1101.95	3629.96
1103.57	3627.87
1105.18	3625.78
1106.79	3611.13
1108.40	3626.82
1110.01	3616.36
1111.63	3633.10
1113.24	3618.45
1114.85	3620.54
1116.46	3616.36
1118.07	3634.15
1119.68	3616.36
1121.29	3635.19
1122.90	3612.17
1124.51	3623.68
1126.12	3616.36
1127.73	3633.10
1129.34	3636.24
1130.95	3637.29
1132.56	3621.59
1134.17	3607.99
1135.78	3623.68
1137.39	3634.15
1139.00	3615.31
1140.61	3619.50
1142.22	3620.54
1143.83	3618.45
1145.44	3611.13
1147.05	3626.82
1148.65	3625.78
1150.26	3612.17
1151.87	3603.80
1153.48	3617.41
1155.09	3611.13
1156.69	3616.36
1158.30	3598.57
1159.91	3610.08
1161.52	3618.45
1163.12	3618.45
1164.73	3616.36
1166.34	3623.68
1167.94	3609.03
1169.55	3618.45
1171.16	3619.50
1172.76	3626.82
1174.37	3615.31
1175.97	3626.82
1177.58	3603.80
1179.19	3632.06
1180.79	3607.99
1182.40	3615.31
1184.00	3601.71
1185.61	3619.50
1187.21	3617.41
1188.82	3624.73
1190.42	3617.41
1192.02	3616.36
1193.63	3605.90
1195.23	3618.45
1196.84	3605.90
1198.44	3610.08
1200.04	3602.76
1201.65	3606.94
1203.25	3597.52
1204.85	3607.99
1206.46	3591.25
1208.06	3610.08
1209.66	3584.97
1211.26	3594.38
1212.87	3605.90
1214.47	3592.29
1216.07	3584.97
1217.67	3591.25
1219.27	3580.78
1220.87	3581.83
1222.48	3582.87
1224.08	3583.92
1225.68	3569.27
1227.28	3575.55
1228.88	3559.85
1230.48	3572.41
1232.08	3555.67
1233.68	3572.41
1235.28	3569.27
1236.88	3553.58
1238.48	3545.20
1240.08	3579.74
1241.68	3535.79
1243.28	3536.83
1244.87	3533.69
1246.47	3520.09
1248.07	3511.72
1249.67	3519.04
1251.27	3528.46
1252.87	3516.95
1254.46	3498.12
1256.06	3502.30
1257.66	3499.16
1259.26	3500.21
1260.85	3502.30
1262.45	3500.21
1264.05	3496.02
1265.64	3497.07
1267.24	3483.47
1268.83	3491.84
1270.43	3481.37
1272.03	3497.07
1273.62	3482.42
1275.22	3462.54
1276.81	3474.05
1278.41	3471.96
1280.00	3467.77
1281.60	3471.96
1283.19	3457.31
1284.79	3466.72
1286.38	3454.17
1287.97	3473.00
1289.57	3451.03
1291.16	3453.12
1292.75	3440.56
1294.35	3456.26
1295.94	3438.47
1297.53	3440.56
1299.12	3424.87
1300.72	3441.61
1302.31	3412.31
1303.90	3439.52
1305.49	3436.38
1307.08	3425.91
1308.68	3421.73
1310.27	3418.59
1311.86	3412.31
1313.45	3412.31
1315.04	3407.08
1316.63	3410.22
1318.22	3401.85
1319.81	3388.24
1321.40	3389.29
1322.99	3394.52
1324.58	3369.41
1326.17	3373.59
1327.75	3359.99
1329.34	3363.13
1330.93	3350.57
1332.52	3351.62
1334.11	3358.94
1335.70	3354.76
1337.28	3329.65
1338.87	3340.11
1340.46	3340.11
1342.05	3333.83
1343.63	3327.55
1345.22	3320.23
1346.81	3322.32
1348.39	3312.90
1349.98	3307.67
1351.56	3307.67
1353.15	3303.49
1354.73	3287.79
1356.32	3258.49
1357.90	3266.86
1359.49	3271.05
1361.07	3255.35
1362.66	3245.93
1364.24	3249.07
1365.82	3243.84
1367.41	3240.70
1368.99	3219.77
1370.57	3220.82
1372.16	3217.68
1373.74	3208.26
1375.32	3206.17
1376.91	3192.57
1378.49	3152.80
1380.07	3129.78
1381.65	3108.86
1383.23	3101.53
1384.81	3101.53
1386.39	3095.25
1387.97	3091.07
1389.55	3080.60
1391.14	3068.05
1392.72	3055.49
1394.29	3041.89
1395.87	3033.51
1397.45	3016.77
1399.03	3025.14
1400.61	3013.63
1402.19	2994.80
1403.77	2983.29
1405.35	2988.52
1406.92	2978.06
1408.50	2971.78
1410.08	2971.78
1411.66	2969.68
1413.23	2966.54
1414.81	2967.59
1416.39	2945.62
1417.96	2960.27
1419.54	2946.66
1421.12	2956.08
1422.69	2957.13
1424.27	2941.43
1425.84	2942.48
1427.42	2936.20
1428.99	2939.34
1430.57	2941.43
1432.14	2927.83
1433.71	2927.83
1435.29	2941.43
1436.86	2930.97
1438.43	2932.01
1440.01	2924.69
1441.58	2807.49
1443.15	2928.87
1444.72	2927.83
1446.30	2924.69
1447.87	2928.87
1449.44	2917.36
1451.01	2913.18
1452.58	2926.78
1454.15	2920.50
1455.72	2917.36
1457.29	2912.13
1458.86	2926.78
1460.43	2913.18
1462.00	2928.87
1463.57	2912.13
1465.14	2919.46
1466.71	2913.18
1468.28	2924.69
1469.85	2921.55
1471.41	2925.74
1472.98	2912.13
1474.55	2925.74
1476.12	2918.41
1477.68	2915.27
1479.25	2925.74
1480.82	2919.46
1482.38	2924.69
1483.95	2919.46
1485.51	2924.69
1487.08	2938.29
1488.64	2932.01
1490.21	2935.15
1491.77	2918.41
1493.34	2943.52
1494.90	2925.74
1496.46	2925.74
1498.03	2925.74
1499.59	2936.20
1501.15	2936.20
1502.72	2943.52
1504.28	2942.48
1505.84	2936.20
1507.40	2933.06
1508.97	2945.62
1510.53	2939.34
1512.09	2951.90
1513.65	2951.90
1515.21	2953.99
1516.77	2938.29
1518.33	2958.17
1519.89	2952.94
1521.45	2957.13
1523.01	2959.22
1524.57	2964.45
1526.13	2955.03
1527.68	2962.36
1529.24	2969.68
1530.80	2962.36
1532.36	2961.31
1533.92	2956.08
1535.47	2947.71
1537.03	2949.80
1538.59	2957.13
1540.14	2948.76
1541.70	2946.66
1543.25	2968.64
1544.81	2963.41
1546.36	2963.41
1547.92	2957.13
1549.47	2959.22
1551.03	2949.80
1552.58	2948.76
1554.13	2937.25
1555.69	2955.03
1557.24	2941.43
1558.79	2947.71
1560.35	2943.52
1561.90	2953.99
1563.45	2947.71
1565.00	2949.80
1566.55	2943.52
1568.10	2937.25
1569.66	2934.11
1571.21	2942.48
1572.76	2941.43
1574.31	2940.38
1575.86	2937.25
1577.40	2922.60
1578.95	2935.15
1580.50	2939.34
1582.05	2929.92
1583.60	2927.83
1585.15	2919.46
1586.69	2927.83
1588.24	2936.20
1589.79	2926.78
1591.34	2898.53
1592.88	2930.97
1594.43	2902.71
1595.97	2919.46
1597.52	2907.95
1599.06	2916.32
1600.61	2903.76
1602.15	2920.50
1603.70	2906.90
1605.24	2906.90
1606.79	2908.99
1608.33	2898.53
1609.87	2901.67
1611.41	2902.71
1612.96	2905.85
1614.50	2899.58
1616.04	2901.67
1617.58	2912.13
1619.12	2891.20
1620.67	2902.71
1622.21	2873.42
1623.75	2899.58
1625.29	2873.42
1626.83	2876.55
1628.37	2891.20
1629.90	2867.14
1631.44	2871.32
1632.98	2866.09
1634.52	2843.07
1636.06	2849.35
1637.59	2848.30
1639.13	2836.79
1640.67	2832.61
1642.21	2817.96
1643.74	2808.54
1645.28	2783.42
1646.81	2774.01
1648.35	2775.05
1649.88	2758.31
1651.42	2762.50
1652.95	2742.62
1654.49	2755.17
1656.02	2737.38
1657.55	2745.75
1659.09	2715.41
1660.62	2736.34
1662.15	2711.22
1663.68	2723.78
1665.22	2717.50
1666.75	2720.64
1668.28	2697.62
1669.81	2719.59
1671.34	2701.81
1672.87	2703.90
1674.40	2715.41
1675.93	2707.04
1677.46	2691.34
1678.99	2685.06
1680.52	2689.25
1682.04	2702.85
1683.57	2682.97
1685.10	2691.34
1686.63	2689.25
1688.15	2696.57
1689.68	2681.92
1691.21	2687.16
1692.73	2688.20
1694.26	2697.62
1695.78	2680.88
1697.31	2680.88
1698.83	2672.51
1700.36	2686.11
1701.88	2676.69
1703.40	2687.16
1704.93	2670.41
1706.45	2678.78
