896.35	3049.21
897.98	3061.77
899.60	3070.14
901.22	3087.93
902.85	3081.65
904.47	3092.11
906.10	3096.30
907.72	3102.58
909.34	3126.64
910.97	3137.11
912.59	3158.04
914.21	3193.61
915.84	3216.63
917.46	3267.91
919.08	3297.21
920.71	3317.09
922.33	3335.92
923.95	3343.25
925.58	3367.32
927.20	3371.50
928.82	3376.73
930.44	3402.89
932.07	3392.43
933.69	3395.57
935.31	3402.89
936.93	3416.50
938.56	3415.45
940.18	3428.01
941.80	3436.38
943.42	3451.03
945.05	3447.89
946.67	3440.56
948.29	3447.89
949.91	3444.75
951.53	3457.31
953.16	3466.72
954.78	3454.17
956.40	3443.70
958.02	3443.70
959.64	3448.94
961.26	3446.84
962.88	3459.40
964.51	3441.61
966.13	3460.45
967.75	3454.17
969.37	3443.70
970.99	3445.80
972.61	3454.17
974.23	3452.07
975.85	3452.07
977.47	3456.26
979.09	3454.17
980.71	3441.61
982.33	3455.21
983.95	3459.40
985.57	3485.56
987.19	3460.45
988.81	3474.05
990.43	3459.40
992.05	3463.58
993.67	3482.42
995.29	3483.47
996.91	3475.10
998.53	3509.63
1000.15	3506.49
1001.77	3519.04
1003.39	3514.86
1005.01	3505.44
1006.63	3514.86
1008.25	3529.51
1009.86	3531.60
1011.48	3539.97
1013.10	3533.69
1014.72	3551.48
1016.34	3550.44
1017.96	3568.22
1019.58	3543.11
1021.19	3549.39
1022.81	3547.30
1024.43	3570.32
1026.05	3572.41
1027.66	3589.15
1029.28	3576.60
1030.90	3582.87
1032.52	3570.32
1034.13	3587.06
1035.75	3592.29
1037.37	3591.25
1038.98	3597.52
1040.60	3592.29
1042.22	3589.15
1043.83	3593.34
1045.45	3597.52
1047.07	3594.38
1048.68	3596.48
1050.30	3584.97
1051.92	3599.62
1053.53	3589.15
1055.15	3599.62
1056.76	3598.57
1058.38	3601.71
1059.99	3612.17
1061.61	3592.29
1063.22	3595.43
1064.84	3595.43
1066.46	3584.97
1068.07	3582.87
1069.68	3596.48
1071.30	3593.34
1072.91	3582.87
1074.53	3572.41
1076.14	3586.01
1077.76	3580.78
1079.37	3583.92
1080.98	3550.44
1082.60	3574.50
1084.21	3565.09
1085.83	3559.85
1087.44	3566.13
1089.05	3553.58
1090.67	3549.39
1092.28	3551.48
1093.89	3561.95
1095.50	3558.81
1097.12	3547.30
1098.73	3568.22
1100.34	3539.97
1101.95	3557.76
1103.57	3552.53
1105.18	3542.06
1106.79	3535.79
1108.40	3552.53
1110.01	3543.11
1111.63	3555.67
1113.24	3546.25
1114.85	3549.39
1116.46	3553.58
1118.07	3559.85
1119.68	3532.65
1121.29	3548.34
1122.90	3550.44
1124.51	3551.48
1126.12	3549.39
1127.73	3550.44
1129.34	3556.71
1130.95	3560.90
1132.56	3561.95
1134.17	3536.83
1135.78	3543.11
1137.39	3559.85
1139.00	3537.88
1140.61	3544.16
1142.22	3550.44
1143.83	3549.39
1145.44	3543.11
1147.05	3543.11
1148.65	3535.79
1150.26	3534.74
1151.87	3524.28
1153.48	3544.16
1155.09	3549.39
1156.69	3548.34
1158.30	3534.74
1159.91	3537.88
1161.52	3546.25
1163.12	3548.34
1164.73	3541.02
1166.34	3559.85
1167.94	3542.06
1169.55	3544.16
1171.16	3554.62
1172.76	3554.62
1174.37	3547.30
1175.97	3556.71
1177.58	3529.51
1179.19	3560.90
1180.79	3531.60
1182.40	3533.69
1184.00	3527.42
1185.61	3548.34
1187.21	3541.02
1188.82	3538.93
1190.42	3538.93
1192.02	3538.93
1193.63	3527.42
1195.23	3536.83
1196.84	3535.79
1198.44	3538.93
1200.04	3545.20
1201.65	3549.39
1203.25	3538.93
1204.85	3535.79
1206.46	3521.14
1208.06	3529.51
1209.66	3528.46
1211.26	3525.32
1212.87	3545.20
1214.47	3522.18
1216.07	3515.90
1217.67	3521.14
1219.27	3501.26
1220.87	3507.53
1222.48	3513.81
1224.08	3509.63
1225.68	3503.35
1227.28	3498.12
1228.88	3496.02
1230.48	3505.44
1232.08	3482.42
1233.68	3498.12
1235.28	3494.98
1236.88	3482.42
1238.48	3479.28
1240.08	3503.35
1241.68	3457.31
1243.28	3473.00
1244.87	3461.49
1246.47	3458.35
1248.07	3444.75
1249.67	3458.35
1251.27	3468.82
1252.87	3437.42
1254.46	3420.68
1256.06	3439.52
1257.66	3442.66
1259.26	3432.19
1260.85	3442.66
1262.45	3426.96
1264.05	3431.15
1265.64	3432.19
1267.24	3422.78
1268.83	3424.87
1270.43	3416.50
1272.03	3441.61
1273.62	3417.54
1275.22	3409.17
1276.81	3410.22
1278.41	3409.17
1280.00	3399.75
1281.60	3400.80
1283.19	3395.57
1284.79	3407.08
1286.38	3397.66
1287.97	3398.71
1289.57	3388.24
1291.16	3395.57
1292.75	3390.34
1294.35	3389.29
1295.94	3368.36
1297.53	3381.97
1299.12	3368.36
1300.72	3385.10
1302.31	3351.62
1303.90	3379.87
1305.49	3381.97
1307.08	3371.50
1308.68	3350.57
1310.27	3352.67
1311.86	3353.71
1313.45	3356.85
1315.04	3346.39
1316.63	3344.30
1318.22	3339.06
1319.81	3333.83
1321.40	3332.78
1322.99	3338.02
1324.58	3319.18
1326.17	3324.41
1327.75	3311.86
1329.34	3308.72
1330.93	3300.35
1332.52	3291.98
1334.11	3291.98
1335.70	3293.02
1337.28	3283.60
1338.87	3284.65
1340.46	3279.42
1342.05	3277.33
1343.63	3270.00
1345.22	3264.77
1346.81	3274.19
1348.39	3266.86
1349.98	3262.68
1351.56	3245.93
1353.15	3236.52
1354.73	3232.33
1356.32	3217.68
1357.90	3217.68
1359.49	3221.87
1361.07	3196.75
1362.66	3200.94
1364.24	3193.61
1365.82	3203.03
1367.41	3198.85
1368.99	3182.10
1370.57	3182.10
1372.16	3183.15
1373.74	3169.55
1375.32	3168.50
1376.91	3152.80
1378.49	3115.13
1380.07	3088.97
1381.65	3085.83
1383.23	3072.23
1384.81	3074.32
1386.39	3055.49
1387.97	3050.26
1389.55	3047.12
1391.14	3036.65
1392.72	3020.96
1394.29	3014.68
1395.87	3002.12
1397.45	2996.89
1399.03	2990.61
1400.61	2991.66
1402.19	2974.92
1403.77	2950.85
1405.35	2970.73
1406.92	2963.41
1408.50	2963.41
1410.08	2960.27
1411.66	2946.66
1413.23	2946.66
1414.81	2946.66
1416.39	2925.74
1417.96	2940.38
1419.54	2935.15
1421.12	2934.11
1422.69	2936.20
1424.27	2917.36
1425.84	2932.01
1427.42	2919.46
1428.99	2924.69
1430.57	2935.15
1432.14	2921.55
1433.71	2926.78
1435.29	2929.92
1436.86	2917.36
1438.43	2915.27
1440.01	2921.55
1441.58	2799.12
1443.15	2918.41
1444.72	2919.46
1446.30	2908.99
1447.87	2911.09
1449.44	2907.95
1451.01	2890.16
1452.58	2917.36
1454.15	2917.36
1455.72	2900.62
1457.29	2900.62
1458.86	2911.09
1460.43	2899.58
1462.00	2919.46
1463.57	2902.71
1465.14	2911.09
1466.71	2893.30
1468.28	2903.76
1469.85	2910.04
1471.41	2911.09
1472.98	2899.58
1474.55	2915.27
1476.12	2896.44
1477.68	2900.62
1479.25	2910.04
1480.82	2905.85
1482.38	2914.22
1483.95	2900.62
1485.51	2911.09
1487.08	2925.74
1488.64	2921.55
1490.21	2921.55
1491.77	2906.90
1493.34	2921.55
1494.90	2905.85
1496.46	2912.13
1498.03	2913.18
1499.59	2924.69
1501.15	2926.78
1502.72	2921.55
1504.28	2922.60
1505.84	2920.50
1507.40	2922.60
1508.97	2938.29
1510.53	2933.06
1512.09	2937.25
1513.65	2940.38
1515.21	2941.43
1516.77	2927.83
1518.33	2941.43
1519.89	2938.29
1521.45	2936.20
1523.01	2938.29
1524.57	2948.76
1526.13	2940.38
1527.68	2945.62
1529.24	2947.71
1530.80	2938.29
1532.36	2939.34
1533.92	2930.97
1535.47	2916.32
1537.03	2930.97
1538.59	2937.25
1540.14	2936.20
1541.70	2928.87
1543.25	2941.43
1544.81	2928.87
1546.36	2934.11
1547.92	2922.60
1549.47	2939.34
1551.03	2937.25
1552.58	2936.20
1554.13	2927.83
1555.69	2929.92
1557.24	2921.55
1558.79	2913.18
1560.35	2916.32
1561.90	2925.74
1563.45	2918.41
1565.00	2918.41
1566.55	2914.22
1568.10	2918.41
1569.66	2903.76
1571.21	2919.46
1572.76	2911.09
1574.31	2918.41
1575.86	2915.27
1577.40	2905.85
1578.95	2912.13
1580.50	2905.85
1582.05	2898.53
1583.60	2900.62
1585.15	2891.20
1586.69	2897.48
1588.24	2911.09
1589.79	2913.18
1591.34	2880.74
1592.88	2904.81
1594.43	2881.79
1595.97	2898.53
1597.52	2899.58
1599.06	2897.48
1600.61	2893.30
1602.15	2914.22
1603.70	2887.02
1605.24	2894.34
1606.79	2889.11
1608.33	2887.02
1609.87	2877.60
1611.41	2892.25
1612.96	2887.02
1614.50	2878.65
1616.04	2879.69
1617.58	2885.97
1619.12	2875.51
1620.67	2878.65
1622.21	2852.49
1623.75	2877.60
1625.29	2868.18
1626.83	2860.86
1628.37	2874.46
1629.90	2842.02
1631.44	2848.30
1632.98	2851.44
1634.52	2826.33
1636.06	2827.37
1637.59	2834.70
1639.13	2817.96
1640.67	2816.91
1642.21	2799.12
1643.74	2792.84
1645.28	2779.24
1646.81	2767.73
1648.35	2771.91
1649.88	2750.99
1651.42	2753.08
1652.95	2729.01
1654.49	2747.85
1656.02	2722.73
1657.55	2727.97
1659.09	2717.50
1660.62	2727.97
1662.15	2721.69
1663.68	2723.78
1665.22	2709.13
1666.75	2713.32
1668.28	2705.99
1669.81	2723.78
1671.34	2703.90
1672.87	2716.45
1674.40	2703.90
1675.93	2693.43
1677.46	2685.06
1678.99	2688.20
1680.52	2686.11
1682.04	2695.53
1683.57	2687.16
1685.10	2691.34
1686.63	2680.88
1688.15	2686.11
1689.68	2679.83
1691.21	2681.92
1692.73	2684.02
1694.26	2687.16
1695.78	2675.65
1697.31	2675.65
1698.83	2668.32
1700.36	2673.55
1701.88	2662.04
1703.40	2677.74
1704.93	2665.18
1706.45	2669.37
