896.35	2661.00
897.98	2648.44
899.60	2663.09
901.22	2676.69
902.85	2661.00
904.47	2668.32
906.10	2679.83
907.72	2666.23
909.34	2682.97
910.97	2676.69
912.59	2679.83
914.21	2672.51
915.84	2674.60
917.46	2676.69
919.08	2690.29
920.71	2665.18
922.33	2697.62
923.95	2674.60
925.58	2702.85
927.20	2680.88
928.82	2697.62
930.44	2692.39
932.07	2689.25
933.69	2665.18
935.31	2690.29
936.93	2681.92
938.56	2696.57
940.18	2679.83
941.80	2689.25
943.42	2696.57
945.05	2727.97
946.67	2686.11
948.29	2703.90
949.91	2690.29
951.53	2717.50
953.16	2701.81
954.78	2719.59
956.40	2688.20
958.02	2714.36
959.64	2702.85
961.26	2705.99
962.88	2693.43
964.51	2700.76
966.13	2718.55
967.75	2723.78
969.37	2696.57
970.99	2711.22
972.61	2693.43
974.23	2712.27
975.85	2696.57
977.47	2712.27
979.09	2693.43
980.71	2709.13
982.33	2698.67
983.95	2716.45
985.57	2719.59
987.19	2716.45
988.81	2709.13
990.43	2712.27
992.05	2697.62
993.67	2727.97
995.29	2710.18
996.91	2709.13
998.53	2712.27
1000.15	2727.97
1001.77	2707.04
1003.39	2719.59
1005.01	2705.99
1006.63	2718.55
1008.25	2707.04
1009.86	2720.64
1011.48	2699.71
1013.10	2719.59
1014.72	2716.45
1016.34	2727.97
1017.96	2722.73
1019.58	2718.55
1021.19	2708.08
1022.81	2724.83
1024.43	2719.59
1026.05	2722.73
1027.66	2713.32
1029.28	2726.92
1030.90	2716.45
1032.52	2718.55
1034.13	2709.13
1035.75	2731.10
1037.37	2713.32
1038.98	2735.29
1040.60	2712.27
1042.22	2716.45
1043.83	2707.04
1045.45	2724.83
1047.07	2717.50
1048.68	2731.10
1050.30	2703.90
1051.92	2725.87
1053.53	2710.18
1055.15	2733.20
1056.76	2712.27
1058.38	2732.15
1059.99	2721.69
1061.61	2725.87
1063.22	2705.99
1064.84	2722.73
1066.46	2704.94
1068.07	2718.55
1069.68	2709.13
1071.30	2738.43
1072.91	2717.50
1074.53	2724.83
1076.14	2721.69
1077.76	2729.01
1079.37	2719.59
1080.98	2700.76
1082.60	2709.13
1084.21	2735.29
1085.83	2722.73
1087.44	2731.10
1089.05	2705.99
1090.67	2717.50
1092.28	2705.99
1093.89	2733.20
1095.50	2719.59
1097.12	2727.97
1098.73	2726.92
1100.34	2713.32
1101.95	2726.92
1103.57	2733.20
1105.18	2702.85
1106.79	2716.45
1108.40	2721.69
1110.01	2724.83
1111.63	2717.50
1113.24	2733.20
1114.85	2720.64
1116.46	2733.20
1118.07	2723.78
1119.68	2721.69
1121.29	2720.64
1122.90	2721.69
1124.51	2714.36
1126.12	2741.57
1127.73	2731.10
1129.34	2741.57
1130.95	2730.06
1132.56	2742.62
1134.17	2701.81
1135.78	2725.87
1137.39	2723.78
1139.00	2715.41
1140.61	2711.22
1142.22	2733.20
1143.83	2718.55
1145.44	2723.78
1147.05	2718.55
1148.65	2733.20
1150.26	2715.41
1151.87	2722.73
1153.48	2725.87
1155.09	2738.43
1156.69	2729.01
1158.30	2719.59
1159.91	2710.18
1161.52	2727.97
1163.12	2714.36
1164.73	2718.55
1166.34	2718.55
1167.94	2722.73
1169.55	2718.55
1171.16	2727.97
1172.76	2714.36
1174.37	2722.73
1175.97	2721.69
1177.58	2715.41
1179.19	2734.24
1180.79	2724.83
1182.40	2716.45
1184.00	2721.69
1185.61	2724.83
1187.21	2736.34
1188.82	2714.36
1190.42	2718.55
1192.02	2710.18
1193.63	2716.45
1195.23	2726.92
1196.84	2734.24
1198.44	2715.41
1200.04	2735.29
1201.65	2719.59
1203.25	2723.78
1204.85	2722.73
1206.46	2721.69
1208.06	2721.69
1209.66	2718.55
1211.26	2707.04
1212.87	2745.75
1214.47	2716.45
1216.07	2737.38
1217.67	2722.73
1219.27	2720.64
1220.87	2712.27
1222.48	2733.20
1224.08	2718.55
1225.68	2737.38
1227.28	2717.50
1228.88	2726.92
1230.48	2724.83
1232.08	2719.59
1233.68	2726.92
1235.28	2738.43
1236.88	2710.18
1238.48	2721.69
1240.08	2736.34
1241.68	2713.32
1243.28	2714.36
1244.87	2725.87
1246.47	2716.45
1248.07	2722.73
1249.67	2726.92
1251.27	2742.62
1252.87	2720.64
1254.46	2722.73
1256.06	2721.69
1257.66	2725.87
1259.26	2717.50
1260.85	2722.73
1262.45	2716.45
1264.05	2731.10
1265.64	2717.50
1267.24	2724.83
1268.83	2723.78
1270.43	2730.06
1272.03	2736.34
1273.62	2730.06
1275.22	2708.08
1276.81	2730.06
1278.41	2720.64
1280.00	2725.87
1281.60	2717.50
1283.19	2724.83
1284.79	2720.64
1286.38	2715.41
1287.97	2720.64
1289.57	2726.92
1291.16	2712.27
1292.75	2705.99
1294.35	2725.87
1295.94	2729.01
1297.53	2722.73
1299.12	2719.59
1300.72	2723.78
1302.31	2704.94
1303.90	2730.06
1305.49	2747.85
1307.08	2715.41
1308.68	2712.27
1310.27	2707.04
1311.86	2723.78
1313.45	2716.45
1315.04	2717.50
1316.63	2713.32
1318.22	2723.78
1319.81	2711.22
1321.40	2729.01
1322.99	2720.64
1324.58	2701.81
1326.17	2698.67
1327.75	2712.27
1329.34	2719.59
1330.93	2715.41
1332.52	2701.81
1334.11	2716.45
1335.70	2710.18
1337.28	2704.94
1338.87	2704.94
1340.46	2710.18
1342.05	2701.81
1343.63	2707.04
1345.22	2696.57
1346.81	2722.73
1348.39	2711.22
1349.98	2721.69
1351.56	2704.94
1353.15	2711.22
1354.73	2717.50
1356.32	2710.18
1357.90	2705.99
1359.49	2723.78
1361.07	2708.08
1362.66	2705.99
1364.24	2714.36
1365.82	2717.50
1367.41	2717.50
1368.99	2712.27
1370.57	2703.90
1372.16	2714.36
1373.74	2708.08
1375.32	2720.64
1376.91	2713.32
1378.49	2712.27
1380.07	2691.34
1381.65	2708.08
1383.23	2700.76
1384.81	2703.90
1386.39	2700.76
1387.97	2713.32
1389.55	2699.71
1391.14	2700.76
1392.72	2700.76
1394.29	2707.04
1395.87	2710.18
1397.45	2700.76
1399.03	2705.99
1400.61	2708.08
1402.19	2699.71
1403.77	2695.53
1405.35	2711.22
1406.92	2710.18
1408.50	2709.13
1410.08	2705.99
1411.66	2693.43
1413.23	2700.76
1414.81	2708.08
1416.39	2699.71
1417.96	2710.18
1419.54	2701.81
1421.12	2701.81
1422.69	2716.45
1424.27	2701.81
1425.84	2704.94
1427.42	2699.71
1428.99	2708.08
1430.57	2709.13
1432.14	2712.27
1433.71	2699.71
1435.29	2710.18
1436.86	2708.08
1438.43	2712.27
1440.01	2701.81
1441.58	2587.75
1443.15	2711.22
1444.72	2712.27
1446.30	2704.94
1447.87	2711.22
1449.44	2701.81
1451.01	2693.43
1452.58	2721.69
1454.15	2709.13
1455.72	2691.34
1457.29	2703.90
1458.86	2715.41
1460.43	2701.81
1462.00	2722.73
1463.57	2711.22
1465.14	2713.32
1466.71	2704.94
1468.28	2699.71
1469.85	2705.99
1471.41	2711.22
1472.98	2701.81
1474.55	2725.87
1476.12	2710.18
1477.68	2702.85
1479.25	2720.64
1480.82	2709.13
1482.38	2720.64
1483.95	2699.71
1485.51	2710.18
1487.08	2712.27
1488.64	2705.99
1490.21	2715.41
1491.77	2699.71
1493.34	2719.59
1494.90	2704.94
1496.46	2703.90
1498.03	2716.45
1499.59	2712.27
1501.15	2707.04
1502.72	2700.76
1504.28	2704.94
1505.84	2698.67
1507.40	2696.57
1508.97	2709.13
1510.53	2701.81
1512.09	2708.08
1513.65	2711.22
1515.21	2709.13
1516.77	2693.43
1518.33	2703.90
1519.89	2701.81
1521.45	2699.71
1523.01	2704.94
1524.57	2712.27
1526.13	2696.57
1527.68	2707.04
1529.24	2717.50
1530.80	2703.90
1532.36	2711.22
1533.92	2704.94
1535.47	2695.53
1537.03	2697.62
1538.59	2701.81
1540.14	2688.20
1541.70	2690.29
1543.25	2705.99
1544.81	2705.99
1546.36	2705.99
1547.92	2691.34
1549.47	2692.39
1551.03	2700.76
1552.58	2689.25
1554.13	2680.88
1555.69	2693.43
1557.24	2692.39
1558.79	2695.53
1560.35	2686.11
1561.90	2691.34
1563.45	2686.11
1565.00	2692.39
1566.55	2686.11
1568.10	2689.25
1569.66	2685.06
1571.21	2692.39
1572.76	2694.48
1574.31	2689.25
1575.86	2684.02
1577.40	2673.55
1578.95	2681.92
1580.50	2685.06
1582.05	2670.41
1583.60	2679.83
1585.15	2672.51
1586.69	2682.97
1588.24	2692.39
1589.79	2682.97
1591.34	2667.27
1592.88	2686.11
1594.43	2667.27
1595.97	2679.83
1597.52	2679.83
1599.06	2675.65
1600.61	2669.37
1602.15	2685.06
1603.70	2671.46
1605.24	2671.46
1606.79	2675.65
1608.33	2657.86
1609.87	2667.27
1611.41	2678.78
1612.96	2682.97
1614.50	2669.37
1616.04	2669.37
1617.58	2673.55
1619.12	2674.60
1620.67	2676.69
1622.21	2661.00
1623.75	2677.74
1625.29	2657.86
1626.83	2663.09
1628.37	2687.16
1629.90	2661.00
1631.44	2666.23
1632.98	2668.32
1634.52	2657.86
1636.06	2661.00
1637.59	2679.83
1639.13	2668.32
1640.67	2675.65
1642.21	2673.55
1643.74	2672.51
1645.28	2666.23
1646.81	2662.04
1648.35	2676.69
1649.88	2659.95
1651.42	2666.23
1652.95	2654.72
1654.49	2676.69
1656.02	2659.95
1657.55	2663.09
1659.09	2645.30
1660.62	2656.81
1662.15	2650.53
1663.68	2663.09
1665.22	2652.62
1666.75	2653.67
1668.28	2652.62
1669.81	2666.23
1671.34	2650.53
1672.87	2653.67
1674.40	2659.95
1675.93	2656.81
1677.46	2635.88
1678.99	2647.39
1680.52	2640.07
1682.04	2643.21
1683.57	2635.88
1685.10	2647.39
1686.63	2634.84
1688.15	2642.16
1689.68	2630.65
1691.21	2631.70
1692.73	2630.65
1694.26	2633.79
1695.78	2628.56
1697.31	2632.74
1698.83	2627.51
1700.36	2632.74
1701.88	2617.05
1703.40	2634.84
1704.93	2619.14
1706.45	2623.33
