896.35	3034.56
897.98	3043.98
899.60	3048.16
901.22	3074.32
902.85	3061.77
904.47	3080.60
906.10	3076.42
907.72	3088.97
909.34	3110.95
910.97	3128.74
912.59	3141.29
914.21	3170.59
915.84	3206.17
917.46	3249.07
919.08	3273.14
920.71	3288.84
922.33	3319.18
923.95	3325.46
925.58	3354.76
927.20	3356.85
928.82	3367.32
930.44	3383.01
932.07	3364.18
933.69	3375.69
935.31	3392.43
936.93	3399.75
938.56	3395.57
940.18	3416.50
941.80	3403.94
943.42	3429.05
945.05	3435.33
946.67	3417.54
948.29	3420.68
949.91	3420.68
951.53	3436.38
953.16	3442.66
954.78	3437.42
956.40	3428.01
958.02	3422.78
959.64	3431.15
961.26	3423.82
962.88	3434.29
964.51	3413.36
966.13	3438.47
967.75	3430.10
969.37	3439.52
970.99	3436.38
972.61	3428.01
974.23	3424.87
975.85	3430.10
977.47	3435.33
979.09	3433.24
980.71	3424.87
982.33	3437.42
983.95	3447.89
985.57	3454.17
987.19	3434.29
988.81	3446.84
990.43	3441.61
992.05	3453.12
993.67	3460.45
995.29	3470.91
996.91	3464.63
998.53	3483.47
1000.15	3475.10
1001.77	3491.84
1003.39	3489.74
1005.01	3492.88
1006.63	3500.21
1008.25	3516.95
1009.86	3520.09
1011.48	3514.86
1013.10	3511.72
1014.72	3524.28
1016.34	3525.32
1017.96	3549.39
1019.58	3524.28
1021.19	3530.55
1022.81	3539.97
1024.43	3548.34
1026.05	3545.20
1027.66	3564.04
1029.28	3549.39
1030.90	3554.62
1032.52	3544.16
1034.13	3562.99
1035.75	3567.18
1037.37	3576.60
1038.98	3580.78
1040.60	3568.22
1042.22	3557.76
1043.83	3575.55
1045.45	3580.78
1047.07	3578.69
1048.68	3576.60
1050.30	3572.41
1051.92	3587.06
1053.53	3582.87
1055.15	3582.87
1056.76	3572.41
1058.38	3576.60
1059.99	3582.87
1061.61	3566.13
1063.22	3574.50
1064.84	3581.83
1066.46	3573.46
1068.07	3566.13
1069.68	3576.60
1071.30	3578.69
1072.91	3567.18
1074.53	3546.25
1076.14	3564.04
1077.76	3558.81
1079.37	3565.09
1080.98	3522.18
1082.60	3556.71
1084.21	3554.62
1085.83	3543.11
1087.44	3541.02
1089.05	3535.79
1090.67	3526.37
1092.28	3532.65
1093.89	3538.93
1095.50	3534.74
1097.12	3537.88
1098.73	3546.25
1100.34	3515.90
1101.95	3531.60
1103.57	3525.32
1105.18	3523.23
1106.79	3522.18
1108.40	3531.60
1110.01	3531.60
1111.63	3534.74
1113.24	3529.51
1114.85	3533.69
1116.46	3534.74
1118.07	3542.06
1119.68	3520.09
1121.29	3531.60
1122.90	3520.09
1124.51	3530.55
1126.12	3530.55
1127.73	3537.88
1129.34	3538.93
1130.95	3537.88
1132.56	3541.02
1134.17	3525.32
1135.78	3532.65
1137.39	3535.79
1139.00	3520.09
1140.61	3530.55
1142.22	3527.42
1143.83	3527.42
1145.44	3519.04
1147.05	3520.09
1148.65	3521.14
1150.26	3511.72
1151.87	3512.77
1153.48	3522.18
1155.09	3531.60
1156.69	3530.55
1158.30	3511.72
1159.91	3516.95
1161.52	3526.37
1163.12	3529.51
1164.73	3532.65
1166.34	3537.88
1167.94	3520.09
1169.55	3523.23
1171.16	3519.04
1172.76	3536.83
1174.37	3525.32
1175.97	3537.88
1177.58	3512.77
1179.19	3536.83
1180.79	3525.32
1182.40	3530.55
1184.00	3514.86
1185.61	3528.46
1187.21	3520.09
1188.82	3516.95
1190.42	3519.04
1192.02	3525.32
1193.63	3514.86
1195.23	3526.37
1196.84	3518.00
1198.44	3524.28
1200.04	3522.18
1201.65	3522.18
1203.25	3515.90
1204.85	3522.18
1206.46	3499.16
1208.06	3505.44
1209.66	3490.79
1211.26	3493.93
1212.87	3512.77
1214.47	3500.21
1216.07	3501.26
1217.67	3509.63
1219.27	3502.30
1220.87	3499.16
1222.48	3499.16
1224.08	3494.98
1225.68	3488.70
1227.28	3494.98
1228.88	3488.70
1230.48	3492.88
1232.08	3473.00
1233.68	3492.88
1235.28	3497.07
1236.88	3482.42
1238.48	3454.17
1240.08	3476.14
1241.68	3449.98
1243.28	3462.54
1244.87	3443.70
1246.47	3447.89
1248.07	3430.10
1249.67	3434.29
1251.27	3449.98
1252.87	3440.56
1254.46	3422.78
1256.06	3424.87
1257.66	3431.15
1259.26	3423.82
1260.85	3433.24
1262.45	3423.82
1264.05	3424.87
1265.64	3415.45
1267.24	3416.50
1268.83	3415.45
1270.43	3402.89
1272.03	3423.82
1273.62	3401.85
1275.22	3390.34
1276.81	3393.48
1278.41	3400.80
1280.00	3394.52
1281.60	3391.38
1283.19	3380.92
1284.79	3394.52
1286.38	3390.34
1287.97	3390.34
1289.57	3369.41
1291.16	3370.46
1292.75	3370.46
1294.35	3381.97
1295.94	3368.36
1297.53	3369.41
1299.12	3359.99
1300.72	3378.83
1302.31	3348.48
1303.90	3371.50
1305.49	3359.99
1307.08	3348.48
1308.68	3340.11
1310.27	3348.48
1311.86	3341.16
1313.45	3336.97
1315.04	3341.16
1316.63	3342.20
1318.22	3332.78
1319.81	3326.51
1321.40	3324.41
1322.99	3332.78
1324.58	3307.67
1326.17	3313.95
1327.75	3305.58
1329.34	3308.72
1330.93	3289.88
1332.52	3288.84
1334.11	3282.56
1335.70	3283.60
1337.28	3274.19
1338.87	3279.42
1340.46	3274.19
1342.05	3273.14
1343.63	3263.72
1345.22	3265.82
1346.81	3273.14
1348.39	3264.77
1349.98	3255.35
1351.56	3251.17
1353.15	3235.47
1354.73	3227.10
1356.32	3206.17
1357.90	3208.26
1359.49	3209.31
1361.07	3194.66
1362.66	3197.80
1364.24	3191.52
1365.82	3191.52
1367.41	3193.61
1368.99	3166.41
1370.57	3163.27
1372.16	3164.31
1373.74	3162.22
1375.32	3150.71
1376.91	3141.29
1378.49	3107.81
1380.07	3080.60
1381.65	3081.65
1383.23	3061.77
1384.81	3061.77
1386.39	3049.21
1387.97	3050.26
1389.55	3040.84
1391.14	3028.28
1392.72	3017.82
1394.29	3012.59
1395.87	3000.03
1397.45	2989.57
1399.03	2987.47
1400.61	2971.78
1402.19	2955.03
1403.77	2953.99
1405.35	2973.87
1406.92	2955.03
1408.50	2945.62
1410.08	2945.62
1411.66	2930.97
1413.23	2933.06
1414.81	2936.20
1416.39	2912.13
1417.96	2925.74
1419.54	2928.87
1421.12	2922.60
1422.69	2922.60
1424.27	2905.85
1425.84	2913.18
1427.42	2906.90
1428.99	2920.50
1430.57	2911.09
1432.14	2899.58
1433.71	2904.81
1435.29	2917.36
1436.86	2907.95
1438.43	2898.53
1440.01	2905.85
1441.58	2784.47
1443.15	2904.81
1444.72	2903.76
1446.30	2897.48
1447.87	2902.71
1449.44	2895.39
1451.01	2882.83
1452.58	2901.67
1454.15	2891.20
1455.72	2890.16
1457.29	2898.53
1458.86	2896.44
1460.43	2885.97
1462.00	2903.76
1463.57	2892.25
1465.14	2896.44
1466.71	2889.11
1468.28	2896.44
1469.85	2893.30
1471.41	2903.76
1472.98	2892.25
1474.55	2904.81
1476.12	2887.02
1477.68	2890.16
1479.25	2895.39
1480.82	2894.34
1482.38	2903.76
1483.95	2895.39
1485.51	2906.90
1487.08	2919.46
1488.64	2903.76
1490.21	2907.95
1491.77	2894.34
1493.34	2913.18
1494.90	2903.76
1496.46	2911.09
1498.03	2913.18
1499.59	2914.22
1501.15	2911.09
1502.72	2912.13
1504.28	2907.95
1505.84	2911.09
1507.40	2918.41
1508.97	2921.55
1510.53	2906.90
1512.09	2926.78
1513.65	2928.87
1515.21	2926.78
1516.77	2918.41
1518.33	2936.20
1519.89	2932.01
1521.45	2928.87
1523.01	2937.25
1524.57	2935.15
1526.13	2924.69
1527.68	2927.83
1529.24	2940.38
1530.80	2929.92
1532.36	2938.29
1533.92	2925.74
1535.47	2923.64
1537.03	2930.97
1538.59	2934.11
1540.14	2932.01
1541.70	2923.64
1543.25	2941.43
1544.81	2929.92
1546.36	2936.20
1547.92	2922.60
1549.47	2926.78
1551.03	2928.87
1552.58	2922.60
1554.13	2924.69
1555.69	2929.92
1557.24	2923.64
1558.79	2918.41
1560.35	2920.50
1561.90	2926.78
1563.45	2919.46
1565.00	2923.64
1566.55	2916.32
1568.10	2919.46
1569.66	2906.90
1571.21	2922.60
1572.76	2917.36
1574.31	2912.13
1575.86	2905.85
1577.40	2894.34
1578.95	2901.67
1580.50	2902.71
1582.05	2899.58
1583.60	2902.71
1585.15	2888.06
1586.69	2896.44
1588.24	2899.58
1589.79	2908.99
1591.34	2888.06
1592.88	2902.71
1594.43	2883.88
1595.97	2901.67
1597.52	2891.20
1599.06	2889.11
1600.61	2887.02
1602.15	2901.67
1603.70	2888.06
1605.24	2888.06
1606.79	2887.02
1608.33	2869.23
1609.87	2868.18
1611.41	2888.06
1612.96	2875.51
1614.50	2861.90
1616.04	2861.90
1617.58	2873.42
1619.12	2860.86
1620.67	2874.46
1622.21	2851.44
1623.75	2868.18
1625.29	2853.53
1626.83	2856.67
1628.37	2868.18
1629.90	2849.35
1631.44	2839.93
1632.98	2838.88
1634.52	2821.10
1636.06	2831.56
1637.59	2837.84
1639.13	2822.14
1640.67	2809.58
1642.21	2797.03
1643.74	2794.94
1645.28	2777.15
1646.81	2760.40
1648.35	2768.78
1649.88	2742.62
1651.42	2750.99
1652.95	2734.24
1654.49	2755.17
1656.02	2727.97
1657.55	2721.69
1659.09	2703.90
1660.62	2731.10
1662.15	2713.32
1663.68	2718.55
1665.22	2709.13
1666.75	2703.90
1668.28	2700.76
1669.81	2711.22
1671.34	2695.53
1672.87	2700.76
1674.40	2715.41
1675.93	2699.71
1677.46	2681.92
1678.99	2684.02
1680.52	2673.55
1682.04	2694.48
1683.57	2682.97
1685.10	2691.34
1686.63	2681.92
1688.15	2687.16
1689.68	2682.97
1691.21	2680.88
1692.73	2681.92
1694.26	2680.88
1695.78	2675.65
1697.31	2681.92
1698.83	2666.23
1700.36	2676.69
1701.88	2667.27
1703.40	2681.92
1704.93	2666.23
1706.45	2671.46
