896.35	2966.54
897.98	2972.82
899.60	2978.06
901.22	3000.03
902.85	2980.15
904.47	3000.03
906.10	3010.49
907.72	3010.49
909.34	3028.28
910.97	3041.89
912.59	3058.63
914.21	3083.74
915.84	3108.86
917.46	3143.39
919.08	3162.22
920.71	3181.06
922.33	3206.17
923.95	3213.50
925.58	3235.47
927.20	3225.01
928.82	3238.61
930.44	3258.49
932.07	3245.93
933.69	3249.07
935.31	3255.35
936.93	3262.68
938.56	3267.91
940.18	3286.74
941.80	3284.65
943.42	3287.79
945.05	3298.25
946.67	3294.07
948.29	3294.07
949.91	3287.79
951.53	3299.30
953.16	3301.39
954.78	3298.25
956.40	3284.65
958.02	3293.02
959.64	3306.62
961.26	3301.39
962.88	3295.11
964.51	3284.65
966.13	3312.90
967.75	3300.35
969.37	3291.98
970.99	3289.88
972.61	3296.16
974.23	3298.25
975.85	3298.25
977.47	3305.58
979.09	3308.72
980.71	3291.98
982.33	3311.86
983.95	3309.76
985.57	3326.51
987.19	3305.58
988.81	3323.37
990.43	3310.81
992.05	3316.04
993.67	3328.60
995.29	3335.92
996.91	3324.41
998.53	3346.39
1000.15	3345.34
1001.77	3352.67
1003.39	3355.81
1005.01	3354.76
1006.63	3358.94
1008.25	3366.27
1009.86	3379.87
1011.48	3380.92
1013.10	3373.59
1014.72	3391.38
1016.34	3393.48
1017.96	3404.99
1019.58	3388.24
1021.19	3387.20
1022.81	3389.29
1024.43	3404.99
1026.05	3397.66
1027.66	3422.78
1029.28	3421.73
1030.90	3411.26
1032.52	3397.66
1034.13	3417.54
1035.75	3426.96
1037.37	3429.05
1038.98	3434.29
1040.60	3424.87
1042.22	3402.89
1043.83	3421.73
1045.45	3426.96
1047.07	3430.10
1048.68	3437.42
1050.30	3424.87
1051.92	3433.24
1053.53	3425.91
1055.15	3426.96
1056.76	3433.24
1058.38	3432.19
1059.99	3443.70
1061.61	3438.47
1063.22	3428.01
1064.84	3441.61
1066.46	3434.29
1068.07	3422.78
1069.68	3433.24
1071.30	3442.66
1072.91	3421.73
1074.53	3414.40
1076.14	3433.24
1077.76	3416.50
1079.37	3434.29
1080.98	3399.75
1082.60	3418.59
1084.21	3412.31
1085.83	3416.50
1087.44	3420.68
1089.05	3402.89
1090.67	3407.08
1092.28	3401.85
1093.89	3402.89
1095.50	3410.22
1097.12	3399.75
1098.73	3406.03
1100.34	3388.24
1101.95	3398.71
1103.57	3395.57
1105.18	3392.43
1106.79	3389.29
1108.40	3408.13
1110.01	3400.80
1111.63	3400.80
1113.24	3401.85
1114.85	3401.85
1116.46	3394.52
1118.07	3411.26
1119.68	3397.66
1121.29	3417.54
1122.90	3396.62
1124.51	3400.80
1126.12	3398.71
1127.73	3417.54
1129.34	3411.26
1130.95	3420.68
1132.56	3420.68
1134.17	3392.43
1135.78	3393.48
1137.39	3409.17
1139.00	3399.75
1140.61	3397.66
1142.22	3410.22
1143.83	3408.13
1145.44	3401.85
1147.05	3407.08
1148.65	3403.94
1150.26	3400.80
1151.87	3391.38
1153.48	3409.17
1155.09	3407.08
1156.69	3413.36
1158.30	3388.24
1159.91	3399.75
1161.52	3411.26
1163.12	3415.45
1164.73	3404.99
1166.34	3417.54
1167.94	3415.45
1169.55	3424.87
1171.16	3425.91
1172.76	3429.05
1174.37	3410.22
1175.97	3419.64
1177.58	3408.13
1179.19	3434.29
1180.79	3418.59
1182.40	3423.82
1184.00	3416.50
1185.61	3422.78
1187.21	3416.50
1188.82	3413.36
1190.42	3417.54
1192.02	3426.96
1193.63	3404.99
1195.23	3415.45
1196.84	3411.26
1198.44	3422.78
1200.04	3420.68
1201.65	3417.54
1203.25	3417.54
1204.85	3423.82
1206.46	3395.57
1208.06	3412.31
1209.66	3400.80
1211.26	3403.94
1212.87	3429.05
1214.47	3403.94
1216.07	3401.85
1217.67	3410.22
1219.27	3398.71
1220.87	3406.03
1222.48	3399.75
1224.08	3396.62
1225.68	3389.29
1227.28	3402.89
1228.88	3385.10
1230.48	3397.66
1232.08	3368.36
1233.68	3385.10
1235.28	3397.66
1236.88	3380.92
1238.48	3377.78
1240.08	3394.52
1241.68	3362.08
1243.28	3370.46
1244.87	3367.32
1246.47	3365.22
1248.07	3354.76
1249.67	3361.04
1251.27	3364.18
1252.87	3341.16
1254.46	3328.60
1256.06	3336.97
1257.66	3334.88
1259.26	3336.97
1260.85	3335.92
1262.45	3333.83
1264.05	3331.74
1265.64	3342.20
1267.24	3335.92
1268.83	3344.30
1270.43	3324.41
1272.03	3334.88
1273.62	3322.32
1275.22	3310.81
1276.81	3326.51
1278.41	3322.32
1280.00	3325.46
1281.60	3324.41
1283.19	3305.58
1284.79	3321.27
1286.38	3308.72
1287.97	3319.18
1289.57	3300.35
1291.16	3302.44
1292.75	3300.35
1294.35	3301.39
1295.94	3294.07
1297.53	3300.35
1299.12	3287.79
1300.72	3304.53
1302.31	3276.28
1303.90	3303.49
1305.49	3296.16
1307.08	3280.46
1308.68	3278.37
1310.27	3280.46
1311.86	3273.14
1313.45	3278.37
1315.04	3276.28
1316.63	3275.23
1318.22	3271.05
1319.81	3260.58
1321.40	3260.58
1322.99	3271.05
1324.58	3244.89
1326.17	3250.12
1327.75	3235.47
1329.34	3241.75
1330.93	3229.19
1332.52	3236.52
1334.11	3233.38
1335.70	3229.19
1337.28	3221.87
1338.87	3229.19
1340.46	3217.68
1342.05	3216.63
1343.63	3210.36
1345.22	3214.54
1346.81	3227.10
1348.39	3208.26
1349.98	3200.94
1351.56	3195.71
1353.15	3186.29
1354.73	3190.47
1356.32	3173.73
1357.90	3167.45
1359.49	3167.45
1361.07	3160.13
1362.66	3153.85
1364.24	3156.99
1365.82	3153.85
1367.41	3166.41
1368.99	3136.06
1370.57	3133.97
1372.16	3132.92
1373.74	3129.78
1375.32	3124.55
1376.91	3109.90
1378.49	3087.93
1380.07	3061.77
1381.65	3053.40
1383.23	3040.84
1384.81	3032.47
1386.39	3031.42
1387.97	3037.70
1389.55	3030.38
1391.14	3017.82
1392.72	3007.35
1394.29	3005.26
1395.87	2991.66
1397.45	2979.10
1399.03	2989.57
1400.61	2982.24
1402.19	2968.64
1403.77	2956.08
1405.35	2966.54
1406.92	2947.71
1408.50	2951.90
1410.08	2940.38
1411.66	2945.62
1413.23	2937.25
1414.81	2939.34
1416.39	2918.41
1417.96	2934.11
1419.54	2927.83
1421.12	2929.92
1422.69	2936.20
1424.27	2921.55
1425.84	2926.78
1427.42	2925.74
1428.99	2923.64
1430.57	2922.60
1432.14	2913.18
1433.71	2916.32
1435.29	2919.46
1436.86	2923.64
1438.43	2915.27
1440.01	2912.13
1441.58	2786.56
1443.15	2917.36
1444.72	2914.22
1446.30	2914.22
1447.87	2915.27
1449.44	2917.36
1451.01	2906.90
1452.58	2911.09
1454.15	2902.71
1455.72	2898.53
1457.29	2901.67
1458.86	2910.04
1460.43	2896.44
1462.00	2923.64
1463.57	2899.58
1465.14	2905.85
1466.71	2890.16
1468.28	2902.71
1469.85	2915.27
1471.41	2913.18
1472.98	2907.95
1474.55	2916.32
1476.12	2896.44
1477.68	2897.48
1479.25	2907.95
1480.82	2907.95
1482.38	2907.95
1483.95	2897.48
1485.51	2908.99
1487.08	2928.87
1488.64	2926.78
1490.21	2922.60
1491.77	2904.81
1493.34	2928.87
1494.90	2905.85
1496.46	2910.04
1498.03	2913.18
1499.59	2919.46
1501.15	2922.60
1502.72	2921.55
1504.28	2919.46
1505.84	2917.36
1507.40	2912.13
1508.97	2926.78
1510.53	2914.22
1512.09	2928.87
1513.65	2930.97
1515.21	2932.01
1516.77	2913.18
1518.33	2930.97
1519.89	2928.87
1521.45	2922.60
1523.01	2924.69
1524.57	2934.11
1526.13	2926.78
1527.68	2935.15
1529.24	2938.29
1530.80	2930.97
1532.36	2935.15
1533.92	2932.01
1535.47	2921.55
1537.03	2929.92
1538.59	2937.25
1540.14	2935.15
1541.70	2915.27
1543.25	2935.15
1544.81	2919.46
1546.36	2933.06
1547.92	2911.09
1549.47	2927.83
1551.03	2922.60
1552.58	2915.27
1554.13	2915.27
1555.69	2920.50
1557.24	2905.85
1558.79	2911.09
1560.35	2915.27
1561.90	2927.83
1563.45	2917.36
1565.00	2917.36
1566.55	2903.76
1568.10	2911.09
1569.66	2896.44
1571.21	2911.09
1572.76	2914.22
1574.31	2907.95
1575.86	2915.27
1577.40	2900.62
1578.95	2896.44
1580.50	2903.76
1582.05	2885.97
1583.60	2890.16
1585.15	2883.88
1586.69	2892.25
1588.24	2893.30
1589.79	2892.25
1591.34	2879.69
1592.88	2898.53
1594.43	2877.60
1595.97	2896.44
1597.52	2882.83
1599.06	2884.93
1600.61	2877.60
1602.15	2892.25
1603.70	2878.65
1605.24	2888.06
1606.79	2879.69
1608.33	2870.28
1609.87	2860.86
1611.41	2879.69
1612.96	2874.46
1614.50	2857.72
1616.04	2871.32
1617.58	2881.79
1619.12	2857.72
1620.67	2865.04
1622.21	2848.30
1623.75	2868.18
1625.29	2850.39
1626.83	2852.49
1628.37	2868.18
1629.90	2850.39
1631.44	2835.74
1632.98	2836.79
1634.52	2808.54
1636.06	2813.77
1637.59	2821.10
1639.13	2810.63
1640.67	2804.35
1642.21	2789.70
1643.74	2784.47
1645.28	2762.50
1646.81	2758.31
1648.35	2766.68
1649.88	2734.24
1651.42	2740.52
1652.95	2731.10
1654.49	2747.85
1656.02	2725.87
1657.55	2722.73
1659.09	2703.90
1660.62	2720.64
1662.15	2703.90
1663.68	2711.22
1665.22	2699.71
1666.75	2700.76
1668.28	2687.16
1669.81	2710.18
1671.34	2694.48
1672.87	2700.76
1674.40	2699.71
1675.93	2689.25
1677.46	2672.51
1678.99	2677.74
1680.52	2673.55
1682.04	2687.16
1683.57	2675.65
1685.10	2685.06
1686.63	2677.74
1688.15	2671.46
1689.68	2670.41
1691.21	2668.32
1692.73	2671.46
1694.26	2674.60
1695.78	2668.32
1697.31	2670.41
1698.83	2666.23
1700.36	2671.46
1701.88	2649.49
1703.40	2673.55
1704.93	2655.76
1706.45	2663.09
