896.35	3003.17
897.98	3016.77
899.60	3023.05
901.22	3040.84
902.85	3028.28
904.47	3042.93
906.10	3050.26
907.72	3063.86
909.34	3078.51
910.97	3091.07
912.59	3104.67
914.21	3135.02
915.84	3161.18
917.46	3206.17
919.08	3233.38
920.71	3252.21
922.33	3262.68
923.95	3273.14
925.58	3302.44
927.20	3306.62
928.82	3312.90
930.44	3335.92
932.07	3322.32
933.69	3321.27
935.31	3332.78
936.93	3342.20
938.56	3348.48
940.18	3361.04
941.80	3353.71
943.42	3368.36
945.05	3376.73
946.67	3364.18
948.29	3367.32
949.91	3371.50
951.53	3387.20
953.16	3388.24
954.78	3370.46
956.40	3365.22
958.02	3366.27
959.64	3379.87
961.26	3377.78
962.88	3390.34
964.51	3368.36
966.13	3397.66
967.75	3390.34
969.37	3376.73
970.99	3371.50
972.61	3383.01
974.23	3378.83
975.85	3387.20
977.47	3385.10
979.09	3379.87
980.71	3379.87
982.33	3397.66
983.95	3391.38
985.57	3402.89
987.19	3393.48
988.81	3401.85
990.43	3391.38
992.05	3397.66
993.67	3403.94
995.29	3412.31
996.91	3400.80
998.53	3435.33
1000.15	3428.01
1001.77	3435.33
1003.39	3438.47
1005.01	3436.38
1006.63	3442.66
1008.25	3449.98
1009.86	3464.63
1011.48	3459.40
1013.10	3462.54
1014.72	3475.10
1016.34	3466.72
1017.96	3481.37
1019.58	3470.91
1021.19	3476.14
1022.81	3481.37
1024.43	3494.98
1026.05	3489.74
1027.66	3510.67
1029.28	3501.26
1030.90	3504.39
1032.52	3487.65
1034.13	3502.30
1035.75	3502.30
1037.37	3519.04
1038.98	3528.46
1040.60	3521.14
1042.22	3504.39
1043.83	3514.86
1045.45	3515.90
1047.07	3519.04
1048.68	3520.09
1050.30	3513.81
1051.92	3532.65
1053.53	3532.65
1055.15	3524.28
1056.76	3515.90
1058.38	3519.04
1059.99	3537.88
1061.61	3520.09
1063.22	3522.18
1064.84	3527.42
1066.46	3522.18
1068.07	3513.81
1069.68	3523.23
1071.30	3526.37
1072.91	3520.09
1074.53	3508.58
1076.14	3526.37
1077.76	3509.63
1079.37	3520.09
1080.98	3482.42
1082.60	3501.26
1084.21	3501.26
1085.83	3502.30
1087.44	3503.35
1089.05	3490.79
1090.67	3487.65
1092.28	3489.74
1093.89	3493.93
1095.50	3491.84
1097.12	3482.42
1098.73	3492.88
1100.34	3466.72
1101.95	3492.88
1103.57	3487.65
1105.18	3485.56
1106.79	3475.10
1108.40	3490.79
1110.01	3483.47
1111.63	3497.07
1113.24	3492.88
1114.85	3491.84
1116.46	3488.70
1118.07	3502.30
1119.68	3484.51
1121.29	3497.07
1122.90	3480.33
1124.51	3489.74
1126.12	3496.02
1127.73	3504.39
1129.34	3500.21
1130.95	3506.49
1132.56	3500.21
1134.17	3482.42
1135.78	3483.47
1137.39	3497.07
1139.00	3474.05
1140.61	3489.74
1142.22	3498.12
1143.83	3488.70
1145.44	3487.65
1147.05	3496.02
1148.65	3491.84
1150.26	3489.74
1151.87	3484.51
1153.48	3491.84
1155.09	3501.26
1156.69	3511.72
1158.30	3488.70
1159.91	3490.79
1161.52	3498.12
1163.12	3502.30
1164.73	3493.93
1166.34	3519.04
1167.94	3485.56
1169.55	3506.49
1171.16	3493.93
1172.76	3510.67
1174.37	3493.93
1175.97	3506.49
1177.58	3480.33
1179.19	3510.67
1180.79	3496.02
1182.40	3502.30
1184.00	3500.21
1185.61	3519.04
1187.21	3507.53
1188.82	3502.30
1190.42	3502.30
1192.02	3501.26
1193.63	3488.70
1195.23	3506.49
1196.84	3511.72
1198.44	3512.77
1200.04	3510.67
1201.65	3502.30
1203.25	3488.70
1204.85	3497.07
1206.46	3489.74
1208.06	3499.16
1209.66	3479.28
1211.26	3486.61
1212.87	3507.53
1214.47	3488.70
1216.07	3486.61
1217.67	3491.84
1219.27	3471.96
1220.87	3484.51
1222.48	3481.37
1224.08	3478.23
1225.68	3480.33
1227.28	3480.33
1228.88	3460.45
1230.48	3476.14
1232.08	3453.12
1233.68	3470.91
1235.28	3476.14
1236.88	3461.49
1238.48	3443.70
1240.08	3471.96
1241.68	3432.19
1243.28	3454.17
1244.87	3438.47
1246.47	3442.66
1248.07	3422.78
1249.67	3430.10
1251.27	3440.56
1252.87	3424.87
1254.46	3413.36
1256.06	3419.64
1257.66	3408.13
1259.26	3407.08
1260.85	3407.08
1262.45	3400.80
1264.05	3400.80
1265.64	3401.85
1267.24	3395.57
1268.83	3408.13
1270.43	3397.66
1272.03	3416.50
1273.62	3395.57
1275.22	3384.06
1276.81	3398.71
1278.41	3400.80
1280.00	3393.48
1281.60	3384.06
1283.19	3376.73
1284.79	3389.29
1286.38	3369.41
1287.97	3381.97
1289.57	3367.32
1291.16	3373.59
1292.75	3357.90
1294.35	3373.59
1295.94	3357.90
1297.53	3373.59
1299.12	3348.48
1300.72	3361.04
1302.31	3332.78
1303.90	3368.36
1305.49	3359.99
1307.08	3348.48
1308.68	3336.97
1310.27	3345.34
1311.86	3335.92
1313.45	3342.20
1315.04	3335.92
1316.63	3332.78
1318.22	3322.32
1319.81	3324.41
1321.40	3324.41
1322.99	3335.92
1324.58	3310.81
1326.17	3313.95
1327.75	3298.25
1329.34	3305.58
1330.93	3300.35
1332.52	3294.07
1334.11	3289.88
1335.70	3281.51
1337.28	3278.37
1338.87	3289.88
1340.46	3284.65
1342.05	3281.51
1343.63	3273.14
1345.22	3273.14
1346.81	3268.95
1348.39	3261.63
1349.98	3263.72
1351.56	3251.17
1353.15	3248.03
1354.73	3254.30
1356.32	3229.19
1357.90	3228.14
1359.49	3227.10
1361.07	3215.59
1362.66	3203.03
1364.24	3208.26
1365.82	3210.36
1367.41	3208.26
1368.99	3185.24
1370.57	3188.38
1372.16	3195.71
1373.74	3186.29
1375.32	3181.06
1376.91	3166.41
1378.49	3132.92
1380.07	3106.76
1381.65	3094.21
1383.23	3080.60
1384.81	3081.65
1386.39	3077.46
1387.97	3082.70
1389.55	3070.14
1391.14	3052.35
1392.72	3038.75
1394.29	3030.38
1395.87	3023.05
1397.45	3013.63
1399.03	3017.82
1400.61	3008.40
1402.19	3005.26
1403.77	2993.75
1405.35	3007.35
1406.92	2986.43
1408.50	2988.52
1410.08	2980.15
1411.66	2975.96
1413.23	2972.82
1414.81	2978.06
1416.39	2953.99
1417.96	2966.54
1419.54	2953.99
1421.12	2967.59
1422.69	2966.54
1424.27	2960.27
1425.84	2964.45
1427.42	2963.41
1428.99	2961.31
1430.57	2959.22
1432.14	2945.62
1433.71	2950.85
1435.29	2959.22
1436.86	2953.99
1438.43	2948.76
1440.01	2941.43
1441.58	2813.77
1443.15	2946.66
1444.72	2944.57
1446.30	2944.57
1447.87	2950.85
1449.44	2937.25
1451.01	2922.60
1452.58	2942.48
1454.15	2943.52
1455.72	2934.11
1457.29	2934.11
1458.86	2938.29
1460.43	2935.15
1462.00	2957.13
1463.57	2941.43
1465.14	2943.52
1466.71	2927.83
1468.28	2936.20
1469.85	2935.15
1471.41	2942.48
1472.98	2932.01
1474.55	2942.48
1476.12	2927.83
1477.68	2933.06
1479.25	2944.57
1480.82	2941.43
1482.38	2944.57
1483.95	2930.97
1485.51	2936.20
1487.08	2946.66
1488.64	2938.29
1490.21	2951.90
1491.77	2936.20
1493.34	2957.13
1494.90	2944.57
1496.46	2947.71
1498.03	2943.52
1499.59	2948.76
1501.15	2940.38
1502.72	2948.76
1504.28	2956.08
1505.84	2943.52
1507.40	2943.52
1508.97	2964.45
1510.53	2953.99
1512.09	2961.31
1513.65	2960.27
1515.21	2959.22
1516.77	2950.85
1518.33	2974.92
1519.89	2956.08
1521.45	2963.41
1523.01	2962.36
1524.57	2968.64
1526.13	2955.03
1527.68	2966.54
1529.24	2964.45
1530.80	2958.17
1532.36	2962.36
1533.92	2956.08
1535.47	2946.66
1537.03	2958.17
1538.59	2965.50
1540.14	2959.22
1541.70	2945.62
1543.25	2967.59
1544.81	2963.41
1546.36	2965.50
1547.92	2943.52
1549.47	2962.36
1551.03	2963.41
1552.58	2956.08
1554.13	2945.62
1555.69	2959.22
1557.24	2941.43
1558.79	2947.71
1560.35	2940.38
1561.90	2951.90
1563.45	2932.01
1565.00	2940.38
1566.55	2932.01
1568.10	2939.34
1569.66	2930.97
1571.21	2942.48
1572.76	2944.57
1574.31	2937.25
1575.86	2935.15
1577.40	2918.41
1578.95	2920.50
1580.50	2925.74
1582.05	2918.41
1583.60	2928.87
1585.15	2913.18
1586.69	2913.18
1588.24	2917.36
1589.79	2925.74
1591.34	2900.62
1592.88	2919.46
1594.43	2902.71
1595.97	2920.50
1597.52	2913.18
1599.06	2910.04
1600.61	2900.62
1602.15	2918.41
1603.70	2901.67
1605.24	2900.62
1606.79	2905.85
1608.33	2891.20
1609.87	2887.02
1611.41	2903.76
1612.96	2895.39
1614.50	2876.55
1616.04	2884.93
1617.58	2891.20
1619.12	2881.79
1620.67	2892.25
1622.21	2861.90
1623.75	2893.30
1625.29	2871.32
1626.83	2873.42
1628.37	2876.55
1629.90	2861.90
1631.44	2855.63
1632.98	2859.81
1634.52	2838.88
1636.06	2832.61
1637.59	2836.79
1639.13	2827.37
1640.67	2821.10
1642.21	2811.68
1643.74	2793.89
1645.28	2774.01
1646.81	2764.59
1648.35	2769.82
1649.88	2745.75
1651.42	2744.71
1652.95	2725.87
1654.49	2744.71
1656.02	2726.92
1657.55	2731.10
1659.09	2704.94
1660.62	2723.78
1662.15	2702.85
1663.68	2718.55
1665.22	2700.76
1666.75	2700.76
1668.28	2697.62
1669.81	2711.22
1671.34	2697.62
1672.87	2696.57
1674.40	2701.81
1675.93	2691.34
1677.46	2680.88
1678.99	2680.88
1680.52	2674.60
1682.04	2690.29
1683.57	2681.92
1685.10	2680.88
1686.63	2675.65
1688.15	2677.74
1689.68	2669.37
1691.21	2678.78
1692.73	2680.88
1694.26	2677.74
1695.78	2671.46
1697.31	2677.74
1698.83	2665.18
1700.36	2672.51
1701.88	2666.23
1703.40	2678.78
1704.93	2662.04
1706.45	2658.90
