896.35	3006.31
897.98	3013.63
899.60	3014.68
901.22	3041.89
902.85	3029.33
904.47	3051.30
906.10	3056.54
907.72	3051.30
909.34	3072.23
910.97	3094.21
912.59	3104.67
914.21	3139.20
915.84	3168.50
917.46	3209.31
919.08	3230.24
920.71	3242.79
922.33	3271.05
923.95	3287.79
925.58	3312.90
927.20	3298.25
928.82	3305.58
930.44	3336.97
932.07	3325.46
933.69	3329.65
935.31	3336.97
936.93	3349.53
938.56	3347.43
940.18	3362.08
941.80	3367.32
943.42	3378.83
945.05	3371.50
946.67	3366.27
948.29	3379.87
949.91	3377.78
951.53	3388.24
953.16	3395.57
954.78	3383.01
956.40	3378.83
958.02	3376.73
959.64	3380.92
961.26	3384.06
962.88	3397.66
964.51	3369.41
966.13	3394.52
967.75	3383.01
969.37	3374.64
970.99	3373.59
972.61	3385.10
974.23	3387.20
975.85	3388.24
977.47	3387.20
979.09	3393.48
980.71	3376.73
982.33	3400.80
983.95	3404.99
985.57	3418.59
987.19	3391.38
988.81	3410.22
990.43	3398.71
992.05	3409.17
993.67	3415.45
995.29	3415.45
996.91	3407.08
998.53	3446.84
1000.15	3436.38
1001.77	3436.38
1003.39	3435.33
1005.01	3448.94
1006.63	3453.12
1008.25	3465.68
1009.86	3474.05
1011.48	3464.63
1013.10	3464.63
1014.72	3481.37
1016.34	3480.33
1017.96	3502.30
1019.58	3480.33
1021.19	3484.51
1022.81	3484.51
1024.43	3502.30
1026.05	3488.70
1027.66	3515.90
1029.28	3509.63
1030.90	3509.63
1032.52	3496.02
1034.13	3514.86
1035.75	3523.23
1037.37	3528.46
1038.98	3530.55
1040.60	3531.60
1042.22	3515.90
1043.83	3528.46
1045.45	3526.37
1047.07	3529.51
1048.68	3538.93
1050.30	3529.51
1051.92	3527.42
1053.53	3536.83
1055.15	3536.83
1056.76	3538.93
1058.38	3530.55
1059.99	3547.30
1061.61	3522.18
1063.22	3527.42
1064.84	3542.06
1066.46	3532.65
1068.07	3530.55
1069.68	3527.42
1071.30	3532.65
1072.91	3519.04
1074.53	3514.86
1076.14	3531.60
1077.76	3512.77
1079.37	3529.51
1080.98	3492.88
1082.60	3503.35
1084.21	3502.30
1085.83	3509.63
1087.44	3508.58
1089.05	3504.39
1090.67	3493.93
1092.28	3500.21
1093.89	3509.63
1095.50	3512.77
1097.12	3496.02
1098.73	3504.39
1100.34	3480.33
1101.95	3514.86
1103.57	3492.88
1105.18	3483.47
1106.79	3476.14
1108.40	3498.12
1110.01	3498.12
1111.63	3498.12
1113.24	3493.93
1114.85	3498.12
1116.46	3490.79
1118.07	3498.12
1119.68	3485.56
1121.29	3503.35
1122.90	3490.79
1124.51	3488.70
1126.12	3496.02
1127.73	3512.77
1129.34	3503.35
1130.95	3506.49
1132.56	3505.44
1134.17	3488.70
1135.78	3489.74
1137.39	3498.12
1139.00	3477.19
1140.61	3494.98
1142.22	3504.39
1143.83	3494.98
1145.44	3487.65
1147.05	3500.21
1148.65	3503.35
1150.26	3491.84
1151.87	3491.84
1153.48	3502.30
1155.09	3503.35
1156.69	3490.79
1158.30	3484.51
1159.91	3501.26
1161.52	3501.26
1163.12	3508.58
1164.73	3499.16
1166.34	3518.00
1167.94	3499.16
1169.55	3514.86
1171.16	3502.30
1172.76	3502.30
1174.37	3490.79
1175.97	3508.58
1177.58	3492.88
1179.19	3520.09
1180.79	3502.30
1182.40	3510.67
1184.00	3504.39
1185.61	3516.95
1187.21	3508.58
1188.82	3502.30
1190.42	3503.35
1192.02	3500.21
1193.63	3493.93
1195.23	3516.95
1196.84	3512.77
1198.44	3520.09
1200.04	3508.58
1201.65	3510.67
1203.25	3494.98
1204.85	3511.72
1206.46	3492.88
1208.06	3503.35
1209.66	3491.84
1211.26	3497.07
1212.87	3499.16
1214.47	3490.79
1216.07	3488.70
1217.67	3498.12
1219.27	3485.56
1220.87	3492.88
1222.48	3492.88
1224.08	3489.74
1225.68	3489.74
1227.28	3488.70
1228.88	3482.42
1230.48	3473.00
1232.08	3456.26
1233.68	3474.05
1235.28	3479.28
1236.88	3471.96
1238.48	3456.26
1240.08	3487.65
1241.68	3452.07
1243.28	3453.12
1244.87	3442.66
1246.47	3438.47
1248.07	3429.05
1249.67	3446.84
1251.27	3459.40
1252.87	3429.05
1254.46	3417.54
1256.06	3428.01
1257.66	3418.59
1259.26	3413.36
1260.85	3418.59
1262.45	3416.50
1264.05	3417.54
1265.64	3417.54
1267.24	3414.40
1268.83	3423.82
1270.43	3406.03
1272.03	3415.45
1273.62	3394.52
1275.22	3388.24
1276.81	3397.66
1278.41	3395.57
1280.00	3400.80
1281.60	3394.52
1283.19	3388.24
1284.79	3391.38
1286.38	3386.15
1287.97	3390.34
1289.57	3386.15
1291.16	3387.20
1292.75	3373.59
1294.35	3378.83
1295.94	3359.99
1297.53	3378.83
1299.12	3363.13
1300.72	3385.10
1302.31	3346.39
1303.90	3378.83
1305.49	3370.46
1307.08	3357.90
1308.68	3333.83
1310.27	3340.11
1311.86	3358.94
1313.45	3343.25
1315.04	3331.74
1316.63	3342.20
1318.22	3330.69
1319.81	3332.78
1321.40	3325.46
1322.99	3331.74
1324.58	3315.00
1326.17	3325.46
1327.75	3302.44
1329.34	3309.76
1330.93	3311.86
1332.52	3309.76
1334.11	3297.21
1335.70	3290.93
1337.28	3279.42
1338.87	3294.07
1340.46	3285.70
1342.05	3286.74
1343.63	3275.23
1345.22	3274.19
1346.81	3282.56
1348.39	3276.28
1349.98	3271.05
1351.56	3257.44
1353.15	3248.03
1354.73	3255.35
1356.32	3235.47
1357.90	3225.01
1359.49	3230.24
1361.07	3219.77
1362.66	3214.54
1364.24	3218.73
1365.82	3213.50
1367.41	3218.73
1368.99	3192.57
1370.57	3186.29
1372.16	3187.34
1373.74	3184.20
1375.32	3185.24
1376.91	3180.01
1378.49	3133.97
1380.07	3106.76
1381.65	3098.39
1383.23	3082.70
1384.81	3084.79
1386.39	3079.56
1387.97	3084.79
1389.55	3071.18
1391.14	3055.49
1392.72	3038.75
1394.29	3045.02
1395.87	3039.79
1397.45	3024.10
1399.03	3026.19
1400.61	3015.73
1402.19	3010.49
1403.77	2992.70
1405.35	3009.45
1406.92	2991.66
1408.50	2993.75
1410.08	2990.61
1411.66	2991.66
1413.23	2981.19
1414.81	2989.57
1416.39	2971.78
1417.96	2982.24
1419.54	2970.73
1421.12	2978.06
1422.69	2979.10
1424.27	2958.17
1425.84	2963.41
1427.42	2968.64
1428.99	2969.68
1430.57	2963.41
1432.14	2953.99
1433.71	2961.31
1435.29	2969.68
1436.86	2963.41
1438.43	2956.08
1440.01	2949.80
1441.58	2823.19
1443.15	2951.90
1444.72	2946.66
1446.30	2946.66
1447.87	2960.27
1449.44	2951.90
1451.01	2933.06
1452.58	2956.08
1454.15	2948.76
1455.72	2942.48
1457.29	2940.38
1458.86	2940.38
1460.43	2937.25
1462.00	2958.17
1463.57	2937.25
1465.14	2957.13
1466.71	2940.38
1468.28	2939.34
1469.85	2945.62
1471.41	2947.71
1472.98	2936.20
1474.55	2957.13
1476.12	2939.34
1477.68	2942.48
1479.25	2952.94
1480.82	2937.25
1482.38	2936.20
1483.95	2935.15
1485.51	2941.43
1487.08	2955.03
1488.64	2956.08
1490.21	2951.90
1491.77	2941.43
1493.34	2959.22
1494.90	2942.48
1496.46	2950.85
1498.03	2950.85
1499.59	2958.17
1501.15	2958.17
1502.72	2953.99
1504.28	2947.71
1505.84	2949.80
1507.40	2942.48
1508.97	2967.59
1510.53	2958.17
1512.09	2973.87
1513.65	2967.59
1515.21	2965.50
1516.77	2947.71
1518.33	2970.73
1519.89	2958.17
1521.45	2962.36
1523.01	2965.50
1524.57	2966.54
1526.13	2962.36
1527.68	2970.73
1529.24	2967.59
1530.80	2968.64
1532.36	2971.78
1533.92	2960.27
1535.47	2952.94
1537.03	2958.17
1538.59	2965.50
1540.14	2962.36
1541.70	2952.94
1543.25	2975.96
1544.81	2965.50
1546.36	2965.50
1547.92	2942.48
1549.47	2960.27
1551.03	2958.17
1552.58	2955.03
1554.13	2945.62
1555.69	2958.17
1557.24	2941.43
1558.79	2947.71
1560.35	2938.29
1561.90	2944.57
1563.45	2938.29
1565.00	2949.80
1566.55	2942.48
1568.10	2933.06
1569.66	2929.92
1571.21	2948.76
1572.76	2947.71
1574.31	2943.52
1575.86	2930.97
1577.40	2929.92
1578.95	2929.92
1580.50	2934.11
1582.05	2925.74
1583.60	2930.97
1585.15	2912.13
1586.69	2925.74
1588.24	2929.92
1589.79	2932.01
1591.34	2906.90
1592.88	2926.78
1594.43	2906.90
1595.97	2917.36
1597.52	2915.27
1599.06	2910.04
1600.61	2900.62
1602.15	2917.36
1603.70	2905.85
1605.24	2908.99
1606.79	2912.13
1608.33	2894.34
1609.87	2891.20
1611.41	2906.90
1612.96	2896.44
1614.50	2897.48
1616.04	2896.44
1617.58	2903.76
1619.12	2885.97
1620.67	2892.25
1622.21	2867.14
1623.75	2887.02
1625.29	2871.32
1626.83	2879.69
1628.37	2891.20
1629.90	2864.00
1631.44	2856.67
1632.98	2862.95
1634.52	2839.93
1636.06	2839.93
1637.59	2847.26
1639.13	2826.33
1640.67	2814.82
1642.21	2804.35
1643.74	2799.12
1645.28	2784.47
1646.81	2764.59
1648.35	2777.15
1649.88	2747.85
1651.42	2757.26
1652.95	2730.06
1654.49	2753.08
1656.02	2731.10
1657.55	2732.15
1659.09	2713.32
1660.62	2721.69
1662.15	2707.04
1663.68	2715.41
1665.22	2716.45
1666.75	2710.18
1668.28	2705.99
1669.81	2721.69
1671.34	2701.81
1672.87	2707.04
1674.40	2710.18
1675.93	2696.57
1677.46	2678.78
1678.99	2682.97
1680.52	2687.16
1682.04	2694.48
1683.57	2684.02
1685.10	2694.48
1686.63	2678.78
1688.15	2688.20
1689.68	2670.41
1691.21	2672.51
1692.73	2680.88
1694.26	2684.02
1695.78	2671.46
1697.31	2674.60
1698.83	2673.55
1700.36	2673.55
1701.88	2665.18
1703.40	2675.65
1704.93	2669.37
1706.45	2666.23
