896.35	2653.67
897.98	2648.44
899.60	2657.86
901.22	2665.18
902.85	2658.90
904.47	2663.09
906.10	2670.41
907.72	2661.00
909.34	2668.32
910.97	2666.23
912.59	2675.65
914.21	2669.37
915.84	2673.55
917.46	2674.60
919.08	2688.20
920.71	2667.27
922.33	2689.25
923.95	2678.78
925.58	2705.99
927.20	2676.69
928.82	2690.29
930.44	2689.25
932.07	2701.81
933.69	2669.37
935.31	2680.88
936.93	2680.88
938.56	2695.53
940.18	2689.25
941.80	2691.34
943.42	2690.29
945.05	2712.27
946.67	2688.20
948.29	2704.94
949.91	2689.25
951.53	2713.32
953.16	2701.81
954.78	2712.27
956.40	2691.34
958.02	2700.76
959.64	2697.62
961.26	2701.81
962.88	2691.34
964.51	2695.53
966.13	2703.90
967.75	2714.36
969.37	2682.97
970.99	2700.76
972.61	2686.11
974.23	2707.04
975.85	2690.29
977.47	2714.36
979.09	2692.39
980.71	2704.94
982.33	2700.76
983.95	2713.32
985.57	2710.18
987.19	2709.13
988.81	2707.04
990.43	2717.50
992.05	2698.67
993.67	2727.97
995.29	2697.62
996.91	2705.99
998.53	2708.08
1000.15	2721.69
1001.77	2707.04
1003.39	2713.32
1005.01	2703.90
1006.63	2710.18
1008.25	2699.71
1009.86	2730.06
1011.48	2707.04
1013.10	2720.64
1014.72	2710.18
1016.34	2726.92
1017.96	2729.01
1019.58	2716.45
1021.19	2707.04
1022.81	2716.45
1024.43	2712.27
1026.05	2719.59
1027.66	2715.41
1029.28	2722.73
1030.90	2712.27
1032.52	2717.50
1034.13	2703.90
1035.75	2726.92
1037.37	2707.04
1038.98	2730.06
1040.60	2714.36
1042.22	2712.27
1043.83	2702.85
1045.45	2713.32
1047.07	2702.85
1048.68	2724.83
1050.30	2705.99
1051.92	2723.78
1053.53	2711.22
1055.15	2721.69
1056.76	2703.90
1058.38	2721.69
1059.99	2716.45
1061.61	2731.10
1063.22	2705.99
1064.84	2723.78
1066.46	2707.04
1068.07	2711.22
1069.68	2695.53
1071.30	2738.43
1072.91	2709.13
1074.53	2724.83
1076.14	2717.50
1077.76	2722.73
1079.37	2712.27
1080.98	2701.81
1082.60	2704.94
1084.21	2721.69
1085.83	2712.27
1087.44	2723.78
1089.05	2705.99
1090.67	2729.01
1092.28	2711.22
1093.89	2731.10
1095.50	2711.22
1097.12	2717.50
1098.73	2719.59
1100.34	2718.55
1101.95	2719.59
1103.57	2717.50
1105.18	2697.62
1106.79	2717.50
1108.40	2714.36
1110.01	2729.01
1111.63	2714.36
1113.24	2727.97
1114.85	2717.50
1116.46	2719.59
1118.07	2721.69
1119.68	2719.59
1121.29	2719.59
1122.90	2723.78
1124.51	2721.69
1126.12	2731.10
1127.73	2716.45
1129.34	2730.06
1130.95	2723.78
1132.56	2740.52
1134.17	2701.81
1135.78	2723.78
1137.39	2713.32
1139.00	2714.36
1140.61	2714.36
1142.22	2726.92
1143.83	2712.27
1145.44	2731.10
1147.05	2713.32
1148.65	2729.01
1150.26	2709.13
1151.87	2713.32
1153.48	2711.22
1155.09	2726.92
1156.69	2714.36
1158.30	2717.50
1159.91	2709.13
1161.52	2724.83
1163.12	2709.13
1164.73	2722.73
1166.34	2716.45
1167.94	2726.92
1169.55	2709.13
1171.16	2719.59
1172.76	2716.45
1174.37	2720.64
1175.97	2715.41
1177.58	2704.94
1179.19	2716.45
1180.79	2712.27
1182.40	2714.36
1184.00	2729.01
1185.61	2726.92
1187.21	2720.64
1188.82	2708.08
1190.42	2726.92
1192.02	2716.45
1193.63	2715.41
1195.23	2718.55
1196.84	2720.64
1198.44	2718.55
1200.04	2736.34
1201.65	2725.87
1203.25	2719.59
1204.85	2714.36
1206.46	2718.55
1208.06	2719.59
1209.66	2719.59
1211.26	2713.32
1212.87	2738.43
1214.47	2711.22
1216.07	2725.87
1217.67	2723.78
1219.27	2729.01
1220.87	2718.55
1222.48	2730.06
1224.08	2718.55
1225.68	2726.92
1227.28	2722.73
1228.88	2719.59
1230.48	2726.92
1232.08	2718.55
1233.68	2721.69
1235.28	2739.48
1236.88	2713.32
1238.48	2718.55
1240.08	2730.06
1241.68	2716.45
1243.28	2721.69
1244.87	2726.92
1246.47	2718.55
1248.07	2718.55
1249.67	2717.50
1251.27	2749.94
1252.87	2719.59
1254.46	2720.64
1256.06	2714.36
1257.66	2729.01
1259.26	2712.27
1260.85	2725.87
1262.45	2711.22
1264.05	2724.83
1265.64	2712.27
1267.24	2717.50
1268.83	2724.83
1270.43	2723.78
1272.03	2727.97
1273.62	2719.59
1275.22	2702.85
1276.81	2724.83
1278.41	2710.18
1280.00	2722.73
1281.60	2720.64
1283.19	2718.55
1284.79	2711.22
1286.38	2715.41
1287.97	2721.69
1289.57	2721.69
1291.16	2719.59
1292.75	2715.41
1294.35	2719.59
1295.94	2722.73
1297.53	2724.83
1299.12	2720.64
1300.72	2726.92
1302.31	2699.71
1303.90	2723.78
1305.49	2732.15
1307.08	2710.18
1308.68	2719.59
1310.27	2708.08
1311.86	2718.55
1313.45	2718.55
1315.04	2719.59
1316.63	2717.50
1318.22	2720.64
1319.81	2709.13
1321.40	2719.59
1322.99	2719.59
1324.58	2704.94
1326.17	2701.81
1327.75	2705.99
1329.34	2713.32
1330.93	2712.27
1332.52	2708.08
1334.11	2711.22
1335.70	2698.67
1337.28	2697.62
1338.87	2701.81
1340.46	2712.27
1342.05	2702.85
1343.63	2712.27
1345.22	2702.85
1346.81	2722.73
1348.39	2708.08
1349.98	2715.41
1351.56	2703.90
1353.15	2703.90
1354.73	2713.32
1356.32	2700.76
1357.90	2705.99
1359.49	2716.45
1361.07	2700.76
1362.66	2713.32
1364.24	2710.18
1365.82	2719.59
1367.41	2712.27
1368.99	2702.85
1370.57	2689.25
1372.16	2705.99
1373.74	2701.81
1375.32	2722.73
1376.91	2713.32
1378.49	2697.62
1380.07	2691.34
1381.65	2716.45
1383.23	2704.94
1384.81	2702.85
1386.39	2687.16
1387.97	2712.27
1389.55	2696.57
1391.14	2699.71
1392.72	2699.71
1394.29	2705.99
1395.87	2711.22
1397.45	2693.43
1399.03	2693.43
1400.61	2711.22
1402.19	2695.53
1403.77	2704.94
1405.35	2711.22
1406.92	2702.85
1408.50	2703.90
1410.08	2707.04
1411.66	2700.76
1413.23	2704.94
1414.81	2702.85
1416.39	2701.81
1417.96	2713.32
1419.54	2689.25
1421.12	2702.85
1422.69	2712.27
1424.27	2698.67
1425.84	2709.13
1427.42	2701.81
1428.99	2708.08
1430.57	2699.71
1432.14	2695.53
1433.71	2701.81
1435.29	2717.50
1436.86	2711.22
1438.43	2700.76
1440.01	2698.67
1441.58	2582.52
1443.15	2707.04
1444.72	2709.13
1446.30	2700.76
1447.87	2712.27
1449.44	2700.76
1451.01	2695.53
1452.58	2702.85
1454.15	2711.22
1455.72	2702.85
1457.29	2699.71
1458.86	2708.08
1460.43	2703.90
1462.00	2719.59
1463.57	2715.41
1465.14	2713.32
1466.71	2703.90
1468.28	2712.27
1469.85	2709.13
1471.41	2709.13
1472.98	2696.57
1474.55	2716.45
1476.12	2698.67
1477.68	2702.85
1479.25	2717.50
1480.82	2708.08
1482.38	2712.27
1483.95	2697.62
1485.51	2704.94
1487.08	2703.90
1488.64	2702.85
1490.21	2703.90
1491.77	2691.34
1493.34	2702.85
1494.90	2695.53
1496.46	2698.67
1498.03	2702.85
1499.59	2703.90
1501.15	2701.81
1502.72	2701.81
1504.28	2707.04
1505.84	2703.90
1507.40	2697.62
1508.97	2711.22
1510.53	2705.99
1512.09	2709.13
1513.65	2713.32
1515.21	2705.99
1516.77	2699.71
1518.33	2710.18
1519.89	2709.13
1521.45	2697.62
1523.01	2701.81
1524.57	2696.57
1526.13	2696.57
1527.68	2705.99
1529.24	2711.22
1530.80	2693.43
1532.36	2711.22
1533.92	2705.99
1535.47	2692.39
1537.03	2690.29
1538.59	2695.53
1540.14	2688.20
1541.70	2691.34
1543.25	2704.94
1544.81	2703.90
1546.36	2699.71
1547.92	2682.97
1549.47	2691.34
1551.03	2698.67
1552.58	2682.97
1554.13	2687.16
1555.69	2695.53
1557.24	2686.11
1558.79	2685.06
1560.35	2679.83
1561.90	2693.43
1563.45	2689.25
1565.00	2690.29
1566.55	2687.16
1568.10	2691.34
1569.66	2681.92
1571.21	2694.48
1572.76	2689.25
1574.31	2682.97
1575.86	2687.16
1577.40	2674.60
1578.95	2675.65
1580.50	2679.83
1582.05	2672.51
1583.60	2678.78
1585.15	2675.65
1586.69	2672.51
1588.24	2680.88
1589.79	2684.02
1591.34	2668.32
1592.88	2684.02
1594.43	2666.23
1595.97	2680.88
1597.52	2679.83
1599.06	2674.60
1600.61	2673.55
1602.15	2691.34
1603.70	2675.65
1605.24	2674.60
1606.79	2672.51
1608.33	2666.23
1609.87	2670.41
1611.41	2673.55
1612.96	2673.55
1614.50	2664.13
1616.04	2670.41
1617.58	2671.46
1619.12	2674.60
1620.67	2671.46
1622.21	2642.16
1623.75	2671.46
1625.29	2655.76
1626.83	2657.86
1628.37	2681.92
1629.90	2656.81
1631.44	2663.09
1632.98	2662.04
1634.52	2648.44
1636.06	2667.27
1637.59	2678.78
1639.13	2673.55
1640.67	2665.18
1642.21	2666.23
1643.74	2669.37
1645.28	2652.62
1646.81	2664.13
1648.35	2672.51
1649.88	2649.49
1651.42	2663.09
1652.95	2654.72
1654.49	2670.41
1656.02	2652.62
1657.55	2659.95
1659.09	2636.93
1660.62	2654.72
1662.15	2651.58
1663.68	2656.81
1665.22	2649.49
1666.75	2653.67
1668.28	2648.44
1669.81	2668.32
1671.34	2643.21
1672.87	2650.53
1674.40	2653.67
1675.93	2648.44
1677.46	2630.65
1678.99	2632.74
1680.52	2629.60
1682.04	2652.62
1683.57	2642.16
1685.10	2649.49
1686.63	2642.16
1688.15	2632.74
1689.68	2629.60
1691.21	2621.23
1692.73	2632.74
1694.26	2637.97
1695.78	2628.56
1697.31	2630.65
1698.83	2625.42
1700.36	2628.56
1701.88	2620.19
1703.40	2631.70
1704.93	2611.81
1706.45	2620.19
