896.35	2952.94
897.98	2962.36
899.60	2968.64
901.22	2992.70
902.85	2988.52
904.47	2996.89
906.10	3005.26
907.72	3008.40
909.34	3020.96
910.97	3030.38
912.59	3057.58
914.21	3079.56
915.84	3098.39
917.46	3133.97
919.08	3156.99
920.71	3173.73
922.33	3192.57
923.95	3201.98
925.58	3231.28
927.20	3217.68
928.82	3233.38
930.44	3254.30
932.07	3244.89
933.69	3240.70
935.31	3254.30
936.93	3265.82
938.56	3258.49
940.18	3277.33
941.80	3266.86
943.42	3283.60
945.05	3291.98
946.67	3274.19
948.29	3277.33
949.91	3280.46
951.53	3291.98
953.16	3298.25
954.78	3289.88
956.40	3283.60
958.02	3283.60
959.64	3288.84
961.26	3283.60
962.88	3284.65
964.51	3277.33
966.13	3302.44
967.75	3294.07
969.37	3288.84
970.99	3286.74
972.61	3283.60
974.23	3286.74
975.85	3291.98
977.47	3296.16
979.09	3291.98
980.71	3283.60
982.33	3302.44
983.95	3309.76
985.57	3318.14
987.19	3302.44
988.81	3310.81
990.43	3291.98
992.05	3305.58
993.67	3323.37
995.29	3323.37
996.91	3318.14
998.53	3335.92
1000.15	3334.88
1001.77	3344.30
1003.39	3343.25
1005.01	3351.62
1006.63	3353.71
1008.25	3352.67
1009.86	3363.13
1011.48	3357.90
1013.10	3362.08
1014.72	3371.50
1016.34	3370.46
1017.96	3390.34
1019.58	3371.50
1021.19	3387.20
1022.81	3384.06
1024.43	3393.48
1026.05	3390.34
1027.66	3401.85
1029.28	3400.80
1030.90	3404.99
1032.52	3397.66
1034.13	3399.75
1035.75	3417.54
1037.37	3415.45
1038.98	3417.54
1040.60	3416.50
1042.22	3395.57
1043.83	3411.26
1045.45	3410.22
1047.07	3419.64
1048.68	3420.68
1050.30	3415.45
1051.92	3430.10
1053.53	3423.82
1055.15	3426.96
1056.76	3413.36
1058.38	3411.26
1059.99	3415.45
1061.61	3408.13
1063.22	3415.45
1064.84	3415.45
1066.46	3414.40
1068.07	3409.17
1069.68	3412.31
1071.30	3411.26
1072.91	3409.17
1074.53	3400.80
1076.14	3426.96
1077.76	3411.26
1079.37	3420.68
1080.98	3383.01
1082.60	3397.66
1084.21	3401.85
1085.83	3402.89
1087.44	3401.85
1089.05	3390.34
1090.67	3392.43
1092.28	3385.10
1093.89	3394.52
1095.50	3401.85
1097.12	3392.43
1098.73	3404.99
1100.34	3372.55
1101.95	3394.52
1103.57	3385.10
1105.18	3378.83
1106.79	3378.83
1108.40	3393.48
1110.01	3387.20
1111.63	3392.43
1113.24	3390.34
1114.85	3386.15
1116.46	3384.06
1118.07	3393.48
1119.68	3387.20
1121.29	3398.71
1122.90	3383.01
1124.51	3390.34
1126.12	3400.80
1127.73	3403.94
1129.34	3406.03
1130.95	3406.03
1132.56	3400.80
1134.17	3370.46
1135.78	3378.83
1137.39	3402.89
1139.00	3384.06
1140.61	3392.43
1142.22	3398.71
1143.83	3391.38
1145.44	3390.34
1147.05	3386.15
1148.65	3389.29
1150.26	3377.78
1151.87	3372.55
1153.48	3381.97
1155.09	3393.48
1156.69	3393.48
1158.30	3381.97
1159.91	3386.15
1161.52	3388.24
1163.12	3391.38
1164.73	3381.97
1166.34	3399.75
1167.94	3388.24
1169.55	3403.94
1171.16	3394.52
1172.76	3397.66
1174.37	3388.24
1175.97	3400.80
1177.58	3385.10
1179.19	3398.71
1180.79	3379.87
1182.40	3386.15
1184.00	3375.69
1185.61	3401.85
1187.21	3398.71
1188.82	3392.43
1190.42	3399.75
1192.02	3394.52
1193.63	3374.64
1195.23	3390.34
1196.84	3390.34
1198.44	3390.34
1200.04	3402.89
1201.65	3400.80
1203.25	3396.62
1204.85	3395.57
1206.46	3375.69
1208.06	3385.10
1209.66	3374.64
1211.26	3375.69
1212.87	3398.71
1214.47	3377.78
1216.07	3386.15
1217.67	3378.83
1219.27	3371.50
1220.87	3377.78
1222.48	3369.41
1224.08	3365.22
1225.68	3365.22
1227.28	3369.41
1228.88	3359.99
1230.48	3371.50
1232.08	3351.62
1233.68	3359.99
1235.28	3365.22
1236.88	3355.81
1238.48	3345.34
1240.08	3367.32
1241.68	3329.65
1243.28	3345.34
1244.87	3339.06
1246.47	3332.78
1248.07	3327.55
1249.67	3332.78
1251.27	3342.20
1252.87	3323.37
1254.46	3308.72
1256.06	3307.67
1257.66	3310.81
1259.26	3310.81
1260.85	3326.51
1262.45	3307.67
1264.05	3307.67
1265.64	3306.62
1267.24	3307.67
1268.83	3313.95
1270.43	3299.30
1272.03	3318.14
1273.62	3308.72
1275.22	3290.93
1276.81	3288.84
1278.41	3296.16
1280.00	3309.76
1281.60	3294.07
1283.19	3281.51
1284.79	3291.98
1286.38	3287.79
1287.97	3291.98
1289.57	3281.51
1291.16	3282.56
1292.75	3268.95
1294.35	3284.65
1295.94	3273.14
1297.53	3274.19
1299.12	3258.49
1300.72	3293.02
1302.31	3252.21
1303.90	3271.05
1305.49	3267.91
1307.08	3256.40
1308.68	3246.98
1310.27	3252.21
1311.86	3253.26
1313.45	3250.12
1315.04	3249.07
1316.63	3245.93
1318.22	3235.47
1319.81	3237.56
1321.40	3234.42
1322.99	3237.56
1324.58	3223.96
1326.17	3228.14
1327.75	3218.73
1329.34	3229.19
1330.93	3208.26
1332.52	3208.26
1334.11	3205.12
1335.70	3200.94
1337.28	3190.47
1338.87	3195.71
1340.46	3197.80
1342.05	3201.98
1343.63	3191.52
1345.22	3188.38
1346.81	3191.52
1348.39	3181.06
1349.98	3173.73
1351.56	3163.27
1353.15	3154.90
1354.73	3154.90
1356.32	3139.20
1357.90	3138.15
1359.49	3144.43
1361.07	3130.83
1362.66	3129.78
1364.24	3131.88
1365.82	3128.74
1367.41	3131.88
1368.99	3102.58
1370.57	3099.44
1372.16	3102.58
1373.74	3101.53
1375.32	3090.02
1376.91	3084.79
1378.49	3054.44
1380.07	3026.19
1381.65	3026.19
1383.23	3014.68
1384.81	3018.86
1386.39	2998.98
1387.97	3002.12
1389.55	2991.66
1391.14	2977.01
1392.72	2959.22
1394.29	2956.08
1395.87	2952.94
1397.45	2946.66
1399.03	2944.57
1400.61	2933.06
1402.19	2930.97
1403.77	2928.87
1405.35	2936.20
1406.92	2912.13
1408.50	2915.27
1410.08	2913.18
1411.66	2905.85
1413.23	2907.95
1414.81	2900.62
1416.39	2883.88
1417.96	2905.85
1419.54	2899.58
1421.12	2911.09
1422.69	2910.04
1424.27	2880.74
1425.84	2899.58
1427.42	2894.34
1428.99	2897.48
1430.57	2902.71
1432.14	2887.02
1433.71	2892.25
1435.29	2891.20
1436.86	2890.16
1438.43	2882.83
1440.01	2890.16
1441.58	2768.78
1443.15	2878.65
1444.72	2887.02
1446.30	2880.74
1447.87	2896.44
1449.44	2876.55
1451.01	2865.04
1452.58	2881.79
1454.15	2876.55
1455.72	2875.51
1457.29	2873.42
1458.86	2884.93
1460.43	2877.60
1462.00	2898.53
1463.57	2877.60
1465.14	2879.69
1466.71	2874.46
1468.28	2879.69
1469.85	2877.60
1471.41	2883.88
1472.98	2873.42
1474.55	2888.06
1476.12	2872.37
1477.68	2869.23
1479.25	2889.11
1480.82	2883.88
1482.38	2888.06
1483.95	2877.60
1485.51	2889.11
1487.08	2899.58
1488.64	2885.97
1490.21	2897.48
1491.77	2889.11
1493.34	2900.62
1494.90	2881.79
1496.46	2888.06
1498.03	2893.30
1499.59	2901.67
1501.15	2894.34
1502.72	2890.16
1504.28	2897.48
1505.84	2883.88
1507.40	2888.06
1508.97	2906.90
1510.53	2901.67
1512.09	2910.04
1513.65	2914.22
1515.21	2904.81
1516.77	2894.34
1518.33	2908.99
1519.89	2899.58
1521.45	2898.53
1523.01	2904.81
1524.57	2921.55
1526.13	2900.62
1527.68	2906.90
1529.24	2912.13
1530.80	2905.85
1532.36	2915.27
1533.92	2907.95
1535.47	2895.39
1537.03	2901.67
1538.59	2907.95
1540.14	2898.53
1541.70	2897.48
1543.25	2921.55
1544.81	2908.99
1546.36	2904.81
1547.92	2892.25
1549.47	2910.04
1551.03	2900.62
1552.58	2899.58
1554.13	2899.58
1555.69	2901.67
1557.24	2897.48
1558.79	2900.62
1560.35	2902.71
1561.90	2903.76
1563.45	2881.79
1565.00	2895.39
1566.55	2893.30
1568.10	2896.44
1569.66	2880.74
1571.21	2895.39
1572.76	2895.39
1574.31	2888.06
1575.86	2890.16
1577.40	2883.88
1578.95	2879.69
1580.50	2881.79
1582.05	2875.51
1583.60	2874.46
1585.15	2864.00
1586.69	2874.46
1588.24	2879.69
1589.79	2883.88
1591.34	2864.00
1592.88	2881.79
1594.43	2855.63
1595.97	2875.51
1597.52	2866.09
1599.06	2866.09
1600.61	2859.81
1602.15	2876.55
1603.70	2873.42
1605.24	2868.18
1606.79	2868.18
1608.33	2857.72
1609.87	2857.72
1611.41	2872.37
1612.96	2868.18
1614.50	2852.49
1616.04	2851.44
1617.58	2861.90
1619.12	2854.58
1620.67	2864.00
1622.21	2838.88
1623.75	2854.58
1625.29	2833.65
1626.83	2832.61
1628.37	2854.58
1629.90	2833.65
1631.44	2827.37
1632.98	2820.05
1634.52	2805.40
1636.06	2805.40
1637.59	2813.77
1639.13	2799.12
1640.67	2793.89
1642.21	2787.61
1643.74	2782.38
1645.28	2763.54
1646.81	2755.17
1648.35	2763.54
1649.88	2735.29
1651.42	2740.52
1652.95	2723.78
1654.49	2743.66
1656.02	2726.92
1657.55	2719.59
1659.09	2701.81
1660.62	2716.45
1662.15	2710.18
1663.68	2711.22
1665.22	2701.81
1666.75	2704.94
1668.28	2699.71
1669.81	2699.71
1671.34	2692.39
1672.87	2705.99
1674.40	2708.08
1675.93	2689.25
1677.46	2677.74
1678.99	2681.92
1680.52	2677.74
1682.04	2684.02
1683.57	2678.78
1685.10	2688.20
1686.63	2676.69
1688.15	2679.83
1689.68	2677.74
1691.21	2673.55
1692.73	2664.13
1694.26	2674.60
1695.78	2669.37
1697.31	2669.37
1698.83	2661.00
1700.36	2665.18
1701.88	2655.76
1703.40	2665.18
1704.93	2655.76
1706.45	2661.00
