896.35	2922.60
897.98	2927.83
899.60	2934.11
901.22	2959.22
902.85	2949.80
904.47	2963.41
906.10	2975.96
907.72	2966.54
909.34	2981.19
910.97	3001.08
912.59	3011.54
914.21	3030.38
915.84	3057.58
917.46	3095.25
919.08	3114.09
920.71	3117.23
922.33	3144.43
923.95	3149.66
925.58	3177.92
927.20	3167.45
928.82	3176.87
930.44	3191.52
932.07	3181.06
933.69	3175.82
935.31	3189.43
936.93	3193.61
938.56	3205.12
940.18	3213.50
941.80	3214.54
943.42	3221.87
945.05	3227.10
946.67	3201.98
948.29	3215.59
949.91	3214.54
951.53	3231.28
953.16	3237.56
954.78	3228.14
956.40	3214.54
958.02	3215.59
959.64	3221.87
961.26	3218.73
962.88	3218.73
964.51	3214.54
966.13	3244.89
967.75	3232.33
969.37	3222.91
970.99	3227.10
972.61	3226.05
974.23	3218.73
975.85	3221.87
977.47	3237.56
979.09	3227.10
980.71	3220.82
982.33	3232.33
983.95	3251.17
985.57	3251.17
987.19	3230.24
988.81	3252.21
990.43	3243.84
992.05	3241.75
993.67	3261.63
995.29	3253.26
996.91	3251.17
998.53	3274.19
1000.15	3271.05
1001.77	3272.09
1003.39	3271.05
1005.01	3272.09
1006.63	3277.33
1008.25	3284.65
1009.86	3290.93
1011.48	3290.93
1013.10	3293.02
1014.72	3304.53
1016.34	3304.53
1017.96	3319.18
1019.58	3302.44
1021.19	3301.39
1022.81	3320.23
1024.43	3332.78
1026.05	3323.37
1027.66	3334.88
1029.28	3329.65
1030.90	3333.83
1032.52	3317.09
1034.13	3336.97
1035.75	3344.30
1037.37	3336.97
1038.98	3347.43
1040.60	3336.97
1042.22	3330.69
1043.83	3340.11
1045.45	3345.34
1047.07	3343.25
1048.68	3348.48
1050.30	3333.83
1051.92	3346.39
1053.53	3346.39
1055.15	3353.71
1056.76	3344.30
1058.38	3344.30
1059.99	3354.76
1061.61	3342.20
1063.22	3343.25
1064.84	3350.57
1066.46	3340.11
1068.07	3340.11
1069.68	3340.11
1071.30	3353.71
1072.91	3338.02
1074.53	3332.78
1076.14	3344.30
1077.76	3332.78
1079.37	3333.83
1080.98	3307.67
1082.60	3331.74
1084.21	3340.11
1085.83	3329.65
1087.44	3331.74
1089.05	3323.37
1090.67	3318.14
1092.28	3315.00
1093.89	3326.51
1095.50	3323.37
1097.12	3320.23
1098.73	3328.60
1100.34	3304.53
1101.95	3323.37
1103.57	3313.95
1105.18	3308.72
1106.79	3318.14
1108.40	3321.27
1110.01	3320.23
1111.63	3326.51
1113.24	3327.55
1114.85	3319.18
1116.46	3319.18
1118.07	3324.41
1119.68	3310.81
1121.29	3321.27
1122.90	3319.18
1124.51	3323.37
1126.12	3324.41
1127.73	3322.32
1129.34	3320.23
1130.95	3325.46
1132.56	3327.55
1134.17	3302.44
1135.78	3310.81
1137.39	3320.23
1139.00	3304.53
1140.61	3309.76
1142.22	3330.69
1143.83	3312.90
1145.44	3318.14
1147.05	3312.90
1148.65	3315.00
1150.26	3304.53
1151.87	3301.39
1153.48	3305.58
1155.09	3319.18
1156.69	3317.09
1158.30	3311.86
1159.91	3316.04
1161.52	3315.00
1163.12	3309.76
1164.73	3306.62
1166.34	3317.09
1167.94	3315.00
1169.55	3320.23
1171.16	3323.37
1172.76	3321.27
1174.37	3324.41
1175.97	3331.74
1177.58	3309.76
1179.19	3330.69
1180.79	3312.90
1182.40	3320.23
1184.00	3315.00
1185.61	3332.78
1187.21	3324.41
1188.82	3325.46
1190.42	3324.41
1192.02	3324.41
1193.63	3306.62
1195.23	3317.09
1196.84	3324.41
1198.44	3319.18
1200.04	3323.37
1201.65	3323.37
1203.25	3319.18
1204.85	3326.51
1206.46	3308.72
1208.06	3318.14
1209.66	3308.72
1211.26	3313.95
1212.87	3324.41
1214.47	3299.30
1216.07	3305.58
1217.67	3315.00
1219.27	3304.53
1220.87	3304.53
1222.48	3301.39
1224.08	3297.21
1225.68	3298.25
1227.28	3300.35
1228.88	3295.11
1230.48	3303.49
1232.08	3295.11
1233.68	3306.62
1235.28	3303.49
1236.88	3289.88
1238.48	3282.56
1240.08	3310.81
1241.68	3281.51
1243.28	3276.28
1244.87	3271.05
1246.47	3266.86
1248.07	3268.95
1249.67	3271.05
1251.27	3281.51
1252.87	3259.54
1254.46	3249.07
1256.06	3255.35
1257.66	3250.12
1259.26	3248.03
1260.85	3258.49
1262.45	3255.35
1264.05	3254.30
1265.64	3245.93
1267.24	3249.07
1268.83	3245.93
1270.43	3243.84
1272.03	3257.44
1273.62	3249.07
1275.22	3235.47
1276.81	3259.54
1278.41	3240.70
1280.00	3246.98
1281.60	3240.70
1283.19	3231.28
1284.79	3238.61
1286.38	3229.19
1287.97	3231.28
1289.57	3220.82
1291.16	3228.14
1292.75	3214.54
1294.35	3219.77
1295.94	3216.63
1297.53	3225.01
1299.12	3211.40
1300.72	3230.24
1302.31	3203.03
1303.90	3228.14
1305.49	3217.68
1307.08	3198.85
1308.68	3192.57
1310.27	3194.66
1311.86	3193.61
1313.45	3190.47
1315.04	3198.85
1316.63	3190.47
1318.22	3175.82
1319.81	3181.06
1321.40	3184.20
1322.99	3190.47
1324.58	3169.55
1326.17	3171.64
1327.75	3167.45
1329.34	3172.69
1330.93	3163.27
1332.52	3149.66
1334.11	3147.57
1335.70	3149.66
1337.28	3151.76
1338.87	3147.57
1340.46	3139.20
1342.05	3135.02
1343.63	3128.74
1345.22	3133.97
1346.81	3137.11
1348.39	3130.83
1349.98	3129.78
1351.56	3117.23
1353.15	3103.62
1354.73	3105.72
1356.32	3090.02
1357.90	3086.88
1359.49	3097.34
1361.07	3077.46
1362.66	3069.09
1364.24	3078.51
1365.82	3074.32
1367.41	3082.70
1368.99	3055.49
1370.57	3051.30
1372.16	3063.86
1373.74	3051.30
1375.32	3050.26
1376.91	3042.93
1378.49	3009.45
1380.07	2979.10
1381.65	2987.47
1383.23	2975.96
1384.81	2971.78
1386.39	2955.03
1387.97	2957.13
1389.55	2950.85
1391.14	2943.52
1392.72	2924.69
1394.29	2921.55
1395.87	2918.41
1397.45	2914.22
1399.03	2896.44
1400.61	2903.76
1402.19	2885.97
1403.77	2874.46
1405.35	2888.06
1406.92	2880.74
1408.50	2877.60
1410.08	2872.37
1411.66	2866.09
1413.23	2867.14
1414.81	2862.95
1416.39	2846.21
1417.96	2865.04
1419.54	2858.77
1421.12	2855.63
1422.69	2857.72
1424.27	2847.26
1425.84	2853.53
1427.42	2846.21
1428.99	2847.26
1430.57	2847.26
1432.14	2851.44
1433.71	2838.88
1435.29	2851.44
1436.86	2856.67
1438.43	2850.39
1440.01	2837.84
1441.58	2716.45
1443.15	2840.98
1444.72	2850.39
1446.30	2844.12
1447.87	2849.35
1449.44	2835.74
1451.01	2823.19
1452.58	2842.02
1454.15	2844.12
1455.72	2838.88
1457.29	2836.79
1458.86	2844.12
1460.43	2831.56
1462.00	2851.44
1463.57	2842.02
1465.14	2842.02
1466.71	2835.74
1468.28	2838.88
1469.85	2845.16
1471.41	2849.35
1472.98	2844.12
1474.55	2853.53
1476.12	2838.88
1477.68	2834.70
1479.25	2856.67
1480.82	2850.39
1482.38	2854.58
1483.95	2833.65
1485.51	2846.21
1487.08	2865.04
1488.64	2849.35
1490.21	2853.53
1491.77	2842.02
1493.34	2858.77
1494.90	2838.88
1496.46	2851.44
1498.03	2868.18
1499.59	2865.04
1501.15	2851.44
1502.72	2854.58
1504.28	2858.77
1505.84	2856.67
1507.40	2857.72
1508.97	2873.42
1510.53	2865.04
1512.09	2875.51
1513.65	2871.32
1515.21	2870.28
1516.77	2857.72
1518.33	2876.55
1519.89	2875.51
1521.45	2874.46
1523.01	2869.23
1524.57	2874.46
1526.13	2870.28
1527.68	2877.60
1529.24	2883.88
1530.80	2869.23
1532.36	2881.79
1533.92	2872.37
1535.47	2868.18
1537.03	2880.74
1538.59	2877.60
1540.14	2872.37
1541.70	2871.32
1543.25	2889.11
1544.81	2880.74
1546.36	2885.97
1547.92	2866.09
1549.47	2876.55
1551.03	2877.60
1552.58	2869.23
1554.13	2876.55
1555.69	2879.69
1557.24	2866.09
1558.79	2861.90
1560.35	2864.00
1561.90	2879.69
1563.45	2865.04
1565.00	2867.14
1566.55	2864.00
1568.10	2861.90
1569.66	2854.58
1571.21	2872.37
1572.76	2869.23
1574.31	2870.28
1575.86	2871.32
1577.40	2857.72
1578.95	2849.35
1580.50	2856.67
1582.05	2844.12
1583.60	2854.58
1585.15	2842.02
1586.69	2852.49
1588.24	2856.67
1589.79	2858.77
1591.34	2843.07
1592.88	2860.86
1594.43	2833.65
1595.97	2842.02
1597.52	2843.07
1599.06	2849.35
1600.61	2835.74
1602.15	2861.90
1603.70	2839.93
1605.24	2846.21
1606.79	2842.02
1608.33	2836.79
1609.87	2833.65
1611.41	2842.02
1612.96	2838.88
1614.50	2830.51
1616.04	2833.65
1617.58	2837.84
1619.12	2823.19
1620.67	2830.51
1622.21	2802.26
1623.75	2823.19
1625.29	2819.00
1626.83	2819.00
1628.37	2833.65
1629.90	2804.35
1631.44	2810.63
1632.98	2815.86
1634.52	2792.84
1636.06	2793.89
1637.59	2805.40
1639.13	2787.61
1640.67	2785.52
1642.21	2769.82
1643.74	2769.82
1645.28	2748.89
1646.81	2733.20
1648.35	2741.57
1649.88	2724.83
1651.42	2727.97
1652.95	2712.27
1654.49	2730.06
1656.02	2712.27
1657.55	2714.36
1659.09	2692.39
1660.62	2716.45
1662.15	2703.90
1663.68	2712.27
1665.22	2693.43
1666.75	2694.48
1668.28	2684.02
1669.81	2705.99
1671.34	2687.16
1672.87	2689.25
1674.40	2697.62
1675.93	2679.83
1677.46	2670.41
1678.99	2665.18
1680.52	2664.13
1682.04	2678.78
1683.57	2680.88
1685.10	2676.69
1686.63	2668.32
1688.15	2672.51
1689.68	2662.04
1691.21	2662.04
1692.73	2670.41
1694.26	2673.55
1695.78	2661.00
1697.31	2665.18
1698.83	2657.86
1700.36	2665.18
1701.88	2653.67
1703.40	2662.04
1704.93	2651.58
1706.45	2664.13
