896.35	3050.26
897.98	3064.91
899.60	3065.95
901.22	3091.07
902.85	3075.37
904.47	3094.21
906.10	3103.62
907.72	3119.32
909.34	3131.88
910.97	3149.66
912.59	3169.55
914.21	3205.12
915.84	3221.87
917.46	3281.51
919.08	3302.44
920.71	3327.55
922.33	3353.71
923.95	3370.46
925.58	3384.06
927.20	3384.06
928.82	3391.38
930.44	3420.68
932.07	3402.89
933.69	3418.59
935.31	3416.50
936.93	3439.52
938.56	3429.05
940.18	3461.49
941.80	3453.12
943.42	3479.28
945.05	3478.23
946.67	3474.05
948.29	3467.77
949.91	3464.63
951.53	3473.00
953.16	3480.33
954.78	3474.05
956.40	3466.72
958.02	3459.40
959.64	3477.19
961.26	3465.68
962.88	3471.96
964.51	3451.03
966.13	3487.65
967.75	3471.96
969.37	3468.82
970.99	3463.58
972.61	3473.00
974.23	3461.49
975.85	3482.42
977.47	3478.23
979.09	3479.28
980.71	3467.77
982.33	3488.70
983.95	3490.79
985.57	3512.77
987.19	3492.88
988.81	3514.86
990.43	3486.61
992.05	3496.02
993.67	3509.63
995.29	3512.77
996.91	3500.21
998.53	3538.93
1000.15	3523.23
1001.77	3541.02
1003.39	3526.37
1005.01	3538.93
1006.63	3535.79
1008.25	3561.95
1009.86	3568.22
1011.48	3570.32
1013.10	3559.85
1014.72	3579.74
1016.34	3575.55
1017.96	3597.52
1019.58	3586.01
1021.19	3593.34
1022.81	3589.15
1024.43	3616.36
1026.05	3599.62
1027.66	3624.73
1029.28	3611.13
1030.90	3626.82
1032.52	3600.66
1034.13	3637.29
1035.75	3633.10
1037.37	3634.15
1038.98	3640.43
1040.60	3643.57
1042.22	3625.78
1043.83	3638.33
1045.45	3637.29
1047.07	3644.61
1048.68	3643.57
1050.30	3638.33
1051.92	3632.06
1053.53	3650.89
1055.15	3645.66
1056.76	3648.80
1058.38	3643.57
1059.99	3656.12
1061.61	3638.33
1063.22	3638.33
1064.84	3637.29
1066.46	3639.38
1068.07	3625.78
1069.68	3648.80
1071.30	3644.61
1072.91	3639.38
1074.53	3613.22
1076.14	3639.38
1077.76	3619.50
1079.37	3634.15
1080.98	3595.43
1082.60	3622.64
1084.21	3616.36
1085.83	3614.27
1087.44	3611.13
1089.05	3614.27
1090.67	3599.62
1092.28	3599.62
1093.89	3603.80
1095.50	3612.17
1097.12	3593.34
1098.73	3620.54
1100.34	3584.97
1101.95	3613.22
1103.57	3599.62
1105.18	3605.90
1106.79	3580.78
1108.40	3611.13
1110.01	3602.76
1111.63	3611.13
1113.24	3598.57
1114.85	3603.80
1116.46	3596.48
1118.07	3610.08
1119.68	3599.62
1121.29	3614.27
1122.90	3601.71
1124.51	3611.13
1126.12	3613.22
1127.73	3619.50
1129.34	3604.85
1130.95	3615.31
1132.56	3604.85
1134.17	3593.34
1135.78	3595.43
1137.39	3613.22
1139.00	3595.43
1140.61	3611.13
1142.22	3597.52
1143.83	3599.62
1145.44	3597.52
1147.05	3605.90
1148.65	3595.43
1150.26	3597.52
1151.87	3580.78
1153.48	3598.57
1155.09	3597.52
1156.69	3606.94
1158.30	3579.74
1159.91	3593.34
1161.52	3594.38
1163.12	3610.08
1164.73	3601.71
1166.34	3624.73
1167.94	3605.90
1169.55	3617.41
1171.16	3610.08
1172.76	3619.50
1174.37	3604.85
1175.97	3625.78
1177.58	3590.20
1179.19	3615.31
1180.79	3589.15
1182.40	3604.85
1184.00	3602.76
1185.61	3628.92
1187.21	3610.08
1188.82	3615.31
1190.42	3610.08
1192.02	3612.17
1193.63	3583.92
1195.23	3607.99
1196.84	3603.80
1198.44	3618.45
1200.04	3607.99
1201.65	3605.90
1203.25	3602.76
1204.85	3617.41
1206.46	3596.48
1208.06	3603.80
1209.66	3578.69
1211.26	3591.25
1212.87	3599.62
1214.47	3594.38
1216.07	3589.15
1217.67	3592.29
1219.27	3580.78
1220.87	3592.29
1222.48	3579.74
1224.08	3589.15
1225.68	3588.11
1227.28	3587.06
1228.88	3566.13
1230.48	3584.97
1232.08	3569.27
1233.68	3586.01
1235.28	3570.32
1236.88	3566.13
1238.48	3555.67
1240.08	3584.97
1241.68	3535.79
1243.28	3555.67
1244.87	3532.65
1246.47	3533.69
1248.07	3519.04
1249.67	3527.42
1251.27	3541.02
1252.87	3532.65
1254.46	3511.72
1256.06	3520.09
1257.66	3502.30
1259.26	3505.44
1260.85	3504.39
1262.45	3510.67
1264.05	3512.77
1265.64	3513.81
1267.24	3505.44
1268.83	3510.67
1270.43	3494.98
1272.03	3522.18
1273.62	3497.07
1275.22	3486.61
1276.81	3487.65
1278.41	3486.61
1280.00	3486.61
1281.60	3484.51
1283.19	3479.28
1284.79	3485.56
1286.38	3467.77
1287.97	3484.51
1289.57	3469.86
1291.16	3471.96
1292.75	3447.89
1294.35	3463.58
1295.94	3455.21
1297.53	3480.33
1299.12	3449.98
1300.72	3468.82
1302.31	3432.19
1303.90	3460.45
1305.49	3451.03
1307.08	3440.56
1308.68	3421.73
1310.27	3442.66
1311.86	3425.91
1313.45	3426.96
1315.04	3417.54
1316.63	3429.05
1318.22	3410.22
1319.81	3414.40
1321.40	3413.36
1322.99	3416.50
1324.58	3387.20
1326.17	3406.03
1327.75	3384.06
1329.34	3391.38
1330.93	3371.50
1332.52	3373.59
1334.11	3366.27
1335.70	3374.64
1337.28	3349.53
1338.87	3358.94
1340.46	3345.34
1342.05	3347.43
1343.63	3338.02
1345.22	3348.48
1346.81	3344.30
1348.39	3335.92
1349.98	3329.65
1351.56	3318.14
1353.15	3308.72
1354.73	3310.81
1356.32	3286.74
1357.90	3290.93
1359.49	3288.84
1361.07	3273.14
1362.66	3260.58
1364.24	3267.91
1365.82	3250.12
1367.41	3264.77
1368.99	3232.33
1370.57	3227.10
1372.16	3228.14
1373.74	3231.28
1375.32	3218.73
1376.91	3207.22
1378.49	3164.31
1380.07	3132.92
1381.65	3129.78
1383.23	3118.27
1384.81	3113.04
1386.39	3102.58
1387.97	3093.16
1389.55	3078.51
1391.14	3070.14
1392.72	3049.21
1394.29	3042.93
1395.87	3035.61
1397.45	3025.14
1399.03	3018.86
1400.61	3006.31
1402.19	2995.84
1403.77	2981.19
1405.35	3000.03
1406.92	2984.33
1408.50	2984.33
1410.08	2982.24
1411.66	2965.50
1413.23	2957.13
1414.81	2965.50
1416.39	2952.94
1417.96	2958.17
1419.54	2949.80
1421.12	2958.17
1422.69	2956.08
1424.27	2940.38
1425.84	2949.80
1427.42	2946.66
1428.99	2948.76
1430.57	2945.62
1432.14	2939.34
1433.71	2936.20
1435.29	2943.52
1436.86	2946.66
1438.43	2940.38
1440.01	2924.69
1441.58	2811.68
1443.15	2937.25
1444.72	2935.15
1446.30	2924.69
1447.87	2936.20
1449.44	2924.69
1451.01	2915.27
1452.58	2930.97
1454.15	2926.78
1455.72	2921.55
1457.29	2918.41
1458.86	2932.01
1460.43	2919.46
1462.00	2945.62
1463.57	2921.55
1465.14	2930.97
1466.71	2923.64
1468.28	2922.60
1469.85	2922.60
1471.41	2930.97
1472.98	2922.60
1474.55	2939.34
1476.12	2923.64
1477.68	2919.46
1479.25	2927.83
1480.82	2930.97
1482.38	2930.97
1483.95	2929.92
1485.51	2942.48
1487.08	2952.94
1488.64	2947.71
1490.21	2957.13
1491.77	2935.15
1493.34	2955.03
1494.90	2936.20
1496.46	2943.52
1498.03	2950.85
1499.59	2950.85
1501.15	2953.99
1502.72	2952.94
1504.28	2951.90
1505.84	2943.52
1507.40	2942.48
1508.97	2958.17
1510.53	2955.03
1512.09	2969.68
1513.65	2973.87
1515.21	2969.68
1516.77	2957.13
1518.33	2977.01
1519.89	2968.64
1521.45	2968.64
1523.01	2975.96
1524.57	2984.33
1526.13	2961.31
1527.68	2974.92
1529.24	2979.10
1530.80	2972.82
1532.36	2977.01
1533.92	2980.15
1535.47	2966.54
1537.03	2969.68
1538.59	2977.01
1540.14	2968.64
1541.70	2964.45
1543.25	2981.19
1544.81	2969.68
1546.36	2989.57
1547.92	2967.59
1549.47	2979.10
1551.03	2965.50
1552.58	2964.45
1554.13	2962.36
1555.69	2978.06
1557.24	2957.13
1558.79	2959.22
1560.35	2952.94
1561.90	2962.36
1563.45	2948.76
1565.00	2960.27
1566.55	2965.50
1568.10	2963.41
1569.66	2949.80
1571.21	2964.45
1572.76	2958.17
1574.31	2956.08
1575.86	2955.03
1577.40	2941.43
1578.95	2942.48
1580.50	2951.90
1582.05	2935.15
1583.60	2947.71
1585.15	2942.48
1586.69	2949.80
1588.24	2938.29
1589.79	2952.94
1591.34	2921.55
1592.88	2945.62
1594.43	2932.01
1595.97	2944.57
1597.52	2935.15
1599.06	2941.43
1600.61	2923.64
1602.15	2938.29
1603.70	2932.01
1605.24	2938.29
1606.79	2930.97
1608.33	2917.36
1609.87	2920.50
1611.41	2934.11
1612.96	2924.69
1614.50	2911.09
1616.04	2914.22
1617.58	2918.41
1619.12	2908.99
1620.67	2920.50
1622.21	2892.25
1623.75	2920.50
1625.29	2895.39
1626.83	2898.53
1628.37	2908.99
1629.90	2889.11
1631.44	2885.97
1632.98	2890.16
1634.52	2862.95
1636.06	2866.09
1637.59	2868.18
1639.13	2845.16
1640.67	2845.16
1642.21	2827.37
1643.74	2815.86
1645.28	2795.98
1646.81	2783.42
1648.35	2798.07
1649.88	2760.40
1651.42	2770.87
1652.95	2741.57
1654.49	2765.64
1656.02	2744.71
1657.55	2736.34
1659.09	2709.13
1660.62	2733.20
1662.15	2719.59
1663.68	2726.92
1665.22	2720.64
1666.75	2713.32
1668.28	2712.27
1669.81	2731.10
1671.34	2718.55
1672.87	2711.22
1674.40	2715.41
1675.93	2711.22
1677.46	2693.43
1678.99	2692.39
1680.52	2686.11
1682.04	2698.67
1683.57	2696.57
1685.10	2698.67
1686.63	2686.11
1688.15	2690.29
1689.68	2674.60
1691.21	2676.69
1692.73	2682.97
1694.26	2689.25
1695.78	2685.06
1697.31	2682.97
1698.83	2678.78
1700.36	2681.92
1701.88	2675.65
1703.40	2692.39
1704.93	2675.65
1706.45	2666.23
