896.35	3493.93
897.98	3507.18
899.60	3527.07
901.22	3537.18
902.85	3557.06
904.47	3568.92
906.10	3584.97
907.72	3590.90
909.34	3610.08
910.97	3634.85
912.59	3678.10
914.21	3718.21
915.84	3783.78
917.46	3845.17
919.08	3910.40
920.71	3954.70
922.33	3999.34
923.95	4031.78
925.58	4064.57
927.20	4080.61
928.82	4108.17
930.44	4120.72
932.07	4144.09
933.69	4148.98
935.31	4171.30
936.93	4180.02
938.56	4203.39
940.18	4207.92
941.80	4228.50
943.42	4234.08
945.05	4246.99
946.67	4248.73
948.29	4253.27
949.91	4255.01
951.53	4267.22
953.16	4271.75
954.78	4278.38
956.40	4268.62
958.02	4274.54
959.64	4271.06
961.26	4280.82
962.88	4266.17
964.51	4276.29
966.13	4268.96
967.75	4278.38
969.37	4271.06
970.99	4277.34
972.61	4274.20
974.23	4280.47
975.85	4280.47
977.47	4294.43
979.09	4290.24
980.71	4298.96
982.33	4295.82
983.95	4310.47
985.57	4305.59
987.19	4318.49
988.81	4313.26
990.43	4323.03
992.05	4321.98
993.67	4336.63
995.29	4336.28
996.91	4359.65
998.53	4370.12
1000.15	4402.21
1001.77	4401.16
1003.39	4413.02
1005.01	4412.67
1006.63	4428.71
1008.25	4433.25
1009.86	4444.06
1011.48	4440.57
1013.10	4462.55
1014.72	4468.13
1016.34	4495.68
1017.96	4491.85
1019.58	4507.89
1021.19	4498.47
1022.81	4517.66
1024.43	4514.87
1026.05	4533.35
1027.66	4528.82
1029.28	4543.82
1030.90	4537.54
1032.52	4551.84
1034.13	4557.77
1035.75	4582.54
1037.37	4587.07
1038.98	4598.23
1040.60	4590.21
1042.22	4596.84
1043.83	4593.00
1045.45	4608.35
1047.07	4610.79
1048.68	4620.21
1050.30	4618.11
1051.92	4625.09
1053.53	4622.65
1055.15	4625.79
1056.76	4621.95
1058.38	4633.46
1059.99	4619.86
1061.61	4618.81
1063.22	4604.86
1064.84	4618.81
1066.46	4610.09
1068.07	4617.76
1069.68	4611.49
1071.30	4624.04
1072.91	4615.32
1074.53	4621.60
1076.14	4608.35
1077.76	4617.42
1079.37	4596.14
1080.98	4606.25
1082.60	4590.91
1084.21	4602.07
1085.83	4590.56
1087.44	4591.95
1089.05	4580.09
1090.67	4580.79
1092.28	4577.30
1093.89	4594.39
1095.50	4587.07
1097.12	4596.49
1098.73	4579.40
1100.34	4588.12
1101.95	4579.05
1103.57	4589.16
1105.18	4584.28
1106.79	4594.05
1108.40	4593.35
1110.01	4608.35
1111.63	4609.39
1113.24	4625.79
1114.85	4618.11
1116.46	4625.79
1118.07	4611.83
1119.68	4622.65
1121.29	4606.60
1122.90	4616.37
1124.51	4612.53
1126.12	4635.20
1127.73	4637.65
1129.34	4656.48
1130.95	4655.43
1132.56	4658.23
1134.17	4645.32
1135.78	4659.27
1137.39	4664.85
1139.00	4678.11
1140.61	4674.97
1142.22	4689.27
1143.83	4694.15
1145.44	4706.71
1147.05	4714.73
1148.65	4731.12
1150.26	4727.99
1151.87	4736.01
1153.48	4737.40
1155.09	4753.80
1156.69	4747.87
1158.30	4751.35
1159.91	4749.61
1161.52	4771.24
1163.12	4772.28
1164.73	4789.03
1166.34	4780.31
1167.94	4800.19
1169.55	4802.63
1171.16	4822.51
1172.76	4813.09
1174.37	4826.00
1175.97	4816.23
1177.58	4836.11
1179.19	4823.91
1180.79	4839.95
1182.40	4829.14
1184.00	4841.35
1185.61	4831.93
1187.21	4842.04
1188.82	4836.11
1190.42	4847.62
1192.02	4838.55
1193.63	4848.67
1195.23	4844.83
1196.84	4866.81
1198.44	4868.20
1200.04	4885.64
1201.65	4881.46
1203.25	4888.43
1204.85	4869.25
1206.46	4874.83
1208.06	4867.16
1209.66	4882.50
1211.26	4877.27
1212.87	4878.67
1214.47	4868.90
1216.07	4872.39
1217.67	4865.41
1219.27	4874.13
1220.87	4867.16
1222.48	4873.43
1224.08	4861.58
1225.68	4861.92
1227.28	4849.02
1228.88	4859.83
1230.48	4855.65
1232.08	4871.34
1233.68	4863.32
1235.28	4869.60
1236.88	4852.86
1238.48	4860.18
1240.08	4843.79
1241.68	4850.41
1243.28	4826.00
1244.87	4822.16
1246.47	4800.54
1248.07	4800.19
1249.67	4791.47
1251.27	4791.47
1252.87	4772.63
1254.46	4768.79
1256.06	4763.91
1257.66	4781.70
1259.26	4787.28
1260.85	4800.88
1262.45	4793.21
1264.05	4789.37
1265.64	4778.21
1267.24	4781.70
1268.83	4779.61
1270.43	4792.16
1272.03	4782.75
1273.62	4778.91
1275.22	4764.26
1276.81	4771.59
1278.41	4771.24
1280.00	4776.82
1281.60	4766.00
1283.19	4776.12
1284.79	4768.45
1286.38	4785.89
1287.97	4782.40
1289.57	4787.28
1291.16	4768.10
1292.75	4771.24
1294.35	4763.91
1295.94	4789.03
1297.53	4785.19
1299.12	4802.98
1300.72	4778.56
1302.31	4783.79
1303.90	4769.14
1305.49	4779.96
1307.08	4762.87
1308.68	4769.84
1310.27	4766.70
1311.86	4777.86
1313.45	4768.45
1315.04	4777.51
1316.63	4776.47
1318.22	4781.70
1319.81	4772.98
1321.40	4781.00
1322.99	4778.91
1324.58	4788.33
1326.17	4776.12
1327.75	4786.58
1329.34	4778.91
1330.93	4789.03
1332.52	4782.75
1334.11	4791.47
1335.70	4781.70
1337.28	4794.26
1338.87	4798.09
1340.46	4816.58
1342.05	4804.72
1343.63	4796.70
1345.22	4782.05
1346.81	4782.75
1348.39	4769.84
1349.98	4763.56
1351.56	4737.40
1353.15	4717.52
1354.73	4679.85
1356.32	4666.95
1357.90	4649.51
1359.49	4639.74
1361.07	4610.44
1362.66	4615.67
1364.24	4628.93
1365.82	4663.81
1367.41	4654.39
1368.99	4650.90
1370.57	4641.13
1372.16	4669.74
1373.74	4682.64
1375.32	4687.52
1376.91	4644.97
1378.49	4591.60
1380.07	4516.26
1381.65	4473.01
1383.23	4462.20
1384.81	4496.73
1386.39	4521.15
1387.97	4553.59
1389.55	4561.96
1391.14	4572.07
1392.72	4560.56
1394.29	4551.49
1395.87	4558.47
1397.45	4582.19
1399.03	4583.93
1400.61	4606.95
1402.19	4614.97
1403.77	4647.76
1405.35	4641.48
1406.92	4650.55
1408.50	4655.09
1410.08	4686.13
1411.66	4685.08
1413.23	4696.94
1414.81	4684.73
1416.39	4703.22
1417.96	4700.78
1419.54	4722.75
1421.12	4722.40
1422.69	4733.22
1424.27	4725.89
1425.84	4733.57
1427.42	4736.01
1428.99	4746.47
1430.57	4743.33
1432.14	4761.12
1433.71	4765.66
1435.29	4787.98
1436.86	4783.44
1438.43	4787.28
1440.01	4714.38
1441.58	4720.66
1443.15	4712.29
1444.72	4772.63
1446.30	4768.79
1447.87	4777.51
1449.44	4766.70
1451.01	4767.75
1452.58	4755.89
1454.15	4769.14
1455.72	4767.40
1457.29	4787.98
1458.86	4777.51
1460.43	4782.75
1462.00	4758.68
1463.57	4760.77
1465.14	4744.03
1466.71	4741.24
1468.28	4725.89
1469.85	4719.61
1471.41	4707.41
1472.98	4717.87
1474.55	4710.55
1476.12	4710.20
1477.68	4692.06
1479.25	4684.39
1480.82	4671.83
1482.38	4662.06
1483.95	4656.83
1485.51	4677.41
1487.08	4693.80
1488.64	4717.17
1490.21	4700.43
1491.77	4699.73
1493.34	4665.55
1494.90	4656.13
1496.46	4639.39
1498.03	4655.09
1499.59	4658.57
1501.15	4663.46
1502.72	4647.76
1504.28	4642.53
1505.84	4623.69
1507.40	4629.62
1508.97	4621.25
1510.53	4633.11
1512.09	4625.44
1513.65	4637.30
1515.21	4629.97
1516.77	4636.25
1518.33	4626.14
1519.89	4624.04
1521.45	4608.70
1523.01	4611.83
1524.57	4604.16
1526.13	4610.44
1527.68	4604.51
1529.24	4609.39
1530.80	4605.21
1532.36	4610.44
1533.92	4597.88
1535.47	4594.74
1537.03	4572.77
1538.59	4573.47
1540.14	4556.72
1541.70	4561.26
1543.25	4550.45
1544.81	4564.40
1546.36	4557.07
1547.92	4571.37
1549.47	4560.56
1551.03	4567.19
1552.58	4556.03
1554.13	4556.03
1555.69	4539.63
1557.24	4538.94
1558.79	4533.01
1560.35	4543.47
1561.90	4534.40
1563.45	4529.17
1565.00	4513.82
1566.55	4512.78
1568.10	4503.01
1569.66	4506.85
1571.21	4497.43
1572.76	4504.75
1574.31	4497.78
1575.86	4500.22
1577.40	4484.17
1578.95	4478.59
1580.50	4461.85
1582.05	4459.76
1583.60	4442.32
1585.15	4437.09
1586.69	4429.41
1588.24	4444.06
1589.79	4438.83
1591.34	4444.41
1592.88	4420.69
1594.43	4423.13
1595.97	4403.95
1597.52	4412.32
1599.06	4401.51
1600.61	4411.62
1602.15	4402.90
1603.70	4409.18
1605.24	4395.93
1606.79	4394.53
1608.33	4381.63
1609.87	4381.28
1611.41	4369.07
1612.96	4361.74
1614.50	4341.86
1616.04	4338.03
1617.58	4325.47
1619.12	4324.07
1620.67	4300.01
1622.21	4302.45
1623.75	4284.66
1625.29	4282.92
1626.83	4267.22
1628.37	4261.29
1629.90	4243.50
1631.44	4225.02
1632.98	4189.44
1634.52	4151.07
1636.06	4099.80
1637.59	4054.10
1639.13	3996.55
1640.67	3928.19
1642.21	3849.01
1643.74	3770.18
1645.28	3684.38
1646.81	3615.66
1648.35	3537.88
1649.88	3478.93
1651.42	3408.47
1652.95	3366.62
1654.49	3315.69
1656.02	3278.37
1657.55	3228.49
1659.09	3199.19
1660.62	3164.66
1662.15	3145.13
1663.68	3113.74
1665.22	3094.90
1666.75	3071.88
1668.28	3062.46
1669.81	3042.23
1671.34	3031.07
1672.87	3014.68
1674.40	3001.77
1675.93	2981.54
1677.46	2962.36
1678.99	2950.15
1680.52	2947.71
1682.04	2941.78
1683.57	2939.69
1685.10	2927.48
1686.63	2923.29
1688.15	2911.43
1689.68	2903.76
1691.21	2893.65
1692.73	2892.25
1694.26	2887.72
1695.78	2883.53
1697.31	2872.02
1698.83	2869.23
1700.36	2861.90
1701.88	2865.74
1703.40	2859.81
1704.93	2859.11
1706.45	2852.49
