896.35	3086.88
897.98	3087.93
899.60	3099.09
901.22	3107.46
902.85	3117.23
904.47	3121.06
906.10	3125.25
907.72	3129.78
909.34	3138.85
910.97	3155.59
912.59	3175.48
914.21	3196.06
915.84	3222.91
917.46	3249.77
919.08	3273.49
920.71	3296.16
922.33	3313.25
923.95	3332.78
925.58	3341.16
927.20	3351.97
928.82	3365.57
930.44	3376.04
932.07	3379.87
933.69	3377.43
935.31	3384.41
936.93	3393.48
938.56	3403.24
940.18	3410.57
941.80	3421.38
943.42	3430.80
945.05	3430.80
946.67	3433.24
948.29	3426.96
949.91	3434.98
951.53	3442.31
953.16	3451.38
954.78	3449.63
956.40	3445.45
958.02	3441.61
959.64	3444.40
961.26	3444.40
962.88	3444.40
964.51	3449.28
966.13	3453.12
967.75	3455.21
969.37	3453.12
970.99	3449.63
972.61	3453.12
974.23	3452.07
975.85	3460.45
977.47	3460.79
979.09	3460.79
980.71	3456.96
982.33	3463.93
983.95	3475.10
985.57	3479.28
987.19	3484.86
988.81	3483.82
990.43	3485.91
992.05	3489.40
993.67	3491.49
995.29	3492.19
996.91	3497.77
998.53	3508.23
1000.15	3521.14
1001.77	3521.83
1003.39	3523.23
1005.01	3527.07
1006.63	3530.90
1008.25	3538.23
1009.86	3542.76
1011.48	3543.11
1013.10	3550.78
1014.72	3554.62
1016.34	3569.62
1017.96	3563.34
1019.58	3564.04
1021.19	3558.81
1022.81	3569.97
1024.43	3574.50
1026.05	3580.78
1027.66	3579.74
1029.28	3583.57
1030.90	3579.39
1032.52	3581.48
1034.13	3587.06
1035.75	3596.83
1037.37	3605.20
1038.98	3600.66
1040.60	3597.18
1042.22	3591.94
1043.83	3600.31
1045.45	3604.85
1047.07	3613.57
1048.68	3610.08
1050.30	3611.13
1051.92	3609.38
1053.53	3613.92
1055.15	3614.96
1056.76	3613.57
1058.38	3614.27
1059.99	3612.52
1061.61	3609.03
1063.22	3607.99
1064.84	3611.48
1066.46	3610.78
1068.07	3610.08
1069.68	3612.87
1071.30	3619.15
1072.91	3620.20
1074.53	3621.59
1076.14	3617.41
1077.76	3618.80
1079.37	3601.71
1080.98	3600.66
1082.60	3595.78
1084.21	3605.90
1085.83	3606.94
1087.44	3602.76
1089.05	3598.22
1090.67	3595.43
1092.28	3598.92
1093.89	3602.41
1095.50	3601.36
1097.12	3603.80
1098.73	3595.08
1100.34	3598.57
1101.95	3595.43
1103.57	3603.45
1105.18	3602.41
1106.79	3604.85
1108.40	3605.55
1110.01	3610.78
1111.63	3610.43
1113.24	3613.92
1114.85	3609.73
1116.46	3615.66
1118.07	3612.17
1119.68	3617.75
1121.29	3611.13
1122.90	3613.57
1124.51	3614.27
1126.12	3624.38
1127.73	3629.61
1129.34	3633.45
1130.95	3632.06
1132.56	3626.13
1134.17	3620.54
1135.78	3624.03
1137.39	3631.71
1139.00	3638.33
1140.61	3642.87
1142.22	3648.80
1143.83	3653.33
1145.44	3653.68
1147.05	3658.91
1148.65	3663.45
1150.26	3665.19
1151.87	3667.63
1153.48	3669.73
1155.09	3672.86
1156.69	3668.33
1158.30	3669.03
1159.91	3674.61
1161.52	3680.89
1163.12	3680.54
1164.73	3687.86
1166.34	3689.61
1167.94	3699.02
1169.55	3693.44
1171.16	3698.68
1172.76	3698.68
1174.37	3702.16
1175.97	3696.93
1177.58	3699.72
1179.19	3698.68
1180.79	3706.70
1182.40	3701.82
1184.00	3708.44
1185.61	3711.23
1187.21	3718.91
1188.82	3715.07
1190.42	3714.37
1192.02	3711.23
1193.63	3717.51
1195.23	3723.09
1196.84	3729.02
1198.44	3729.37
1200.04	3729.37
1201.65	3728.67
1203.25	3731.81
1204.85	3724.84
1206.46	3724.84
1208.06	3716.46
1209.66	3723.09
1211.26	3726.23
1212.87	3726.58
1214.47	3724.14
1216.07	3723.79
1217.67	3726.23
1219.27	3724.14
1220.87	3717.51
1222.48	3713.67
1224.08	3716.46
1225.68	3719.60
1227.28	3721.00
1228.88	3725.88
1230.48	3723.79
1232.08	3729.37
1233.68	3727.28
1235.28	3726.58
1236.88	3714.37
1238.48	3715.77
1240.08	3711.93
1241.68	3718.56
1243.28	3709.14
1244.87	3708.09
1246.47	3699.37
1248.07	3694.49
1249.67	3697.28
1251.27	3697.63
1252.87	3698.68
1254.46	3691.00
1256.06	3692.05
1257.66	3687.17
1259.26	3689.96
1260.85	3688.91
1262.45	3689.26
1264.05	3687.17
1265.64	3686.47
1267.24	3687.51
1268.83	3687.51
1270.43	3691.00
1272.03	3686.47
1273.62	3676.70
1275.22	3670.77
1276.81	3668.33
1278.41	3672.17
1280.00	3670.07
1281.60	3670.77
1283.19	3676.70
1284.79	3677.75
1286.38	3687.51
1287.97	3684.38
1289.57	3687.86
1291.16	3679.49
1292.75	3683.33
1294.35	3678.45
1295.94	3679.84
1297.53	3674.26
1299.12	3681.58
1300.72	3681.93
1302.31	3695.19
1303.90	3696.58
1305.49	3697.63
1307.08	3685.07
1308.68	3682.63
1310.27	3685.42
1311.86	3689.96
1313.45	3687.17
1315.04	3686.12
1316.63	3682.28
1318.22	3677.05
1319.81	3674.61
1321.40	3677.75
1322.99	3677.05
1324.58	3678.10
1326.17	3674.96
1327.75	3679.49
1329.34	3675.66
1330.93	3676.00
1332.52	3674.61
1334.11	3681.58
1335.70	3677.40
1337.28	3680.19
1338.87	3676.35
1340.46	3679.84
1342.05	3675.66
1343.63	3677.05
1345.22	3681.24
1346.81	3682.98
1348.39	3680.89
1349.98	3673.91
1351.56	3667.28
1353.15	3657.87
1354.73	3642.17
1356.32	3635.19
1357.90	3631.36
1359.49	3626.82
1361.07	3610.43
1362.66	3602.41
1364.24	3602.76
1365.82	3618.80
1367.41	3616.36
1368.99	3615.31
1370.57	3611.82
1372.16	3624.73
1373.74	3633.80
1375.32	3629.61
1376.91	3606.24
1378.49	3576.60
1380.07	3548.34
1381.65	3534.04
1383.23	3537.18
1384.81	3549.04
1386.39	3560.55
1387.97	3567.18
1389.55	3572.06
1391.14	3572.76
1392.72	3571.02
1394.29	3565.78
1395.87	3567.18
1397.45	3572.76
1399.03	3575.90
1400.61	3584.27
1402.19	3585.66
1403.77	3602.76
1405.35	3603.10
1406.92	3611.82
1408.50	3610.43
1410.08	3622.29
1411.66	3624.03
1413.23	3634.15
1414.81	3634.50
1416.39	3650.19
1417.96	3647.40
1419.54	3656.47
1421.12	3656.47
1422.69	3661.01
1424.27	3657.87
1425.84	3656.82
1427.42	3658.22
1428.99	3664.84
1430.57	3664.49
1432.14	3671.82
1433.71	3674.26
1435.29	3677.05
1436.86	3670.77
1438.43	3664.14
1440.01	3598.22
1441.58	3599.27
1443.15	3602.76
1444.72	3663.45
1446.30	3661.70
1447.87	3655.77
1449.44	3650.89
1451.01	3656.12
1452.58	3659.96
1454.15	3664.84
1455.72	3654.38
1457.29	3657.17
1458.86	3652.98
1460.43	3664.49
1462.00	3658.91
1463.57	3662.40
1465.14	3651.59
1466.71	3649.15
1468.28	3648.45
1469.85	3651.24
1471.41	3642.52
1472.98	3640.43
1474.55	3628.57
1476.12	3629.96
1477.68	3624.38
1479.25	3624.73
1480.82	3621.94
1482.38	3617.06
1483.95	3617.75
1485.51	3627.52
1487.08	3633.45
1488.64	3641.47
1490.21	3633.45
1491.77	3640.78
1493.34	3633.10
1494.90	3636.94
1496.46	3629.61
1498.03	3631.71
1499.59	3624.73
1501.15	3614.62
1502.72	3605.90
1504.28	3600.66
1505.84	3597.52
1507.40	3600.66
1508.97	3603.45
1510.53	3611.13
1512.09	3608.34
1513.65	3605.20
1515.21	3593.69
1516.77	3597.87
1518.33	3594.73
1519.89	3597.87
1521.45	3587.06
1523.01	3594.38
1524.57	3593.69
1526.13	3596.13
1527.68	3589.85
1529.24	3586.36
1530.80	3587.41
1532.36	3581.83
1533.92	3579.39
1535.47	3577.29
1537.03	3577.64
1538.59	3578.34
1540.14	3568.22
1541.70	3573.81
1543.25	3574.85
1544.81	3582.87
1546.36	3574.50
1547.92	3577.64
1549.47	3573.81
1551.03	3574.15
1552.58	3564.74
1554.13	3562.64
1555.69	3555.32
1557.24	3550.09
1558.79	3539.62
1560.35	3540.32
1561.90	3539.27
1563.45	3543.46
1565.00	3540.67
1566.55	3541.72
1568.10	3535.44
1569.66	3535.79
1571.21	3529.86
1572.76	3534.04
1574.31	3533.00
1575.86	3531.25
1577.40	3526.02
1578.95	3522.53
1580.50	3516.25
1582.05	3515.21
1583.60	3505.09
1585.15	3506.14
1586.69	3500.21
1588.24	3505.09
1589.79	3499.51
1591.34	3501.60
1592.88	3492.54
1594.43	3497.42
1595.97	3490.09
1597.52	3491.84
1599.06	3481.02
1600.61	3484.86
1602.15	3479.63
1603.70	3482.07
1605.24	3472.30
1606.79	3468.47
1608.33	3464.63
1609.87	3466.38
1611.41	3467.77
1612.96	3464.28
1614.50	3456.61
1616.04	3454.52
1617.58	3448.94
1619.12	3449.28
1620.67	3433.59
1622.21	3433.94
1623.75	3424.17
1625.29	3427.66
1626.83	3424.87
1628.37	3418.24
1629.90	3401.85
1631.44	3382.66
1632.98	3364.87
1634.52	3353.02
1636.06	3339.76
1637.59	3322.67
1639.13	3299.65
1640.67	3270.35
1642.21	3241.75
1643.74	3207.57
1645.28	3166.76
1646.81	3136.41
1648.35	3099.09
1649.88	3079.21
1651.42	3045.02
1652.95	3035.61
1654.49	3008.40
1656.02	2993.40
1657.55	2964.80
1659.09	2955.03
1660.62	2938.64
1662.15	2933.41
1663.68	2917.71
1665.22	2906.90
1666.75	2894.69
1668.28	2892.95
1669.81	2887.02
1671.34	2882.14
1672.87	2875.86
1674.40	2870.28
1675.93	2858.07
1677.46	2845.86
1678.99	2836.44
1680.52	2836.79
1682.04	2831.91
1683.57	2832.26
1685.10	2823.54
1686.63	2823.19
1688.15	2814.82
1689.68	2811.33
1691.21	2802.96
1692.73	2805.40
1694.26	2805.75
1695.78	2805.75
1697.31	2796.33
1698.83	2794.94
1700.36	2787.96
1701.88	2794.59
1703.40	2787.61
1704.93	2791.45
1706.45	2791.80
