896.35	3266.86
897.98	3276.63
899.60	3290.58
901.22	3295.46
902.85	3305.23
904.47	3313.60
906.10	3325.81
907.72	3338.71
909.34	3353.02
910.97	3373.25
912.59	3400.80
914.21	3429.75
915.84	3474.05
917.46	3518.35
919.08	3560.20
920.71	3595.08
922.33	3623.68
923.95	3652.98
925.58	3670.77
927.20	3682.98
928.82	3699.37
930.44	3708.09
932.07	3717.86
933.69	3716.46
935.31	3730.42
936.93	3742.97
938.56	3761.11
940.18	3766.69
941.80	3775.41
943.42	3785.88
945.05	3794.60
946.67	3802.27
948.29	3793.90
949.91	3800.18
951.53	3806.11
953.16	3817.27
954.78	3815.52
956.40	3807.85
958.02	3807.50
959.64	3809.94
961.26	3816.57
962.88	3812.04
964.51	3818.31
966.13	3821.10
967.75	3824.94
969.37	3819.36
970.99	3815.87
972.61	3817.27
974.23	3820.06
975.85	3820.76
977.47	3825.99
979.09	3822.85
980.71	3825.29
982.33	3825.29
983.95	3839.24
985.57	3841.68
987.19	3851.80
988.81	3848.66
990.43	3852.85
992.05	3852.85
993.67	3860.52
995.29	3862.26
996.91	3874.82
998.53	3882.49
1000.15	3903.77
1001.77	3903.77
1003.39	3912.14
1005.01	3914.23
1006.63	3925.05
1008.25	3932.72
1009.86	3941.09
1011.48	3941.09
1013.10	3951.56
1014.72	3955.74
1016.34	3975.62
1017.96	3972.83
1019.58	3979.81
1021.19	3976.32
1022.81	3993.76
1024.43	3998.64
1026.05	4008.76
1027.66	4004.92
1029.28	4012.60
1030.90	4008.41
1032.52	4016.43
1034.13	4022.01
1035.75	4034.92
1037.37	4040.85
1038.98	4043.29
1040.60	4038.76
1042.22	4034.22
1043.83	4036.66
1045.45	4046.43
1047.07	4056.20
1048.68	4055.15
1050.30	4052.01
1051.92	4048.87
1053.53	4051.66
1055.15	4056.54
1056.76	4058.29
1058.38	4060.38
1059.99	4053.75
1061.61	4054.80
1063.22	4052.71
1064.84	4055.50
1066.46	4049.57
1068.07	4047.48
1069.68	4051.31
1071.30	4054.10
1072.91	4053.41
1074.53	4055.85
1076.14	4053.75
1077.76	4059.68
1079.37	4041.90
1080.98	4043.29
1082.60	4033.87
1084.21	4043.29
1085.83	4041.20
1087.44	4038.41
1089.05	4031.08
1090.67	4025.50
1092.28	4024.11
1093.89	4032.83
1095.50	4033.18
1097.12	4041.20
1098.73	4030.04
1100.34	4033.52
1101.95	4027.94
1103.57	4033.52
1105.18	4025.85
1106.79	4026.55
1108.40	4026.90
1110.01	4039.45
1111.63	4042.24
1113.24	4051.31
1114.85	4045.73
1116.46	4055.15
1118.07	4048.52
1119.68	4058.64
1121.29	4052.01
1122.90	4060.73
1124.51	4064.92
1126.12	4074.33
1127.73	4078.52
1129.34	4082.70
1130.95	4083.40
1132.56	4074.68
1134.17	4067.01
1135.78	4076.78
1137.39	4089.68
1139.00	4099.10
1140.61	4097.35
1142.22	4106.77
1143.83	4114.10
1145.44	4122.12
1147.05	4126.30
1148.65	4127.00
1150.26	4121.42
1151.87	4122.82
1153.48	4129.79
1155.09	4145.14
1156.69	4142.35
1158.30	4145.84
1159.91	4146.19
1161.52	4162.93
1163.12	4165.72
1164.73	4176.88
1166.34	4174.44
1167.94	4184.55
1169.55	4182.46
1171.16	4192.23
1172.76	4191.18
1174.37	4199.55
1175.97	4193.62
1177.58	4206.18
1179.19	4197.81
1180.79	4206.88
1182.40	4196.06
1184.00	4206.88
1185.61	4207.23
1187.21	4216.30
1188.82	4214.90
1190.42	4215.25
1192.02	4208.27
1193.63	4214.20
1195.23	4219.78
1196.84	4231.29
1198.44	4229.90
1200.04	4236.18
1201.65	4234.78
1203.25	4238.62
1204.85	4226.76
1206.46	4222.57
1208.06	4217.69
1209.66	4223.97
1211.26	4229.55
1212.87	4236.18
1214.47	4238.27
1216.07	4243.85
1217.67	4238.62
1219.27	4235.83
1220.87	4222.92
1222.48	4218.74
1224.08	4215.95
1225.68	4219.43
1227.28	4212.46
1228.88	4217.69
1230.48	4213.16
1232.08	4223.97
1233.68	4218.39
1235.28	4219.78
1236.88	4206.88
1238.48	4211.41
1240.08	4200.60
1241.68	4204.78
1243.28	4190.48
1244.87	4193.62
1246.47	4183.16
1248.07	4180.37
1249.67	4179.32
1251.27	4184.55
1252.87	4181.07
1254.46	4171.30
1256.06	4159.79
1257.66	4156.30
1259.26	4159.79
1260.85	4168.86
1262.45	4170.25
1264.05	4169.56
1265.64	4167.46
1267.24	4174.09
1268.83	4172.00
1270.43	4178.62
1272.03	4172.00
1273.62	4174.09
1275.22	4164.67
1276.81	4164.67
1278.41	4165.37
1280.00	4169.90
1281.60	4172.00
1283.19	4175.83
1284.79	4166.77
1286.38	4166.42
1287.97	4159.44
1289.57	4164.67
1291.16	4155.60
1292.75	4160.49
1294.35	4156.65
1295.94	4170.25
1297.53	4162.23
1299.12	4166.42
1300.72	4150.37
1302.31	4158.39
1303.90	4163.28
1305.49	4175.83
1307.08	4168.16
1308.68	4162.23
1310.27	4156.65
1311.86	4160.14
1313.45	4154.56
1315.04	4157.70
1316.63	4154.56
1318.22	4155.60
1319.81	4155.95
1321.40	4166.77
1322.99	4169.21
1324.58	4171.65
1326.17	4164.32
1327.75	4167.46
1329.34	4164.67
1330.93	4164.32
1332.52	4161.53
1334.11	4164.67
1335.70	4162.58
1337.28	4170.25
1338.87	4168.51
1340.46	4175.83
1342.05	4170.25
1343.63	4170.95
1345.22	4169.56
1346.81	4166.42
1348.39	4159.79
1349.98	4150.02
1351.56	4131.19
1353.15	4119.33
1354.73	4098.05
1356.32	4094.91
1357.90	4080.61
1359.49	4067.01
1361.07	4040.85
1362.66	4035.62
1364.24	4042.94
1365.82	4066.31
1367.41	4062.13
1368.99	4060.38
1370.57	4057.59
1372.16	4077.82
1373.74	4088.29
1375.32	4088.29
1376.91	4058.64
1378.49	4018.53
1380.07	3970.04
1381.65	3937.95
1383.23	3932.37
1384.81	3949.11
1386.39	3971.09
1387.97	3995.16
1389.55	4012.25
1391.14	4020.62
1392.72	4013.99
1394.29	4003.18
1395.87	4008.06
1397.45	4021.32
1399.03	4027.59
1400.61	4037.01
1402.19	4030.04
1403.77	4032.48
1405.35	4025.50
1406.92	4038.76
1408.50	4048.87
1410.08	4071.89
1411.66	4081.31
1413.23	4099.45
1414.81	4093.17
1416.39	4100.84
1417.96	4094.56
1419.54	4109.56
1421.12	4118.28
1422.69	4134.68
1424.27	4139.21
1425.84	4145.49
1427.42	4145.49
1428.99	4148.98
1430.57	4140.61
1432.14	4143.74
1433.71	4142.70
1435.29	4151.77
1436.86	4148.98
1438.43	4144.09
1440.01	4068.75
1441.58	4069.45
1443.15	4071.54
1444.72	4139.56
1446.30	4144.79
1447.87	4143.74
1449.44	4132.93
1451.01	4129.79
1452.58	4130.14
1454.15	4140.95
1455.72	4131.89
1457.29	4130.84
1458.86	4119.33
1460.43	4129.10
1462.00	4121.77
1463.57	4129.79
1465.14	4114.45
1466.71	4119.33
1468.28	4114.10
1469.85	4119.68
1471.41	4108.86
1472.98	4110.96
1474.55	4093.87
1476.12	4088.63
1477.68	4074.68
1479.25	4075.38
1480.82	4070.50
1482.38	4067.01
1483.95	4069.10
1485.51	4086.89
1487.08	4096.66
1488.64	4108.52
1490.21	4099.10
1491.77	4106.77
1493.34	4094.91
1494.90	4088.98
1496.46	4069.80
1498.03	4064.22
1499.59	4056.89
1501.15	4049.92
1502.72	4041.20
1504.28	4038.76
1505.84	4035.27
1507.40	4042.24
1508.97	4041.20
1510.53	4053.41
1512.09	4051.66
1513.65	4052.01
1515.21	4034.92
1516.77	4036.31
1518.33	4028.64
1519.89	4034.92
1521.45	4023.06
1523.01	4031.43
1524.57	4030.04
1526.13	4034.92
1527.68	4032.13
1529.24	4031.43
1530.80	4026.55
1532.36	4021.32
1533.92	4006.67
1535.47	3998.30
1537.03	3994.46
1538.59	4005.27
1540.14	4009.81
1541.70	4013.29
1543.25	4004.22
1544.81	4005.27
1546.36	3994.11
1547.92	4000.04
1549.47	3994.11
1551.03	3996.55
1552.58	3982.95
1554.13	3985.39
1555.69	3979.46
1557.24	3980.16
1558.79	3966.90
1560.35	3967.60
1561.90	3966.21
1563.45	3967.95
1565.00	3958.53
1566.55	3956.79
1568.10	3947.37
1569.66	3945.63
1571.21	3931.33
1572.76	3927.84
1574.31	3920.51
1575.86	3925.74
1577.40	3926.09
1578.95	3928.54
1580.50	3917.72
1582.05	3913.89
1583.60	3901.68
1585.15	3904.82
1586.69	3899.58
1588.24	3908.30
1589.79	3899.58
1591.34	3903.42
1592.88	3893.31
1594.43	3901.33
1595.97	3895.75
1597.52	3902.03
1599.06	3893.31
1600.61	3891.91
1602.15	3876.22
1603.70	3870.63
1605.24	3854.59
1606.79	3849.01
1608.33	3843.43
1609.87	3847.96
1611.41	3849.36
1612.96	3844.13
1614.50	3832.62
1616.04	3829.13
1617.58	3819.36
1619.12	3819.36
1620.67	3800.53
1622.21	3803.66
1623.75	3789.36
1625.29	3790.76
1626.83	3778.90
1628.37	3770.53
1629.90	3753.09
1631.44	3737.04
1632.98	3715.07
1634.52	3691.70
1636.06	3662.75
1637.59	3625.43
1639.13	3584.97
1640.67	3535.44
1642.21	3492.54
1643.74	3440.56
1645.28	3385.45
1646.81	3335.23
1648.35	3284.30
1649.88	3246.63
1651.42	3202.68
1652.95	3178.27
1654.49	3143.04
1656.02	3118.62
1657.55	3083.04
1659.09	3061.77
1660.62	3034.91
1662.15	3018.52
1663.68	2996.54
1665.22	2982.59
1666.75	2968.29
1668.28	2964.45
1669.81	2953.64
1671.34	2945.62
1672.87	2936.20
1674.40	2928.87
1675.93	2916.32
1677.46	2900.27
1678.99	2889.11
1680.52	2885.97
1682.04	2879.00
1683.57	2876.21
1685.10	2866.09
1686.63	2866.79
1688.15	2857.37
1689.68	2851.79
1691.21	2840.98
1692.73	2840.98
1694.26	2838.54
1695.78	2834.70
1697.31	2826.33
1698.83	2823.19
1700.36	2816.56
1701.88	2818.30
1703.40	2812.72
1704.93	2815.51
1706.45	2814.82
