896.35	3138.15
897.98	3152.80
899.60	3154.90
901.22	3191.52
902.85	3173.73
904.47	3203.03
906.10	3206.17
907.72	3209.31
909.34	3217.68
910.97	3263.72
912.59	3277.33
914.21	3326.51
915.84	3353.71
917.46	3417.54
919.08	3442.66
920.71	3480.33
922.33	3491.84
923.95	3518.00
925.58	3541.02
927.20	3549.39
928.82	3549.39
930.44	3593.34
932.07	3570.32
933.69	3587.06
935.31	3586.01
936.93	3615.31
938.56	3601.71
940.18	3637.29
941.80	3607.99
943.42	3643.57
945.05	3637.29
946.67	3638.33
948.29	3631.01
949.91	3642.52
951.53	3638.33
953.16	3656.12
954.78	3638.33
956.40	3646.70
958.02	3635.19
959.64	3650.89
961.26	3632.06
962.88	3650.89
964.51	3623.68
966.13	3660.31
967.75	3645.66
969.37	3648.80
970.99	3631.01
972.61	3648.80
974.23	3626.82
975.85	3648.80
977.47	3646.70
979.09	3652.98
980.71	3633.10
982.33	3654.03
983.95	3638.33
985.57	3673.91
987.19	3650.89
988.81	3682.28
990.43	3660.31
992.05	3671.82
993.67	3673.91
995.29	3678.10
996.91	3655.08
998.53	3703.21
1000.15	3700.07
1001.77	3722.05
1003.39	3713.67
1005.01	3724.14
1006.63	3718.91
1008.25	3740.88
1009.86	3749.25
1011.48	3749.25
1013.10	3729.37
1014.72	3768.09
1016.34	3760.76
1017.96	3792.15
1019.58	3760.76
1021.19	3773.32
1022.81	3768.09
1024.43	3799.48
1026.05	3775.41
1027.66	3817.27
1029.28	3800.53
1030.90	3815.18
1032.52	3793.20
1034.13	3819.36
1035.75	3805.76
1037.37	3820.41
1038.98	3825.64
1040.60	3835.06
1042.22	3800.53
1043.83	3828.78
1045.45	3814.13
1047.07	3831.92
1048.68	3824.59
1050.30	3821.45
1051.92	3819.36
1053.53	3836.10
1055.15	3815.18
1056.76	3826.69
1058.38	3818.31
1059.99	3835.06
1061.61	3819.36
1063.22	3819.36
1064.84	3813.08
1066.46	3825.64
1068.07	3818.31
1069.68	3835.06
1071.30	3825.64
1072.91	3818.31
1074.53	3800.53
1076.14	3826.69
1077.76	3799.48
1079.37	3816.22
1080.98	3774.37
1082.60	3806.80
1084.21	3787.97
1085.83	3799.48
1087.44	3789.02
1089.05	3794.25
1090.67	3774.37
1092.28	3782.74
1093.89	3772.27
1095.50	3790.06
1097.12	3763.90
1098.73	3785.88
1100.34	3749.25
1101.95	3783.78
1103.57	3767.04
1105.18	3763.90
1106.79	3749.25
1108.40	3771.23
1110.01	3758.67
1111.63	3777.50
1113.24	3769.13
1114.85	3780.64
1116.46	3760.76
1118.07	3781.69
1119.68	3752.39
1121.29	3780.64
1122.90	3760.76
1124.51	3778.55
1126.12	3756.58
1127.73	3779.60
1129.34	3771.23
1130.95	3786.92
1132.56	3775.41
1134.17	3762.86
1135.78	3761.81
1137.39	3786.92
1139.00	3753.44
1140.61	3772.27
1142.22	3768.09
1143.83	3773.32
1145.44	3744.02
1147.05	3760.76
1148.65	3753.44
1150.26	3764.95
1151.87	3745.07
1153.48	3765.99
1155.09	3760.76
1156.69	3773.32
1158.30	3741.93
1159.91	3760.76
1161.52	3757.62
1163.12	3765.99
1164.73	3752.39
1166.34	3773.32
1167.94	3746.11
1169.55	3767.04
1171.16	3749.25
1172.76	3776.46
1174.37	3763.90
1175.97	3785.88
1177.58	3748.21
1179.19	3780.64
1180.79	3750.30
1182.40	3765.99
1184.00	3744.02
1185.61	3777.50
1187.21	3770.18
1188.82	3782.74
1190.42	3757.62
1192.02	3769.13
1193.63	3745.07
1195.23	3777.50
1196.84	3749.25
1198.44	3767.04
1200.04	3755.53
1201.65	3775.41
1203.25	3761.81
1204.85	3773.32
1206.46	3732.51
1208.06	3751.34
1209.66	3733.56
1211.26	3749.25
1212.87	3752.39
1214.47	3738.79
1216.07	3724.14
1217.67	3740.88
1219.27	3719.95
1220.87	3742.97
1222.48	3719.95
1224.08	3727.28
1225.68	3715.77
1227.28	3727.28
1228.88	3707.40
1230.48	3724.14
1232.08	3691.70
1233.68	3717.86
1235.28	3703.21
1236.88	3707.40
1238.48	3684.38
1240.08	3711.58
1241.68	3668.68
1243.28	3678.10
1244.87	3670.77
1246.47	3666.59
1248.07	3656.12
1249.67	3669.73
1251.27	3663.45
1252.87	3661.35
1254.46	3629.96
1256.06	3636.24
1257.66	3624.73
1259.26	3632.06
1260.85	3631.01
1262.45	3646.70
1264.05	3620.54
1265.64	3620.54
1267.24	3614.27
1268.83	3628.92
1270.43	3609.03
1272.03	3627.87
1273.62	3612.17
1275.22	3611.13
1276.81	3605.90
1278.41	3599.62
1280.00	3596.48
1281.60	3605.90
1283.19	3592.29
1284.79	3600.66
1286.38	3579.74
1287.97	3588.11
1289.57	3567.18
1291.16	3569.27
1292.75	3556.71
1294.35	3575.55
1295.94	3557.76
1297.53	3565.09
1299.12	3547.30
1300.72	3579.74
1302.31	3531.60
1303.90	3571.36
1305.49	3557.76
1307.08	3548.34
1308.68	3526.37
1310.27	3526.37
1311.86	3515.90
1313.45	3519.04
1315.04	3514.86
1316.63	3524.28
1318.22	3516.95
1319.81	3512.77
1321.40	3505.44
1322.99	3516.95
1324.58	3482.42
1326.17	3488.70
1327.75	3477.19
1329.34	3493.93
1330.93	3481.37
1332.52	3476.14
1334.11	3463.58
1335.70	3475.10
1337.28	3457.31
1338.87	3461.49
1340.46	3452.07
1342.05	3447.89
1343.63	3430.10
1345.22	3438.47
1346.81	3434.29
1348.39	3425.91
1349.98	3419.64
1351.56	3420.68
1353.15	3401.85
1354.73	3402.89
1356.32	3378.83
1357.90	3380.92
1359.49	3372.55
1361.07	3349.53
1362.66	3341.16
1364.24	3349.53
1365.82	3338.02
1367.41	3341.16
1368.99	3306.62
1370.57	3312.90
1372.16	3303.49
1373.74	3305.58
1375.32	3290.93
1376.91	3279.42
1378.49	3233.38
1380.07	3209.31
1381.65	3195.71
1383.23	3175.82
1384.81	3176.87
1386.39	3163.27
1387.97	3144.43
1389.55	3146.53
1391.14	3139.20
1392.72	3115.13
1394.29	3104.67
1395.87	3087.93
1397.45	3073.28
1399.03	3073.28
1400.61	3057.58
1402.19	3057.58
1403.77	3034.56
1405.35	3042.93
1406.92	3015.73
1408.50	3024.10
1410.08	3015.73
1411.66	3008.40
1413.23	3000.03
1414.81	3004.22
1416.39	2989.57
1417.96	3004.22
1419.54	2981.19
1421.12	2992.70
1422.69	2990.61
1424.27	2971.78
1425.84	2986.43
1427.42	2985.38
1428.99	2982.24
1430.57	2983.29
1432.14	2972.82
1433.71	2977.01
1435.29	2983.29
1436.86	2977.01
1438.43	2971.78
1440.01	2967.59
1441.58	2837.84
1443.15	2975.96
1444.72	2974.92
1446.30	2960.27
1447.87	2960.27
1449.44	2957.13
1451.01	2948.76
1452.58	2965.50
1454.15	2965.50
1455.72	2956.08
1457.29	2952.94
1458.86	2961.31
1460.43	2948.76
1462.00	2967.59
1463.57	2953.99
1465.14	2965.50
1466.71	2959.22
1468.28	2958.17
1469.85	2960.27
1471.41	2965.50
1472.98	2950.85
1474.55	2970.73
1476.12	2955.03
1477.68	2953.99
1479.25	2962.36
1480.82	2962.36
1482.38	2972.82
1483.95	2961.31
1485.51	2960.27
1487.08	2979.10
1488.64	2975.96
1490.21	2986.43
1491.77	2965.50
1493.34	2986.43
1494.90	2969.68
1496.46	2972.82
1498.03	2977.01
1499.59	2986.43
1501.15	2987.47
1502.72	2983.29
1504.28	2981.19
1505.84	2986.43
1507.40	2981.19
1508.97	2998.98
1510.53	2989.57
1512.09	3003.17
1513.65	3003.17
1515.21	3008.40
1516.77	2990.61
1518.33	3003.17
1519.89	2996.89
1521.45	3001.08
1523.01	3002.12
1524.57	3013.63
1526.13	3000.03
1527.68	3009.45
1529.24	3015.73
1530.80	3007.35
1532.36	3012.59
1533.92	3011.54
1535.47	2991.66
1537.03	3004.22
1538.59	3017.82
1540.14	3013.63
1541.70	3001.08
1543.25	3017.82
1544.81	3010.49
1546.36	3015.73
1547.92	3004.22
1549.47	3013.63
1551.03	3005.26
1552.58	3002.12
1554.13	2992.70
1555.69	3011.54
1557.24	3001.08
1558.79	3000.03
1560.35	2980.15
1561.90	3006.31
1563.45	2990.61
1565.00	2997.94
1566.55	2984.33
1568.10	2993.75
1569.66	2975.96
1571.21	2998.98
1572.76	2998.98
1574.31	3000.03
1575.86	2987.47
1577.40	2971.78
1578.95	2984.33
1580.50	2979.10
1582.05	2962.36
1583.60	2972.82
1585.15	2961.31
1586.69	2974.92
1588.24	2965.50
1589.79	2974.92
1591.34	2947.71
1592.88	2972.82
1594.43	2953.99
1595.97	2967.59
1597.52	2964.45
1599.06	2958.17
1600.61	2949.80
1602.15	2965.50
1603.70	2953.99
1605.24	2961.31
1606.79	2956.08
1608.33	2948.76
1609.87	2953.99
1611.41	2963.41
1612.96	2951.90
1614.50	2942.48
1616.04	2939.34
1617.58	2943.52
1619.12	2937.25
1620.67	2944.57
1622.21	2914.22
1623.75	2940.38
1625.29	2921.55
1626.83	2914.22
1628.37	2924.69
1629.90	2908.99
1631.44	2900.62
1632.98	2901.67
1634.52	2876.55
1636.06	2875.51
1637.59	2876.55
1639.13	2862.95
1640.67	2855.63
1642.21	2844.12
1643.74	2833.65
1645.28	2811.68
1646.81	2791.80
1648.35	2792.84
1649.88	2775.05
1651.42	2777.15
1652.95	2756.22
1654.49	2775.05
1656.02	2744.71
1657.55	2757.26
1659.09	2730.06
1660.62	2754.13
1662.15	2731.10
1663.68	2740.52
1665.22	2725.87
1666.75	2727.97
1668.28	2726.92
1669.81	2731.10
1671.34	2721.69
1672.87	2722.73
1674.40	2721.69
1675.93	2707.04
1677.46	2694.48
1678.99	2693.43
1680.52	2697.62
1682.04	2711.22
1683.57	2701.81
1685.10	2702.85
1686.63	2689.25
1688.15	2694.48
1689.68	2684.02
1691.21	2688.20
1692.73	2684.02
1694.26	2695.53
1695.78	2689.25
1697.31	2695.53
1698.83	2684.02
1700.36	2688.20
1701.88	2680.88
1703.40	2695.53
1704.93	2679.83
1706.45	2677.74
