896.35	2653.67
897.98	2652.62
899.60	2665.18
901.22	2658.90
902.85	2657.86
904.47	2663.09
906.10	2673.55
907.72	2661.00
909.34	2673.55
910.97	2670.41
912.59	2676.69
914.21	2662.04
915.84	2675.65
917.46	2675.65
919.08	2694.48
920.71	2664.13
922.33	2688.20
923.95	2673.55
925.58	2701.81
927.20	2671.46
928.82	2694.48
930.44	2693.43
932.07	2695.53
933.69	2670.41
935.31	2690.29
936.93	2681.92
938.56	2700.76
940.18	2679.83
941.80	2688.20
943.42	2679.83
945.05	2714.36
946.67	2686.11
948.29	2708.08
949.91	2682.97
951.53	2709.13
953.16	2701.81
954.78	2718.55
956.40	2690.29
958.02	2707.04
959.64	2681.92
961.26	2698.67
962.88	2689.25
964.51	2696.57
966.13	2709.13
967.75	2716.45
969.37	2689.25
970.99	2705.99
972.61	2693.43
974.23	2709.13
975.85	2700.76
977.47	2723.78
979.09	2693.43
980.71	2698.67
982.33	2690.29
983.95	2717.50
985.57	2709.13
987.19	2716.45
988.81	2709.13
990.43	2715.41
992.05	2697.62
993.67	2726.92
995.29	2699.71
996.91	2701.81
998.53	2704.94
1000.15	2719.59
1001.77	2702.85
1003.39	2717.50
1005.01	2699.71
1006.63	2717.50
1008.25	2709.13
1009.86	2723.78
1011.48	2703.90
1013.10	2713.32
1014.72	2717.50
1016.34	2722.73
1017.96	2725.87
1019.58	2715.41
1021.19	2698.67
1022.81	2712.27
1024.43	2714.36
1026.05	2721.69
1027.66	2714.36
1029.28	2730.06
1030.90	2710.18
1032.52	2710.18
1034.13	2708.08
1035.75	2722.73
1037.37	2704.94
1038.98	2738.43
1040.60	2711.22
1042.22	2720.64
1043.83	2708.08
1045.45	2725.87
1047.07	2703.90
1048.68	2723.78
1050.30	2702.85
1051.92	2729.01
1053.53	2714.36
1055.15	2731.10
1056.76	2713.32
1058.38	2730.06
1059.99	2720.64
1061.61	2729.01
1063.22	2708.08
1064.84	2726.92
1066.46	2712.27
1068.07	2731.10
1069.68	2713.32
1071.30	2731.10
1072.91	2715.41
1074.53	2724.83
1076.14	2722.73
1077.76	2723.78
1079.37	2711.22
1080.98	2701.81
1082.60	2714.36
1084.21	2733.20
1085.83	2714.36
1087.44	2727.97
1089.05	2701.81
1090.67	2721.69
1092.28	2700.76
1093.89	2731.10
1095.50	2720.64
1097.12	2733.20
1098.73	2723.78
1100.34	2714.36
1101.95	2720.64
1103.57	2727.97
1105.18	2708.08
1106.79	2722.73
1108.40	2722.73
1110.01	2726.92
1111.63	2722.73
1113.24	2740.52
1114.85	2721.69
1116.46	2732.15
1118.07	2727.97
1119.68	2720.64
1121.29	2726.92
1122.90	2725.87
1124.51	2714.36
1126.12	2733.20
1127.73	2726.92
1129.34	2740.52
1130.95	2729.01
1132.56	2746.80
1134.17	2709.13
1135.78	2730.06
1137.39	2723.78
1139.00	2722.73
1140.61	2717.50
1142.22	2737.38
1143.83	2719.59
1145.44	2739.48
1147.05	2717.50
1148.65	2736.34
1150.26	2718.55
1151.87	2716.45
1153.48	2705.99
1155.09	2729.01
1156.69	2716.45
1158.30	2716.45
1159.91	2704.94
1161.52	2722.73
1163.12	2715.41
1164.73	2718.55
1166.34	2720.64
1167.94	2725.87
1169.55	2722.73
1171.16	2725.87
1172.76	2722.73
1174.37	2725.87
1175.97	2720.64
1177.58	2714.36
1179.19	2718.55
1180.79	2719.59
1182.40	2710.18
1184.00	2719.59
1185.61	2719.59
1187.21	2733.20
1188.82	2716.45
1190.42	2738.43
1192.02	2709.13
1193.63	2708.08
1195.23	2712.27
1196.84	2731.10
1198.44	2720.64
1200.04	2732.15
1201.65	2716.45
1203.25	2732.15
1204.85	2721.69
1206.46	2717.50
1208.06	2705.99
1209.66	2714.36
1211.26	2704.94
1212.87	2735.29
1214.47	2708.08
1216.07	2724.83
1217.67	2713.32
1219.27	2722.73
1220.87	2722.73
1222.48	2729.01
1224.08	2709.13
1225.68	2725.87
1227.28	2719.59
1228.88	2726.92
1230.48	2721.69
1232.08	2714.36
1233.68	2725.87
1235.28	2740.52
1236.88	2714.36
1238.48	2722.73
1240.08	2738.43
1241.68	2726.92
1243.28	2717.50
1244.87	2722.73
1246.47	2711.22
1248.07	2719.59
1249.67	2708.08
1251.27	2737.38
1252.87	2711.22
1254.46	2719.59
1256.06	2719.59
1257.66	2732.15
1259.26	2715.41
1260.85	2727.97
1262.45	2714.36
1264.05	2732.15
1265.64	2717.50
1267.24	2726.92
1268.83	2715.41
1270.43	2721.69
1272.03	2732.15
1273.62	2731.10
1275.22	2703.90
1276.81	2734.24
1278.41	2717.50
1280.00	2730.06
1281.60	2714.36
1283.19	2724.83
1284.79	2718.55
1286.38	2716.45
1287.97	2717.50
1289.57	2718.55
1291.16	2715.41
1292.75	2711.22
1294.35	2720.64
1295.94	2729.01
1297.53	2719.59
1299.12	2716.45
1300.72	2724.83
1302.31	2698.67
1303.90	2732.15
1305.49	2731.10
1307.08	2710.18
1308.68	2717.50
1310.27	2709.13
1311.86	2717.50
1313.45	2709.13
1315.04	2719.59
1316.63	2713.32
1318.22	2721.69
1319.81	2703.90
1321.40	2713.32
1322.99	2715.41
1324.58	2704.94
1326.17	2705.99
1327.75	2707.04
1329.34	2707.04
1330.93	2702.85
1332.52	2696.57
1334.11	2703.90
1335.70	2701.81
1337.28	2707.04
1338.87	2714.36
1340.46	2713.32
1342.05	2703.90
1343.63	2711.22
1345.22	2698.67
1346.81	2716.45
1348.39	2707.04
1349.98	2717.50
1351.56	2689.25
1353.15	2702.85
1354.73	2721.69
1356.32	2716.45
1357.90	2701.81
1359.49	2721.69
1361.07	2715.41
1362.66	2713.32
1364.24	2708.08
1365.82	2714.36
1367.41	2721.69
1368.99	2707.04
1370.57	2705.99
1372.16	2717.50
1373.74	2707.04
1375.32	2720.64
1376.91	2713.32
1378.49	2705.99
1380.07	2696.57
1381.65	2715.41
1383.23	2704.94
1384.81	2711.22
1386.39	2704.94
1387.97	2709.13
1389.55	2698.67
1391.14	2701.81
1392.72	2698.67
1394.29	2702.85
1395.87	2704.94
1397.45	2701.81
1399.03	2707.04
1400.61	2714.36
1402.19	2700.76
1403.77	2690.29
1405.35	2711.22
1406.92	2704.94
1408.50	2712.27
1410.08	2710.18
1411.66	2699.71
1413.23	2709.13
1414.81	2708.08
1416.39	2692.39
1417.96	2699.71
1419.54	2702.85
1421.12	2710.18
1422.69	2724.83
1424.27	2695.53
1425.84	2703.90
1427.42	2703.90
1428.99	2713.32
1430.57	2704.94
1432.14	2707.04
1433.71	2704.94
1435.29	2715.41
1436.86	2709.13
1438.43	2709.13
1440.01	2710.18
1441.58	2587.75
1443.15	2711.22
1444.72	2718.55
1446.30	2698.67
1447.87	2709.13
1449.44	2701.81
1451.01	2700.76
1452.58	2708.08
1454.15	2707.04
1455.72	2691.34
1457.29	2703.90
1458.86	2707.04
1460.43	2701.81
1462.00	2715.41
1463.57	2705.99
1465.14	2705.99
1466.71	2700.76
1468.28	2703.90
1469.85	2709.13
1471.41	2705.99
1472.98	2697.62
1474.55	2711.22
1476.12	2696.57
1477.68	2703.90
1479.25	2718.55
1480.82	2705.99
1482.38	2712.27
1483.95	2696.57
1485.51	2704.94
1487.08	2707.04
1488.64	2716.45
1490.21	2708.08
1491.77	2695.53
1493.34	2712.27
1494.90	2696.57
1496.46	2694.48
1498.03	2701.81
1499.59	2695.53
1501.15	2701.81
1502.72	2696.57
1504.28	2697.62
1505.84	2693.43
1507.40	2693.43
1508.97	2705.99
1510.53	2711.22
1512.09	2712.27
1513.65	2712.27
1515.21	2705.99
1516.77	2692.39
1518.33	2705.99
1519.89	2704.94
1521.45	2702.85
1523.01	2702.85
1524.57	2701.81
1526.13	2699.71
1527.68	2704.94
1529.24	2717.50
1530.80	2704.94
1532.36	2712.27
1533.92	2696.57
1535.47	2685.06
1537.03	2696.57
1538.59	2700.76
1540.14	2696.57
1541.70	2696.57
1543.25	2705.99
1544.81	2698.67
1546.36	2698.67
1547.92	2687.16
1549.47	2697.62
1551.03	2696.57
1552.58	2687.16
1554.13	2692.39
1555.69	2695.53
1557.24	2697.62
1558.79	2691.34
1560.35	2686.11
1561.90	2686.11
1563.45	2689.25
1565.00	2695.53
1566.55	2689.25
1568.10	2681.92
1569.66	2680.88
1571.21	2697.62
1572.76	2696.57
1574.31	2692.39
1575.86	2688.20
1577.40	2678.78
1578.95	2680.88
1580.50	2678.78
1582.05	2677.74
1583.60	2686.11
1585.15	2680.88
1586.69	2675.65
1588.24	2680.88
1589.79	2687.16
1591.34	2675.65
1592.88	2684.02
1594.43	2664.13
1595.97	2682.97
1597.52	2681.92
1599.06	2679.83
1600.61	2674.60
1602.15	2678.78
1603.70	2669.37
1605.24	2675.65
1606.79	2676.69
1608.33	2665.18
1609.87	2671.46
1611.41	2678.78
1612.96	2673.55
1614.50	2661.00
1616.04	2664.13
1617.58	2673.55
1619.12	2667.27
1620.67	2679.83
1622.21	2642.16
1623.75	2662.04
1625.29	2661.00
1626.83	2665.18
1628.37	2681.92
1629.90	2652.62
1631.44	2661.00
1632.98	2663.09
1634.52	2649.49
1636.06	2652.62
1637.59	2674.60
1639.13	2668.32
1640.67	2680.88
1642.21	2672.51
1643.74	2677.74
1645.28	2657.86
1646.81	2659.95
1648.35	2669.37
1649.88	2649.49
1651.42	2658.90
1652.95	2639.02
1654.49	2671.46
1656.02	2647.39
1657.55	2659.95
1659.09	2645.30
1660.62	2655.76
1662.15	2649.49
1663.68	2650.53
1665.22	2643.21
1666.75	2647.39
1668.28	2647.39
1669.81	2665.18
1671.34	2651.58
1672.87	2656.81
1674.40	2655.76
1675.93	2652.62
1677.46	2639.02
1678.99	2633.79
1680.52	2635.88
1682.04	2648.44
1683.57	2639.02
1685.10	2639.02
1686.63	2634.84
1688.15	2637.97
1689.68	2633.79
1691.21	2634.84
1692.73	2635.88
1694.26	2644.25
1695.78	2634.84
1697.31	2635.88
1698.83	2633.79
1700.36	2631.70
1701.88	2621.23
1703.40	2635.88
1704.93	2630.65
1706.45	2623.33
