896.35	2915.27
897.98	2913.18
899.60	2921.55
901.22	2941.43
902.85	2935.15
904.47	2953.99
906.10	2945.62
907.72	2946.66
909.34	2963.41
910.97	2974.92
912.59	2995.84
914.21	3015.73
915.84	3028.28
917.46	3062.81
919.08	3088.97
920.71	3090.02
922.33	3121.41
923.95	3124.55
925.58	3143.39
927.20	3125.60
928.82	3132.92
930.44	3154.90
932.07	3146.53
933.69	3142.34
935.31	3154.90
936.93	3166.41
938.56	3167.45
940.18	3180.01
941.80	3172.69
943.42	3183.15
945.05	3206.17
946.67	3177.92
948.29	3180.01
949.91	3173.73
951.53	3195.71
953.16	3198.85
954.78	3195.71
956.40	3185.24
958.02	3186.29
959.64	3187.34
961.26	3196.75
962.88	3187.34
964.51	3182.10
966.13	3215.59
967.75	3198.85
969.37	3188.38
970.99	3186.29
972.61	3189.43
974.23	3192.57
975.85	3192.57
977.47	3199.89
979.09	3194.66
980.71	3191.52
982.33	3199.89
983.95	3211.40
985.57	3221.87
987.19	3209.31
988.81	3214.54
990.43	3201.98
992.05	3209.31
993.67	3219.77
995.29	3221.87
996.91	3209.31
998.53	3231.28
1000.15	3226.05
1001.77	3237.56
1003.39	3237.56
1005.01	3245.93
1006.63	3244.89
1008.25	3240.70
1009.86	3244.89
1011.48	3251.17
1013.10	3248.03
1014.72	3265.82
1016.34	3262.68
1017.96	3276.28
1019.58	3265.82
1021.19	3266.86
1022.81	3262.68
1024.43	3278.37
1026.05	3289.88
1027.66	3287.79
1029.28	3277.33
1030.90	3277.33
1032.52	3264.77
1034.13	3284.65
1035.75	3296.16
1037.37	3289.88
1038.98	3305.58
1040.60	3289.88
1042.22	3274.19
1043.83	3279.42
1045.45	3290.93
1047.07	3287.79
1048.68	3303.49
1050.30	3294.07
1051.92	3294.07
1053.53	3284.65
1055.15	3289.88
1056.76	3291.98
1058.38	3304.53
1059.99	3303.49
1061.61	3296.16
1063.22	3289.88
1064.84	3298.25
1066.46	3291.98
1068.07	3281.51
1069.68	3284.65
1071.30	3291.98
1072.91	3285.70
1074.53	3281.51
1076.14	3294.07
1077.76	3284.65
1079.37	3287.79
1080.98	3264.77
1082.60	3277.33
1084.21	3276.28
1085.83	3275.23
1087.44	3275.23
1089.05	3255.35
1090.67	3259.54
1092.28	3258.49
1093.89	3267.91
1095.50	3262.68
1097.12	3254.30
1098.73	3271.05
1100.34	3250.12
1101.95	3270.00
1103.57	3266.86
1105.18	3249.07
1106.79	3244.89
1108.40	3261.63
1110.01	3259.54
1111.63	3262.68
1113.24	3266.86
1114.85	3268.95
1116.46	3262.68
1118.07	3267.91
1119.68	3254.30
1121.29	3263.72
1122.90	3265.82
1124.51	3255.35
1126.12	3264.77
1127.73	3265.82
1129.34	3276.28
1130.95	3268.95
1132.56	3274.19
1134.17	3246.98
1135.78	3263.72
1137.39	3263.72
1139.00	3250.12
1140.61	3252.21
1142.22	3260.58
1143.83	3259.54
1145.44	3263.72
1147.05	3263.72
1148.65	3263.72
1150.26	3252.21
1151.87	3250.12
1153.48	3256.40
1155.09	3266.86
1156.69	3259.54
1158.30	3252.21
1159.91	3252.21
1161.52	3259.54
1163.12	3259.54
1164.73	3255.35
1166.34	3268.95
1167.94	3258.49
1169.55	3262.68
1171.16	3261.63
1172.76	3265.82
1174.37	3263.72
1175.97	3271.05
1177.58	3248.03
1179.19	3267.91
1180.79	3257.44
1182.40	3263.72
1184.00	3257.44
1185.61	3268.95
1187.21	3261.63
1188.82	3255.35
1190.42	3262.68
1192.02	3255.35
1193.63	3245.93
1195.23	3264.77
1196.84	3267.91
1198.44	3271.05
1200.04	3264.77
1201.65	3263.72
1203.25	3258.49
1204.85	3261.63
1206.46	3246.98
1208.06	3253.26
1209.66	3244.89
1211.26	3250.12
1212.87	3264.77
1214.47	3245.93
1216.07	3241.75
1217.67	3245.93
1219.27	3239.66
1220.87	3241.75
1222.48	3241.75
1224.08	3241.75
1225.68	3243.84
1227.28	3238.61
1228.88	3231.28
1230.48	3234.42
1232.08	3225.01
1233.68	3240.70
1235.28	3245.93
1236.88	3218.73
1238.48	3215.59
1240.08	3244.89
1241.68	3207.22
1243.28	3215.59
1244.87	3210.36
1246.47	3203.03
1248.07	3198.85
1249.67	3206.17
1251.27	3213.50
1252.87	3198.85
1254.46	3192.57
1256.06	3187.34
1257.66	3188.38
1259.26	3184.20
1260.85	3197.80
1262.45	3187.34
1264.05	3195.71
1265.64	3186.29
1267.24	3181.06
1268.83	3184.20
1270.43	3184.20
1272.03	3191.52
1273.62	3188.38
1275.22	3170.59
1276.81	3184.20
1278.41	3178.96
1280.00	3183.15
1281.60	3173.73
1283.19	3167.45
1284.79	3173.73
1286.38	3173.73
1287.97	3181.06
1289.57	3149.66
1291.16	3153.85
1292.75	3158.04
1294.35	3163.27
1295.94	3155.94
1297.53	3156.99
1299.12	3146.53
1300.72	3160.13
1302.31	3132.92
1303.90	3153.85
1305.49	3153.85
1307.08	3136.06
1308.68	3132.92
1310.27	3137.11
1311.86	3133.97
1313.45	3128.74
1315.04	3132.92
1316.63	3131.88
1318.22	3129.78
1319.81	3115.13
1321.40	3119.32
1322.99	3124.55
1324.58	3117.23
1326.17	3117.23
1327.75	3108.86
1329.34	3115.13
1330.93	3108.86
1332.52	3101.53
1334.11	3101.53
1335.70	3095.25
1337.28	3086.88
1338.87	3091.07
1340.46	3086.88
1342.05	3082.70
1343.63	3080.60
1345.22	3083.74
1346.81	3096.30
1348.39	3081.65
1349.98	3081.65
1351.56	3065.95
1353.15	3057.58
1354.73	3072.23
1356.32	3053.40
1357.90	3057.58
1359.49	3058.63
1361.07	3048.16
1362.66	3047.12
1364.24	3051.30
1365.82	3039.79
1367.41	3037.70
1368.99	3025.14
1370.57	3024.10
1372.16	3027.24
1373.74	3020.96
1375.32	3011.54
1376.91	3008.40
1378.49	2981.19
1380.07	2967.59
1381.65	2967.59
1383.23	2956.08
1384.81	2957.13
1386.39	2947.71
1387.97	2950.85
1389.55	2940.38
1391.14	2932.01
1392.72	2924.69
1394.29	2916.32
1395.87	2918.41
1397.45	2902.71
1399.03	2900.62
1400.61	2904.81
1402.19	2897.48
1403.77	2889.11
1405.35	2905.85
1406.92	2894.34
1408.50	2890.16
1410.08	2887.02
1411.66	2876.55
1413.23	2882.83
1414.81	2882.83
1416.39	2871.32
1417.96	2880.74
1419.54	2867.14
1421.12	2873.42
1422.69	2875.51
1424.27	2865.04
1425.84	2879.69
1427.42	2866.09
1428.99	2870.28
1430.57	2869.23
1432.14	2866.09
1433.71	2868.18
1435.29	2876.55
1436.86	2865.04
1438.43	2858.77
1440.01	2853.53
1441.58	2740.52
1443.15	2865.04
1444.72	2867.14
1446.30	2853.53
1447.87	2861.90
1449.44	2859.81
1451.01	2840.98
1452.58	2858.77
1454.15	2855.63
1455.72	2844.12
1457.29	2848.30
1458.86	2857.72
1460.43	2845.16
1462.00	2862.95
1463.57	2848.30
1465.14	2858.77
1466.71	2840.98
1468.28	2846.21
1469.85	2860.86
1471.41	2865.04
1472.98	2849.35
1474.55	2866.09
1476.12	2848.30
1477.68	2852.49
1479.25	2866.09
1480.82	2854.58
1482.38	2858.77
1483.95	2846.21
1485.51	2851.44
1487.08	2864.00
1488.64	2860.86
1490.21	2866.09
1491.77	2854.58
1493.34	2868.18
1494.90	2850.39
1496.46	2853.53
1498.03	2859.81
1499.59	2865.04
1501.15	2872.37
1502.72	2862.95
1504.28	2857.72
1505.84	2857.72
1507.40	2862.95
1508.97	2864.00
1510.53	2858.77
1512.09	2872.37
1513.65	2878.65
1515.21	2869.23
1516.77	2856.67
1518.33	2868.18
1519.89	2868.18
1521.45	2867.14
1523.01	2862.95
1524.57	2872.37
1526.13	2869.23
1527.68	2870.28
1529.24	2883.88
1530.80	2869.23
1532.36	2868.18
1533.92	2865.04
1535.47	2853.53
1537.03	2860.86
1538.59	2870.28
1540.14	2862.95
1541.70	2853.53
1543.25	2874.46
1544.81	2868.18
1546.36	2873.42
1547.92	2865.04
1549.47	2870.28
1551.03	2853.53
1552.58	2847.26
1554.13	2851.44
1555.69	2866.09
1557.24	2850.39
1558.79	2852.49
1560.35	2851.44
1561.90	2861.90
1563.45	2854.58
1565.00	2853.53
1566.55	2854.58
1568.10	2858.77
1569.66	2845.16
1571.21	2861.90
1572.76	2850.39
1574.31	2856.67
1575.86	2846.21
1577.40	2833.65
1578.95	2843.07
1580.50	2835.74
1582.05	2833.65
1583.60	2834.70
1585.15	2827.37
1586.69	2831.56
1588.24	2843.07
1589.79	2842.02
1591.34	2828.42
1592.88	2836.79
1594.43	2821.10
1595.97	2832.61
1597.52	2831.56
1599.06	2833.65
1600.61	2825.28
1602.15	2840.98
1603.70	2825.28
1605.24	2829.47
1606.79	2830.51
1608.33	2810.63
1609.87	2810.63
1611.41	2828.42
1612.96	2823.19
1614.50	2813.77
1616.04	2813.77
1617.58	2817.96
1619.12	2814.82
1620.67	2822.14
1622.21	2795.98
1623.75	2813.77
1625.29	2793.89
1626.83	2789.70
1628.37	2810.63
1629.90	2795.98
1631.44	2787.61
1632.98	2795.98
1634.52	2777.15
1636.06	2772.96
1637.59	2783.42
1639.13	2777.15
1640.67	2782.38
1642.21	2757.26
1643.74	2757.26
1645.28	2732.15
1646.81	2729.01
1648.35	2739.48
1649.88	2718.55
1651.42	2727.97
1652.95	2701.81
1654.49	2726.92
1656.02	2704.94
1657.55	2712.27
1659.09	2685.06
1660.62	2711.22
1662.15	2697.62
1663.68	2702.85
1665.22	2691.34
1666.75	2681.92
1668.28	2678.78
1669.81	2698.67
1671.34	2681.92
1672.87	2686.11
1674.40	2695.53
1675.93	2689.25
1677.46	2675.65
1678.99	2666.23
1680.52	2672.51
1682.04	2678.78
1683.57	2670.41
1685.10	2675.65
1686.63	2666.23
1688.15	2673.55
1689.68	2661.00
1691.21	2661.00
1692.73	2674.60
1694.26	2671.46
1695.78	2655.76
1697.31	2663.09
1698.83	2656.81
1700.36	2665.18
1701.88	2652.62
1703.40	2668.32
1704.93	2646.35
1706.45	2655.76
