896.35	3023.05
897.98	3023.05
899.60	3029.33
901.22	3056.54
902.85	3048.16
904.47	3062.81
906.10	3067.00
907.72	3070.14
909.34	3082.70
910.97	3111.99
912.59	3130.83
914.21	3166.41
915.84	3187.34
917.46	3231.28
919.08	3256.40
920.71	3272.09
922.33	3289.88
923.95	3308.72
925.58	3327.55
927.20	3322.32
928.82	3325.46
930.44	3362.08
932.07	3354.76
933.69	3350.57
935.31	3358.94
936.93	3369.41
938.56	3376.73
940.18	3389.29
941.80	3381.97
943.42	3391.38
945.05	3397.66
946.67	3395.57
948.29	3395.57
949.91	3403.94
951.53	3407.08
953.16	3410.22
954.78	3402.89
956.40	3395.57
958.02	3403.94
959.64	3402.89
961.26	3393.48
962.88	3404.99
964.51	3385.10
966.13	3416.50
967.75	3398.71
969.37	3392.43
970.99	3394.52
972.61	3402.89
974.23	3391.38
975.85	3401.85
977.47	3409.17
979.09	3413.36
980.71	3395.57
982.33	3410.22
983.95	3413.36
985.57	3428.01
987.19	3415.45
988.81	3416.50
990.43	3407.08
992.05	3419.64
993.67	3435.33
995.29	3430.10
996.91	3417.54
998.53	3452.07
1000.15	3439.52
1001.77	3452.07
1003.39	3459.40
1005.01	3459.40
1006.63	3471.96
1008.25	3478.23
1009.86	3476.14
1011.48	3481.37
1013.10	3481.37
1014.72	3494.98
1016.34	3497.07
1017.96	3515.90
1019.58	3493.93
1021.19	3492.88
1022.81	3493.93
1024.43	3521.14
1026.05	3508.58
1027.66	3523.23
1029.28	3520.09
1030.90	3524.28
1032.52	3507.53
1034.13	3526.37
1035.75	3534.74
1037.37	3530.55
1038.98	3549.39
1040.60	3534.74
1042.22	3515.90
1043.83	3528.46
1045.45	3529.51
1047.07	3543.11
1048.68	3545.20
1050.30	3536.83
1051.92	3538.93
1053.53	3533.69
1055.15	3532.65
1056.76	3542.06
1058.38	3535.79
1059.99	3548.34
1061.61	3532.65
1063.22	3526.37
1064.84	3532.65
1066.46	3537.88
1068.07	3530.55
1069.68	3537.88
1071.30	3532.65
1072.91	3528.46
1074.53	3521.14
1076.14	3531.60
1077.76	3513.81
1079.37	3520.09
1080.98	3486.61
1082.60	3516.95
1084.21	3513.81
1085.83	3519.04
1087.44	3508.58
1089.05	3494.98
1090.67	3488.70
1092.28	3489.74
1093.89	3501.26
1095.50	3499.16
1097.12	3485.56
1098.73	3506.49
1100.34	3489.74
1101.95	3504.39
1103.57	3493.93
1105.18	3493.93
1106.79	3478.23
1108.40	3498.12
1110.01	3499.16
1111.63	3492.88
1113.24	3486.61
1114.85	3496.02
1116.46	3484.51
1118.07	3494.98
1119.68	3481.37
1121.29	3491.84
1122.90	3480.33
1124.51	3490.79
1126.12	3498.12
1127.73	3506.49
1129.34	3503.35
1130.95	3499.16
1132.56	3497.07
1134.17	3478.23
1135.78	3475.10
1137.39	3496.02
1139.00	3479.28
1140.61	3494.98
1142.22	3499.16
1143.83	3493.93
1145.44	3487.65
1147.05	3486.61
1148.65	3484.51
1150.26	3475.10
1151.87	3481.37
1153.48	3478.23
1155.09	3477.19
1156.69	3483.47
1158.30	3470.91
1159.91	3480.33
1161.52	3487.65
1163.12	3489.74
1164.73	3483.47
1166.34	3505.44
1167.94	3483.47
1169.55	3501.26
1171.16	3493.93
1172.76	3500.21
1174.37	3494.98
1175.97	3496.02
1177.58	3469.86
1179.19	3496.02
1180.79	3482.42
1182.40	3494.98
1184.00	3483.47
1185.61	3493.93
1187.21	3497.07
1188.82	3480.33
1190.42	3483.47
1192.02	3477.19
1193.63	3466.72
1195.23	3479.28
1196.84	3478.23
1198.44	3481.37
1200.04	3484.51
1201.65	3479.28
1203.25	3471.96
1204.85	3479.28
1206.46	3462.54
1208.06	3475.10
1209.66	3473.00
1211.26	3474.05
1212.87	3483.47
1214.47	3469.86
1216.07	3468.82
1217.67	3463.58
1219.27	3456.26
1220.87	3463.58
1222.48	3455.21
1224.08	3448.94
1225.68	3443.70
1227.28	3451.03
1228.88	3437.42
1230.48	3446.84
1232.08	3426.96
1233.68	3446.84
1235.28	3451.03
1236.88	3432.19
1238.48	3417.54
1240.08	3444.75
1241.68	3404.99
1243.28	3424.87
1244.87	3406.03
1246.47	3409.17
1248.07	3391.38
1249.67	3400.80
1251.27	3407.08
1252.87	3387.20
1254.46	3379.87
1256.06	3388.24
1257.66	3385.10
1259.26	3384.06
1260.85	3386.15
1262.45	3378.83
1264.05	3378.83
1265.64	3377.78
1267.24	3370.46
1268.83	3374.64
1270.43	3361.04
1272.03	3381.97
1273.62	3373.59
1275.22	3354.76
1276.81	3356.85
1278.41	3350.57
1280.00	3355.81
1281.60	3356.85
1283.19	3351.62
1284.79	3358.94
1286.38	3345.34
1287.97	3356.85
1289.57	3344.30
1291.16	3344.30
1292.75	3331.74
1294.35	3333.83
1295.94	3318.14
1297.53	3329.65
1299.12	3317.09
1300.72	3339.06
1302.31	3307.67
1303.90	3327.55
1305.49	3318.14
1307.08	3312.90
1308.68	3299.30
1310.27	3309.76
1311.86	3303.49
1313.45	3299.30
1315.04	3294.07
1316.63	3291.98
1318.22	3286.74
1319.81	3282.56
1321.40	3295.11
1322.99	3290.93
1324.58	3265.82
1326.17	3275.23
1327.75	3264.77
1329.34	3270.00
1330.93	3258.49
1332.52	3257.44
1334.11	3254.30
1335.70	3249.07
1337.28	3230.24
1338.87	3241.75
1340.46	3239.66
1342.05	3236.52
1343.63	3235.47
1345.22	3233.38
1346.81	3234.42
1348.39	3232.33
1349.98	3221.87
1351.56	3215.59
1353.15	3205.12
1354.73	3219.77
1356.32	3190.47
1357.90	3180.01
1359.49	3185.24
1361.07	3173.73
1362.66	3166.41
1364.24	3162.22
1365.82	3166.41
1367.41	3168.50
1368.99	3151.76
1370.57	3141.29
1372.16	3150.71
1373.74	3137.11
1375.32	3127.69
1376.91	3122.46
1378.49	3094.21
1380.07	3067.00
1381.65	3063.86
1383.23	3041.89
1384.81	3035.61
1386.39	3028.28
1387.97	3027.24
1389.55	3024.10
1391.14	3017.82
1392.72	3000.03
1394.29	2990.61
1395.87	2983.29
1397.45	2959.22
1399.03	2966.54
1400.61	2965.50
1402.19	2964.45
1403.77	2948.76
1405.35	2961.31
1406.92	2941.43
1408.50	2936.20
1410.08	2935.15
1411.66	2932.01
1413.23	2922.60
1414.81	2927.83
1416.39	2912.13
1417.96	2924.69
1419.54	2904.81
1421.12	2913.18
1422.69	2918.41
1424.27	2914.22
1425.84	2921.55
1427.42	2911.09
1428.99	2908.99
1430.57	2912.13
1432.14	2903.76
1433.71	2903.76
1435.29	2917.36
1436.86	2910.04
1438.43	2908.99
1440.01	2901.67
1441.58	2767.73
1443.15	2893.30
1444.72	2899.58
1446.30	2899.58
1447.87	2901.67
1449.44	2895.39
1451.01	2883.88
1452.58	2903.76
1454.15	2897.48
1455.72	2887.02
1457.29	2887.02
1458.86	2899.58
1460.43	2883.88
1462.00	2908.99
1463.57	2897.48
1465.14	2893.30
1466.71	2889.11
1468.28	2891.20
1469.85	2898.53
1471.41	2899.58
1472.98	2892.25
1474.55	2905.85
1476.12	2892.25
1477.68	2896.44
1479.25	2900.62
1480.82	2884.93
1482.38	2898.53
1483.95	2892.25
1485.51	2905.85
1487.08	2913.18
1488.64	2906.90
1490.21	2914.22
1491.77	2894.34
1493.34	2914.22
1494.90	2892.25
1496.46	2898.53
1498.03	2913.18
1499.59	2907.95
1501.15	2898.53
1502.72	2907.95
1504.28	2911.09
1505.84	2906.90
1507.40	2906.90
1508.97	2920.50
1510.53	2914.22
1512.09	2918.41
1513.65	2922.60
1515.21	2925.74
1516.77	2912.13
1518.33	2919.46
1519.89	2913.18
1521.45	2926.78
1523.01	2923.64
1524.57	2932.01
1526.13	2923.64
1527.68	2935.15
1529.24	2938.29
1530.80	2924.69
1532.36	2934.11
1533.92	2928.87
1535.47	2919.46
1537.03	2927.83
1538.59	2930.97
1540.14	2922.60
1541.70	2914.22
1543.25	2934.11
1544.81	2924.69
1546.36	2927.83
1547.92	2915.27
1549.47	2930.97
1551.03	2926.78
1552.58	2919.46
1554.13	2916.32
1555.69	2927.83
1557.24	2913.18
1558.79	2918.41
1560.35	2914.22
1561.90	2917.36
1563.45	2904.81
1565.00	2908.99
1566.55	2907.95
1568.10	2905.85
1569.66	2897.48
1571.21	2912.13
1572.76	2904.81
1574.31	2902.71
1575.86	2906.90
1577.40	2894.34
1578.95	2903.76
1580.50	2895.39
1582.05	2890.16
1583.60	2896.44
1585.15	2881.79
1586.69	2895.39
1588.24	2894.34
1589.79	2888.06
1591.34	2876.55
1592.88	2902.71
1594.43	2880.74
1595.97	2893.30
1597.52	2885.97
1599.06	2883.88
1600.61	2875.51
1602.15	2890.16
1603.70	2873.42
1605.24	2870.28
1606.79	2874.46
1608.33	2867.14
1609.87	2872.37
1611.41	2876.55
1612.96	2867.14
1614.50	2858.77
1616.04	2862.95
1617.58	2867.14
1619.12	2859.81
1620.67	2869.23
1622.21	2838.88
1623.75	2867.14
1625.29	2850.39
1626.83	2843.07
1628.37	2850.39
1629.90	2835.74
1631.44	2835.74
1632.98	2833.65
1634.52	2815.86
1636.06	2813.77
1637.59	2827.37
1639.13	2807.49
1640.67	2804.35
1642.21	2783.42
1643.74	2781.33
1645.28	2765.64
1646.81	2765.64
1648.35	2767.73
1649.88	2741.57
1651.42	2742.62
1652.95	2722.73
1654.49	2742.62
1656.02	2725.87
1657.55	2726.92
1659.09	2701.81
1660.62	2713.32
1662.15	2700.76
1663.68	2713.32
1665.22	2699.71
1666.75	2705.99
1668.28	2700.76
1669.81	2717.50
1671.34	2704.94
1672.87	2701.81
1674.40	2704.94
1675.93	2698.67
1677.46	2680.88
1678.99	2672.51
1680.52	2672.51
1682.04	2685.06
1683.57	2676.69
1685.10	2686.11
1686.63	2676.69
1688.15	2678.78
1689.68	2671.46
1691.21	2671.46
1692.73	2669.37
1694.26	2675.65
1695.78	2671.46
1697.31	2680.88
1698.83	2666.23
1700.36	2672.51
1701.88	2664.13
1703.40	2666.23
1704.93	2653.67
1706.45	2658.90
