896.35	2938.29
897.98	2939.34
899.60	2952.94
901.22	2969.68
902.85	2953.99
904.47	2967.59
906.10	2966.54
907.72	2980.15
909.34	2994.80
910.97	3007.35
912.59	3023.05
914.21	3042.93
915.84	3065.95
917.46	3104.67
919.08	3128.74
920.71	3127.69
922.33	3150.71
923.95	3146.53
925.58	3182.10
927.20	3170.59
928.82	3177.92
930.44	3200.94
932.07	3191.52
933.69	3190.47
935.31	3206.17
936.93	3215.59
938.56	3217.68
940.18	3222.91
941.80	3212.45
943.42	3235.47
945.05	3245.93
946.67	3226.05
948.29	3237.56
949.91	3233.38
951.53	3248.03
953.16	3252.21
954.78	3241.75
956.40	3231.28
958.02	3229.19
959.64	3232.33
961.26	3236.52
962.88	3234.42
964.51	3234.42
966.13	3252.21
967.75	3244.89
969.37	3234.42
970.99	3234.42
972.61	3235.47
974.23	3238.61
975.85	3249.07
977.47	3258.49
979.09	3244.89
980.71	3238.61
982.33	3250.12
983.95	3243.84
985.57	3255.35
987.19	3241.75
988.81	3256.40
990.43	3249.07
992.05	3256.40
993.67	3273.14
995.29	3263.72
996.91	3259.54
998.53	3283.60
1000.15	3285.70
1001.77	3287.79
1003.39	3288.84
1005.01	3296.16
1006.63	3301.39
1008.25	3317.09
1009.86	3305.58
1011.48	3293.02
1013.10	3300.35
1014.72	3320.23
1016.34	3315.00
1017.96	3328.60
1019.58	3320.23
1021.19	3319.18
1022.81	3319.18
1024.43	3336.97
1026.05	3332.78
1027.66	3342.20
1029.28	3341.16
1030.90	3340.11
1032.52	3338.02
1034.13	3341.16
1035.75	3351.62
1037.37	3353.71
1038.98	3368.36
1040.60	3353.71
1042.22	3333.83
1043.83	3340.11
1045.45	3351.62
1047.07	3357.90
1048.68	3361.04
1050.30	3345.34
1051.92	3364.18
1053.53	3357.90
1055.15	3362.08
1056.76	3355.81
1058.38	3349.53
1059.99	3363.13
1061.61	3362.08
1063.22	3345.34
1064.84	3349.53
1066.46	3352.67
1068.07	3342.20
1069.68	3341.16
1071.30	3359.99
1072.91	3346.39
1074.53	3345.34
1076.14	3358.94
1077.76	3340.11
1079.37	3339.06
1080.98	3319.18
1082.60	3340.11
1084.21	3345.34
1085.83	3338.02
1087.44	3325.46
1089.05	3324.41
1090.67	3320.23
1092.28	3318.14
1093.89	3321.27
1095.50	3328.60
1097.12	3329.65
1098.73	3336.97
1100.34	3315.00
1101.95	3335.92
1103.57	3328.60
1105.18	3309.76
1106.79	3304.53
1108.40	3321.27
1110.01	3321.27
1111.63	3325.46
1113.24	3324.41
1114.85	3322.32
1116.46	3330.69
1118.07	3339.06
1119.68	3322.32
1121.29	3333.83
1122.90	3323.37
1124.51	3318.14
1126.12	3333.83
1127.73	3335.92
1129.34	3333.83
1130.95	3333.83
1132.56	3325.46
1134.17	3311.86
1135.78	3316.04
1137.39	3320.23
1139.00	3306.62
1140.61	3318.14
1142.22	3323.37
1143.83	3312.90
1145.44	3324.41
1147.05	3323.37
1148.65	3328.60
1150.26	3316.04
1151.87	3310.81
1153.48	3318.14
1155.09	3322.32
1156.69	3316.04
1158.30	3306.62
1159.91	3315.00
1161.52	3321.27
1163.12	3324.41
1164.73	3313.95
1166.34	3323.37
1167.94	3318.14
1169.55	3321.27
1171.16	3324.41
1172.76	3327.55
1174.37	3322.32
1175.97	3324.41
1177.58	3304.53
1179.19	3321.27
1180.79	3317.09
1182.40	3322.32
1184.00	3311.86
1185.61	3322.32
1187.21	3325.46
1188.82	3319.18
1190.42	3322.32
1192.02	3309.76
1193.63	3305.58
1195.23	3322.32
1196.84	3324.41
1198.44	3327.55
1200.04	3322.32
1201.65	3318.14
1203.25	3312.90
1204.85	3320.23
1206.46	3298.25
1208.06	3307.67
1209.66	3302.44
1211.26	3301.39
1212.87	3324.41
1214.47	3308.72
1216.07	3309.76
1217.67	3310.81
1219.27	3303.49
1220.87	3303.49
1222.48	3307.67
1224.08	3298.25
1225.68	3298.25
1227.28	3290.93
1228.88	3287.79
1230.48	3298.25
1232.08	3280.46
1233.68	3295.11
1235.28	3295.11
1236.88	3278.37
1238.48	3277.33
1240.08	3302.44
1241.68	3267.91
1243.28	3272.09
1244.87	3268.95
1246.47	3261.63
1248.07	3257.44
1249.67	3257.44
1251.27	3276.28
1252.87	3256.40
1254.46	3236.52
1256.06	3236.52
1257.66	3251.17
1259.26	3240.70
1260.85	3246.98
1262.45	3238.61
1264.05	3241.75
1265.64	3242.79
1267.24	3233.38
1268.83	3248.03
1270.43	3237.56
1272.03	3248.03
1273.62	3231.28
1275.22	3223.96
1276.81	3235.47
1278.41	3228.14
1280.00	3237.56
1281.60	3222.91
1283.19	3222.91
1284.79	3222.91
1286.38	3211.40
1287.97	3218.73
1289.57	3213.50
1291.16	3217.68
1292.75	3199.89
1294.35	3214.54
1295.94	3213.50
1297.53	3212.45
1299.12	3196.75
1300.72	3212.45
1302.31	3183.15
1303.90	3212.45
1305.49	3210.36
1307.08	3185.24
1308.68	3178.96
1310.27	3187.34
1311.86	3185.24
1313.45	3189.43
1315.04	3182.10
1316.63	3172.69
1318.22	3180.01
1319.81	3174.78
1321.40	3171.64
1322.99	3174.78
1324.58	3156.99
1326.17	3154.90
1327.75	3150.71
1329.34	3152.80
1330.93	3144.43
1332.52	3136.06
1334.11	3142.34
1335.70	3141.29
1337.28	3135.02
1338.87	3138.15
1340.46	3129.78
1342.05	3130.83
1343.63	3121.41
1345.22	3121.41
1346.81	3133.97
1348.39	3125.60
1349.98	3115.13
1351.56	3098.39
1353.15	3098.39
1354.73	3105.72
1356.32	3094.21
1357.90	3091.07
1359.49	3096.30
1361.07	3079.56
1362.66	3075.37
1364.24	3071.18
1365.82	3068.05
1367.41	3070.14
1368.99	3055.49
1370.57	3058.63
1372.16	3057.58
1373.74	3046.07
1375.32	3049.21
1376.91	3035.61
1378.49	3010.49
1380.07	2990.61
1381.65	2992.70
1383.23	2972.82
1384.81	2972.82
1386.39	2964.45
1387.97	2975.96
1389.55	2959.22
1391.14	2942.48
1392.72	2932.01
1394.29	2930.97
1395.87	2922.60
1397.45	2912.13
1399.03	2911.09
1400.61	2908.99
1402.19	2900.62
1403.77	2896.44
1405.35	2904.81
1406.92	2883.88
1408.50	2885.97
1410.08	2891.20
1411.66	2880.74
1413.23	2878.65
1414.81	2878.65
1416.39	2858.77
1417.96	2875.51
1419.54	2864.00
1421.12	2867.14
1422.69	2864.00
1424.27	2849.35
1425.84	2866.09
1427.42	2860.86
1428.99	2853.53
1430.57	2856.67
1432.14	2849.35
1433.71	2847.26
1435.29	2859.81
1436.86	2857.72
1438.43	2855.63
1440.01	2849.35
1441.58	2736.34
1443.15	2859.81
1444.72	2854.58
1446.30	2844.12
1447.87	2853.53
1449.44	2847.26
1451.01	2835.74
1452.58	2851.44
1454.15	2853.53
1455.72	2853.53
1457.29	2846.21
1458.86	2847.26
1460.43	2842.02
1462.00	2862.95
1463.57	2845.16
1465.14	2857.72
1466.71	2844.12
1468.28	2848.30
1469.85	2845.16
1471.41	2859.81
1472.98	2845.16
1474.55	2853.53
1476.12	2834.70
1477.68	2842.02
1479.25	2861.90
1480.82	2854.58
1482.38	2856.67
1483.95	2843.07
1485.51	2854.58
1487.08	2864.00
1488.64	2857.72
1490.21	2861.90
1491.77	2846.21
1493.34	2857.72
1494.90	2850.39
1496.46	2856.67
1498.03	2855.63
1499.59	2856.67
1501.15	2853.53
1502.72	2871.32
1504.28	2866.09
1505.84	2867.14
1507.40	2862.95
1508.97	2874.46
1510.53	2869.23
1512.09	2884.93
1513.65	2879.69
1515.21	2875.51
1516.77	2862.95
1518.33	2888.06
1519.89	2880.74
1521.45	2873.42
1523.01	2867.14
1524.57	2878.65
1526.13	2874.46
1527.68	2878.65
1529.24	2887.02
1530.80	2881.79
1532.36	2885.97
1533.92	2873.42
1535.47	2866.09
1537.03	2871.32
1538.59	2879.69
1540.14	2871.32
1541.70	2866.09
1543.25	2881.79
1544.81	2881.79
1546.36	2880.74
1547.92	2862.95
1549.47	2872.37
1551.03	2875.51
1552.58	2867.14
1554.13	2871.32
1555.69	2878.65
1557.24	2870.28
1558.79	2859.81
1560.35	2871.32
1561.90	2876.55
1563.45	2859.81
1565.00	2864.00
1566.55	2853.53
1568.10	2862.95
1569.66	2855.63
1571.21	2871.32
1572.76	2868.18
1574.31	2862.95
1575.86	2865.04
1577.40	2853.53
1578.95	2855.63
1580.50	2848.30
1582.05	2844.12
1583.60	2855.63
1585.15	2846.21
1586.69	2851.44
1588.24	2854.58
1589.79	2854.58
1591.34	2827.37
1592.88	2855.63
1594.43	2830.51
1595.97	2845.16
1597.52	2846.21
1599.06	2845.16
1600.61	2844.12
1602.15	2859.81
1603.70	2842.02
1605.24	2839.93
1606.79	2847.26
1608.33	2831.56
1609.87	2831.56
1611.41	2837.84
1612.96	2840.98
1614.50	2826.33
1616.04	2830.51
1617.58	2837.84
1619.12	2828.42
1620.67	2830.51
1622.21	2794.94
1623.75	2822.14
1625.29	2813.77
1626.83	2811.68
1628.37	2827.37
1629.90	2802.26
1631.44	2808.54
1632.98	2807.49
1634.52	2795.98
1636.06	2785.52
1637.59	2788.66
1639.13	2782.38
1640.67	2787.61
1642.21	2769.82
1643.74	2768.78
1645.28	2750.99
1646.81	2739.48
1648.35	2747.85
1649.88	2720.64
1651.42	2729.01
1652.95	2710.18
1654.49	2736.34
1656.02	2714.36
1657.55	2711.22
1659.09	2691.34
1660.62	2703.90
1662.15	2694.48
1663.68	2700.76
1665.22	2691.34
1666.75	2692.39
1668.28	2688.20
1669.81	2702.85
1671.34	2693.43
1672.87	2688.20
1674.40	2698.67
1675.93	2688.20
1677.46	2674.60
1678.99	2677.74
1680.52	2671.46
1682.04	2680.88
1683.57	2674.60
1685.10	2676.69
1686.63	2665.18
1688.15	2671.46
1689.68	2668.32
1691.21	2664.13
1692.73	2666.23
1694.26	2667.27
1695.78	2661.00
1697.31	2657.86
1698.83	2657.86
1700.36	2666.23
1701.88	2656.81
1703.40	2669.37
1704.93	2657.86
1706.45	2656.81
