896.35	2974.92
897.98	2983.29
899.60	2990.61
901.22	3011.54
902.85	3006.31
904.47	3014.68
906.10	3018.86
907.72	3033.51
909.34	3042.93
910.97	3062.81
912.59	3074.32
914.21	3100.48
915.84	3119.32
917.46	3160.13
919.08	3182.10
920.71	3189.43
922.33	3223.96
923.95	3234.42
925.58	3260.58
927.20	3248.03
928.82	3254.30
930.44	3275.23
932.07	3271.05
933.69	3263.72
935.31	3277.33
936.93	3285.70
938.56	3295.11
940.18	3304.53
941.80	3300.35
943.42	3307.67
945.05	3320.23
946.67	3304.53
948.29	3312.90
949.91	3307.67
951.53	3321.27
953.16	3322.32
954.78	3320.23
956.40	3307.67
958.02	3306.62
959.64	3316.04
961.26	3304.53
962.88	3313.95
964.51	3303.49
966.13	3319.18
967.75	3326.51
969.37	3315.00
970.99	3310.81
972.61	3310.81
974.23	3310.81
975.85	3321.27
977.47	3325.46
979.09	3321.27
980.71	3311.86
982.33	3327.55
983.95	3328.60
985.57	3340.11
987.19	3323.37
988.81	3342.20
990.43	3324.41
992.05	3330.69
993.67	3346.39
995.29	3342.20
996.91	3340.11
998.53	3365.22
1000.15	3359.99
1001.77	3362.08
1003.39	3361.04
1005.01	3369.41
1006.63	3377.78
1008.25	3380.92
1009.86	3383.01
1011.48	3383.01
1013.10	3389.29
1014.72	3399.75
1016.34	3391.38
1017.96	3409.17
1019.58	3403.94
1021.19	3410.22
1022.81	3403.94
1024.43	3412.31
1026.05	3410.22
1027.66	3419.64
1029.28	3418.59
1030.90	3418.59
1032.52	3404.99
1034.13	3428.01
1035.75	3429.05
1037.37	3431.15
1038.98	3439.52
1040.60	3438.47
1042.22	3423.82
1043.83	3436.38
1045.45	3438.47
1047.07	3432.19
1048.68	3439.52
1050.30	3433.24
1051.92	3442.66
1053.53	3430.10
1055.15	3441.61
1056.76	3433.24
1058.38	3436.38
1059.99	3443.70
1061.61	3431.15
1063.22	3424.87
1064.84	3429.05
1066.46	3429.05
1068.07	3423.82
1069.68	3435.33
1071.30	3438.47
1072.91	3424.87
1074.53	3416.50
1076.14	3435.33
1077.76	3429.05
1079.37	3426.96
1080.98	3385.10
1082.60	3413.36
1084.21	3413.36
1085.83	3412.31
1087.44	3414.40
1089.05	3395.57
1090.67	3399.75
1092.28	3399.75
1093.89	3409.17
1095.50	3411.26
1097.12	3387.20
1098.73	3400.80
1100.34	3383.01
1101.95	3407.08
1103.57	3394.52
1105.18	3387.20
1106.79	3380.92
1108.40	3396.62
1110.01	3389.29
1111.63	3400.80
1113.24	3401.85
1114.85	3397.66
1116.46	3393.48
1118.07	3413.36
1119.68	3395.57
1121.29	3397.66
1122.90	3377.78
1124.51	3391.38
1126.12	3399.75
1127.73	3403.94
1129.34	3406.03
1130.95	3406.03
1132.56	3407.08
1134.17	3380.92
1135.78	3388.24
1137.39	3406.03
1139.00	3389.29
1140.61	3394.52
1142.22	3391.38
1143.83	3386.15
1145.44	3380.92
1147.05	3392.43
1148.65	3390.34
1150.26	3383.01
1151.87	3377.78
1153.48	3395.57
1155.09	3393.48
1156.69	3399.75
1158.30	3381.97
1159.91	3378.83
1161.52	3386.15
1163.12	3393.48
1164.73	3385.10
1166.34	3397.66
1167.94	3379.87
1169.55	3389.29
1171.16	3392.43
1172.76	3396.62
1174.37	3385.10
1175.97	3385.10
1177.58	3364.18
1179.19	3391.38
1180.79	3377.78
1182.40	3394.52
1184.00	3378.83
1185.61	3395.57
1187.21	3394.52
1188.82	3392.43
1190.42	3387.20
1192.02	3377.78
1193.63	3373.59
1195.23	3388.24
1196.84	3386.15
1198.44	3386.15
1200.04	3398.71
1201.65	3389.29
1203.25	3381.97
1204.85	3378.83
1206.46	3361.04
1208.06	3377.78
1209.66	3366.27
1211.26	3371.50
1212.87	3383.01
1214.47	3364.18
1216.07	3366.27
1217.67	3370.46
1219.27	3357.90
1220.87	3356.85
1222.48	3359.99
1224.08	3363.13
1225.68	3368.36
1227.28	3349.53
1228.88	3345.34
1230.48	3359.99
1232.08	3343.25
1233.68	3352.67
1235.28	3357.90
1236.88	3339.06
1238.48	3330.69
1240.08	3358.94
1241.68	3326.51
1243.28	3334.88
1244.87	3312.90
1246.47	3312.90
1248.07	3309.76
1249.67	3323.37
1251.27	3330.69
1252.87	3313.95
1254.46	3303.49
1256.06	3308.72
1257.66	3301.39
1259.26	3294.07
1260.85	3309.76
1262.45	3296.16
1264.05	3300.35
1265.64	3298.25
1267.24	3285.70
1268.83	3293.02
1270.43	3283.60
1272.03	3298.25
1273.62	3279.42
1275.22	3268.95
1276.81	3274.19
1278.41	3271.05
1280.00	3283.60
1281.60	3277.33
1283.19	3264.77
1284.79	3270.00
1286.38	3266.86
1287.97	3273.14
1289.57	3265.82
1291.16	3270.00
1292.75	3259.54
1294.35	3265.82
1295.94	3252.21
1297.53	3262.68
1299.12	3235.47
1300.72	3258.49
1302.31	3228.14
1303.90	3253.26
1305.49	3250.12
1307.08	3229.19
1308.68	3219.77
1310.27	3227.10
1311.86	3232.33
1313.45	3226.05
1315.04	3226.05
1316.63	3231.28
1318.22	3227.10
1319.81	3213.50
1321.40	3220.82
1322.99	3215.59
1324.58	3199.89
1326.17	3200.94
1327.75	3198.85
1329.34	3199.89
1330.93	3184.20
1332.52	3184.20
1334.11	3175.82
1335.70	3184.20
1337.28	3177.92
1338.87	3174.78
1340.46	3182.10
1342.05	3166.41
1343.63	3163.27
1345.22	3161.18
1346.81	3168.50
1348.39	3158.04
1349.98	3155.94
1351.56	3158.04
1353.15	3149.66
1354.73	3131.88
1356.32	3121.41
1357.90	3125.60
1359.49	3121.41
1361.07	3108.86
1362.66	3103.62
1364.24	3111.99
1365.82	3105.72
1367.41	3109.90
1368.99	3092.11
1370.57	3083.74
1372.16	3093.16
1373.74	3087.93
1375.32	3081.65
1376.91	3067.00
1378.49	3046.07
1380.07	3014.68
1381.65	3016.77
1383.23	3000.03
1384.81	3000.03
1386.39	2992.70
1387.97	3000.03
1389.55	2977.01
1391.14	2962.36
1392.72	2958.17
1394.29	2952.94
1395.87	2941.43
1397.45	2933.06
1399.03	2935.15
1400.61	2930.97
1402.19	2914.22
1403.77	2901.67
1405.35	2924.69
1406.92	2907.95
1408.50	2910.04
1410.08	2914.22
1411.66	2895.39
1413.23	2900.62
1414.81	2900.62
1416.39	2883.88
1417.96	2894.34
1419.54	2890.16
1421.12	2893.30
1422.69	2893.30
1424.27	2881.79
1425.84	2888.06
1427.42	2873.42
1428.99	2874.46
1430.57	2878.65
1432.14	2875.51
1433.71	2879.69
1435.29	2888.06
1436.86	2878.65
1438.43	2879.69
1440.01	2864.00
1441.58	2747.85
1443.15	2875.51
1444.72	2880.74
1446.30	2869.23
1447.87	2878.65
1449.44	2862.95
1451.01	2851.44
1452.58	2868.18
1454.15	2870.28
1455.72	2855.63
1457.29	2855.63
1458.86	2873.42
1460.43	2864.00
1462.00	2891.20
1463.57	2873.42
1465.14	2871.32
1466.71	2859.81
1468.28	2864.00
1469.85	2871.32
1471.41	2874.46
1472.98	2869.23
1474.55	2882.83
1476.12	2870.28
1477.68	2864.00
1479.25	2873.42
1480.82	2871.32
1482.38	2871.32
1483.95	2860.86
1485.51	2872.37
1487.08	2879.69
1488.64	2877.60
1490.21	2870.28
1491.77	2869.23
1493.34	2888.06
1494.90	2874.46
1496.46	2874.46
1498.03	2874.46
1499.59	2877.60
1501.15	2875.51
1502.72	2879.69
1504.28	2878.65
1505.84	2881.79
1507.40	2873.42
1508.97	2885.97
1510.53	2891.20
1512.09	2896.44
1513.65	2905.85
1515.21	2896.44
1516.77	2873.42
1518.33	2900.62
1519.89	2894.34
1521.45	2889.11
1523.01	2895.39
1524.57	2899.58
1526.13	2890.16
1527.68	2888.06
1529.24	2905.85
1530.80	2900.62
1532.36	2908.99
1533.92	2889.11
1535.47	2879.69
1537.03	2885.97
1538.59	2896.44
1540.14	2890.16
1541.70	2879.69
1543.25	2902.71
1544.81	2898.53
1546.36	2898.53
1547.92	2876.55
1549.47	2891.20
1551.03	2887.02
1552.58	2879.69
1554.13	2884.93
1555.69	2898.53
1557.24	2877.60
1558.79	2876.55
1560.35	2879.69
1561.90	2891.20
1563.45	2876.55
1565.00	2890.16
1566.55	2871.32
1568.10	2865.04
1569.66	2861.90
1571.21	2882.83
1572.76	2884.93
1574.31	2881.79
1575.86	2873.42
1577.40	2871.32
1578.95	2871.32
1580.50	2864.00
1582.05	2858.77
1583.60	2865.04
1585.15	2862.95
1586.69	2864.00
1588.24	2864.00
1589.79	2862.95
1591.34	2845.16
1592.88	2869.23
1594.43	2844.12
1595.97	2864.00
1597.52	2859.81
1599.06	2859.81
1600.61	2849.35
1602.15	2861.90
1603.70	2855.63
1605.24	2859.81
1606.79	2856.67
1608.33	2840.98
1609.87	2839.93
1611.41	2851.44
1612.96	2851.44
1614.50	2831.56
1616.04	2836.79
1617.58	2845.16
1619.12	2832.61
1620.67	2842.02
1622.21	2821.10
1623.75	2839.93
1625.29	2824.23
1626.83	2821.10
1628.37	2836.79
1629.90	2816.91
1631.44	2811.68
1632.98	2814.82
1634.52	2792.84
1636.06	2800.17
1637.59	2806.45
1639.13	2795.98
1640.67	2789.70
1642.21	2772.96
1643.74	2766.68
1645.28	2750.99
1646.81	2746.80
1648.35	2746.80
1649.88	2725.87
1651.42	2737.38
1652.95	2713.32
1654.49	2735.29
1656.02	2714.36
1657.55	2718.55
1659.09	2693.43
1660.62	2711.22
1662.15	2702.85
1663.68	2707.04
1665.22	2691.34
1666.75	2697.62
1668.28	2688.20
1669.81	2716.45
1671.34	2696.57
1672.87	2697.62
1674.40	2708.08
1675.93	2692.39
1677.46	2682.97
1678.99	2681.92
1680.52	2676.69
1682.04	2689.25
1683.57	2675.65
1685.10	2684.02
1686.63	2672.51
1688.15	2682.97
1689.68	2674.60
1691.21	2679.83
1692.73	2671.46
1694.26	2677.74
1695.78	2666.23
1697.31	2673.55
1698.83	2656.81
1700.36	2672.51
1701.88	2662.04
1703.40	2675.65
1704.93	2663.09
1706.45	2663.09
