896.35	2973.87
897.98	2974.92
899.60	2982.24
901.22	2990.26
902.85	2992.01
904.47	2996.89
906.10	2997.94
907.72	3003.17
909.34	3006.66
910.97	3019.56
912.59	3031.77
914.21	3045.72
915.84	3063.16
917.46	3085.83
919.08	3099.09
920.71	3115.83
922.33	3126.64
923.95	3148.27
925.58	3154.20
927.20	3160.48
928.82	3165.71
930.44	3169.90
932.07	3168.85
933.69	3165.71
935.31	3170.24
936.93	3179.31
938.56	3185.24
940.18	3189.43
941.80	3195.01
943.42	3204.43
945.05	3205.12
946.67	3209.31
948.29	3202.68
949.91	3211.05
951.53	3212.80
953.16	3218.03
954.78	3209.66
956.40	3206.87
958.02	3202.68
959.64	3211.05
961.26	3212.10
962.88	3213.84
964.51	3215.59
966.13	3220.47
967.75	3221.17
969.37	3223.26
970.99	3218.03
972.61	3224.66
974.23	3221.87
975.85	3230.94
977.47	3228.49
979.09	3227.10
980.71	3218.73
982.33	3222.91
983.95	3228.84
985.57	3235.12
987.19	3237.56
988.81	3237.91
990.43	3238.26
992.05	3240.35
993.67	3241.40
995.29	3239.31
996.91	3242.10
998.53	3246.63
1000.15	3258.49
1001.77	3262.33
1003.39	3264.42
1005.01	3268.95
1006.63	3270.35
1008.25	3280.46
1009.86	3279.77
1011.48	3280.81
1013.10	3280.12
1014.72	3286.05
1016.34	3297.56
1017.96	3298.60
1019.58	3293.37
1021.19	3287.44
1022.81	3294.42
1024.43	3303.49
1026.05	3306.97
1027.66	3305.58
1029.28	3307.67
1030.90	3307.67
1032.52	3309.42
1034.13	3313.25
1035.75	3316.74
1037.37	3322.32
1038.98	3319.88
1040.60	3319.88
1042.22	3313.25
1043.83	3317.09
1045.45	3320.23
1047.07	3328.25
1048.68	3325.11
1050.30	3327.55
1051.92	3323.02
1053.53	3328.95
1055.15	3326.16
1056.76	3329.30
1058.38	3329.30
1059.99	3331.04
1061.61	3328.25
1063.22	3328.95
1064.84	3327.55
1066.46	3328.60
1068.07	3324.76
1069.68	3329.99
1071.30	3329.30
1072.91	3327.90
1074.53	3328.60
1076.14	3330.69
1077.76	3335.92
1079.37	3325.46
1080.98	3323.02
1082.60	3319.53
1084.21	3325.11
1085.83	3328.95
1087.44	3322.32
1089.05	3317.79
1090.67	3309.07
1092.28	3315.34
1093.89	3317.79
1095.50	3319.88
1097.12	3322.67
1098.73	3319.53
1100.34	3322.32
1101.95	3318.14
1103.57	3318.83
1105.18	3318.14
1106.79	3318.14
1108.40	3322.32
1110.01	3327.20
1111.63	3333.48
1113.24	3332.78
1114.85	3327.20
1116.46	3322.67
1118.07	3321.62
1119.68	3325.11
1121.29	3324.41
1122.90	3327.20
1124.51	3329.30
1126.12	3335.23
1127.73	3339.41
1129.34	3343.60
1130.95	3345.34
1132.56	3335.58
1134.17	3331.04
1135.78	3326.86
1137.39	3332.78
1139.00	3330.34
1140.61	3332.09
1142.22	3331.74
1143.83	3334.53
1145.44	3331.39
1147.05	3335.92
1148.65	3332.09
1150.26	3332.09
1151.87	3325.81
1153.48	3332.44
1155.09	3334.53
1156.69	3334.53
1158.30	3330.34
1159.91	3332.09
1161.52	3336.27
1163.12	3334.88
1164.73	3338.02
1166.34	3335.58
1167.94	3341.16
1169.55	3341.50
1171.16	3347.09
1172.76	3346.74
1174.37	3346.74
1175.97	3346.04
1177.58	3352.32
1179.19	3348.48
1180.79	3349.88
1182.40	3347.09
1184.00	3354.06
1185.61	3359.29
1187.21	3358.60
1188.82	3359.64
1190.42	3358.60
1192.02	3357.55
1193.63	3355.81
1195.23	3356.85
1196.84	3360.34
1198.44	3364.87
1200.04	3364.18
1201.65	3365.92
1203.25	3364.87
1204.85	3357.55
1206.46	3354.06
1208.06	3347.78
1209.66	3353.02
1211.26	3358.25
1212.87	3356.85
1214.47	3358.25
1216.07	3354.76
1217.67	3360.69
1219.27	3358.25
1220.87	3357.20
1222.48	3352.32
1224.08	3357.20
1225.68	3361.74
1227.28	3363.48
1228.88	3361.39
1230.48	3353.71
1232.08	3357.55
1233.68	3359.99
1235.28	3361.74
1236.88	3355.81
1238.48	3358.25
1240.08	3356.85
1241.68	3358.60
1243.28	3351.27
1244.87	3351.27
1246.47	3348.83
1248.07	3346.39
1249.67	3350.22
1251.27	3347.43
1252.87	3346.39
1254.46	3340.81
1256.06	3343.60
1257.66	3339.76
1259.26	3340.81
1260.85	3338.02
1262.45	3343.60
1264.05	3341.50
1265.64	3342.55
1267.24	3341.16
1268.83	3343.95
1270.43	3349.88
1272.03	3347.43
1273.62	3340.46
1275.22	3337.32
1276.81	3335.58
1278.41	3341.16
1280.00	3333.13
1281.60	3334.88
1283.19	3333.83
1284.79	3334.53
1286.38	3336.62
1287.97	3332.78
1289.57	3333.48
1291.16	3326.86
1292.75	3330.69
1294.35	3330.34
1295.94	3333.13
1297.53	3327.55
1299.12	3332.09
1300.72	3327.90
1302.31	3333.13
1303.90	3331.74
1305.49	3333.83
1307.08	3324.41
1308.68	3317.44
1310.27	3317.09
1311.86	3319.88
1313.45	3318.48
1315.04	3319.53
1316.63	3318.14
1318.22	3314.65
1319.81	3313.60
1321.40	3316.04
1322.99	3313.95
1324.58	3304.88
1326.17	3296.51
1327.75	3295.81
1329.34	3296.16
1330.93	3294.07
1332.52	3291.28
1334.11	3287.79
1335.70	3281.16
1337.28	3280.46
1338.87	3282.56
1340.46	3286.05
1342.05	3284.30
1343.63	3281.16
1345.22	3285.35
1346.81	3284.65
1348.39	3283.60
1349.98	3273.14
1351.56	3266.86
1353.15	3261.98
1354.73	3253.26
1356.32	3246.28
1357.90	3240.00
1359.49	3237.56
1361.07	3230.94
1362.66	3222.91
1364.24	3221.87
1365.82	3226.05
1367.41	3222.91
1368.99	3216.29
1370.57	3209.66
1372.16	3211.40
1373.74	3216.29
1375.32	3216.29
1376.91	3204.78
1378.49	3185.24
1380.07	3165.36
1381.65	3148.97
1383.23	3142.69
1384.81	3138.85
1386.39	3138.85
1387.97	3134.32
1389.55	3129.78
1391.14	3119.67
1392.72	3113.39
1394.29	3103.62
1395.87	3095.25
1397.45	3086.88
1399.03	3077.46
1400.61	3073.28
1402.19	3064.21
1403.77	3064.21
1405.35	3059.33
1406.92	3059.67
1408.50	3054.09
1410.08	3053.05
1411.66	3045.37
1413.23	3044.68
1414.81	3033.51
1416.39	3035.96
1417.96	3030.03
1419.54	3034.56
1421.12	3034.56
1422.69	3030.72
1424.27	3033.17
1425.84	3025.84
1427.42	3027.24
1428.99	3023.05
1430.57	3022.35
1432.14	3024.10
1433.71	3028.63
1435.29	3032.12
1436.86	3029.33
1438.43	3023.75
1440.01	2960.96
1441.58	2963.75
1443.15	2969.34
1444.72	3028.28
1446.30	3030.72
1447.87	3023.40
1449.44	3018.52
1451.01	3017.12
1452.58	3020.96
1454.15	3025.49
1455.72	3023.05
1457.29	3025.49
1458.86	3022.00
1460.43	3026.19
1462.00	3020.61
1463.57	3026.89
1465.14	3020.96
1466.71	3024.79
1468.28	3025.14
1469.85	3031.42
1471.41	3032.47
1472.98	3036.65
1474.55	3032.12
1476.12	3030.72
1477.68	3033.17
1479.25	3038.05
1480.82	3044.68
1482.38	3042.23
1483.95	3045.37
1485.51	3051.65
1487.08	3057.93
1488.64	3063.51
1490.21	3057.58
1491.77	3060.02
1493.34	3055.14
1494.90	3056.54
1496.46	3055.84
1498.03	3059.33
1499.59	3062.46
1501.15	3061.07
1502.72	3059.67
1504.28	3058.63
1505.84	3058.63
1507.40	3067.70
1508.97	3073.63
1510.53	3083.04
1512.09	3084.44
1513.65	3086.88
1515.21	3083.04
1516.77	3084.79
1518.33	3086.18
1519.89	3089.32
1521.45	3088.97
1523.01	3093.86
1524.57	3097.69
1526.13	3100.14
1527.68	3101.88
1529.24	3104.67
1530.80	3108.86
1532.36	3107.46
1533.92	3102.58
1535.47	3098.39
1537.03	3099.09
1538.59	3104.67
1540.14	3101.18
1541.70	3105.37
1543.25	3107.11
1544.81	3114.78
1546.36	3108.51
1547.92	3107.11
1549.47	3104.32
1551.03	3105.02
1552.58	3102.93
1554.13	3105.37
1555.69	3106.76
1557.24	3108.16
1558.79	3107.81
1560.35	3112.34
1561.90	3113.74
1563.45	3113.39
1565.00	3107.81
1566.55	3107.81
1568.10	3104.67
1569.66	3107.81
1571.21	3108.86
1572.76	3113.04
1574.31	3112.69
1575.86	3108.51
1577.40	3105.72
1578.95	3102.58
1580.50	3096.65
1582.05	3093.51
1583.60	3089.67
1585.15	3093.51
1586.69	3096.30
1588.24	3103.62
1589.79	3101.18
1591.34	3101.88
1592.88	3092.46
1594.43	3099.79
1595.97	3096.65
1597.52	3101.53
1599.06	3094.90
1600.61	3101.53
1602.15	3099.44
1603.70	3100.14
1605.24	3091.42
1606.79	3085.14
1608.33	3082.35
1609.87	3080.25
1611.41	3085.83
1612.96	3083.04
1614.50	3080.95
1616.04	3080.25
1617.58	3079.56
1619.12	3080.60
1620.67	3069.09
1622.21	3071.18
1623.75	3066.65
1625.29	3070.84
1626.83	3070.84
1628.37	3069.44
1629.90	3065.60
1631.44	3057.58
1632.98	3047.82
1634.52	3040.14
1636.06	3034.91
1637.59	3027.93
1639.13	3015.73
1640.67	2995.84
1642.21	2982.24
1643.74	2966.54
1645.28	2951.20
1646.81	2940.38
1648.35	2921.90
1649.88	2912.13
1651.42	2893.99
1652.95	2893.30
1654.49	2878.30
1656.02	2871.67
1657.55	2854.23
1659.09	2851.79
1660.62	2841.33
1662.15	2842.02
1663.68	2834.00
1665.22	2832.26
1666.75	2824.58
1668.28	2827.02
1669.81	2822.49
1671.34	2822.84
1672.87	2818.30
1674.40	2816.21
1675.93	2808.19
1677.46	2798.77
1678.99	2792.49
1680.52	2793.89
1682.04	2791.10
1683.57	2791.80
1685.10	2786.91
1686.63	2787.26
1688.15	2782.73
1689.68	2778.89
1691.21	2773.66
1692.73	2774.70
1694.26	2772.61
1695.78	2773.66
1697.31	2765.64
1698.83	2764.94
1700.36	2759.36
1701.88	2765.64
1703.40	2760.40
1704.93	2760.75
1706.45	2757.26
