896.35	2864.00
897.98	2861.90
899.60	2868.53
901.22	2874.46
902.85	2877.60
904.47	2880.74
906.10	2881.79
907.72	2888.41
909.34	2889.81
910.97	2898.88
912.59	2903.41
914.21	2912.48
915.84	2923.99
917.46	2940.38
919.08	2947.01
920.71	2955.38
922.33	2957.48
923.95	2971.78
925.58	2971.78
927.20	2978.75
928.82	2981.19
930.44	2987.82
932.07	2982.24
933.69	2976.66
935.31	2974.92
936.93	2983.29
938.56	2985.38
940.18	2990.61
941.80	2992.01
943.42	3004.91
945.05	3002.82
946.67	3010.14
948.29	2999.33
949.91	3009.10
951.53	3011.89
953.16	3023.40
954.78	3017.82
956.40	3014.33
958.02	3008.40
959.64	3014.33
961.26	3011.54
962.88	3011.19
964.51	3010.49
966.13	3019.21
967.75	3015.73
969.37	3016.77
970.99	3009.10
972.61	3019.21
974.23	3016.42
975.85	3024.45
977.47	3019.56
979.09	3022.00
980.71	3016.42
982.33	3024.79
983.95	3030.38
985.57	3033.86
987.19	3032.82
988.81	3033.51
990.43	3030.38
992.05	3034.56
993.67	3031.42
995.29	3034.21
996.91	3034.91
998.53	3042.23
1000.15	3049.21
1001.77	3049.91
1003.39	3047.47
1005.01	3052.00
1006.63	3052.70
1008.25	3058.98
1009.86	3054.79
1011.48	3058.28
1013.10	3058.28
1014.72	3066.30
1016.34	3070.84
1017.96	3071.88
1019.58	3067.35
1021.19	3064.91
1022.81	3068.39
1024.43	3075.02
1026.05	3075.72
1027.66	3074.67
1029.28	3070.84
1030.90	3069.79
1032.52	3067.00
1034.13	3073.98
1035.75	3075.72
1037.37	3089.67
1038.98	3085.14
1040.60	3085.83
1042.22	3071.18
1043.83	3075.72
1045.45	3077.81
1047.07	3088.28
1048.68	3083.74
1050.30	3085.49
1051.92	3078.51
1053.53	3085.14
1055.15	3084.09
1056.76	3093.16
1058.38	3092.46
1059.99	3094.55
1061.61	3083.74
1063.22	3085.49
1064.84	3081.30
1066.46	3085.49
1068.07	3082.00
1069.68	3093.16
1071.30	3094.90
1072.91	3097.00
1074.53	3091.76
1076.14	3094.90
1077.76	3094.21
1079.37	3086.53
1080.98	3082.70
1082.60	3083.04
1084.21	3085.49
1085.83	3089.32
1087.44	3082.00
1089.05	3082.70
1090.67	3076.42
1092.28	3085.49
1093.89	3088.97
1095.50	3091.07
1097.12	3087.93
1098.73	3082.00
1100.34	3084.09
1101.95	3084.79
1103.57	3083.74
1105.18	3080.95
1106.79	3078.16
1108.40	3085.49
1110.01	3087.58
1111.63	3092.11
1113.24	3091.07
1114.85	3092.81
1116.46	3092.81
1118.07	3093.51
1119.68	3094.55
1121.29	3093.51
1122.90	3089.32
1124.51	3092.81
1126.12	3094.90
1127.73	3104.32
1129.34	3103.62
1130.95	3107.11
1132.56	3095.25
1134.17	3090.02
1135.78	3084.79
1137.39	3092.81
1139.00	3090.02
1140.61	3093.16
1142.22	3090.37
1143.83	3095.25
1145.44	3092.11
1147.05	3098.74
1148.65	3097.00
1150.26	3096.65
1151.87	3090.02
1153.48	3096.30
1155.09	3098.74
1156.69	3101.18
1158.30	3095.25
1159.91	3100.48
1161.52	3101.88
1163.12	3102.23
1164.73	3099.79
1166.34	3099.79
1167.94	3103.27
1169.55	3106.06
1171.16	3106.76
1172.76	3107.46
1174.37	3102.23
1175.97	3098.39
1177.58	3100.14
1179.19	3095.60
1180.79	3097.34
1182.40	3093.86
1184.00	3100.83
1185.61	3106.76
1187.21	3106.06
1188.82	3107.46
1190.42	3106.41
1192.02	3107.81
1193.63	3105.02
1195.23	3103.97
1196.84	3105.37
1198.44	3109.55
1200.04	3110.95
1201.65	3112.69
1203.25	3111.30
1204.85	3107.81
1206.46	3104.32
1208.06	3102.23
1209.66	3101.53
1211.26	3109.55
1212.87	3107.46
1214.47	3115.48
1216.07	3111.99
1217.67	3118.27
1219.27	3115.13
1220.87	3116.88
1222.48	3109.20
1224.08	3112.34
1225.68	3110.60
1227.28	3114.09
1228.88	3112.34
1230.48	3109.55
1232.08	3109.55
1233.68	3110.60
1235.28	3108.86
1236.88	3108.16
1238.48	3111.30
1240.08	3112.34
1241.68	3110.95
1243.28	3104.67
1244.87	3105.02
1246.47	3105.37
1248.07	3101.18
1249.67	3107.81
1251.27	3104.67
1252.87	3104.67
1254.46	3095.25
1256.06	3099.09
1257.66	3098.04
1259.26	3103.97
1260.85	3102.23
1262.45	3107.11
1264.05	3101.53
1265.64	3105.02
1267.24	3102.23
1268.83	3105.72
1270.43	3106.41
1272.03	3105.72
1273.62	3099.09
1275.22	3099.79
1276.81	3099.79
1278.41	3105.37
1280.00	3098.04
1281.60	3097.00
1283.19	3094.21
1284.79	3095.60
1286.38	3097.69
1287.97	3098.39
1289.57	3097.69
1291.16	3093.86
1292.75	3095.60
1294.35	3096.65
1295.94	3099.44
1297.53	3094.90
1299.12	3099.09
1300.72	3093.86
1302.31	3099.09
1303.90	3100.48
1305.49	3103.27
1307.08	3097.69
1308.68	3088.28
1310.27	3087.93
1311.86	3084.79
1313.45	3084.79
1315.04	3082.70
1316.63	3085.14
1318.22	3083.39
1319.81	3086.18
1321.40	3090.02
1322.99	3089.32
1324.58	3082.70
1326.17	3076.07
1327.75	3074.67
1329.34	3076.42
1330.93	3069.09
1332.52	3065.26
1334.11	3061.42
1335.70	3061.07
1337.28	3061.42
1338.87	3062.81
1340.46	3065.60
1342.05	3065.60
1343.63	3061.77
1345.22	3064.56
1346.81	3064.56
1348.39	3063.51
1349.98	3055.14
1351.56	3050.61
1353.15	3049.21
1354.73	3047.82
1356.32	3043.98
1357.90	3041.54
1359.49	3038.40
1361.07	3039.10
1362.66	3035.96
1364.24	3038.05
1365.82	3042.58
1367.41	3040.49
1368.99	3031.77
1370.57	3024.45
1372.16	3026.89
1373.74	3037.70
1375.32	3037.70
1376.91	3031.07
1378.49	3013.98
1380.07	3003.17
1381.65	2992.36
1383.23	2991.66
1384.81	2990.26
1386.39	2992.36
1387.97	2988.17
1389.55	2983.98
1391.14	2976.66
1392.72	2975.96
1394.29	2971.08
1395.87	2967.94
1397.45	2964.80
1399.03	2964.45
1400.61	2960.96
1402.19	2951.90
1403.77	2952.24
1405.35	2951.20
1406.92	2952.94
1408.50	2949.10
1410.08	2948.06
1411.66	2945.97
1413.23	2945.27
1414.81	2937.59
1416.39	2939.34
1417.96	2930.62
1419.54	2934.80
1421.12	2933.76
1422.69	2934.11
1424.27	2936.55
1425.84	2934.46
1427.42	2937.59
1428.99	2935.50
1430.57	2932.71
1432.14	2930.97
1433.71	2934.11
1435.29	2937.94
1436.86	2939.69
1438.43	2935.85
1440.01	2876.21
1441.58	2873.07
1443.15	2876.55
1444.72	2930.27
1446.30	2935.85
1447.87	2930.97
1449.44	2928.18
1451.01	2924.69
1452.58	2927.13
1454.15	2929.22
1455.72	2924.34
1457.29	2923.99
1458.86	2927.48
1460.43	2938.29
1462.00	2939.69
1463.57	2941.08
1465.14	2933.76
1466.71	2930.97
1468.28	2932.36
1469.85	2938.99
1471.41	2943.87
1472.98	2947.71
1474.55	2940.38
1476.12	2937.25
1477.68	2935.50
1479.25	2938.99
1480.82	2942.83
1482.38	2940.04
1483.95	2942.13
1485.51	2946.31
1487.08	2953.29
1488.64	2955.03
1490.21	2948.41
1491.77	2947.01
1493.34	2940.73
1494.90	2942.83
1496.46	2941.43
1498.03	2945.97
1499.59	2949.80
1501.15	2949.10
1502.72	2952.59
1504.28	2949.10
1505.84	2948.06
1507.40	2949.80
1508.97	2955.38
1510.53	2962.71
1512.09	2964.45
1513.65	2964.45
1515.21	2958.17
1516.77	2956.78
1518.33	2954.69
1519.89	2957.82
1521.45	2956.78
1523.01	2960.27
1524.57	2964.10
1526.13	2966.20
1527.68	2973.17
1529.24	2972.82
1530.80	2977.36
1532.36	2968.99
1533.92	2964.45
1535.47	2958.87
1537.03	2958.52
1538.59	2961.31
1540.14	2957.13
1541.70	2960.62
1543.25	2964.10
1544.81	2973.87
1546.36	2968.99
1547.92	2969.68
1549.47	2965.15
1551.03	2963.75
1552.58	2960.27
1554.13	2962.71
1555.69	2966.89
1557.24	2966.89
1558.79	2961.66
1560.35	2962.01
1561.90	2960.62
1563.45	2962.36
1565.00	2959.92
1566.55	2959.57
1568.10	2956.43
1569.66	2958.52
1571.21	2961.31
1572.76	2963.75
1574.31	2962.71
1575.86	2958.17
1577.40	2956.43
1578.95	2956.08
1580.50	2953.64
1582.05	2955.03
1583.60	2951.55
1585.15	2956.08
1586.69	2956.08
1588.24	2959.57
1589.79	2954.69
1591.34	2954.34
1592.88	2945.62
1594.43	2949.10
1595.97	2947.01
1597.52	2951.20
1599.06	2947.36
1600.61	2951.55
1602.15	2949.45
1603.70	2949.80
1605.24	2942.83
1606.79	2942.83
1608.33	2942.48
1609.87	2941.78
1611.41	2942.83
1612.96	2937.25
1614.50	2934.46
1616.04	2934.80
1617.58	2935.85
1619.12	2937.59
1620.67	2927.83
1622.21	2931.66
1623.75	2927.83
1625.29	2929.22
1626.83	2928.53
1628.37	2927.48
1629.90	2926.43
1631.44	2920.15
1632.98	2912.13
1634.52	2906.20
1636.06	2907.25
1637.59	2907.25
1639.13	2907.95
1640.67	2896.44
1642.21	2893.30
1643.74	2881.09
1645.28	2868.88
1646.81	2860.16
1648.35	2850.74
1649.88	2847.95
1651.42	2834.70
1652.95	2833.65
1654.49	2825.98
1656.02	2825.98
1657.55	2815.51
1659.09	2815.17
1660.62	2807.14
1662.15	2809.24
1663.68	2799.12
1665.22	2797.38
1666.75	2792.49
1668.28	2798.77
1669.81	2797.38
1671.34	2797.03
1672.87	2794.24
1674.40	2791.10
1675.93	2782.38
1677.46	2773.31
1678.99	2767.73
1680.52	2774.01
1682.04	2772.26
1683.57	2774.36
1685.10	2767.38
1686.63	2770.17
1688.15	2764.24
1689.68	2760.40
1691.21	2754.13
1692.73	2757.26
1694.26	2756.57
1695.78	2752.73
1697.31	2743.66
1698.83	2742.96
1700.36	2741.92
1701.88	2750.64
1703.40	2747.15
1704.93	2749.59
1706.45	2748.89
