896.35	2984.33
897.98	2982.59
899.60	2987.82
901.22	2992.36
902.85	2996.54
904.47	3002.82
906.10	3008.40
907.72	3013.98
909.34	3019.21
910.97	3032.47
912.59	3046.07
914.21	3062.81
915.84	3081.30
917.46	3104.32
919.08	3117.58
920.71	3133.97
922.33	3143.39
923.95	3165.01
925.58	3173.38
927.20	3184.20
928.82	3191.87
930.44	3200.59
932.07	3200.24
933.69	3196.06
935.31	3196.75
936.93	3204.78
938.56	3209.31
940.18	3214.54
941.80	3219.08
943.42	3229.19
945.05	3228.84
946.67	3234.42
948.29	3226.40
949.91	3235.82
951.53	3236.86
953.16	3242.45
954.78	3236.86
956.40	3234.77
958.02	3231.63
959.64	3235.82
961.26	3234.77
962.88	3235.82
964.51	3238.61
966.13	3246.28
967.75	3247.68
969.37	3248.03
970.99	3243.14
972.61	3248.72
974.23	3246.28
975.85	3251.51
977.47	3249.42
979.09	3250.12
980.71	3248.72
982.33	3253.61
983.95	3259.19
985.57	3259.89
987.19	3263.37
988.81	3263.02
990.43	3262.68
992.05	3264.77
993.67	3265.12
995.29	3264.42
996.91	3267.91
998.53	3275.23
1000.15	3289.88
1001.77	3291.98
1003.39	3292.67
1005.01	3294.77
1006.63	3298.95
1008.25	3309.07
1009.86	3309.76
1011.48	3310.46
1013.10	3313.60
1014.72	3318.83
1016.34	3331.39
1017.96	3329.65
1019.58	3328.60
1021.19	3321.62
1022.81	3326.51
1024.43	3330.69
1026.05	3336.97
1027.66	3336.97
1029.28	3340.11
1030.90	3335.92
1032.52	3336.97
1034.13	3341.85
1035.75	3347.09
1037.37	3355.11
1038.98	3352.32
1040.60	3350.22
1042.22	3342.55
1043.83	3346.74
1045.45	3349.88
1047.07	3358.25
1048.68	3354.41
1050.30	3359.29
1051.92	3357.55
1053.53	3362.78
1055.15	3356.15
1056.76	3357.90
1058.38	3357.90
1059.99	3361.04
1061.61	3354.76
1063.22	3355.11
1064.84	3354.76
1066.46	3356.85
1068.07	3356.50
1069.68	3363.48
1071.30	3365.57
1072.91	3363.48
1074.53	3362.08
1076.14	3361.04
1077.76	3362.78
1079.37	3349.88
1080.98	3349.88
1082.60	3349.88
1084.21	3360.34
1085.83	3364.18
1087.44	3359.29
1089.05	3353.02
1090.67	3346.74
1092.28	3350.92
1093.89	3357.55
1095.50	3356.85
1097.12	3356.15
1098.73	3348.13
1100.34	3351.97
1101.95	3351.97
1103.57	3353.71
1105.18	3348.48
1106.79	3343.95
1108.40	3347.43
1110.01	3352.67
1111.63	3359.99
1113.24	3359.64
1114.85	3355.81
1116.46	3355.11
1118.07	3354.76
1119.68	3357.20
1121.29	3351.27
1122.90	3348.48
1124.51	3351.62
1126.12	3356.50
1127.73	3361.74
1129.34	3364.18
1130.95	3366.97
1132.56	3358.60
1134.17	3353.36
1135.78	3352.32
1137.39	3360.69
1139.00	3359.99
1140.61	3361.39
1142.22	3362.08
1143.83	3365.92
1145.44	3361.74
1147.05	3361.74
1148.65	3358.60
1150.26	3357.55
1151.87	3360.34
1153.48	3367.32
1155.09	3371.50
1156.69	3366.62
1158.30	3361.39
1159.91	3365.22
1161.52	3371.50
1163.12	3372.55
1164.73	3374.99
1166.34	3371.15
1167.94	3373.25
1169.55	3371.50
1171.16	3380.22
1172.76	3383.01
1174.37	3386.50
1175.97	3380.92
1177.58	3384.41
1179.19	3380.92
1180.79	3382.66
1182.40	3379.52
1184.00	3384.76
1185.61	3389.99
1187.21	3392.78
1188.82	3393.13
1190.42	3392.43
1192.02	3391.03
1193.63	3392.08
1195.23	3394.87
1196.84	3399.75
1198.44	3400.80
1200.04	3399.75
1201.65	3401.50
1203.25	3400.45
1204.85	3395.22
1206.46	3392.78
1208.06	3388.94
1209.66	3392.43
1211.26	3399.06
1212.87	3398.36
1214.47	3398.01
1216.07	3391.73
1217.67	3394.87
1219.27	3395.22
1220.87	3394.87
1222.48	3388.59
1224.08	3388.94
1225.68	3387.90
1227.28	3392.78
1228.88	3396.27
1230.48	3392.78
1232.08	3392.78
1233.68	3388.94
1235.28	3388.24
1236.88	3385.45
1238.48	3392.43
1240.08	3394.87
1241.68	3395.22
1243.28	3383.36
1244.87	3377.43
1246.47	3373.94
1248.07	3373.94
1249.67	3379.87
1251.27	3378.83
1252.87	3376.38
1254.46	3370.11
1256.06	3369.06
1257.66	3365.22
1259.26	3366.62
1260.85	3368.01
1262.45	3375.69
1264.05	3373.59
1265.64	3376.04
1267.24	3372.55
1268.83	3372.55
1270.43	3373.59
1272.03	3375.69
1273.62	3373.94
1275.22	3373.59
1276.81	3369.41
1278.41	3373.25
1280.00	3366.62
1281.60	3364.53
1283.19	3362.43
1284.79	3362.78
1286.38	3369.76
1287.97	3368.01
1289.57	3367.32
1291.16	3357.55
1292.75	3358.25
1294.35	3356.50
1295.94	3359.99
1297.53	3356.15
1299.12	3360.34
1300.72	3355.11
1302.31	3362.43
1303.90	3362.43
1305.49	3365.92
1307.08	3355.81
1308.68	3351.97
1310.27	3349.53
1311.86	3349.53
1313.45	3343.60
1315.04	3343.60
1316.63	3344.64
1318.22	3346.04
1319.81	3346.39
1321.40	3349.18
1322.99	3343.60
1324.58	3341.50
1326.17	3335.58
1327.75	3336.27
1329.34	3330.69
1330.93	3327.90
1332.52	3326.51
1334.11	3326.86
1335.70	3321.62
1337.28	3319.88
1338.87	3318.48
1340.46	3320.23
1342.05	3318.48
1343.63	3317.44
1345.22	3318.14
1346.81	3316.74
1348.39	3313.25
1349.98	3303.83
1351.56	3296.51
1353.15	3290.58
1354.73	3281.51
1356.32	3274.88
1357.90	3269.65
1359.49	3265.47
1361.07	3257.44
1362.66	3249.07
1364.24	3249.07
1365.82	3255.35
1367.41	3251.17
1368.99	3246.98
1370.57	3243.14
1372.16	3248.38
1373.74	3250.47
1375.32	3245.58
1376.91	3232.33
1378.49	3211.75
1380.07	3194.31
1381.65	3176.17
1383.23	3170.24
1384.81	3164.31
1386.39	3167.45
1387.97	3165.71
1389.55	3161.87
1391.14	3152.46
1392.72	3141.64
1394.29	3129.09
1395.87	3117.23
1397.45	3112.69
1399.03	3106.76
1400.61	3101.53
1402.19	3086.88
1403.77	3083.04
1405.35	3076.77
1406.92	3080.60
1408.50	3077.81
1410.08	3074.32
1411.66	3065.26
1413.23	3064.21
1414.81	3056.54
1416.39	3058.63
1417.96	3052.00
1419.54	3057.93
1421.12	3056.88
1422.69	3049.91
1424.27	3049.91
1425.84	3044.68
1427.42	3048.86
1428.99	3046.42
1430.57	3044.33
1432.14	3040.49
1433.71	3042.23
1435.29	3044.33
1436.86	3044.68
1438.43	3038.75
1440.01	2975.61
1441.58	2976.66
1443.15	2982.24
1444.72	3043.63
1446.30	3045.37
1447.87	3039.10
1449.44	3033.86
1451.01	3032.82
1452.58	3034.91
1454.15	3037.70
1455.72	3034.56
1457.29	3039.44
1458.86	3042.23
1460.43	3050.95
1462.00	3047.12
1463.57	3049.21
1465.14	3043.98
1466.71	3046.77
1468.28	3048.51
1469.85	3052.70
1471.41	3051.30
1472.98	3054.79
1474.55	3052.70
1476.12	3052.70
1477.68	3053.05
1479.25	3056.54
1480.82	3064.21
1482.38	3062.12
1483.95	3063.51
1485.51	3069.44
1487.08	3076.77
1488.64	3081.30
1490.21	3071.88
1491.77	3077.46
1493.34	3074.32
1494.90	3079.21
1496.46	3077.11
1498.03	3081.65
1499.59	3083.74
1501.15	3083.74
1502.72	3086.18
1504.28	3089.67
1505.84	3084.79
1507.40	3086.18
1508.97	3088.28
1510.53	3099.09
1512.09	3103.97
1513.65	3107.81
1515.21	3105.72
1516.77	3109.20
1518.33	3109.55
1519.89	3112.34
1521.45	3108.86
1523.01	3111.30
1524.57	3111.30
1526.13	3114.78
1527.68	3119.32
1529.24	3121.76
1530.80	3125.95
1532.36	3121.41
1533.92	3117.58
1535.47	3111.30
1537.03	3113.04
1538.59	3118.62
1540.14	3121.06
1541.70	3128.39
1543.25	3130.83
1544.81	3138.50
1546.36	3130.13
1547.92	3131.53
1549.47	3127.69
1551.03	3130.83
1552.58	3127.69
1554.13	3127.69
1555.69	3128.39
1557.24	3130.83
1558.79	3128.74
1560.35	3132.57
1561.90	3131.18
1563.45	3134.67
1565.00	3129.78
1566.55	3130.48
1568.10	3123.50
1569.66	3125.95
1571.21	3128.39
1572.76	3132.92
1574.31	3131.18
1575.86	3127.34
1577.40	3126.99
1578.95	3129.78
1580.50	3126.99
1582.05	3129.09
1583.60	3123.85
1585.15	3126.30
1586.69	3123.85
1588.24	3128.74
1589.79	3124.90
1591.34	3128.04
1592.88	3118.27
1594.43	3124.55
1595.97	3118.62
1597.52	3121.76
1599.06	3114.78
1600.61	3119.32
1602.15	3118.27
1603.70	3115.83
1605.24	3108.86
1606.79	3107.81
1608.33	3108.51
1609.87	3110.95
1611.41	3111.99
1612.96	3111.99
1614.50	3106.06
1616.04	3107.11
1617.58	3105.37
1619.12	3107.81
1620.67	3097.69
1622.21	3098.74
1623.75	3091.76
1625.29	3091.07
1626.83	3087.93
1628.37	3085.14
1629.90	3078.86
1631.44	3071.18
1632.98	3060.37
1634.52	3055.49
1636.06	3048.86
1637.59	3044.33
1639.13	3034.21
1640.67	3017.47
1642.21	3002.82
1643.74	2986.08
1645.28	2967.24
1646.81	2954.34
1648.35	2934.11
1649.88	2928.53
1651.42	2910.39
1652.95	2909.69
1654.49	2892.95
1656.02	2885.97
1657.55	2866.09
1659.09	2861.56
1660.62	2853.18
1662.15	2853.18
1663.68	2841.33
1665.22	2831.91
1666.75	2821.79
1668.28	2823.89
1669.81	2822.14
1671.34	2823.54
1672.87	2819.70
1674.40	2817.26
1675.93	2806.79
1677.46	2796.33
1678.99	2789.35
1680.52	2792.84
1682.04	2792.49
1683.57	2794.24
1685.10	2788.31
1686.63	2790.05
1688.15	2782.73
1689.68	2779.94
1691.21	2775.40
1692.73	2779.24
1694.26	2778.19
1695.78	2775.40
1697.31	2769.82
1698.83	2770.87
1700.36	2765.29
1701.88	2770.52
1703.40	2766.33
1704.93	2770.87
1706.45	2769.82
