896.35	2966.54
897.98	2966.89
899.60	2978.06
901.22	2989.22
902.85	2996.89
904.47	2998.29
906.10	3001.77
907.72	3009.10
909.34	3017.47
910.97	3030.03
912.59	3039.10
914.21	3051.65
915.84	3069.79
917.46	3093.16
919.08	3109.90
920.71	3125.60
922.33	3132.92
923.95	3152.80
925.58	3158.73
927.20	3167.10
928.82	3171.99
930.44	3178.27
932.07	3180.36
933.69	3179.31
935.31	3182.80
936.93	3191.87
938.56	3196.06
940.18	3199.54
941.80	3204.08
943.42	3213.50
945.05	3213.50
946.67	3216.63
948.29	3206.87
949.91	3218.38
951.53	3222.56
953.16	3229.89
954.78	3220.82
956.40	3218.03
958.02	3215.94
959.64	3222.22
961.26	3224.31
962.88	3226.40
964.51	3226.75
966.13	3228.14
967.75	3227.80
969.37	3231.28
970.99	3224.31
972.61	3225.70
974.23	3221.52
975.85	3231.63
977.47	3233.38
979.09	3235.47
980.71	3230.94
982.33	3238.61
983.95	3244.19
985.57	3248.38
987.19	3248.38
988.81	3246.28
990.43	3246.28
992.05	3251.86
993.67	3255.00
995.29	3253.26
996.91	3252.21
998.53	3258.84
1000.15	3272.79
1001.77	3274.54
1003.39	3273.84
1005.01	3276.63
1006.63	3279.42
1008.25	3286.39
1009.86	3283.60
1011.48	3283.95
1013.10	3285.35
1014.72	3291.98
1016.34	3303.83
1017.96	3305.58
1019.58	3304.88
1021.19	3300.35
1022.81	3306.97
1024.43	3312.21
1026.05	3320.58
1027.66	3323.02
1029.28	3325.81
1030.90	3324.06
1032.52	3318.48
1034.13	3321.62
1035.75	3326.16
1037.37	3339.76
1038.98	3339.76
1040.60	3337.67
1042.22	3328.60
1043.83	3331.39
1045.45	3330.69
1047.07	3337.67
1048.68	3334.88
1050.30	3342.20
1051.92	3339.41
1053.53	3344.99
1055.15	3338.37
1056.76	3344.30
1058.38	3344.30
1059.99	3348.13
1061.61	3337.67
1063.22	3336.27
1064.84	3333.48
1066.46	3335.92
1068.07	3333.48
1069.68	3338.37
1071.30	3340.81
1072.91	3342.55
1074.53	3343.60
1076.14	3344.99
1077.76	3343.60
1079.37	3330.69
1080.98	3326.16
1082.60	3324.06
1084.21	3331.74
1085.83	3338.02
1087.44	3337.67
1089.05	3333.13
1090.67	3325.11
1092.28	3329.65
1093.89	3335.92
1095.50	3338.37
1097.12	3335.92
1098.73	3326.86
1100.34	3328.95
1101.95	3330.34
1103.57	3334.53
1105.18	3331.04
1106.79	3327.90
1108.40	3329.30
1110.01	3332.09
1111.63	3334.88
1113.24	3334.88
1114.85	3332.09
1116.46	3332.09
1118.07	3331.39
1119.68	3336.27
1121.29	3333.48
1122.90	3334.18
1124.51	3334.88
1126.12	3340.81
1127.73	3347.09
1129.34	3349.53
1130.95	3349.18
1132.56	3338.37
1134.17	3333.13
1135.78	3332.78
1137.39	3342.20
1139.00	3343.60
1140.61	3345.34
1142.22	3340.46
1143.83	3341.85
1145.44	3337.67
1147.05	3341.85
1148.65	3339.06
1150.26	3335.92
1151.87	3333.83
1153.48	3339.06
1155.09	3347.43
1156.69	3348.13
1158.30	3346.39
1159.91	3347.78
1161.52	3352.67
1163.12	3354.76
1164.73	3356.50
1166.34	3354.41
1167.94	3353.02
1169.55	3351.62
1171.16	3355.81
1172.76	3359.99
1174.37	3361.74
1175.97	3360.69
1177.58	3365.22
1179.19	3361.04
1180.79	3360.69
1182.40	3355.11
1184.00	3362.08
1185.61	3369.76
1187.21	3371.50
1188.82	3371.85
1190.42	3366.62
1192.02	3364.87
1193.63	3361.39
1195.23	3365.92
1196.84	3369.41
1198.44	3374.64
1200.04	3373.59
1201.65	3374.64
1203.25	3373.94
1204.85	3370.80
1206.46	3372.20
1208.06	3368.71
1209.66	3370.80
1211.26	3372.90
1212.87	3371.15
1214.47	3372.20
1216.07	3370.11
1217.67	3373.94
1219.27	3372.20
1220.87	3374.29
1222.48	3370.46
1224.08	3373.59
1225.68	3369.76
1227.28	3371.15
1228.88	3368.71
1230.48	3366.97
1232.08	3369.41
1233.68	3376.38
1235.28	3379.52
1236.88	3378.13
1238.48	3378.13
1240.08	3370.80
1241.68	3366.62
1243.28	3356.50
1244.87	3358.25
1246.47	3359.99
1248.07	3357.55
1249.67	3362.08
1251.27	3355.81
1252.87	3354.41
1254.46	3346.74
1256.06	3352.32
1257.66	3349.53
1259.26	3351.27
1260.85	3346.39
1262.45	3349.88
1264.05	3345.34
1265.64	3348.83
1267.24	3350.22
1268.83	3353.71
1270.43	3357.90
1272.03	3355.46
1273.62	3350.22
1275.22	3346.74
1276.81	3344.64
1278.41	3352.67
1280.00	3349.18
1281.60	3348.13
1283.19	3344.64
1284.79	3341.85
1286.38	3344.30
1287.97	3339.76
1289.57	3339.76
1291.16	3334.53
1292.75	3340.81
1294.35	3342.55
1295.94	3347.43
1297.53	3341.50
1299.12	3344.64
1300.72	3338.37
1302.31	3342.55
1303.90	3339.06
1305.49	3343.25
1307.08	3337.67
1308.68	3333.48
1310.27	3333.13
1311.86	3332.78
1313.45	3328.95
1315.04	3325.81
1316.63	3325.46
1318.22	3326.51
1319.81	3324.06
1321.40	3327.55
1322.99	3323.02
1324.58	3320.58
1326.17	3313.95
1327.75	3315.34
1329.34	3313.95
1330.93	3308.02
1332.52	3304.88
1334.11	3302.44
1335.70	3295.46
1337.28	3294.07
1338.87	3294.07
1340.46	3297.90
1342.05	3295.81
1343.63	3291.98
1345.22	3292.67
1346.81	3290.93
1348.39	3289.88
1349.98	3282.91
1351.56	3274.54
1353.15	3267.91
1354.73	3261.98
1356.32	3259.54
1357.90	3255.35
1359.49	3251.17
1361.07	3243.49
1362.66	3235.12
1364.24	3233.03
1365.82	3239.31
1367.41	3241.05
1368.99	3234.42
1370.57	3225.01
1372.16	3225.35
1373.74	3226.75
1375.32	3226.75
1376.91	3214.54
1378.49	3197.45
1380.07	3177.22
1381.65	3161.52
1383.23	3155.59
1384.81	3150.36
1386.39	3148.97
1387.97	3144.08
1389.55	3143.04
1391.14	3133.27
1392.72	3126.99
1394.29	3113.74
1395.87	3103.97
1397.45	3095.25
1399.03	3090.37
1400.61	3084.44
1402.19	3074.67
1403.77	3071.18
1405.35	3067.35
1406.92	3067.35
1408.50	3060.72
1410.08	3059.67
1411.66	3057.93
1413.23	3058.63
1414.81	3050.26
1416.39	3049.21
1417.96	3043.28
1419.54	3046.07
1421.12	3044.68
1422.69	3043.28
1424.27	3044.33
1425.84	3039.79
1427.42	3036.65
1428.99	3035.61
1430.57	3033.86
1432.14	3037.00
1433.71	3041.19
1435.29	3043.63
1436.86	3041.89
1438.43	3035.26
1440.01	2974.92
1441.58	2975.96
1443.15	2979.10
1444.72	3038.40
1446.30	3042.58
1447.87	3040.14
1449.44	3033.17
1451.01	3030.72
1452.58	3031.07
1454.15	3038.05
1455.72	3036.30
1457.29	3041.19
1458.86	3037.00
1460.43	3042.93
1462.00	3038.40
1463.57	3043.63
1465.14	3038.75
1466.71	3037.70
1468.28	3039.79
1469.85	3043.63
1471.41	3046.42
1472.98	3049.91
1474.55	3046.07
1476.12	3045.72
1477.68	3047.47
1479.25	3050.61
1480.82	3055.84
1482.38	3050.95
1483.95	3053.05
1485.51	3058.98
1487.08	3066.30
1488.64	3073.28
1490.21	3068.39
1491.77	3072.23
1493.34	3066.30
1494.90	3068.05
1496.46	3066.65
1498.03	3073.28
1499.59	3076.77
1501.15	3077.46
1502.72	3076.77
1504.28	3076.07
1505.84	3071.18
1507.40	3075.72
1508.97	3078.16
1510.53	3090.37
1512.09	3095.60
1513.65	3102.23
1515.21	3095.95
1516.77	3094.55
1518.33	3092.81
1519.89	3096.65
1521.45	3094.90
1523.01	3100.48
1524.57	3105.37
1526.13	3111.65
1527.68	3115.83
1529.24	3115.83
1530.80	3119.67
1532.36	3113.04
1533.92	3109.55
1535.47	3101.88
1537.03	3103.62
1538.59	3107.81
1540.14	3107.46
1541.70	3112.69
1543.25	3113.39
1544.81	3119.67
1546.36	3109.55
1547.92	3114.09
1549.47	3114.78
1551.03	3120.71
1552.58	3116.88
1554.13	3119.67
1555.69	3122.46
1557.24	3125.25
1558.79	3121.41
1560.35	3123.16
1561.90	3121.06
1563.45	3121.06
1565.00	3116.18
1566.55	3117.58
1568.10	3113.74
1569.66	3115.13
1571.21	3114.44
1572.76	3117.23
1574.31	3117.23
1575.86	3113.74
1577.40	3110.60
1578.95	3107.46
1580.50	3102.58
1582.05	3099.44
1583.60	3098.74
1585.15	3102.93
1586.69	3107.81
1588.24	3112.69
1589.79	3110.60
1591.34	3110.60
1592.88	3099.79
1594.43	3102.93
1595.97	3099.44
1597.52	3105.72
1599.06	3102.58
1600.61	3108.51
1602.15	3107.11
1603.70	3107.11
1605.24	3101.18
1606.79	3098.04
1608.33	3095.25
1609.87	3093.51
1611.41	3096.30
1612.96	3094.21
1614.50	3091.07
1616.04	3088.28
1617.58	3088.62
1619.12	3090.02
1620.67	3079.90
1622.21	3080.95
1623.75	3074.67
1625.29	3078.51
1626.83	3075.02
1628.37	3072.58
1629.90	3068.74
1631.44	3063.16
1632.98	3054.79
1634.52	3042.93
1636.06	3037.35
1637.59	3029.68
1639.13	3022.70
1640.67	3005.96
1642.21	2993.05
1643.74	2976.66
1645.28	2957.48
1646.81	2945.97
1648.35	2927.13
1649.88	2915.62
1651.42	2895.39
1652.95	2894.69
1654.49	2881.79
1656.02	2874.81
1657.55	2856.67
1659.09	2854.93
1660.62	2846.56
1662.15	2848.65
1663.68	2837.84
1665.22	2832.95
1666.75	2822.14
1668.28	2825.28
1669.81	2823.19
1671.34	2824.23
1672.87	2821.10
1674.40	2814.82
1675.93	2805.40
1677.46	2793.54
1678.99	2792.14
1680.52	2792.84
1682.04	2791.80
1683.57	2792.14
1685.10	2786.56
1686.63	2784.47
1688.15	2777.84
1689.68	2777.50
1691.21	2775.75
1692.73	2778.54
1694.26	2779.94
1695.78	2780.63
1697.31	2774.70
1698.83	2772.61
1700.36	2764.59
1701.88	2767.38
1703.40	2760.75
1704.93	2762.85
1706.45	2759.36
