896.35	2957.13
897.98	2956.78
899.60	2963.75
901.22	2971.43
902.85	2975.61
904.47	2979.10
906.10	2978.75
907.72	2983.98
909.34	2987.47
910.97	3000.38
912.59	3010.14
914.21	3025.49
915.84	3044.33
917.46	3065.95
919.08	3078.16
920.71	3092.81
922.33	3101.88
923.95	3123.16
925.58	3127.34
927.20	3132.22
928.82	3132.92
930.44	3140.25
932.07	3142.69
933.69	3141.99
935.31	3147.57
936.93	3156.64
938.56	3164.31
940.18	3165.71
941.80	3167.45
943.42	3174.78
945.05	3171.99
946.67	3179.66
948.29	3171.64
949.91	3182.10
951.53	3183.15
953.16	3190.13
954.78	3182.45
956.40	3178.27
958.02	3173.73
959.64	3182.10
961.26	3183.50
962.88	3186.99
964.51	3188.38
966.13	3192.22
967.75	3188.73
969.37	3188.73
970.99	3184.20
972.61	3191.87
974.23	3190.82
975.85	3198.15
977.47	3196.06
979.09	3193.61
980.71	3188.73
982.33	3193.96
983.95	3199.89
985.57	3205.47
987.19	3208.96
988.81	3210.36
990.43	3210.01
992.05	3212.45
993.67	3212.10
995.29	3210.01
996.91	3211.75
998.53	3220.82
1000.15	3233.73
1001.77	3233.38
1003.39	3229.54
1005.01	3228.49
1006.63	3232.68
1008.25	3241.40
1009.86	3242.45
1011.48	3244.19
1013.10	3242.79
1014.72	3246.98
1016.34	3255.00
1017.96	3257.44
1019.58	3256.05
1021.19	3253.96
1022.81	3257.79
1024.43	3264.77
1026.05	3266.16
1027.66	3269.65
1029.28	3268.61
1030.90	3266.16
1032.52	3262.68
1034.13	3271.74
1035.75	3278.37
1037.37	3290.58
1038.98	3285.70
1040.60	3285.00
1042.22	3279.07
1043.83	3283.95
1045.45	3284.65
1047.07	3289.53
1048.68	3286.05
1050.30	3292.67
1051.92	3291.98
1053.53	3298.25
1055.15	3293.72
1056.76	3293.72
1058.38	3291.63
1059.99	3290.23
1061.61	3284.30
1063.22	3283.26
1064.84	3284.30
1066.46	3287.44
1068.07	3285.00
1069.68	3290.58
1071.30	3290.58
1072.91	3291.63
1074.53	3287.79
1076.14	3287.44
1077.76	3287.44
1079.37	3277.67
1080.98	3276.63
1082.60	3277.67
1084.21	3285.35
1085.83	3288.49
1087.44	3282.56
1089.05	3280.81
1090.67	3278.72
1092.28	3283.95
1093.89	3285.70
1095.50	3283.26
1097.12	3282.21
1098.73	3276.98
1100.34	3278.72
1101.95	3281.51
1103.57	3281.86
1105.18	3279.42
1106.79	3275.23
1108.40	3280.46
1110.01	3284.65
1111.63	3289.18
1113.24	3288.84
1114.85	3285.70
1116.46	3285.35
1118.07	3287.79
1119.68	3293.72
1121.29	3291.98
1122.90	3288.84
1124.51	3289.53
1126.12	3292.32
1127.73	3299.30
1129.34	3303.49
1130.95	3307.67
1132.56	3298.25
1134.17	3291.98
1135.78	3288.49
1137.39	3293.72
1139.00	3290.58
1140.61	3293.37
1142.22	3294.07
1143.83	3299.65
1145.44	3296.51
1147.05	3300.70
1148.65	3297.90
1150.26	3296.51
1151.87	3290.93
1153.48	3295.81
1155.09	3295.81
1156.69	3297.90
1158.30	3293.72
1159.91	3299.65
1161.52	3302.79
1163.12	3303.83
1164.73	3308.37
1166.34	3310.11
1167.94	3314.30
1169.55	3311.16
1171.16	3311.16
1172.76	3311.16
1174.37	3313.60
1175.97	3309.07
1177.58	3312.90
1179.19	3308.72
1180.79	3314.30
1182.40	3310.46
1184.00	3312.21
1185.61	3314.65
1187.21	3315.00
1188.82	3318.48
1190.42	3317.09
1192.02	3319.53
1193.63	3320.93
1195.23	3324.76
1196.84	3326.16
1198.44	3326.86
1200.04	3324.76
1201.65	3326.16
1203.25	3325.81
1204.85	3321.27
1206.46	3320.23
1208.06	3314.65
1209.66	3319.88
1211.26	3325.46
1212.87	3328.25
1214.47	3330.69
1216.07	3324.76
1217.67	3324.06
1219.27	3317.79
1220.87	3317.09
1222.48	3310.81
1224.08	3313.60
1225.68	3313.95
1227.28	3319.88
1228.88	3324.76
1230.48	3321.97
1232.08	3322.67
1233.68	3320.23
1235.28	3324.06
1236.88	3325.11
1238.48	3331.04
1240.08	3327.55
1241.68	3324.41
1243.28	3316.04
1244.87	3313.60
1246.47	3311.16
1248.07	3309.76
1249.67	3316.04
1251.27	3314.65
1252.87	3310.81
1254.46	3301.39
1256.06	3303.83
1257.66	3302.09
1259.26	3303.83
1260.85	3299.65
1262.45	3302.44
1264.05	3303.49
1265.64	3308.02
1267.24	3308.02
1268.83	3308.72
1270.43	3309.42
1272.03	3305.93
1273.62	3301.04
1275.22	3303.49
1276.81	3303.49
1278.41	3308.02
1280.00	3300.35
1281.60	3298.95
1283.19	3297.90
1284.79	3300.00
1286.38	3304.88
1287.97	3303.83
1289.57	3299.30
1291.16	3294.42
1292.75	3298.95
1294.35	3306.28
1295.94	3310.46
1297.53	3300.00
1299.12	3298.95
1300.72	3291.98
1302.31	3302.44
1303.90	3302.09
1305.49	3305.23
1307.08	3294.42
1308.68	3289.18
1310.27	3289.88
1311.86	3290.23
1313.45	3285.70
1315.04	3281.51
1316.63	3281.16
1318.22	3278.72
1319.81	3278.02
1321.40	3283.26
1322.99	3282.91
1324.58	3279.07
1326.17	3271.74
1327.75	3269.65
1329.34	3269.65
1330.93	3265.47
1332.52	3265.47
1334.11	3266.16
1335.70	3263.02
1337.28	3261.63
1338.87	3256.40
1340.46	3256.05
1342.05	3251.17
1343.63	3246.63
1345.22	3247.68
1346.81	3247.68
1348.39	3247.33
1349.98	3240.35
1351.56	3235.47
1353.15	3233.03
1354.73	3226.05
1356.32	3220.47
1357.90	3216.29
1359.49	3213.15
1361.07	3208.96
1362.66	3205.47
1364.24	3206.87
1365.82	3212.10
1367.41	3204.43
1368.99	3196.75
1370.57	3190.13
1372.16	3194.31
1373.74	3201.29
1375.32	3200.59
1376.91	3190.82
1378.49	3170.94
1380.07	3156.99
1381.65	3143.74
1383.23	3143.04
1384.81	3138.15
1386.39	3137.11
1387.97	3130.13
1389.55	3125.25
1391.14	3115.48
1392.72	3110.25
1394.29	3102.58
1395.87	3099.09
1397.45	3094.21
1399.03	3088.28
1400.61	3082.70
1402.19	3074.32
1403.77	3073.98
1405.35	3070.84
1406.92	3070.14
1408.50	3063.86
1410.08	3063.16
1411.66	3058.63
1413.23	3060.02
1414.81	3055.14
1416.39	3057.93
1417.96	3054.09
1419.54	3057.93
1421.12	3056.88
1422.69	3053.05
1424.27	3051.30
1425.84	3047.47
1427.42	3050.61
1428.99	3053.05
1430.57	3051.65
1432.14	3049.21
1433.71	3049.21
1435.29	3054.79
1436.86	3056.19
1438.43	3051.30
1440.01	2989.22
1441.58	2989.22
1443.15	2991.66
1444.72	3049.21
1446.30	3049.21
1447.87	3047.12
1449.44	3043.28
1451.01	3045.37
1452.58	3047.47
1454.15	3048.51
1455.72	3043.63
1457.29	3044.33
1458.86	3045.02
1460.43	3051.65
1462.00	3049.91
1463.57	3052.00
1465.14	3043.63
1466.71	3042.58
1468.28	3045.02
1469.85	3053.05
1471.41	3056.19
1472.98	3061.77
1474.55	3060.72
1476.12	3060.37
1477.68	3060.37
1479.25	3060.37
1480.82	3062.12
1482.38	3056.54
1483.95	3058.28
1485.51	3064.91
1487.08	3069.44
1488.64	3074.67
1490.21	3068.39
1491.77	3073.63
1493.34	3068.39
1494.90	3071.18
1496.46	3074.32
1498.03	3079.21
1499.59	3080.95
1501.15	3074.67
1502.72	3071.88
1504.28	3073.63
1505.84	3072.93
1507.40	3082.00
1508.97	3083.74
1510.53	3091.76
1512.09	3091.76
1513.65	3091.42
1515.21	3085.49
1516.77	3087.23
1518.33	3089.67
1519.89	3093.51
1521.45	3090.37
1523.01	3094.21
1524.57	3096.30
1526.13	3098.74
1527.68	3101.53
1529.24	3101.18
1530.80	3103.97
1532.36	3101.18
1533.92	3101.53
1535.47	3100.48
1537.03	3101.53
1538.59	3104.67
1540.14	3103.97
1541.70	3109.90
1543.25	3111.30
1544.81	3115.83
1546.36	3105.72
1547.92	3105.72
1549.47	3101.53
1551.03	3102.58
1552.58	3098.74
1554.13	3100.14
1555.69	3098.74
1557.24	3099.44
1558.79	3094.21
1560.35	3098.74
1561.90	3101.18
1563.45	3104.32
1565.00	3101.18
1566.55	3098.39
1568.10	3095.25
1569.66	3098.39
1571.21	3100.14
1572.76	3102.23
1574.31	3100.14
1575.86	3095.95
1577.40	3092.46
1578.95	3090.72
1580.50	3087.58
1582.05	3089.32
1583.60	3085.83
1585.15	3088.28
1586.69	3089.32
1588.24	3093.86
1589.79	3090.02
1591.34	3092.46
1592.88	3084.44
1594.43	3089.32
1595.97	3080.95
1597.52	3084.79
1599.06	3078.51
1600.61	3088.28
1602.15	3087.58
1603.70	3090.02
1605.24	3083.04
1606.79	3079.90
1608.33	3079.90
1609.87	3079.21
1611.41	3083.74
1612.96	3082.00
1614.50	3076.42
1616.04	3075.72
1617.58	3071.88
1619.12	3074.67
1620.67	3059.67
1622.21	3060.37
1623.75	3053.05
1625.29	3057.58
1626.83	3057.93
1628.37	3055.49
1629.90	3050.61
1631.44	3043.98
1632.98	3035.61
1634.52	3028.63
1636.06	3019.21
1637.59	3013.28
1639.13	3006.66
1640.67	2992.36
1642.21	2980.50
1643.74	2962.36
1645.28	2944.92
1646.81	2931.66
1648.35	2912.13
1649.88	2905.50
1651.42	2888.76
1652.95	2890.16
1654.49	2875.86
1656.02	2869.23
1657.55	2850.39
1659.09	2847.95
1660.62	2838.54
1662.15	2841.67
1663.68	2831.21
1665.22	2830.86
1666.75	2823.54
1668.28	2828.07
1669.81	2823.54
1671.34	2821.79
1672.87	2814.12
1674.40	2810.63
1675.93	2802.61
1677.46	2796.33
1678.99	2788.66
1680.52	2791.80
1682.04	2791.10
1683.57	2794.24
1685.10	2787.26
1686.63	2784.47
1688.15	2777.84
1689.68	2775.75
1691.21	2773.66
1692.73	2775.40
1694.26	2770.87
1695.78	2770.87
1697.31	2764.94
1698.83	2767.73
1700.36	2759.01
1701.88	2764.24
1703.40	2760.75
1704.93	2764.59
1706.45	2761.45
