896.35	2912.13
897.98	2908.64
899.60	2915.27
901.22	2923.29
902.85	2927.83
904.47	2931.32
906.10	2932.36
907.72	2938.99
909.34	2942.48
910.97	2955.38
912.59	2961.66
914.21	2968.64
915.84	2977.36
917.46	2994.10
919.08	3006.31
920.71	3019.56
922.33	3025.14
923.95	3042.58
925.58	3043.28
927.20	3050.95
928.82	3053.05
930.44	3061.42
932.07	3057.93
933.69	3055.84
935.31	3060.02
936.93	3073.28
938.56	3078.86
940.18	3082.00
941.80	3079.90
943.42	3088.62
945.05	3085.83
946.67	3093.51
948.29	3084.79
949.91	3094.55
951.53	3094.90
953.16	3103.97
954.78	3099.09
956.40	3098.74
958.02	3092.46
959.64	3096.65
961.26	3093.86
962.88	3096.65
964.51	3100.14
966.13	3110.25
967.75	3109.55
969.37	3109.20
970.99	3101.18
972.61	3108.16
974.23	3106.06
975.85	3112.69
977.47	3108.16
979.09	3109.90
980.71	3104.32
982.33	3109.90
983.95	3114.09
985.57	3119.32
987.19	3122.81
988.81	3123.85
990.43	3122.81
992.05	3128.39
993.67	3129.78
995.29	3130.48
996.91	3130.13
998.53	3133.97
1000.15	3142.34
1001.77	3139.90
1003.39	3136.41
1005.01	3140.25
1006.63	3143.39
1008.25	3152.80
1009.86	3148.62
1011.48	3150.36
1013.10	3151.76
1014.72	3159.43
1016.34	3168.15
1017.96	3167.10
1019.58	3164.66
1021.19	3159.78
1022.81	3162.92
1024.43	3167.10
1026.05	3170.24
1027.66	3171.99
1029.28	3171.29
1030.90	3170.24
1032.52	3167.10
1034.13	3174.43
1035.75	3176.17
1037.37	3189.78
1038.98	3185.59
1040.60	3186.64
1042.22	3176.17
1043.83	3182.10
1045.45	3184.89
1047.07	3196.75
1048.68	3192.22
1050.30	3196.40
1051.92	3186.99
1053.53	3192.57
1055.15	3185.59
1056.76	3189.43
1058.38	3188.38
1059.99	3191.87
1061.61	3186.99
1063.22	3187.34
1064.84	3184.54
1066.46	3186.64
1068.07	3181.75
1069.68	3191.17
1071.30	3189.43
1072.91	3192.92
1074.53	3188.38
1076.14	3190.13
1077.76	3193.26
1079.37	3183.50
1080.98	3182.45
1082.60	3178.96
1084.21	3183.85
1085.83	3190.47
1087.44	3186.29
1089.05	3186.29
1090.67	3176.52
1092.28	3181.41
1093.89	3185.59
1095.50	3190.82
1097.12	3191.87
1098.73	3184.89
1100.34	3187.34
1101.95	3187.68
1103.57	3189.08
1105.18	3183.50
1106.79	3178.27
1108.40	3181.41
1110.01	3183.15
1111.63	3190.13
1113.24	3190.82
1114.85	3191.52
1116.46	3188.38
1118.07	3188.73
1119.68	3191.17
1121.29	3190.13
1122.90	3186.99
1124.51	3188.03
1126.12	3190.82
1127.73	3198.50
1129.34	3200.24
1130.95	3204.78
1132.56	3190.82
1134.17	3186.29
1135.78	3180.71
1137.39	3190.82
1139.00	3189.43
1140.61	3193.26
1142.22	3193.96
1143.83	3197.45
1145.44	3193.61
1147.05	3198.50
1148.65	3197.10
1150.26	3199.54
1151.87	3194.31
1153.48	3200.24
1155.09	3198.85
1156.69	3198.15
1158.30	3190.82
1159.91	3194.31
1161.52	3198.15
1163.12	3201.29
1164.73	3203.38
1166.34	3203.73
1167.94	3205.47
1169.55	3203.38
1171.16	3205.12
1172.76	3205.82
1174.37	3205.82
1175.97	3201.98
1177.58	3207.22
1179.19	3205.12
1180.79	3205.47
1182.40	3201.64
1184.00	3207.22
1185.61	3214.19
1187.21	3214.54
1188.82	3214.19
1190.42	3212.80
1192.02	3212.10
1193.63	3211.05
1195.23	3212.45
1196.84	3215.94
1198.44	3222.56
1200.04	3224.66
1201.65	3228.49
1203.25	3224.31
1204.85	3218.38
1206.46	3216.63
1208.06	3215.59
1209.66	3218.73
1211.26	3222.56
1212.87	3218.03
1214.47	3218.38
1216.07	3214.89
1217.67	3220.12
1219.27	3217.68
1220.87	3216.98
1222.48	3213.50
1224.08	3218.73
1225.68	3217.68
1227.28	3219.08
1228.88	3217.33
1230.48	3212.80
1232.08	3214.89
1233.68	3219.77
1235.28	3221.87
1236.88	3220.47
1238.48	3219.77
1240.08	3215.94
1241.68	3212.80
1243.28	3205.82
1244.87	3206.17
1246.47	3207.22
1248.07	3204.78
1249.67	3212.45
1251.27	3206.87
1252.87	3204.43
1254.46	3195.36
1256.06	3202.33
1257.66	3201.98
1259.26	3204.78
1260.85	3199.19
1262.45	3203.38
1264.05	3201.64
1265.64	3206.17
1267.24	3203.38
1268.83	3202.33
1270.43	3203.38
1272.03	3205.82
1273.62	3203.03
1275.22	3201.98
1276.81	3196.40
1278.41	3200.94
1280.00	3196.06
1281.60	3198.15
1283.19	3198.85
1284.79	3201.29
1286.38	3203.73
1287.97	3199.89
1289.57	3193.61
1291.16	3187.68
1292.75	3189.78
1294.35	3193.96
1295.94	3198.15
1297.53	3193.26
1299.12	3195.71
1300.72	3190.13
1302.31	3197.80
1303.90	3199.89
1305.49	3201.98
1307.08	3195.01
1308.68	3187.34
1310.27	3188.73
1311.86	3186.64
1313.45	3186.64
1315.04	3185.24
1316.63	3189.78
1318.22	3188.73
1319.81	3189.08
1321.40	3191.52
1322.99	3189.43
1324.58	3185.59
1326.17	3177.22
1327.75	3176.17
1329.34	3175.48
1330.93	3170.94
1332.52	3168.15
1334.11	3164.66
1335.70	3161.52
1337.28	3161.52
1338.87	3162.22
1340.46	3164.31
1342.05	3162.57
1343.63	3159.78
1345.22	3164.66
1346.81	3162.92
1348.39	3162.22
1349.98	3152.80
1351.56	3148.62
1353.15	3145.13
1354.73	3138.85
1356.32	3133.27
1357.90	3128.74
1359.49	3128.04
1361.07	3126.99
1362.66	3122.46
1364.24	3121.76
1365.82	3124.90
1367.41	3123.85
1368.99	3117.92
1370.57	3114.09
1372.16	3113.04
1373.74	3119.67
1375.32	3119.32
1376.91	3114.78
1378.49	3097.00
1380.07	3083.39
1381.65	3071.18
1383.23	3069.79
1384.81	3064.21
1386.39	3066.30
1387.97	3063.51
1389.55	3060.37
1391.14	3052.70
1392.72	3050.26
1394.29	3044.33
1395.87	3038.05
1397.45	3033.86
1399.03	3031.77
1400.61	3034.21
1402.19	3026.54
1403.77	3030.38
1405.35	3025.49
1406.92	3025.14
1408.50	3016.42
1410.08	3012.24
1411.66	3008.40
1413.23	3009.80
1414.81	3003.87
1416.39	3005.61
1417.96	2998.98
1419.54	3006.31
1421.12	3007.70
1422.69	3004.56
1424.27	3001.42
1425.84	2996.54
1427.42	3000.03
1428.99	3001.42
1430.57	3002.12
1432.14	3002.12
1433.71	3004.91
1435.29	3005.61
1436.86	3005.96
1438.43	3000.73
1440.01	2941.08
1441.58	2941.08
1443.15	2944.57
1444.72	3003.17
1446.30	3007.35
1447.87	3004.91
1449.44	3000.03
1451.01	2998.29
1452.58	3000.03
1454.15	3002.12
1455.72	2997.59
1457.29	2997.59
1458.86	3000.73
1460.43	3008.40
1462.00	3008.40
1463.57	3007.70
1465.14	3002.12
1466.71	3000.73
1468.28	3003.87
1469.85	3007.70
1471.41	3008.75
1472.98	3011.89
1474.55	3007.01
1476.12	3005.26
1477.68	3003.17
1479.25	3005.61
1480.82	3012.94
1482.38	3009.10
1483.95	3010.84
1485.51	3014.33
1487.08	3020.96
1488.64	3024.45
1490.21	3016.42
1491.77	3019.91
1493.34	3016.42
1494.90	3019.21
1496.46	3016.07
1498.03	3018.52
1499.59	3020.61
1501.15	3022.00
1502.72	3024.10
1504.28	3022.35
1505.84	3019.21
1507.40	3020.61
1508.97	3024.45
1510.53	3032.82
1512.09	3037.00
1513.65	3039.79
1515.21	3035.61
1516.77	3037.00
1518.33	3033.86
1519.89	3036.65
1521.45	3034.91
1523.01	3040.49
1524.57	3040.84
1526.13	3040.49
1527.68	3041.89
1529.24	3041.19
1530.80	3045.02
1532.36	3041.54
1533.92	3038.40
1535.47	3034.91
1537.03	3035.96
1538.59	3040.14
1540.14	3038.75
1541.70	3042.93
1543.25	3047.12
1544.81	3054.79
1546.36	3047.47
1547.92	3046.07
1549.47	3041.89
1551.03	3043.98
1552.58	3042.23
1554.13	3042.23
1555.69	3042.23
1557.24	3041.54
1558.79	3038.75
1560.35	3042.23
1561.90	3042.23
1563.45	3043.28
1565.00	3037.70
1566.55	3037.35
1568.10	3035.26
1569.66	3039.10
1571.21	3040.14
1572.76	3042.58
1574.31	3038.40
1575.86	3034.56
1577.40	3030.38
1578.95	3031.07
1580.50	3027.24
1582.05	3027.24
1583.60	3022.35
1585.15	3026.19
1586.69	3029.33
1588.24	3034.56
1589.79	3030.38
1591.34	3028.98
1592.88	3021.31
1594.43	3024.10
1595.97	3020.96
1597.52	3025.14
1599.06	3021.66
1600.61	3026.19
1602.15	3026.19
1603.70	3027.93
1605.24	3020.96
1606.79	3015.03
1608.33	3013.98
1609.87	3011.89
1611.41	3016.77
1612.96	3011.54
1614.50	3010.14
1616.04	3008.05
1617.58	3012.24
1619.12	3015.03
1620.67	3004.56
1622.21	3003.52
1623.75	2998.29
1625.29	3001.08
1626.83	3001.08
1628.37	2995.50
1629.90	2993.75
1631.44	2985.73
1632.98	2978.75
1634.52	2970.38
1636.06	2966.89
1637.59	2965.50
1639.13	2961.31
1640.67	2945.62
1642.21	2937.59
1643.74	2925.04
1645.28	2912.13
1646.81	2903.41
1648.35	2888.76
1649.88	2884.23
1651.42	2866.44
1652.95	2865.39
1654.49	2851.79
1656.02	2848.30
1657.55	2832.95
1659.09	2834.00
1660.62	2825.98
1662.15	2828.07
1663.68	2817.26
1665.22	2815.51
1666.75	2809.24
1668.28	2813.07
1669.81	2809.24
1671.34	2807.49
1672.87	2805.40
1674.40	2800.86
1675.93	2791.10
1677.46	2779.24
1678.99	2775.40
1680.52	2779.94
1682.04	2780.63
1683.57	2779.94
1685.10	2772.96
1686.63	2770.52
1688.15	2764.94
1689.68	2761.80
1691.21	2760.40
1692.73	2763.19
1694.26	2765.29
1695.78	2763.19
1697.31	2755.87
1698.83	2753.43
1700.36	2749.59
1701.88	2756.57
1703.40	2754.47
1704.93	2753.78
1706.45	2746.80
