896.35	2961.31
897.98	2962.01
899.60	2968.64
901.22	2973.52
902.85	2978.75
904.47	2984.68
906.10	2992.36
907.72	2999.33
909.34	3005.96
910.97	3017.82
912.59	3027.93
914.21	3041.19
915.84	3056.88
917.46	3080.95
919.08	3095.95
920.71	3113.39
922.33	3121.06
923.95	3140.94
925.58	3145.83
927.20	3153.85
928.82	3156.99
930.44	3164.66
932.07	3161.18
933.69	3160.48
935.31	3161.52
936.93	3173.73
938.56	3177.57
940.18	3180.71
941.80	3184.89
943.42	3195.36
945.05	3194.66
946.67	3198.50
948.29	3188.38
949.91	3200.24
951.53	3201.64
953.16	3210.36
954.78	3202.33
956.40	3199.89
958.02	3195.71
959.64	3203.73
961.26	3205.12
962.88	3206.87
964.51	3202.33
966.13	3206.52
967.75	3203.03
969.37	3207.57
970.99	3201.64
972.61	3208.96
974.23	3206.87
975.85	3215.24
977.47	3211.75
979.09	3212.10
980.71	3209.31
982.33	3214.19
983.95	3218.03
985.57	3216.98
987.19	3221.17
988.81	3221.87
990.43	3224.66
992.05	3227.45
993.67	3232.68
995.29	3232.33
996.91	3238.26
998.53	3244.19
1000.15	3254.65
1001.77	3252.21
1003.39	3247.68
1005.01	3250.12
1006.63	3252.21
1008.25	3261.63
1009.86	3262.33
1011.48	3265.82
1013.10	3269.30
1014.72	3274.54
1016.34	3285.00
1017.96	3283.95
1019.58	3282.91
1021.19	3278.72
1022.81	3285.35
1024.43	3290.93
1026.05	3293.02
1027.66	3291.98
1029.28	3293.72
1030.90	3293.72
1032.52	3291.28
1034.13	3294.77
1035.75	3298.25
1037.37	3309.07
1038.98	3310.11
1040.60	3311.86
1042.22	3304.53
1043.83	3304.18
1045.45	3303.83
1047.07	3310.46
1048.68	3305.58
1050.30	3309.42
1051.92	3307.32
1053.53	3317.44
1055.15	3311.51
1056.76	3315.34
1058.38	3315.00
1059.99	3320.93
1061.61	3314.30
1063.22	3314.30
1064.84	3311.51
1066.46	3313.95
1068.07	3310.46
1069.68	3316.74
1071.30	3316.74
1072.91	3316.39
1074.53	3311.86
1076.14	3311.86
1077.76	3313.95
1079.37	3305.23
1080.98	3303.49
1082.60	3300.00
1084.21	3306.28
1085.83	3310.81
1087.44	3305.23
1089.05	3303.49
1090.67	3294.77
1092.28	3301.04
1093.89	3303.83
1095.50	3304.53
1097.12	3302.79
1098.73	3293.02
1100.34	3297.21
1101.95	3298.95
1103.57	3301.04
1105.18	3296.16
1106.79	3294.42
1108.40	3302.79
1110.01	3308.37
1111.63	3313.60
1113.24	3312.90
1114.85	3309.07
1116.46	3305.23
1118.07	3304.18
1119.68	3309.76
1121.29	3308.72
1122.90	3306.97
1124.51	3307.67
1126.12	3312.90
1127.73	3321.27
1129.34	3323.02
1130.95	3325.46
1132.56	3313.60
1134.17	3311.16
1135.78	3307.32
1137.39	3313.95
1139.00	3310.81
1140.61	3311.86
1142.22	3312.90
1143.83	3315.00
1145.44	3314.30
1147.05	3317.09
1148.65	3315.69
1150.26	3313.25
1151.87	3312.55
1153.48	3322.32
1155.09	3327.20
1156.69	3325.11
1158.30	3317.79
1159.91	3318.83
1161.52	3323.37
1163.12	3324.76
1164.73	3329.30
1166.34	3328.60
1167.94	3333.48
1169.55	3329.65
1171.16	3332.44
1172.76	3334.53
1174.37	3338.71
1175.97	3336.27
1177.58	3339.76
1179.19	3335.23
1180.79	3339.41
1182.40	3330.69
1184.00	3335.92
1185.61	3337.67
1187.21	3340.11
1188.82	3340.46
1190.42	3341.50
1192.02	3343.60
1193.63	3344.64
1195.23	3346.39
1196.84	3349.88
1198.44	3349.18
1200.04	3344.99
1201.65	3345.34
1203.25	3348.83
1204.85	3346.74
1206.46	3345.34
1208.06	3339.41
1209.66	3343.60
1211.26	3348.83
1212.87	3351.27
1214.47	3351.62
1216.07	3346.04
1217.67	3344.99
1219.27	3342.55
1220.87	3343.60
1222.48	3340.46
1224.08	3342.20
1225.68	3338.71
1227.28	3339.41
1228.88	3341.50
1230.48	3339.76
1232.08	3340.46
1233.68	3339.06
1235.28	3341.50
1236.88	3341.16
1238.48	3346.39
1240.08	3343.95
1241.68	3343.25
1243.28	3335.23
1244.87	3334.53
1246.47	3331.74
1248.07	3328.95
1249.67	3336.97
1251.27	3337.32
1252.87	3335.23
1254.46	3323.72
1256.06	3324.06
1257.66	3322.32
1259.26	3325.81
1260.85	3321.97
1262.45	3324.76
1264.05	3321.62
1265.64	3324.06
1267.24	3324.06
1268.83	3326.86
1270.43	3332.09
1272.03	3328.95
1273.62	3320.93
1275.22	3316.04
1276.81	3316.04
1278.41	3323.37
1280.00	3321.27
1281.60	3323.72
1283.19	3323.37
1284.79	3324.41
1286.38	3325.11
1287.97	3322.67
1289.57	3318.83
1291.16	3307.67
1292.75	3305.93
1294.35	3305.23
1295.94	3311.16
1297.53	3309.07
1299.12	3313.95
1300.72	3306.28
1302.31	3309.07
1303.90	3306.97
1305.49	3310.81
1307.08	3304.88
1308.68	3297.90
1310.27	3298.95
1311.86	3300.00
1313.45	3298.60
1315.04	3297.21
1316.63	3297.90
1318.22	3300.00
1319.81	3298.95
1321.40	3300.70
1322.99	3294.42
1324.58	3289.18
1326.17	3282.21
1327.75	3284.30
1329.34	3285.70
1330.93	3283.26
1332.52	3279.07
1334.11	3276.28
1335.70	3271.05
1337.28	3268.95
1338.87	3267.56
1340.46	3267.91
1342.05	3264.07
1343.63	3259.54
1345.22	3263.02
1346.81	3265.47
1348.39	3267.21
1349.98	3258.84
1351.56	3252.21
1353.15	3248.03
1354.73	3238.96
1356.32	3234.42
1357.90	3228.14
1359.49	3226.05
1361.07	3219.77
1362.66	3215.94
1364.24	3216.98
1365.82	3221.52
1367.41	3216.98
1368.99	3209.31
1370.57	3205.82
1372.16	3207.91
1373.74	3213.84
1375.32	3210.36
1376.91	3198.50
1378.49	3177.57
1380.07	3159.78
1381.65	3148.62
1383.23	3146.87
1384.81	3141.99
1386.39	3139.55
1387.97	3136.76
1389.55	3135.71
1391.14	3127.69
1392.72	3122.81
1394.29	3115.13
1395.87	3109.20
1397.45	3102.58
1399.03	3096.30
1400.61	3093.51
1402.19	3084.44
1403.77	3085.83
1405.35	3079.90
1406.92	3078.16
1408.50	3071.53
1410.08	3070.14
1411.66	3067.00
1413.23	3065.26
1414.81	3058.63
1416.39	3061.77
1417.96	3057.23
1419.54	3062.81
1421.12	3059.67
1422.69	3055.49
1424.27	3053.40
1425.84	3050.95
1427.42	3055.14
1428.99	3055.14
1430.57	3052.70
1432.14	3050.95
1433.71	3053.40
1435.29	3057.58
1436.86	3057.58
1438.43	3052.70
1440.01	2987.82
1441.58	2987.47
1443.15	2990.26
1444.72	3050.26
1446.30	3050.61
1447.87	3045.02
1449.44	3039.79
1451.01	3040.49
1452.58	3043.63
1454.15	3046.42
1455.72	3042.58
1457.29	3045.37
1458.86	3047.82
1460.43	3057.93
1462.00	3054.79
1463.57	3055.49
1465.14	3046.07
1466.71	3049.21
1468.28	3052.35
1469.85	3057.93
1471.41	3057.93
1472.98	3063.86
1474.55	3058.98
1476.12	3058.28
1477.68	3055.84
1479.25	3062.12
1480.82	3066.30
1482.38	3063.51
1483.95	3062.81
1485.51	3064.56
1487.08	3069.09
1488.64	3076.07
1490.21	3074.67
1491.77	3079.90
1493.34	3075.02
1494.90	3077.11
1496.46	3075.02
1498.03	3080.95
1499.59	3082.35
1501.15	3082.00
1502.72	3078.86
1504.28	3079.90
1505.84	3076.77
1507.40	3081.65
1508.97	3080.60
1510.53	3091.07
1512.09	3093.51
1513.65	3100.83
1515.21	3094.21
1516.77	3095.95
1518.33	3092.81
1519.89	3098.74
1521.45	3096.65
1523.01	3104.32
1524.57	3105.72
1526.13	3109.90
1527.68	3109.20
1529.24	3108.86
1530.80	3108.16
1532.36	3103.97
1533.92	3099.44
1535.47	3094.90
1537.03	3096.65
1538.59	3101.18
1540.14	3101.18
1541.70	3105.02
1543.25	3106.06
1544.81	3113.39
1546.36	3109.55
1547.92	3114.09
1549.47	3112.69
1551.03	3113.04
1552.58	3109.20
1554.13	3109.20
1555.69	3109.55
1557.24	3110.25
1558.79	3108.86
1560.35	3108.86
1561.90	3107.81
1563.45	3108.51
1565.00	3107.11
1566.55	3106.41
1568.10	3103.62
1569.66	3106.76
1571.21	3108.51
1572.76	3114.09
1574.31	3112.69
1575.86	3107.46
1577.40	3102.23
1578.95	3101.53
1580.50	3101.18
1582.05	3099.09
1583.60	3093.86
1585.15	3094.90
1586.69	3097.00
1588.24	3102.93
1589.79	3100.14
1591.34	3101.88
1592.88	3088.28
1594.43	3091.07
1595.97	3087.93
1597.52	3097.00
1599.06	3091.07
1600.61	3092.46
1602.15	3087.93
1603.70	3086.88
1605.24	3079.90
1606.79	3078.51
1608.33	3079.21
1609.87	3081.65
1611.41	3085.14
1612.96	3085.49
1614.50	3081.65
1616.04	3079.90
1617.58	3076.42
1619.12	3074.67
1620.67	3064.56
1622.21	3068.39
1623.75	3064.91
1625.29	3068.05
1626.83	3068.74
1628.37	3068.74
1629.90	3064.56
1631.44	3055.49
1632.98	3044.33
1634.52	3035.26
1636.06	3028.28
1637.59	3021.31
1639.13	3014.33
1640.67	2995.50
1642.21	2985.03
1643.74	2967.59
1645.28	2951.55
1646.81	2938.99
1648.35	2919.81
1649.88	2912.83
1651.42	2892.60
1652.95	2891.20
1654.49	2877.60
1656.02	2874.11
1657.55	2861.56
1659.09	2858.77
1660.62	2849.35
1662.15	2847.95
1663.68	2837.14
1665.22	2833.30
1666.75	2826.33
1668.28	2828.77
1669.81	2822.84
1671.34	2820.40
1672.87	2817.26
1674.40	2817.26
1675.93	2809.24
1677.46	2798.77
1678.99	2790.40
1680.52	2791.10
1682.04	2787.26
1683.57	2785.87
1685.10	2781.68
1686.63	2784.47
1688.15	2781.33
1689.68	2779.24
1691.21	2775.05
1692.73	2778.89
1694.26	2776.80
1695.78	2772.61
1697.31	2765.98
1698.83	2764.59
1700.36	2760.75
1701.88	2764.94
1703.40	2760.06
1704.93	2762.15
1706.45	2759.36
