896.35	2848.30
897.98	2846.56
899.60	2850.05
901.22	2854.23
902.85	2855.28
904.47	2859.81
906.10	2858.77
907.72	2863.30
909.34	2861.90
910.97	2868.88
912.59	2872.37
914.21	2880.04
915.84	2887.72
917.46	2899.58
919.08	2904.11
920.71	2913.88
922.33	2915.27
923.95	2928.87
925.58	2928.53
927.20	2936.20
928.82	2937.25
930.44	2945.62
932.07	2940.04
933.69	2936.90
935.31	2934.11
936.93	2943.18
938.56	2947.36
940.18	2952.59
941.80	2954.34
943.42	2960.96
945.05	2959.57
946.67	2964.80
948.29	2956.78
949.91	2965.85
951.53	2968.29
953.16	2978.75
954.78	2971.43
956.40	2971.78
958.02	2967.94
959.64	2975.26
961.26	2971.78
962.88	2973.52
964.51	2974.92
966.13	2982.59
967.75	2980.85
969.37	2982.24
970.99	2973.87
972.61	2980.85
974.23	2974.57
975.85	2981.89
977.47	2977.36
979.09	2982.24
980.71	2979.45
982.33	2989.22
983.95	2993.40
985.57	2998.63
987.19	2997.59
988.81	2997.24
990.43	2993.75
992.05	2996.19
993.67	2995.84
995.29	2997.24
996.91	2995.50
998.53	3001.77
1000.15	3006.66
1001.77	3009.10
1003.39	3005.61
1005.01	3007.01
1006.63	3007.70
1008.25	3015.73
1009.86	3014.33
1011.48	3015.38
1013.10	3013.28
1014.72	3019.91
1016.34	3025.14
1017.96	3025.14
1019.58	3020.96
1021.19	3017.82
1022.81	3020.96
1024.43	3026.54
1026.05	3027.58
1027.66	3026.19
1029.28	3023.75
1030.90	3023.05
1032.52	3018.86
1034.13	3025.14
1035.75	3026.89
1037.37	3041.19
1038.98	3034.56
1040.60	3034.91
1042.22	3023.05
1043.83	3030.38
1045.45	3028.98
1047.07	3036.30
1048.68	3027.93
1050.30	3034.91
1051.92	3030.38
1053.53	3040.14
1055.15	3033.86
1056.76	3039.79
1058.38	3038.40
1059.99	3042.58
1061.61	3035.96
1063.22	3038.75
1064.84	3032.47
1066.46	3035.96
1068.07	3028.98
1069.68	3041.54
1071.30	3039.10
1072.91	3043.28
1074.53	3038.40
1076.14	3043.98
1077.76	3045.37
1079.37	3035.96
1080.98	3031.07
1082.60	3029.68
1084.21	3033.51
1085.83	3038.40
1087.44	3031.07
1089.05	3031.07
1090.67	3022.00
1092.28	3030.03
1093.89	3034.21
1095.50	3039.44
1097.12	3037.70
1098.73	3030.03
1100.34	3028.28
1101.95	3028.28
1103.57	3027.58
1105.18	3027.24
1106.79	3022.00
1108.40	3028.63
1110.01	3028.98
1111.63	3038.05
1113.24	3036.30
1114.85	3038.40
1116.46	3031.77
1118.07	3034.56
1119.68	3035.26
1121.29	3034.91
1122.90	3031.07
1124.51	3033.86
1126.12	3039.44
1127.73	3049.56
1129.34	3049.56
1130.95	3049.56
1132.56	3036.30
1134.17	3033.17
1135.78	3032.12
1137.39	3041.89
1139.00	3041.19
1140.61	3045.02
1142.22	3040.84
1143.83	3046.77
1145.44	3043.28
1147.05	3048.86
1148.65	3041.19
1150.26	3039.79
1151.87	3034.91
1153.48	3040.49
1155.09	3042.58
1156.69	3040.49
1158.30	3036.65
1159.91	3036.65
1161.52	3041.54
1163.12	3043.28
1164.73	3046.07
1166.34	3044.33
1167.94	3045.02
1169.55	3042.23
1171.16	3044.33
1172.76	3045.72
1174.37	3045.37
1175.97	3042.58
1177.58	3045.37
1179.19	3048.16
1180.79	3048.51
1182.40	3045.37
1184.00	3046.42
1185.61	3052.35
1187.21	3050.95
1188.82	3051.65
1190.42	3048.51
1192.02	3050.26
1193.63	3047.12
1195.23	3050.95
1196.84	3054.44
1198.44	3062.81
1200.04	3061.77
1201.65	3061.42
1203.25	3057.58
1204.85	3056.19
1206.46	3053.05
1208.06	3048.86
1209.66	3048.86
1211.26	3058.63
1212.87	3055.49
1214.47	3059.33
1216.07	3048.51
1217.67	3052.70
1219.27	3048.51
1220.87	3051.65
1222.48	3049.21
1224.08	3053.74
1225.68	3054.44
1227.28	3056.54
1228.88	3054.79
1230.48	3052.00
1232.08	3050.95
1233.68	3054.44
1235.28	3055.14
1236.88	3056.19
1238.48	3055.49
1240.08	3054.09
1241.68	3050.61
1243.28	3048.16
1244.87	3048.16
1246.47	3050.95
1248.07	3046.42
1249.67	3054.79
1251.27	3050.26
1252.87	3050.61
1254.46	3040.49
1256.06	3045.72
1257.66	3043.63
1259.26	3047.82
1260.85	3045.72
1262.45	3051.65
1264.05	3048.51
1265.64	3052.00
1267.24	3048.16
1268.83	3049.56
1270.43	3051.30
1272.03	3053.40
1273.62	3051.30
1275.22	3051.65
1276.81	3048.86
1278.41	3054.09
1280.00	3048.51
1281.60	3049.21
1283.19	3045.37
1284.79	3044.68
1286.38	3044.68
1287.97	3044.68
1289.57	3043.63
1291.16	3039.10
1292.75	3038.40
1294.35	3040.14
1295.94	3044.68
1297.53	3041.89
1299.12	3043.98
1300.72	3039.44
1302.31	3046.07
1303.90	3045.37
1305.49	3045.02
1307.08	3036.65
1308.68	3033.17
1310.27	3035.26
1311.86	3034.91
1313.45	3033.17
1315.04	3028.63
1316.63	3028.98
1318.22	3024.45
1319.81	3027.24
1321.40	3028.98
1322.99	3028.98
1324.58	3028.98
1326.17	3025.84
1327.75	3026.89
1329.34	3022.70
1330.93	3020.96
1332.52	3021.31
1334.11	3021.66
1335.70	3017.47
1337.28	3012.59
1338.87	3012.24
1340.46	3013.28
1342.05	3013.98
1343.63	3011.54
1345.22	3018.17
1346.81	3019.21
1348.39	3020.61
1349.98	3011.54
1351.56	3009.10
1353.15	3007.70
1354.73	3006.66
1356.32	3001.77
1357.90	3000.03
1359.49	3000.03
1361.07	3002.12
1362.66	2997.94
1364.24	2996.54
1365.82	2997.59
1367.41	2995.84
1368.99	2990.61
1370.57	2988.17
1372.16	2986.78
1373.74	2990.26
1375.32	2987.12
1376.91	2985.03
1378.49	2974.92
1380.07	2968.99
1381.65	2962.01
1383.23	2962.71
1384.81	2958.87
1386.39	2960.27
1387.97	2959.22
1389.55	2960.96
1391.14	2958.52
1392.72	2955.38
1394.29	2952.59
1395.87	2947.01
1397.45	2945.27
1399.03	2940.04
1400.61	2938.64
1402.19	2931.66
1403.77	2934.11
1405.35	2933.76
1406.92	2938.64
1408.50	2934.11
1410.08	2931.32
1411.66	2930.62
1413.23	2935.15
1414.81	2932.71
1416.39	2931.66
1417.96	2926.08
1419.54	2929.22
1421.12	2931.66
1422.69	2928.18
1424.27	2928.87
1425.84	2922.60
1427.42	2925.04
1428.99	2926.78
1430.57	2927.48
1432.14	2925.74
1433.71	2926.43
1435.29	2929.92
1436.86	2932.71
1438.43	2928.53
1440.01	2865.39
1441.58	2865.39
1443.15	2867.14
1444.72	2924.34
1446.30	2925.39
1447.87	2922.94
1449.44	2920.50
1451.01	2918.76
1452.58	2921.20
1454.15	2923.29
1455.72	2919.81
1457.29	2920.50
1458.86	2920.85
1460.43	2930.62
1462.00	2926.43
1463.57	2928.53
1465.14	2921.20
1466.71	2921.55
1468.28	2926.43
1469.85	2931.66
1471.41	2934.80
1472.98	2933.41
1474.55	2926.78
1476.12	2923.29
1477.68	2923.64
1479.25	2927.13
1480.82	2933.41
1482.38	2928.87
1483.95	2930.62
1485.51	2933.41
1487.08	2937.59
1488.64	2938.64
1490.21	2930.27
1491.77	2934.80
1493.34	2930.62
1494.90	2934.46
1496.46	2932.01
1498.03	2935.85
1499.59	2939.34
1501.15	2940.04
1502.72	2942.48
1504.28	2940.73
1505.84	2936.90
1507.40	2936.55
1508.97	2938.99
1510.53	2945.97
1512.09	2946.66
1513.65	2945.97
1515.21	2937.25
1516.77	2937.25
1518.33	2936.20
1519.89	2941.78
1521.45	2943.52
1523.01	2948.41
1524.57	2950.85
1526.13	2949.80
1527.68	2951.55
1529.24	2948.76
1530.80	2950.15
1532.36	2942.83
1533.92	2940.73
1535.47	2937.25
1537.03	2938.29
1538.59	2938.29
1540.14	2936.20
1541.70	2942.83
1543.25	2948.41
1544.81	2955.03
1546.36	2945.97
1547.92	2943.87
1549.47	2940.38
1551.03	2940.38
1552.58	2937.59
1554.13	2937.94
1555.69	2940.04
1557.24	2936.55
1558.79	2930.27
1560.35	2927.83
1561.90	2929.22
1563.45	2933.76
1565.00	2936.55
1566.55	2939.34
1568.10	2934.80
1569.66	2933.06
1571.21	2932.71
1572.76	2935.50
1574.31	2936.90
1575.86	2930.97
1577.40	2928.87
1578.95	2925.74
1580.50	2922.94
1582.05	2920.85
1583.60	2917.02
1585.15	2919.81
1586.69	2920.50
1588.24	2925.74
1589.79	2926.43
1591.34	2928.53
1592.88	2919.11
1594.43	2919.81
1595.97	2915.97
1597.52	2919.81
1599.06	2915.97
1600.61	2921.90
1602.15	2922.60
1603.70	2922.94
1605.24	2916.32
1606.79	2911.78
1608.33	2910.39
1609.87	2910.04
1611.41	2917.02
1612.96	2915.97
1614.50	2911.43
1616.04	2907.25
1617.58	2907.25
1619.12	2911.43
1620.67	2901.67
1622.21	2902.71
1623.75	2898.18
1625.29	2902.02
1626.83	2903.41
1628.37	2900.97
1629.90	2897.83
1631.44	2891.55
1632.98	2886.32
1634.52	2883.53
1636.06	2885.97
1637.59	2886.67
1639.13	2888.41
1640.67	2876.21
1642.21	2869.93
1643.74	2858.77
1645.28	2850.05
1646.81	2845.16
1648.35	2833.30
1649.88	2831.56
1651.42	2821.10
1652.95	2827.02
1654.49	2818.65
1656.02	2817.26
1657.55	2803.31
1659.09	2804.35
1660.62	2797.73
1662.15	2799.12
1663.68	2788.31
1665.22	2788.31
1666.75	2786.22
1668.28	2791.80
1669.81	2789.01
1671.34	2788.31
1672.87	2787.61
1674.40	2784.82
1675.93	2776.45
1677.46	2765.64
1678.99	2763.89
1680.52	2770.17
1682.04	2772.96
1683.57	2772.96
1685.10	2765.64
1686.63	2765.29
1688.15	2761.45
1689.68	2756.92
1691.21	2753.08
1692.73	2755.17
1694.26	2758.31
1695.78	2754.47
1697.31	2745.06
1698.83	2740.52
1700.36	2737.38
1701.88	2742.96
1703.40	2740.17
1704.93	2742.62
1706.45	2742.62
