896.35	2811.68
897.98	2807.14
899.60	2811.68
901.22	2816.56
902.85	2817.61
904.47	2820.75
906.10	2821.79
907.72	2829.82
909.34	2831.56
910.97	2840.28
912.59	2839.23
914.21	2843.77
915.84	2849.00
917.46	2859.81
919.08	2859.81
920.71	2866.09
922.33	2866.09
923.95	2879.34
925.58	2875.86
927.20	2882.14
928.82	2880.39
930.44	2887.02
932.07	2877.60
933.69	2875.51
935.31	2872.72
936.93	2884.58
938.56	2884.58
940.18	2885.97
941.80	2884.93
943.42	2895.74
945.05	2895.04
946.67	2903.41
948.29	2894.34
949.91	2907.60
951.53	2907.25
953.16	2917.02
954.78	2906.20
956.40	2907.60
958.02	2900.27
959.64	2908.99
961.26	2903.06
962.88	2905.50
964.51	2904.81
966.13	2914.22
967.75	2912.48
969.37	2914.57
970.99	2904.11
972.61	2911.43
974.23	2905.85
975.85	2912.83
977.47	2907.25
979.09	2908.64
980.71	2902.71
982.33	2909.69
983.95	2912.48
985.57	2919.46
987.19	2919.81
988.81	2921.90
990.43	2917.36
992.05	2920.15
993.67	2917.36
995.29	2918.76
996.91	2917.02
998.53	2923.64
1000.15	2927.13
1001.77	2926.43
1003.39	2921.20
1005.01	2928.53
1006.63	2931.32
1008.25	2943.87
1009.86	2938.29
1011.48	2940.38
1013.10	2934.11
1014.72	2938.64
1016.34	2942.48
1017.96	2945.27
1019.58	2941.78
1021.19	2940.04
1022.81	2940.73
1024.43	2947.36
1026.05	2948.06
1027.66	2952.94
1029.28	2951.20
1030.90	2951.90
1032.52	2945.97
1034.13	2952.94
1035.75	2951.20
1037.37	2957.82
1038.98	2951.90
1040.60	2952.94
1042.22	2945.27
1043.83	2948.76
1045.45	2948.06
1047.07	2957.48
1048.68	2953.64
1050.30	2960.96
1051.92	2954.69
1053.53	2960.62
1055.15	2955.38
1056.76	2961.31
1058.38	2959.22
1059.99	2961.66
1061.61	2951.90
1063.22	2956.43
1064.84	2952.94
1066.46	2960.96
1068.07	2951.20
1069.68	2960.96
1071.30	2959.92
1072.91	2966.20
1074.53	2960.96
1076.14	2962.01
1077.76	2961.31
1079.37	2952.24
1080.98	2948.41
1082.60	2949.10
1084.21	2952.24
1085.83	2956.43
1087.44	2949.10
1089.05	2951.90
1090.67	2948.76
1092.28	2958.52
1093.89	2958.87
1095.50	2962.01
1097.12	2958.17
1098.73	2955.38
1100.34	2953.64
1101.95	2955.03
1103.57	2953.29
1105.18	2950.85
1106.79	2947.01
1108.40	2954.34
1110.01	2956.43
1111.63	2961.31
1113.24	2958.87
1114.85	2959.57
1116.46	2957.48
1118.07	2959.92
1119.68	2962.36
1121.29	2963.41
1122.90	2961.66
1124.51	2964.80
1126.12	2965.85
1127.73	2971.08
1129.34	2969.68
1130.95	2970.73
1132.56	2957.82
1134.17	2954.34
1135.78	2949.80
1137.39	2958.17
1139.00	2953.29
1140.61	2958.52
1142.22	2956.08
1143.83	2964.45
1145.44	2958.87
1147.05	2964.80
1148.65	2958.87
1150.26	2961.66
1151.87	2956.43
1153.48	2962.71
1155.09	2962.36
1156.69	2963.75
1158.30	2959.22
1159.91	2964.45
1161.52	2967.94
1163.12	2968.99
1164.73	2965.85
1166.34	2962.36
1167.94	2961.31
1169.55	2963.06
1171.16	2965.50
1172.76	2966.89
1174.37	2963.41
1175.97	2960.62
1177.58	2960.62
1179.19	2957.48
1180.79	2956.43
1182.40	2954.69
1184.00	2962.01
1185.61	2970.38
1187.21	2972.13
1188.82	2972.13
1190.42	2965.50
1192.02	2965.50
1193.63	2960.62
1195.23	2966.20
1196.84	2967.94
1198.44	2974.22
1200.04	2971.08
1201.65	2971.78
1203.25	2970.03
1204.85	2968.29
1206.46	2964.10
1208.06	2963.75
1209.66	2965.15
1211.26	2975.61
1212.87	2971.78
1214.47	2977.71
1216.07	2970.38
1217.67	2973.87
1219.27	2967.94
1220.87	2972.13
1222.48	2968.99
1224.08	2973.17
1225.68	2969.68
1227.28	2968.29
1228.88	2965.85
1230.48	2965.15
1232.08	2967.94
1233.68	2971.78
1235.28	2971.43
1236.88	2972.47
1238.48	2973.17
1240.08	2969.68
1241.68	2967.24
1243.28	2961.31
1244.87	2963.41
1246.47	2965.15
1248.07	2966.54
1249.67	2976.31
1251.27	2972.82
1252.87	2970.03
1254.46	2959.92
1256.06	2966.20
1257.66	2964.45
1259.26	2967.59
1260.85	2961.31
1262.45	2966.20
1264.05	2961.31
1265.64	2964.80
1267.24	2961.66
1268.83	2965.50
1270.43	2968.64
1272.03	2968.64
1273.62	2960.62
1275.22	2959.22
1276.81	2956.43
1278.41	2965.85
1280.00	2961.66
1281.60	2966.89
1283.19	2965.15
1284.79	2967.94
1286.38	2967.24
1287.97	2965.85
1289.57	2961.66
1291.16	2958.17
1292.75	2958.52
1294.35	2962.01
1295.94	2964.80
1297.53	2963.75
1299.12	2964.80
1300.72	2959.57
1302.31	2964.10
1303.90	2966.54
1305.49	2970.73
1307.08	2965.85
1308.68	2959.92
1310.27	2959.92
1311.86	2959.22
1313.45	2957.48
1315.04	2951.90
1316.63	2950.85
1318.22	2947.36
1319.81	2950.85
1321.40	2951.55
1322.99	2950.15
1324.58	2945.27
1326.17	2941.43
1327.75	2941.78
1329.34	2944.92
1330.93	2942.83
1332.52	2942.48
1334.11	2938.64
1335.70	2936.90
1337.28	2935.50
1338.87	2937.25
1340.46	2937.59
1342.05	2937.59
1343.63	2933.41
1345.22	2938.64
1346.81	2938.29
1348.39	2940.04
1349.98	2933.06
1351.56	2932.71
1353.15	2934.11
1354.73	2934.46
1356.32	2929.57
1357.90	2927.48
1359.49	2926.08
1361.07	2930.97
1362.66	2927.13
1364.24	2927.13
1365.82	2927.48
1367.41	2928.18
1368.99	2924.34
1370.57	2924.34
1372.16	2924.34
1373.74	2930.27
1375.32	2927.48
1376.91	2922.94
1378.49	2914.92
1380.07	2913.18
1381.65	2911.78
1383.23	2913.53
1384.81	2906.55
1386.39	2906.55
1387.97	2902.71
1389.55	2904.46
1391.14	2897.13
1392.72	2897.48
1394.29	2891.55
1395.87	2889.11
1397.45	2883.18
1399.03	2885.62
1400.61	2888.06
1402.19	2886.32
1403.77	2888.76
1405.35	2888.76
1406.92	2889.46
1408.50	2884.93
1410.08	2881.44
1411.66	2880.74
1413.23	2881.44
1414.81	2878.30
1416.39	2880.74
1417.96	2876.55
1419.54	2880.74
1421.12	2881.79
1422.69	2879.34
1424.27	2879.34
1425.84	2874.11
1427.42	2876.90
1428.99	2877.25
1430.57	2877.95
1432.14	2875.16
1433.71	2877.60
1435.29	2877.25
1436.86	2881.09
1438.43	2876.21
1440.01	2816.21
1441.58	2813.07
1443.15	2814.82
1444.72	2874.46
1446.30	2878.30
1447.87	2877.95
1449.44	2875.16
1451.01	2872.72
1452.58	2873.76
1454.15	2872.72
1455.72	2870.97
1457.29	2872.37
1458.86	2874.81
1460.43	2881.44
1462.00	2880.39
1463.57	2882.83
1465.14	2877.95
1466.71	2876.21
1468.28	2876.55
1469.85	2878.30
1471.41	2878.30
1472.98	2883.88
1474.55	2881.44
1476.12	2879.69
1477.68	2875.51
1479.25	2875.86
1480.82	2882.83
1482.38	2881.79
1483.95	2884.58
1485.51	2888.41
1487.08	2891.90
1488.64	2895.04
1490.21	2883.88
1491.77	2884.58
1493.34	2879.69
1494.90	2883.53
1496.46	2884.58
1498.03	2885.27
1499.59	2887.02
1501.15	2881.09
1502.72	2883.18
1504.28	2882.83
1505.84	2883.53
1507.40	2885.97
1508.97	2888.41
1510.53	2893.99
1512.09	2893.99
1513.65	2891.90
1515.21	2885.27
1516.77	2883.88
1518.33	2883.53
1519.89	2887.37
1521.45	2887.02
1523.01	2890.86
1524.57	2889.46
1526.13	2889.11
1527.68	2888.76
1529.24	2889.11
1530.80	2893.30
1532.36	2890.86
1533.92	2889.11
1535.47	2884.58
1537.03	2887.02
1538.59	2888.76
1540.14	2883.18
1541.70	2880.39
1543.25	2880.04
1544.81	2887.37
1546.36	2882.48
1547.92	2883.53
1549.47	2881.44
1551.03	2882.14
1552.58	2879.34
1554.13	2879.34
1555.69	2882.14
1557.24	2882.14
1558.79	2879.34
1560.35	2880.04
1561.90	2882.14
1563.45	2883.88
1565.00	2882.48
1566.55	2879.00
1568.10	2876.90
1569.66	2878.65
1571.21	2881.79
1572.76	2883.18
1574.31	2882.14
1575.86	2877.60
1577.40	2874.46
1578.95	2871.32
1580.50	2868.18
1582.05	2866.79
1583.60	2864.35
1585.15	2866.09
1586.69	2868.18
1588.24	2870.62
1589.79	2866.79
1591.34	2866.44
1592.88	2860.16
1594.43	2862.95
1595.97	2861.56
1597.52	2867.14
1599.06	2866.79
1600.61	2867.83
1602.15	2863.30
1603.70	2863.30
1605.24	2860.16
1606.79	2858.07
1608.33	2855.63
1609.87	2855.63
1611.41	2858.77
1612.96	2857.37
1614.50	2854.58
1616.04	2854.23
1617.58	2854.93
1619.12	2854.93
1620.67	2844.46
1622.21	2844.81
1623.75	2840.28
1625.29	2844.12
1626.83	2845.16
1628.37	2844.81
1629.90	2844.12
1631.44	2839.58
1632.98	2835.05
1634.52	2833.65
1636.06	2836.09
1637.59	2839.23
1639.13	2840.28
1640.67	2829.82
1642.21	2827.72
1643.74	2819.35
1645.28	2814.82
1646.81	2812.03
1648.35	2803.66
1649.88	2805.40
1651.42	2797.03
1652.95	2804.35
1654.49	2796.33
1656.02	2796.33
1657.55	2786.22
1659.09	2786.56
1660.62	2780.98
1662.15	2784.12
1663.68	2781.33
1665.22	2781.33
1666.75	2776.45
1668.28	2779.59
1669.81	2776.45
1671.34	2774.01
1672.87	2770.17
1674.40	2767.73
1675.93	2762.85
1677.46	2754.82
1678.99	2750.99
1680.52	2755.87
1682.04	2756.92
1683.57	2760.75
1685.10	2755.87
1686.63	2757.26
1688.15	2752.38
1689.68	2749.59
1691.21	2746.45
1692.73	2749.24
1694.26	2749.94
1695.78	2747.50
1697.31	2739.82
1698.83	2738.08
1700.36	2733.20
1701.88	2737.38
1703.40	2732.85
1704.93	2732.15
1706.45	2725.87
