896.35	2866.09
897.98	2858.42
899.60	2859.81
901.22	2866.44
902.85	2870.62
904.47	2875.51
906.10	2876.55
907.72	2882.83
909.34	2885.97
910.97	2893.99
912.59	2897.13
914.21	2904.11
915.84	2913.88
917.46	2930.27
919.08	2934.80
920.71	2944.92
922.33	2947.36
923.95	2964.10
925.58	2963.41
927.20	2967.94
928.82	2966.89
930.44	2972.82
932.07	2968.64
933.69	2968.99
935.31	2971.08
936.93	2982.24
938.56	2982.24
940.18	2984.33
941.80	2983.29
943.42	2998.29
945.05	2998.63
946.67	3007.01
948.29	2993.75
949.91	3000.38
951.53	2998.29
953.16	3007.70
954.78	3000.38
956.40	2997.59
958.02	2991.31
959.64	3000.03
961.26	3001.42
962.88	3004.56
964.51	3003.17
966.13	3009.80
967.75	3007.01
969.37	3008.40
970.99	3001.42
972.61	3008.75
974.23	3006.66
975.85	3015.38
977.47	3011.89
979.09	3013.63
980.71	3008.75
982.33	3014.33
983.95	3017.82
985.57	3023.05
987.19	3025.49
988.81	3027.58
990.43	3023.05
992.05	3026.19
993.67	3024.45
995.29	3025.14
996.91	3025.49
998.53	3032.47
1000.15	3041.54
1001.77	3042.93
1003.39	3035.26
1005.01	3036.65
1006.63	3033.51
1008.25	3044.33
1009.86	3041.19
1011.48	3043.28
1013.10	3043.98
1014.72	3050.95
1016.34	3061.77
1017.96	3060.72
1019.58	3053.40
1021.19	3046.07
1022.81	3050.61
1024.43	3058.28
1026.05	3062.46
1027.66	3063.51
1029.28	3062.46
1030.90	3058.98
1032.52	3054.09
1034.13	3061.77
1035.75	3063.86
1037.37	3072.58
1038.98	3067.35
1040.60	3068.74
1042.22	3062.46
1043.83	3068.74
1045.45	3068.39
1047.07	3075.37
1048.68	3066.30
1050.30	3073.28
1051.92	3068.39
1053.53	3076.77
1055.15	3070.14
1056.76	3073.98
1058.38	3072.58
1059.99	3077.46
1061.61	3068.05
1063.22	3070.84
1064.84	3067.35
1066.46	3075.37
1068.07	3071.18
1069.68	3079.90
1071.30	3075.37
1072.91	3076.77
1074.53	3073.28
1076.14	3079.21
1077.76	3079.56
1079.37	3070.84
1080.98	3067.35
1082.60	3069.09
1084.21	3075.37
1085.83	3079.56
1087.44	3071.18
1089.05	3067.00
1090.67	3061.77
1092.28	3069.44
1093.89	3072.58
1095.50	3073.63
1097.12	3071.53
1098.73	3065.60
1100.34	3063.51
1101.95	3064.21
1103.57	3064.21
1105.18	3063.86
1106.79	3058.98
1108.40	3064.91
1110.01	3069.79
1111.63	3076.42
1113.24	3077.46
1114.85	3076.77
1116.46	3077.46
1118.07	3076.77
1119.68	3080.60
1121.29	3076.42
1122.90	3072.93
1124.51	3071.88
1126.12	3075.37
1127.73	3083.04
1129.34	3084.79
1130.95	3089.32
1132.56	3081.30
1134.17	3076.42
1135.78	3071.53
1137.39	3076.77
1139.00	3076.77
1140.61	3080.25
1142.22	3078.16
1143.83	3080.25
1145.44	3074.67
1147.05	3080.25
1148.65	3076.07
1150.26	3075.37
1151.87	3070.84
1153.48	3079.21
1155.09	3083.04
1156.69	3082.70
1158.30	3072.58
1159.91	3073.98
1161.52	3076.77
1163.12	3083.39
1164.73	3084.09
1166.34	3083.39
1167.94	3084.44
1169.55	3086.53
1171.16	3088.97
1172.76	3092.46
1174.37	3088.97
1175.97	3083.04
1177.58	3080.25
1179.19	3077.81
1180.79	3081.30
1182.40	3079.56
1184.00	3084.79
1185.61	3093.16
1187.21	3097.00
1188.82	3098.04
1190.42	3091.76
1192.02	3086.88
1193.63	3084.44
1195.23	3086.88
1196.84	3090.37
1198.44	3095.25
1200.04	3096.65
1201.65	3100.14
1203.25	3100.14
1204.85	3095.95
1206.46	3091.42
1208.06	3088.28
1209.66	3090.72
1211.26	3095.95
1212.87	3090.37
1214.47	3091.76
1216.07	3087.93
1217.67	3095.25
1219.27	3093.86
1220.87	3099.79
1222.48	3094.55
1224.08	3098.74
1225.68	3095.25
1227.28	3097.69
1228.88	3093.51
1230.48	3087.58
1232.08	3090.37
1233.68	3094.90
1235.28	3100.48
1236.88	3097.34
1238.48	3100.83
1240.08	3095.60
1241.68	3095.25
1243.28	3087.23
1244.87	3087.58
1246.47	3087.58
1248.07	3084.79
1249.67	3093.86
1251.27	3090.02
1252.87	3088.97
1254.46	3077.81
1256.06	3080.25
1257.66	3079.56
1259.26	3084.09
1260.85	3082.35
1262.45	3087.23
1264.05	3083.04
1265.64	3087.58
1267.24	3084.79
1268.83	3085.49
1270.43	3086.88
1272.03	3089.67
1273.62	3089.67
1275.22	3090.72
1276.81	3085.49
1278.41	3091.07
1280.00	3084.09
1281.60	3083.04
1283.19	3080.25
1284.79	3083.74
1286.38	3088.97
1287.97	3087.58
1289.57	3083.04
1291.16	3077.81
1292.75	3078.86
1294.35	3080.60
1295.94	3082.70
1297.53	3077.11
1299.12	3078.51
1300.72	3072.58
1302.31	3079.90
1303.90	3083.39
1305.49	3087.58
1307.08	3079.90
1308.68	3072.93
1310.27	3073.98
1311.86	3074.67
1313.45	3073.28
1315.04	3070.49
1316.63	3072.93
1318.22	3071.88
1319.81	3072.93
1321.40	3071.53
1322.99	3065.60
1324.58	3059.67
1326.17	3054.09
1327.75	3054.09
1329.34	3053.74
1330.93	3052.00
1332.52	3055.49
1334.11	3052.70
1335.70	3049.91
1337.28	3047.47
1338.87	3048.86
1340.46	3049.91
1342.05	3046.07
1343.63	3042.58
1345.22	3045.02
1346.81	3045.72
1348.39	3049.21
1349.98	3044.33
1351.56	3041.19
1353.15	3037.00
1354.73	3031.77
1356.32	3028.63
1357.90	3027.58
1359.49	3024.10
1361.07	3022.70
1362.66	3017.82
1364.24	3022.35
1365.82	3025.84
1367.41	3021.66
1368.99	3014.68
1370.57	3011.19
1372.16	3015.73
1373.74	3021.66
1375.32	3018.17
1376.91	3011.19
1378.49	2995.84
1380.07	2989.22
1381.65	2981.89
1383.23	2983.64
1384.81	2980.85
1386.39	2982.94
1387.97	2980.15
1389.55	2975.61
1391.14	2968.99
1392.72	2965.85
1394.29	2963.06
1395.87	2956.78
1397.45	2950.50
1399.03	2947.01
1400.61	2942.48
1402.19	2936.20
1403.77	2935.15
1405.35	2937.25
1406.92	2943.52
1408.50	2942.48
1410.08	2937.94
1411.66	2932.36
1413.23	2931.66
1414.81	2928.87
1416.39	2932.01
1417.96	2927.83
1419.54	2933.06
1421.12	2934.80
1422.69	2930.62
1424.27	2931.66
1425.84	2927.83
1427.42	2930.62
1428.99	2928.18
1430.57	2924.69
1432.14	2925.04
1433.71	2927.83
1435.29	2928.87
1436.86	2928.18
1438.43	2921.20
1440.01	2860.51
1441.58	2860.86
1443.15	2864.70
1444.72	2922.94
1446.30	2924.34
1447.87	2922.60
1449.44	2919.11
1451.01	2922.25
1452.58	2926.78
1454.15	2929.92
1455.72	2922.60
1457.29	2920.50
1458.86	2920.85
1460.43	2930.62
1462.00	2931.32
1463.57	2932.01
1465.14	2925.04
1466.71	2922.94
1468.28	2927.13
1469.85	2932.01
1471.41	2934.80
1472.98	2937.25
1474.55	2933.76
1476.12	2933.06
1477.68	2935.85
1479.25	2935.50
1480.82	2937.25
1482.38	2928.53
1483.95	2928.87
1485.51	2933.06
1487.08	2938.99
1488.64	2944.57
1490.21	2937.25
1491.77	2940.38
1493.34	2933.41
1494.90	2937.25
1496.46	2937.59
1498.03	2941.08
1499.59	2941.08
1501.15	2939.69
1502.72	2943.18
1504.28	2944.92
1505.84	2942.83
1507.40	2944.22
1508.97	2945.62
1510.53	2951.90
1512.09	2954.34
1513.65	2954.34
1515.21	2947.36
1516.77	2947.71
1518.33	2950.50
1519.89	2955.03
1521.45	2953.29
1523.01	2956.78
1524.57	2958.17
1526.13	2959.92
1527.68	2962.01
1529.24	2963.41
1530.80	2964.80
1532.36	2957.13
1533.92	2952.59
1535.47	2950.15
1537.03	2951.90
1538.59	2955.03
1540.14	2953.29
1541.70	2960.27
1543.25	2961.66
1544.81	2967.59
1546.36	2957.48
1547.92	2956.08
1549.47	2951.20
1551.03	2953.99
1552.58	2954.34
1554.13	2956.78
1555.69	2958.52
1557.24	2957.82
1558.79	2954.69
1560.35	2952.94
1561.90	2951.20
1563.45	2952.24
1565.00	2950.50
1566.55	2952.24
1568.10	2950.50
1569.66	2955.03
1571.21	2954.69
1572.76	2954.34
1574.31	2949.45
1575.86	2946.66
1577.40	2945.97
1578.95	2945.27
1580.50	2942.13
1582.05	2943.87
1583.60	2940.04
1585.15	2942.48
1586.69	2940.73
1588.24	2946.31
1589.79	2944.57
1591.34	2947.01
1592.88	2938.99
1594.43	2940.73
1595.97	2936.55
1597.52	2942.13
1599.06	2939.69
1600.61	2943.52
1602.15	2943.87
1603.70	2943.87
1605.24	2937.94
1606.79	2931.32
1608.33	2927.83
1609.87	2926.08
1611.41	2930.62
1612.96	2929.92
1614.50	2928.53
1616.04	2923.64
1617.58	2925.04
1619.12	2927.48
1620.67	2920.85
1622.21	2921.20
1623.75	2918.76
1625.29	2922.60
1626.83	2922.94
1628.37	2919.46
1629.90	2919.81
1631.44	2916.67
1632.98	2912.13
1634.52	2906.20
1636.06	2901.67
1637.59	2899.23
1639.13	2896.09
1640.67	2887.02
1642.21	2882.83
1643.74	2869.93
1645.28	2858.77
1646.81	2851.44
1648.35	2842.37
1649.88	2840.98
1651.42	2829.47
1652.95	2833.65
1654.49	2822.49
1656.02	2820.75
1657.55	2807.14
1659.09	2810.28
1660.62	2802.26
1662.15	2805.75
1663.68	2797.73
1665.22	2796.68
1666.75	2789.01
1668.28	2788.31
1669.81	2783.77
1671.34	2785.17
1672.87	2786.56
1674.40	2786.56
1675.93	2777.84
1677.46	2766.68
1678.99	2761.10
1680.52	2767.03
1682.04	2767.03
1683.57	2769.12
1685.10	2761.10
1686.63	2760.06
1688.15	2751.34
1689.68	2750.29
1691.21	2749.94
1692.73	2756.57
1694.26	2757.96
1695.78	2755.87
1697.31	2748.54
1698.83	2745.06
1700.36	2740.17
1701.88	2746.45
1703.40	2745.75
1704.93	2747.85
1706.45	2742.62
