896.35	2899.58
897.98	2895.74
899.60	2899.23
901.22	2902.37
902.85	2903.41
904.47	2908.64
906.10	2914.22
907.72	2923.99
909.34	2927.83
910.97	2937.94
912.59	2940.73
914.21	2949.10
915.84	2960.27
917.46	2978.75
919.08	2988.52
920.71	3002.82
922.33	3007.70
923.95	3024.10
925.58	3022.70
927.20	3026.19
928.82	3026.19
930.44	3034.56
932.07	3034.56
933.69	3035.61
935.31	3035.96
936.93	3045.02
938.56	3042.23
940.18	3043.98
941.80	3045.02
943.42	3058.63
945.05	3058.63
946.67	3064.56
948.29	3054.44
949.91	3064.91
951.53	3066.30
953.16	3079.21
954.78	3073.28
956.40	3073.28
958.02	3064.91
959.64	3070.84
961.26	3067.70
962.88	3071.53
964.51	3069.44
966.13	3077.11
967.75	3073.63
969.37	3077.81
970.99	3069.09
972.61	3075.37
974.23	3070.49
975.85	3077.81
977.47	3073.98
979.09	3075.72
980.71	3072.23
982.33	3079.90
983.95	3085.14
985.57	3088.97
987.19	3090.37
988.81	3090.37
990.43	3088.97
992.05	3093.16
993.67	3092.46
995.29	3091.76
996.91	3091.76
998.53	3099.09
1000.15	3110.25
1001.77	3113.39
1003.39	3112.69
1005.01	3116.53
1006.63	3114.09
1008.25	3121.41
1009.86	3117.23
1011.48	3120.37
1013.10	3119.67
1014.72	3127.34
1016.34	3135.36
1017.96	3137.11
1019.58	3131.18
1021.19	3130.13
1022.81	3133.27
1024.43	3138.85
1026.05	3138.85
1027.66	3140.94
1029.28	3142.34
1030.90	3140.60
1032.52	3137.11
1034.13	3146.53
1035.75	3150.71
1037.37	3161.87
1038.98	3152.80
1040.60	3151.41
1042.22	3143.04
1043.83	3151.06
1045.45	3153.50
1047.07	3162.22
1048.68	3154.20
1050.30	3159.78
1051.92	3152.46
1053.53	3163.97
1055.15	3157.69
1056.76	3161.87
1058.38	3158.04
1059.99	3162.22
1061.61	3155.94
1063.22	3158.04
1064.84	3154.55
1066.46	3156.64
1068.07	3148.62
1069.68	3158.04
1071.30	3161.18
1072.91	3164.66
1074.53	3158.04
1076.14	3158.38
1077.76	3161.18
1079.37	3152.80
1080.98	3149.32
1082.60	3149.32
1084.21	3154.55
1085.83	3158.04
1087.44	3149.66
1089.05	3147.57
1090.67	3140.94
1092.28	3147.92
1093.89	3149.32
1095.50	3149.66
1097.12	3145.83
1098.73	3142.69
1100.34	3147.22
1101.95	3151.06
1103.57	3152.11
1105.18	3150.36
1106.79	3147.22
1108.40	3154.55
1110.01	3155.25
1111.63	3162.57
1113.24	3161.87
1114.85	3162.22
1116.46	3158.73
1118.07	3157.69
1119.68	3160.13
1121.29	3157.34
1122.90	3153.50
1124.51	3155.94
1126.12	3157.69
1127.73	3164.31
1129.34	3162.57
1130.95	3166.76
1132.56	3157.69
1134.17	3155.94
1135.78	3152.80
1137.39	3159.78
1139.00	3159.43
1140.61	3163.62
1142.22	3161.52
1143.83	3165.01
1145.44	3163.27
1147.05	3170.24
1148.65	3167.45
1150.26	3165.71
1151.87	3160.48
1153.48	3167.45
1155.09	3168.85
1156.69	3169.20
1158.30	3162.22
1159.91	3164.66
1161.52	3165.71
1163.12	3168.15
1164.73	3169.20
1166.34	3169.90
1167.94	3172.69
1169.55	3172.34
1171.16	3176.52
1172.76	3178.96
1174.37	3182.80
1175.97	3180.71
1177.58	3178.96
1179.19	3172.34
1180.79	3172.34
1182.40	3172.69
1184.00	3181.06
1185.61	3188.03
1187.21	3188.03
1188.82	3185.94
1190.42	3182.45
1192.02	3184.54
1193.63	3183.15
1195.23	3188.03
1196.84	3189.43
1198.44	3195.01
1200.04	3192.92
1201.65	3195.71
1203.25	3192.92
1204.85	3189.08
1206.46	3186.64
1208.06	3184.20
1209.66	3185.94
1211.26	3188.38
1212.87	3184.89
1214.47	3187.68
1216.07	3182.10
1217.67	3187.34
1219.27	3184.89
1220.87	3190.13
1222.48	3182.45
1224.08	3184.89
1225.68	3180.71
1227.28	3185.24
1228.88	3183.85
1230.48	3182.10
1232.08	3185.24
1233.68	3191.17
1235.28	3191.87
1236.88	3190.13
1238.48	3186.64
1240.08	3183.15
1241.68	3178.62
1243.28	3172.34
1244.87	3173.73
1246.47	3174.08
1248.07	3173.73
1249.67	3181.06
1251.27	3181.41
1252.87	3181.75
1254.46	3174.43
1256.06	3175.48
1257.66	3170.94
1259.26	3172.34
1260.85	3170.24
1262.45	3175.82
1264.05	3173.38
1265.64	3176.52
1267.24	3174.43
1268.83	3175.48
1270.43	3176.87
1272.03	3175.48
1273.62	3169.90
1275.22	3167.45
1276.81	3163.62
1278.41	3170.94
1280.00	3169.90
1281.60	3173.03
1283.19	3169.20
1284.79	3168.50
1286.38	3170.59
1287.97	3171.29
1289.57	3168.85
1291.16	3163.97
1292.75	3163.27
1294.35	3165.36
1295.94	3169.55
1297.53	3163.27
1299.12	3163.62
1300.72	3155.25
1302.31	3162.92
1303.90	3163.62
1305.49	3167.10
1307.08	3161.52
1308.68	3157.34
1310.27	3159.43
1311.86	3159.43
1313.45	3156.99
1315.04	3154.90
1316.63	3154.90
1318.22	3152.80
1319.81	3153.50
1321.40	3154.55
1322.99	3153.15
1324.58	3147.57
1326.17	3145.13
1327.75	3147.92
1329.34	3150.71
1330.93	3146.18
1332.52	3142.34
1334.11	3141.29
1335.70	3140.25
1337.28	3139.90
1338.87	3139.90
1340.46	3139.55
1342.05	3136.41
1343.63	3129.43
1345.22	3132.22
1346.81	3131.18
1348.39	3135.02
1349.98	3126.99
1351.56	3124.90
1353.15	3119.67
1354.73	3115.83
1356.32	3109.20
1357.90	3106.41
1359.49	3106.06
1361.07	3108.16
1362.66	3105.37
1364.24	3102.93
1365.82	3103.62
1367.41	3101.88
1368.99	3099.09
1370.57	3098.39
1372.16	3097.00
1373.74	3102.58
1375.32	3098.74
1376.91	3094.55
1378.49	3078.51
1380.07	3068.05
1381.65	3055.49
1383.23	3054.79
1384.81	3049.21
1386.39	3050.95
1387.97	3047.82
1389.55	3046.77
1391.14	3040.14
1392.72	3037.35
1394.29	3030.72
1395.87	3026.89
1397.45	3019.91
1399.03	3017.47
1400.61	3017.12
1402.19	3013.98
1403.77	3016.42
1405.35	3015.38
1406.92	3016.77
1408.50	3014.33
1410.08	3009.80
1411.66	3007.35
1413.23	3007.35
1414.81	3002.47
1416.39	3003.87
1417.96	3000.03
1419.54	3007.70
1421.12	3010.84
1422.69	3008.05
1424.27	3006.66
1425.84	3002.47
1427.42	3006.31
1428.99	3007.35
1430.57	3005.26
1432.14	3004.22
1433.71	3005.61
1435.29	3010.49
1436.86	3009.45
1438.43	3002.82
1440.01	2938.99
1441.58	2941.08
1443.15	2947.36
1444.72	3008.40
1446.30	3009.45
1447.87	3003.87
1449.44	2996.54
1451.01	2991.66
1452.58	2995.50
1454.15	2998.63
1455.72	3002.47
1457.29	3004.56
1458.86	3004.56
1460.43	3008.05
1462.00	3005.26
1463.57	3007.35
1465.14	3000.03
1466.71	2997.94
1468.28	2998.98
1469.85	3003.87
1471.41	3005.26
1472.98	3010.49
1474.55	3008.05
1476.12	3007.01
1477.68	3006.31
1479.25	3009.45
1480.82	3013.28
1482.38	3007.70
1483.95	3007.70
1485.51	3015.38
1487.08	3021.66
1488.64	3026.19
1490.21	3017.12
1491.77	3020.96
1493.34	3016.77
1494.90	3017.82
1496.46	3013.98
1498.03	3015.03
1499.59	3017.47
1501.15	3017.82
1502.72	3019.21
1504.28	3019.56
1505.84	3016.77
1507.40	3018.52
1508.97	3019.91
1510.53	3028.28
1512.09	3030.03
1513.65	3030.38
1515.21	3022.35
1516.77	3023.40
1518.33	3026.19
1519.89	3028.98
1521.45	3026.54
1523.01	3028.28
1524.57	3031.42
1526.13	3033.51
1527.68	3033.17
1529.24	3034.91
1530.80	3039.10
1532.36	3036.65
1533.92	3032.47
1535.47	3025.49
1537.03	3027.93
1538.59	3031.42
1540.14	3029.68
1541.70	3030.03
1543.25	3028.98
1544.81	3036.30
1546.36	3031.77
1547.92	3033.86
1549.47	3031.07
1551.03	3031.77
1552.58	3026.89
1554.13	3026.19
1555.69	3025.84
1557.24	3026.89
1558.79	3024.45
1560.35	3025.84
1561.90	3024.79
1563.45	3025.84
1565.00	3023.40
1566.55	3022.70
1568.10	3019.56
1569.66	3022.00
1571.21	3025.49
1572.76	3027.24
1574.31	3026.19
1575.86	3024.79
1577.40	3024.10
1578.95	3022.70
1580.50	3016.77
1582.05	3015.38
1583.60	3007.70
1585.15	3006.66
1586.69	3009.10
1588.24	3018.52
1589.79	3018.52
1591.34	3016.07
1592.88	3005.61
1594.43	3007.70
1595.97	3003.52
1597.52	3009.10
1599.06	3006.31
1600.61	3015.73
1602.15	3013.98
1603.70	3011.89
1605.24	3000.38
1606.79	2994.45
1608.33	2993.75
1609.87	2997.94
1611.41	3004.56
1612.96	3004.56
1614.50	2999.68
1616.04	2997.59
1617.58	2996.89
1619.12	2996.89
1620.67	2983.98
1622.21	2983.64
1623.75	2978.06
1625.29	2982.24
1626.83	2981.89
1628.37	2979.80
1629.90	2974.57
1631.44	2967.94
1632.98	2961.31
1634.52	2958.87
1636.06	2956.08
1637.59	2952.59
1639.13	2946.31
1640.67	2935.50
1642.21	2926.78
1643.74	2912.13
1645.28	2893.30
1646.81	2885.62
1648.35	2873.07
1649.88	2869.23
1651.42	2854.93
1652.95	2857.02
1654.49	2846.21
1656.02	2841.67
1657.55	2826.33
1659.09	2825.28
1660.62	2816.91
1662.15	2820.40
1663.68	2814.82
1665.22	2811.33
1666.75	2801.56
1668.28	2803.66
1669.81	2802.61
1671.34	2801.91
1672.87	2798.77
1674.40	2797.73
1675.93	2792.84
1677.46	2780.98
1678.99	2771.91
1680.52	2774.36
1682.04	2776.45
1683.57	2779.94
1685.10	2772.96
1686.63	2771.22
1688.15	2762.85
1689.68	2761.10
1691.21	2759.71
1692.73	2764.94
1694.26	2765.64
1695.78	2763.89
1697.31	2760.06
1698.83	2759.01
1700.36	2751.68
1701.88	2751.68
1703.40	2745.75
1704.93	2748.89
1706.45	2748.89
