896.35	2947.71
897.98	2946.66
899.60	2955.03
901.22	2975.96
902.85	2967.59
904.47	2980.15
906.10	2990.61
907.72	2991.66
909.34	2994.80
910.97	3014.68
912.59	3035.61
914.21	3064.91
915.84	3078.51
917.46	3110.95
919.08	3129.78
920.71	3143.39
922.33	3169.55
923.95	3182.10
925.58	3209.31
927.20	3195.71
928.82	3195.71
930.44	3223.96
932.07	3214.54
933.69	3210.36
935.31	3219.77
936.93	3229.19
938.56	3228.14
940.18	3235.47
941.80	3240.70
943.42	3252.21
945.05	3257.44
946.67	3248.03
948.29	3260.58
949.91	3249.07
951.53	3265.82
953.16	3268.95
954.78	3261.63
956.40	3250.12
958.02	3252.21
959.64	3256.40
961.26	3258.49
962.88	3266.86
964.51	3255.35
966.13	3274.19
967.75	3265.82
969.37	3255.35
970.99	3256.40
972.61	3259.54
974.23	3254.30
975.85	3256.40
977.47	3264.77
979.09	3264.77
980.71	3260.58
982.33	3276.28
983.95	3277.33
985.57	3283.60
987.19	3276.28
988.81	3288.84
990.43	3278.37
992.05	3277.33
993.67	3288.84
995.29	3294.07
996.91	3282.56
998.53	3302.44
1000.15	3302.44
1001.77	3312.90
1003.39	3310.81
1005.01	3318.14
1006.63	3317.09
1008.25	3326.51
1009.86	3336.97
1011.48	3338.02
1013.10	3336.97
1014.72	3343.25
1016.34	3332.78
1017.96	3357.90
1019.58	3347.43
1021.19	3347.43
1022.81	3350.57
1024.43	3359.99
1026.05	3350.57
1027.66	3365.22
1029.28	3362.08
1030.90	3374.64
1032.52	3359.99
1034.13	3379.87
1035.75	3379.87
1037.37	3371.50
1038.98	3387.20
1040.60	3377.78
1042.22	3368.36
1043.83	3381.97
1045.45	3377.78
1047.07	3381.97
1048.68	3380.92
1050.30	3369.41
1051.92	3383.01
1053.53	3383.01
1055.15	3393.48
1056.76	3389.29
1058.38	3388.24
1059.99	3393.48
1061.61	3379.87
1063.22	3383.01
1064.84	3388.24
1066.46	3387.20
1068.07	3385.10
1069.68	3381.97
1071.30	3391.38
1072.91	3377.78
1074.53	3378.83
1076.14	3391.38
1077.76	3383.01
1079.37	3381.97
1080.98	3353.71
1082.60	3369.41
1084.21	3377.78
1085.83	3370.46
1087.44	3375.69
1089.05	3363.13
1090.67	3368.36
1092.28	3359.99
1093.89	3365.22
1095.50	3359.99
1097.12	3362.08
1098.73	3371.50
1100.34	3340.11
1101.95	3359.99
1103.57	3355.81
1105.18	3353.71
1106.79	3353.71
1108.40	3363.13
1110.01	3367.32
1111.63	3369.41
1113.24	3363.13
1114.85	3363.13
1116.46	3359.99
1118.07	3373.59
1119.68	3361.04
1121.29	3370.46
1122.90	3359.99
1124.51	3359.99
1126.12	3373.59
1127.73	3371.50
1129.34	3359.99
1130.95	3383.01
1132.56	3379.87
1134.17	3356.85
1135.78	3361.04
1137.39	3375.69
1139.00	3361.04
1140.61	3373.59
1142.22	3369.41
1143.83	3367.32
1145.44	3365.22
1147.05	3363.13
1148.65	3365.22
1150.26	3363.13
1151.87	3357.90
1153.48	3363.13
1155.09	3371.50
1156.69	3376.73
1158.30	3359.99
1159.91	3363.13
1161.52	3366.27
1163.12	3378.83
1164.73	3365.22
1166.34	3385.10
1167.94	3371.50
1169.55	3389.29
1171.16	3375.69
1172.76	3372.55
1174.37	3370.46
1175.97	3380.92
1177.58	3357.90
1179.19	3384.06
1180.79	3376.73
1182.40	3375.69
1184.00	3361.04
1185.61	3380.92
1187.21	3375.69
1188.82	3371.50
1190.42	3366.27
1192.02	3368.36
1193.63	3355.81
1195.23	3372.55
1196.84	3372.55
1198.44	3375.69
1200.04	3376.73
1201.65	3375.69
1203.25	3379.87
1204.85	3383.01
1206.46	3366.27
1208.06	3372.55
1209.66	3356.85
1211.26	3359.99
1212.87	3378.83
1214.47	3370.46
1216.07	3370.46
1217.67	3368.36
1219.27	3354.76
1220.87	3361.04
1222.48	3353.71
1224.08	3352.67
1225.68	3347.43
1227.28	3352.67
1228.88	3347.43
1230.48	3349.53
1232.08	3336.97
1233.68	3352.67
1235.28	3364.18
1236.88	3352.67
1238.48	3330.69
1240.08	3357.90
1241.68	3322.32
1243.28	3332.78
1244.87	3323.37
1246.47	3328.60
1248.07	3318.14
1249.67	3320.23
1251.27	3323.37
1252.87	3308.72
1254.46	3299.30
1256.06	3302.44
1257.66	3305.58
1259.26	3301.39
1260.85	3317.09
1262.45	3302.44
1264.05	3304.53
1265.64	3304.53
1267.24	3298.25
1268.83	3301.39
1270.43	3296.16
1272.03	3307.67
1273.62	3305.58
1275.22	3283.60
1276.81	3289.88
1278.41	3291.98
1280.00	3286.74
1281.60	3285.70
1283.19	3271.05
1284.79	3287.79
1286.38	3274.19
1287.97	3287.79
1289.57	3277.33
1291.16	3277.33
1292.75	3259.54
1294.35	3267.91
1295.94	3259.54
1297.53	3276.28
1299.12	3254.30
1300.72	3280.46
1302.31	3251.17
1303.90	3271.05
1305.49	3275.23
1307.08	3252.21
1308.68	3249.07
1310.27	3237.56
1311.86	3234.42
1313.45	3237.56
1315.04	3241.75
1316.63	3246.98
1318.22	3236.52
1319.81	3235.47
1321.40	3232.33
1322.99	3240.70
1324.58	3217.68
1326.17	3221.87
1327.75	3213.50
1329.34	3218.73
1330.93	3209.31
1332.52	3199.89
1334.11	3198.85
1335.70	3208.26
1337.28	3199.89
1338.87	3201.98
1340.46	3199.89
1342.05	3192.57
1343.63	3190.47
1345.22	3187.34
1346.81	3194.66
1348.39	3190.47
1349.98	3183.15
1351.56	3178.96
1353.15	3154.90
1354.73	3170.59
1356.32	3155.94
1357.90	3148.62
1359.49	3156.99
1361.07	3131.88
1362.66	3130.83
1364.24	3137.11
1365.82	3130.83
1367.41	3141.29
1368.99	3120.37
1370.57	3117.23
1372.16	3103.62
1373.74	3111.99
1375.32	3111.99
1376.91	3103.62
1378.49	3072.23
1380.07	3049.21
1381.65	3040.84
1383.23	3027.24
1384.81	3024.10
1386.39	3006.31
1387.97	3019.91
1389.55	3009.45
1391.14	3002.12
1392.72	2988.52
1394.29	2985.38
1395.87	2981.19
1397.45	2973.87
1399.03	2970.73
1400.61	2960.27
1402.19	2958.17
1403.77	2952.94
1405.35	2958.17
1406.92	2934.11
1408.50	2936.20
1410.08	2937.25
1411.66	2937.25
1413.23	2933.06
1414.81	2936.20
1416.39	2913.18
1417.96	2926.78
1419.54	2915.27
1421.12	2926.78
1422.69	2923.64
1424.27	2904.81
1425.84	2919.46
1427.42	2918.41
1428.99	2904.81
1430.57	2916.32
1432.14	2913.18
1433.71	2914.22
1435.29	2914.22
1436.86	2917.36
1438.43	2912.13
1440.01	2902.71
1441.58	2791.80
1443.15	2902.71
1444.72	2910.04
1446.30	2892.25
1447.87	2903.76
1449.44	2898.53
1451.01	2888.06
1452.58	2902.71
1454.15	2900.62
1455.72	2895.39
1457.29	2892.25
1458.86	2905.85
1460.43	2894.34
1462.00	2915.27
1463.57	2900.62
1465.14	2899.58
1466.71	2883.88
1468.28	2899.58
1469.85	2904.81
1471.41	2904.81
1472.98	2889.11
1474.55	2905.85
1476.12	2893.30
1477.68	2888.06
1479.25	2904.81
1480.82	2904.81
1482.38	2899.58
1483.95	2894.34
1485.51	2903.76
1487.08	2913.18
1488.64	2902.71
1490.21	2910.04
1491.77	2899.58
1493.34	2918.41
1494.90	2898.53
1496.46	2901.67
1498.03	2901.67
1499.59	2913.18
1501.15	2903.76
1502.72	2913.18
1504.28	2915.27
1505.84	2900.62
1507.40	2893.30
1508.97	2920.50
1510.53	2913.18
1512.09	2930.97
1513.65	2925.74
1515.21	2918.41
1516.77	2902.71
1518.33	2923.64
1519.89	2920.50
1521.45	2915.27
1523.01	2916.32
1524.57	2924.69
1526.13	2916.32
1527.68	2926.78
1529.24	2937.25
1530.80	2928.87
1532.36	2928.87
1533.92	2915.27
1535.47	2902.71
1537.03	2913.18
1538.59	2914.22
1540.14	2907.95
1541.70	2906.90
1543.25	2928.87
1544.81	2922.60
1546.36	2923.64
1547.92	2904.81
1549.47	2913.18
1551.03	2912.13
1552.58	2917.36
1554.13	2911.09
1555.69	2923.64
1557.24	2903.76
1558.79	2905.85
1560.35	2902.71
1561.90	2915.27
1563.45	2897.48
1565.00	2907.95
1566.55	2896.44
1568.10	2896.44
1569.66	2892.25
1571.21	2903.76
1572.76	2891.20
1574.31	2900.62
1575.86	2902.71
1577.40	2892.25
1578.95	2895.39
1580.50	2890.16
1582.05	2877.60
1583.60	2879.69
1585.15	2870.28
1586.69	2883.88
1588.24	2880.74
1589.79	2879.69
1591.34	2870.28
1592.88	2896.44
1594.43	2870.28
1595.97	2887.02
1597.52	2875.51
1599.06	2875.51
1600.61	2872.37
1602.15	2889.11
1603.70	2876.55
1605.24	2880.74
1606.79	2876.55
1608.33	2861.90
1609.87	2861.90
1611.41	2876.55
1612.96	2866.09
1614.50	2856.67
1616.04	2859.81
1617.58	2865.04
1619.12	2866.09
1620.67	2860.86
1622.21	2833.65
1623.75	2859.81
1625.29	2837.84
1626.83	2838.88
1628.37	2853.53
1629.90	2831.56
1631.44	2834.70
1632.98	2836.79
1634.52	2806.45
1636.06	2809.58
1637.59	2821.10
1639.13	2804.35
1640.67	2793.89
1642.21	2786.56
1643.74	2784.47
1645.28	2763.54
1646.81	2754.13
1648.35	2758.31
1649.88	2733.20
1651.42	2742.62
1652.95	2726.92
1654.49	2731.10
1656.02	2713.32
1657.55	2729.01
1659.09	2703.90
1660.62	2716.45
1662.15	2707.04
1663.68	2710.18
1665.22	2701.81
1666.75	2698.67
1668.28	2691.34
1669.81	2708.08
1671.34	2685.06
1672.87	2688.20
1674.40	2691.34
1675.93	2691.34
1677.46	2676.69
1678.99	2679.83
1680.52	2675.65
1682.04	2689.25
1683.57	2682.97
1685.10	2677.74
1686.63	2669.37
1688.15	2677.74
1689.68	2666.23
1691.21	2672.51
1692.73	2672.51
1694.26	2675.65
1695.78	2657.86
1697.31	2670.41
1698.83	2655.76
1700.36	2661.00
1701.88	2650.53
1703.40	2664.13
1704.93	2654.72
1706.45	2656.81
