896.35	2854.58
897.98	2857.72
899.60	2866.09
901.22	2879.69
902.85	2870.28
904.47	2877.60
906.10	2878.65
907.72	2880.74
909.34	2897.48
910.97	2914.22
912.59	2932.01
914.21	2933.06
915.84	2942.48
917.46	2971.78
919.08	2995.84
920.71	3000.03
922.33	3020.96
923.95	3020.96
925.58	3046.07
927.20	3026.19
928.82	3041.89
930.44	3061.77
932.07	3051.30
933.69	3040.84
935.31	3048.16
936.93	3056.54
938.56	3062.81
940.18	3071.18
941.80	3081.65
943.42	3075.37
945.05	3085.83
946.67	3075.37
948.29	3086.88
949.91	3077.46
951.53	3093.16
953.16	3098.39
954.78	3097.34
956.40	3072.23
958.02	3082.70
959.64	3081.65
961.26	3079.56
962.88	3078.51
964.51	3084.79
966.13	3102.58
967.75	3095.25
969.37	3075.37
970.99	3083.74
972.61	3083.74
974.23	3090.02
975.85	3087.93
977.47	3096.30
979.09	3088.97
980.71	3085.83
982.33	3093.16
983.95	3104.67
985.57	3117.23
987.19	3101.53
988.81	3102.58
990.43	3098.39
992.05	3099.44
993.67	3114.09
995.29	3106.76
996.91	3105.72
998.53	3121.41
1000.15	3129.78
1001.77	3121.41
1003.39	3129.78
1005.01	3133.97
1006.63	3130.83
1008.25	3124.55
1009.86	3142.34
1011.48	3130.83
1013.10	3132.92
1014.72	3150.71
1016.34	3156.99
1017.96	3163.27
1019.58	3154.90
1021.19	3147.57
1022.81	3154.90
1024.43	3167.45
1026.05	3165.36
1027.66	3176.87
1029.28	3172.69
1030.90	3165.36
1032.52	3159.08
1034.13	3168.50
1035.75	3180.01
1037.37	3169.55
1038.98	3184.20
1040.60	3172.69
1042.22	3164.31
1043.83	3169.55
1045.45	3174.78
1047.07	3183.15
1048.68	3188.38
1050.30	3174.78
1051.92	3193.61
1053.53	3178.96
1055.15	3180.01
1056.76	3175.82
1058.38	3183.15
1059.99	3182.10
1061.61	3184.20
1063.22	3170.59
1064.84	3176.87
1066.46	3164.31
1068.07	3170.59
1069.68	3176.87
1071.30	3189.43
1072.91	3169.55
1074.53	3173.73
1076.14	3174.78
1077.76	3175.82
1079.37	3174.78
1080.98	3142.34
1082.60	3158.04
1084.21	3167.45
1085.83	3163.27
1087.44	3166.41
1089.05	3153.85
1090.67	3151.76
1092.28	3156.99
1093.89	3166.41
1095.50	3166.41
1097.12	3150.71
1098.73	3166.41
1100.34	3155.94
1101.95	3172.69
1103.57	3164.31
1105.18	3149.66
1106.79	3152.80
1108.40	3154.90
1110.01	3164.31
1111.63	3169.55
1113.24	3174.78
1114.85	3166.41
1116.46	3171.64
1118.07	3168.50
1119.68	3151.76
1121.29	3162.22
1122.90	3167.45
1124.51	3164.31
1126.12	3166.41
1127.73	3180.01
1129.34	3184.20
1130.95	3176.87
1132.56	3186.29
1134.17	3148.62
1135.78	3161.18
1137.39	3167.45
1139.00	3159.08
1140.61	3162.22
1142.22	3172.69
1143.83	3161.18
1145.44	3171.64
1147.05	3162.22
1148.65	3172.69
1150.26	3156.99
1151.87	3160.13
1153.48	3159.08
1155.09	3163.27
1156.69	3165.36
1158.30	3152.80
1159.91	3161.18
1161.52	3171.64
1163.12	3172.69
1164.73	3163.27
1166.34	3174.78
1167.94	3169.55
1169.55	3167.45
1171.16	3171.64
1172.76	3166.41
1174.37	3169.55
1175.97	3174.78
1177.58	3153.85
1179.19	3177.92
1180.79	3166.41
1182.40	3173.73
1184.00	3163.27
1185.61	3172.69
1187.21	3171.64
1188.82	3170.59
1190.42	3173.73
1192.02	3167.45
1193.63	3152.80
1195.23	3165.36
1196.84	3164.31
1198.44	3165.36
1200.04	3171.64
1201.65	3173.73
1203.25	3174.78
1204.85	3178.96
1206.46	3160.13
1208.06	3153.85
1209.66	3159.08
1211.26	3161.18
1212.87	3185.24
1214.47	3156.99
1216.07	3167.45
1217.67	3162.22
1219.27	3162.22
1220.87	3156.99
1222.48	3153.85
1224.08	3153.85
1225.68	3167.45
1227.28	3161.18
1228.88	3148.62
1230.48	3151.76
1232.08	3140.25
1233.68	3160.13
1235.28	3159.08
1236.88	3142.34
1238.48	3143.39
1240.08	3163.27
1241.68	3133.97
1243.28	3136.06
1244.87	3130.83
1246.47	3132.92
1248.07	3133.97
1249.67	3129.78
1251.27	3148.62
1252.87	3128.74
1254.46	3121.41
1256.06	3121.41
1257.66	3126.64
1259.26	3119.32
1260.85	3118.27
1262.45	3114.09
1264.05	3117.23
1265.64	3114.09
1267.24	3118.27
1268.83	3124.55
1270.43	3115.13
1272.03	3123.50
1273.62	3117.23
1275.22	3097.34
1276.81	3115.13
1278.41	3105.72
1280.00	3104.67
1281.60	3107.81
1283.19	3108.86
1284.79	3110.95
1286.38	3097.34
1287.97	3110.95
1289.57	3098.39
1291.16	3097.34
1292.75	3087.93
1294.35	3096.30
1295.94	3096.30
1297.53	3103.62
1299.12	3092.11
1300.72	3102.58
1302.31	3078.51
1303.90	3097.34
1305.49	3108.86
1307.08	3079.56
1308.68	3076.42
1310.27	3079.56
1311.86	3079.56
1313.45	3080.60
1315.04	3075.37
1316.63	3075.37
1318.22	3071.18
1319.81	3063.86
1321.40	3067.00
1322.99	3069.09
1324.58	3056.54
1326.17	3059.67
1327.75	3053.40
1329.34	3058.63
1330.93	3053.40
1332.52	3047.12
1334.11	3043.98
1335.70	3048.16
1337.28	3035.61
1338.87	3049.21
1340.46	3048.16
1342.05	3038.75
1343.63	3039.79
1345.22	3033.51
1346.81	3043.98
1348.39	3032.47
1349.98	3038.75
1351.56	3026.19
1353.15	3015.73
1354.73	3018.86
1356.32	3011.54
1357.90	3012.59
1359.49	3013.63
1361.07	2994.80
1362.66	3000.03
1364.24	2998.98
1365.82	3000.03
1367.41	2997.94
1368.99	2983.29
1370.57	2980.15
1372.16	2984.33
1373.74	2985.38
1375.32	2992.70
1376.91	2975.96
1378.49	2951.90
1380.07	2936.20
1381.65	2934.11
1383.23	2923.64
1384.81	2925.74
1386.39	2906.90
1387.97	2916.32
1389.55	2912.13
1391.14	2912.13
1392.72	2898.53
1394.29	2903.76
1395.87	2897.48
1397.45	2888.06
1399.03	2884.93
1400.61	2884.93
1402.19	2873.42
1403.77	2856.67
1405.35	2877.60
1406.92	2862.95
1408.50	2860.86
1410.08	2866.09
1411.66	2860.86
1413.23	2860.86
1414.81	2860.86
1416.39	2846.21
1417.96	2857.72
1419.54	2851.44
1421.12	2852.49
1422.69	2859.81
1424.27	2838.88
1425.84	2846.21
1427.42	2846.21
1428.99	2847.26
1430.57	2849.35
1432.14	2838.88
1433.71	2838.88
1435.29	2847.26
1436.86	2848.30
1438.43	2843.07
1440.01	2834.70
1441.58	2707.04
1443.15	2844.12
1444.72	2843.07
1446.30	2839.93
1447.87	2853.53
1449.44	2834.70
1451.01	2825.28
1452.58	2835.74
1454.15	2834.70
1455.72	2826.33
1457.29	2831.56
1458.86	2842.02
1460.43	2820.05
1462.00	2838.88
1463.57	2827.37
1465.14	2832.61
1466.71	2829.47
1468.28	2836.79
1469.85	2837.84
1471.41	2837.84
1472.98	2834.70
1474.55	2844.12
1476.12	2825.28
1477.68	2828.42
1479.25	2843.07
1480.82	2840.98
1482.38	2835.74
1483.95	2834.70
1485.51	2843.07
1487.08	2853.53
1488.64	2837.84
1490.21	2849.35
1491.77	2832.61
1493.34	2855.63
1494.90	2837.84
1496.46	2837.84
1498.03	2850.39
1499.59	2848.30
1501.15	2840.98
1502.72	2846.21
1504.28	2837.84
1505.84	2837.84
1507.40	2835.74
1508.97	2845.16
1510.53	2840.98
1512.09	2859.81
1513.65	2852.49
1515.21	2847.26
1516.77	2840.98
1518.33	2856.67
1519.89	2848.30
1521.45	2849.35
1523.01	2850.39
1524.57	2850.39
1526.13	2853.53
1527.68	2850.39
1529.24	2860.86
1530.80	2847.26
1532.36	2857.72
1533.92	2849.35
1535.47	2837.84
1537.03	2843.07
1538.59	2843.07
1540.14	2837.84
1541.70	2839.93
1543.25	2857.72
1544.81	2840.98
1546.36	2847.26
1547.92	2838.88
1549.47	2850.39
1551.03	2838.88
1552.58	2839.93
1554.13	2844.12
1555.69	2839.93
1557.24	2835.74
1558.79	2829.47
1560.35	2827.37
1561.90	2842.02
1563.45	2835.74
1565.00	2831.56
1566.55	2820.05
1568.10	2823.19
1569.66	2819.00
1571.21	2834.70
1572.76	2835.74
1574.31	2836.79
1575.86	2828.42
1577.40	2821.10
1578.95	2820.05
1580.50	2824.23
1582.05	2814.82
1583.60	2819.00
1585.15	2807.49
1586.69	2812.72
1588.24	2815.86
1589.79	2829.47
1591.34	2805.40
1592.88	2829.47
1594.43	2807.49
1595.97	2814.82
1597.52	2814.82
1599.06	2816.91
1600.61	2806.45
1602.15	2830.51
1603.70	2812.72
1605.24	2807.49
1606.79	2805.40
1608.33	2797.03
1609.87	2798.07
1611.41	2807.49
1612.96	2806.45
1614.50	2791.80
1616.04	2797.03
1617.58	2807.49
1619.12	2794.94
1620.67	2809.58
1622.21	2779.24
1623.75	2802.26
1625.29	2780.29
1626.83	2776.10
1628.37	2791.80
1629.90	2778.19
1631.44	2772.96
1632.98	2775.05
1634.52	2760.40
1636.06	2761.45
1637.59	2774.01
1639.13	2759.36
1640.67	2754.13
1642.21	2746.80
1643.74	2746.80
1645.28	2729.01
1646.81	2719.59
1648.35	2725.87
1649.88	2693.43
1651.42	2710.18
1652.95	2703.90
1654.49	2720.64
1656.02	2698.67
1657.55	2700.76
1659.09	2682.97
1660.62	2698.67
1662.15	2685.06
1663.68	2691.34
1665.22	2681.92
1666.75	2685.06
1668.28	2684.02
1669.81	2697.62
1671.34	2678.78
1672.87	2684.02
1674.40	2680.88
1675.93	2676.69
1677.46	2662.04
1678.99	2657.86
1680.52	2661.00
1682.04	2682.97
1683.57	2665.18
1685.10	2668.32
1686.63	2666.23
1688.15	2659.95
1689.68	2649.49
1691.21	2651.58
1692.73	2656.81
1694.26	2659.95
1695.78	2650.53
1697.31	2650.53
1698.83	2644.25
1700.36	2651.58
1701.88	2642.16
1703.40	2657.86
1704.93	2644.25
1706.45	2650.53
