896.35	2939.34
897.98	2946.66
899.60	2953.99
901.22	2974.92
902.85	2963.41
904.47	2970.73
906.10	2975.96
907.72	2980.15
909.34	2991.66
910.97	3006.31
912.59	3017.82
914.21	3048.16
915.84	3063.86
917.46	3102.58
919.08	3128.74
920.71	3126.64
922.33	3147.57
923.95	3156.99
925.58	3188.38
927.20	3180.01
928.82	3195.71
930.44	3214.54
932.07	3199.89
933.69	3193.61
935.31	3210.36
936.93	3220.82
938.56	3215.59
940.18	3238.61
941.80	3223.96
943.42	3235.47
945.05	3244.89
946.67	3229.19
948.29	3243.84
949.91	3238.61
951.53	3258.49
953.16	3253.26
954.78	3252.21
956.40	3240.70
958.02	3239.66
959.64	3240.70
961.26	3243.84
962.88	3240.70
964.51	3228.14
966.13	3253.26
967.75	3260.58
969.37	3242.79
970.99	3242.79
972.61	3249.07
974.23	3250.12
975.85	3253.26
977.47	3259.54
979.09	3257.44
980.71	3249.07
982.33	3262.68
983.95	3259.54
985.57	3275.23
987.19	3261.63
988.81	3270.00
990.43	3263.72
992.05	3258.49
993.67	3275.23
995.29	3272.09
996.91	3260.58
998.53	3291.98
1000.15	3293.02
1001.77	3290.93
1003.39	3301.39
1005.01	3302.44
1006.63	3304.53
1008.25	3306.62
1009.86	3312.90
1011.48	3315.00
1013.10	3309.76
1014.72	3321.27
1016.34	3327.55
1017.96	3346.39
1019.58	3328.60
1021.19	3333.83
1022.81	3328.60
1024.43	3347.43
1026.05	3338.02
1027.66	3346.39
1029.28	3349.53
1030.90	3356.85
1032.52	3348.48
1034.13	3365.22
1035.75	3371.50
1037.37	3367.32
1038.98	3367.32
1040.60	3357.90
1042.22	3350.57
1043.83	3363.13
1045.45	3368.36
1047.07	3374.64
1048.68	3372.55
1050.30	3370.46
1051.92	3377.78
1053.53	3376.73
1055.15	3372.55
1056.76	3369.41
1058.38	3371.50
1059.99	3381.97
1061.61	3366.27
1063.22	3366.27
1064.84	3372.55
1066.46	3368.36
1068.07	3369.41
1069.68	3369.41
1071.30	3378.83
1072.91	3368.36
1074.53	3365.22
1076.14	3369.41
1077.76	3352.67
1079.37	3361.04
1080.98	3327.55
1082.60	3348.48
1084.21	3350.57
1085.83	3353.71
1087.44	3352.67
1089.05	3344.30
1090.67	3349.53
1092.28	3347.43
1093.89	3352.67
1095.50	3349.53
1097.12	3342.20
1098.73	3353.71
1100.34	3327.55
1101.95	3347.43
1103.57	3345.34
1105.18	3342.20
1106.79	3340.11
1108.40	3341.16
1110.01	3339.06
1111.63	3345.34
1113.24	3348.48
1114.85	3350.57
1116.46	3341.16
1118.07	3353.71
1119.68	3339.06
1121.29	3349.53
1122.90	3330.69
1124.51	3341.16
1126.12	3354.76
1127.73	3359.99
1129.34	3362.08
1130.95	3365.22
1132.56	3366.27
1134.17	3339.06
1135.78	3348.48
1137.39	3363.13
1139.00	3352.67
1140.61	3347.43
1142.22	3354.76
1143.83	3355.81
1145.44	3349.53
1147.05	3349.53
1148.65	3355.81
1150.26	3352.67
1151.87	3346.39
1153.48	3347.43
1155.09	3351.62
1156.69	3356.85
1158.30	3339.06
1159.91	3348.48
1161.52	3354.76
1163.12	3348.48
1164.73	3339.06
1166.34	3362.08
1167.94	3363.13
1169.55	3357.90
1171.16	3367.32
1172.76	3367.32
1174.37	3357.90
1175.97	3365.22
1177.58	3343.25
1179.19	3368.36
1180.79	3362.08
1182.40	3372.55
1184.00	3350.57
1185.61	3361.04
1187.21	3362.08
1188.82	3362.08
1190.42	3362.08
1192.02	3362.08
1193.63	3341.16
1195.23	3355.81
1196.84	3357.90
1198.44	3365.22
1200.04	3362.08
1201.65	3363.13
1203.25	3358.94
1204.85	3373.59
1206.46	3354.76
1208.06	3355.81
1209.66	3343.25
1211.26	3347.43
1212.87	3365.22
1214.47	3347.43
1216.07	3351.62
1217.67	3353.71
1219.27	3350.57
1220.87	3351.62
1222.48	3349.53
1224.08	3334.88
1225.68	3346.39
1227.28	3347.43
1228.88	3341.16
1230.48	3344.30
1232.08	3325.46
1233.68	3343.25
1235.28	3345.34
1236.88	3335.92
1238.48	3323.37
1240.08	3349.53
1241.68	3312.90
1243.28	3321.27
1244.87	3320.23
1246.47	3315.00
1248.07	3307.67
1249.67	3306.62
1251.27	3317.09
1252.87	3293.02
1254.46	3290.93
1256.06	3299.30
1257.66	3302.44
1259.26	3294.07
1260.85	3296.16
1262.45	3295.11
1264.05	3294.07
1265.64	3285.70
1267.24	3287.79
1268.83	3299.30
1270.43	3285.70
1272.03	3303.49
1273.62	3281.51
1275.22	3264.77
1276.81	3288.84
1278.41	3283.60
1280.00	3281.51
1281.60	3274.19
1283.19	3263.72
1284.79	3272.09
1286.38	3271.05
1287.97	3276.28
1289.57	3261.63
1291.16	3266.86
1292.75	3249.07
1294.35	3253.26
1295.94	3255.35
1297.53	3271.05
1299.12	3255.35
1300.72	3265.82
1302.31	3238.61
1303.90	3261.63
1305.49	3263.72
1307.08	3242.79
1308.68	3233.38
1310.27	3235.47
1311.86	3231.28
1313.45	3236.52
1315.04	3233.38
1316.63	3226.05
1318.22	3226.05
1319.81	3218.73
1321.40	3220.82
1322.99	3229.19
1324.58	3209.31
1326.17	3214.54
1327.75	3210.36
1329.34	3215.59
1330.93	3208.26
1332.52	3201.98
1334.11	3206.17
1335.70	3204.08
1337.28	3194.66
1338.87	3196.75
1340.46	3190.47
1342.05	3181.06
1343.63	3177.92
1345.22	3181.06
1346.81	3188.38
1348.39	3174.78
1349.98	3174.78
1351.56	3168.50
1353.15	3162.22
1354.73	3150.71
1356.32	3146.53
1357.90	3145.48
1359.49	3140.25
1361.07	3130.83
1362.66	3124.55
1364.24	3131.88
1365.82	3124.55
1367.41	3130.83
1368.99	3106.76
1370.57	3109.90
1372.16	3111.99
1373.74	3108.86
1375.32	3101.53
1376.91	3091.07
1378.49	3067.00
1380.07	3042.93
1381.65	3039.79
1383.23	3019.91
1384.81	3023.05
1386.39	3010.49
1387.97	3019.91
1389.55	3009.45
1391.14	3009.45
1392.72	2986.43
1394.29	2993.75
1395.87	2980.15
1397.45	2973.87
1399.03	2967.59
1400.61	2964.45
1402.19	2957.13
1403.77	2944.57
1405.35	2962.36
1406.92	2945.62
1408.50	2944.57
1410.08	2940.38
1411.66	2933.06
1413.23	2938.29
1414.81	2935.15
1416.39	2920.50
1417.96	2929.92
1419.54	2922.60
1421.12	2936.20
1422.69	2934.11
1424.27	2908.99
1425.84	2921.55
1427.42	2915.27
1428.99	2919.46
1430.57	2913.18
1432.14	2906.90
1433.71	2917.36
1435.29	2923.64
1436.86	2913.18
1438.43	2902.71
1440.01	2903.76
1441.58	2792.84
1443.15	2910.04
1444.72	2913.18
1446.30	2911.09
1447.87	2906.90
1449.44	2900.62
1451.01	2894.34
1452.58	2907.95
1454.15	2908.99
1455.72	2896.44
1457.29	2893.30
1458.86	2910.04
1460.43	2895.39
1462.00	2916.32
1463.57	2896.44
1465.14	2903.76
1466.71	2893.30
1468.28	2897.48
1469.85	2891.20
1471.41	2905.85
1472.98	2896.44
1474.55	2910.04
1476.12	2887.02
1477.68	2894.34
1479.25	2906.90
1480.82	2899.58
1482.38	2911.09
1483.95	2898.53
1485.51	2907.95
1487.08	2916.32
1488.64	2910.04
1490.21	2922.60
1491.77	2903.76
1493.34	2912.13
1494.90	2896.44
1496.46	2901.67
1498.03	2900.62
1499.59	2905.85
1501.15	2908.99
1502.72	2908.99
1504.28	2905.85
1505.84	2905.85
1507.40	2898.53
1508.97	2916.32
1510.53	2905.85
1512.09	2930.97
1513.65	2920.50
1515.21	2919.46
1516.77	2905.85
1518.33	2925.74
1519.89	2915.27
1521.45	2913.18
1523.01	2919.46
1524.57	2932.01
1526.13	2922.60
1527.68	2924.69
1529.24	2930.97
1530.80	2917.36
1532.36	2926.78
1533.92	2920.50
1535.47	2911.09
1537.03	2914.22
1538.59	2921.55
1540.14	2920.50
1541.70	2906.90
1543.25	2934.11
1544.81	2919.46
1546.36	2914.22
1547.92	2902.71
1549.47	2918.41
1551.03	2914.22
1552.58	2911.09
1554.13	2907.95
1555.69	2913.18
1557.24	2900.62
1558.79	2899.58
1560.35	2899.58
1561.90	2906.90
1563.45	2889.11
1565.00	2908.99
1566.55	2900.62
1568.10	2894.34
1569.66	2883.88
1571.21	2902.71
1572.76	2896.44
1574.31	2902.71
1575.86	2901.67
1577.40	2885.97
1578.95	2883.88
1580.50	2885.97
1582.05	2887.02
1583.60	2885.97
1585.15	2878.65
1586.69	2875.51
1588.24	2882.83
1589.79	2888.06
1591.34	2870.28
1592.88	2889.11
1594.43	2869.23
1595.97	2881.79
1597.52	2882.83
1599.06	2883.88
1600.61	2877.60
1602.15	2896.44
1603.70	2872.37
1605.24	2869.23
1606.79	2878.65
1608.33	2874.46
1609.87	2865.04
1611.41	2880.74
1612.96	2874.46
1614.50	2851.44
1616.04	2856.67
1617.58	2860.86
1619.12	2858.77
1620.67	2856.67
1622.21	2840.98
1623.75	2865.04
1625.29	2847.26
1626.83	2847.26
1628.37	2859.81
1629.90	2831.56
1631.44	2831.56
1632.98	2830.51
1634.52	2814.82
1636.06	2815.86
1637.59	2823.19
1639.13	2806.45
1640.67	2804.35
1642.21	2791.80
1643.74	2795.98
1645.28	2766.68
1646.81	2752.03
1648.35	2764.59
1649.88	2733.20
1651.42	2741.57
1652.95	2725.87
1654.49	2743.66
1656.02	2723.78
1657.55	2725.87
1659.09	2704.94
1660.62	2730.06
1662.15	2703.90
1663.68	2711.22
1665.22	2700.76
1666.75	2694.48
1668.28	2694.48
1669.81	2714.36
1671.34	2697.62
1672.87	2702.85
1674.40	2703.90
1675.93	2686.11
1677.46	2674.60
1678.99	2677.74
1680.52	2680.88
1682.04	2689.25
1683.57	2677.74
1685.10	2678.78
1686.63	2675.65
1688.15	2675.65
1689.68	2667.27
1691.21	2670.41
1692.73	2663.09
1694.26	2672.51
1695.78	2659.95
1697.31	2673.55
1698.83	2668.32
1700.36	2668.32
1701.88	2657.86
1703.40	2669.37
1704.93	2659.95
1706.45	2662.04
