896.35	2961.31
897.98	2959.57
899.60	2967.94
901.22	2974.92
902.85	2977.01
904.47	2979.80
906.10	2982.59
907.72	2990.26
909.34	2994.45
910.97	3008.75
912.59	3021.31
914.21	3038.75
915.84	3055.84
917.46	3076.42
919.08	3087.58
920.71	3102.58
922.33	3113.04
923.95	3134.67
925.58	3137.81
927.20	3142.34
928.82	3142.69
930.44	3151.76
932.07	3152.80
933.69	3152.80
935.31	3156.64
936.93	3164.66
938.56	3169.20
940.18	3170.94
941.80	3179.31
943.42	3189.78
945.05	3191.17
946.67	3195.36
948.29	3185.24
949.91	3191.17
951.53	3191.87
953.16	3202.33
954.78	3197.10
956.40	3192.57
958.02	3184.89
959.64	3193.96
961.26	3195.36
962.88	3197.45
964.51	3196.75
966.13	3199.89
967.75	3198.85
969.37	3196.06
970.99	3189.78
972.61	3197.45
974.23	3198.15
975.85	3206.87
977.47	3201.29
979.09	3202.33
980.71	3199.89
982.33	3209.31
983.95	3217.33
985.57	3222.22
987.19	3225.35
988.81	3224.66
990.43	3219.42
992.05	3218.73
993.67	3217.68
995.29	3219.77
996.91	3224.66
998.53	3231.63
1000.15	3241.40
1001.77	3242.79
1003.39	3241.40
1005.01	3249.07
1006.63	3251.51
1008.25	3258.14
1009.86	3255.00
1011.48	3256.75
1013.10	3258.84
1014.72	3264.07
1016.34	3273.14
1017.96	3276.98
1019.58	3277.33
1021.19	3274.19
1022.81	3278.02
1024.43	3282.56
1026.05	3283.60
1027.66	3282.56
1029.28	3283.26
1030.90	3280.81
1032.52	3279.77
1034.13	3285.70
1035.75	3293.02
1037.37	3304.18
1038.98	3300.00
1040.60	3297.56
1042.22	3289.53
1043.83	3294.77
1045.45	3299.30
1047.07	3311.51
1048.68	3308.02
1050.30	3311.86
1051.92	3306.28
1053.53	3311.86
1055.15	3306.62
1056.76	3307.32
1058.38	3305.23
1059.99	3306.97
1061.61	3300.35
1063.22	3302.44
1064.84	3297.56
1066.46	3300.35
1068.07	3297.56
1069.68	3308.37
1071.30	3311.51
1072.91	3312.90
1074.53	3313.60
1076.14	3311.86
1077.76	3312.90
1079.37	3300.70
1080.98	3300.00
1082.60	3299.30
1084.21	3305.58
1085.83	3308.72
1087.44	3301.39
1089.05	3296.16
1090.67	3288.49
1092.28	3292.67
1093.89	3296.51
1095.50	3296.16
1097.12	3298.25
1098.73	3293.02
1100.34	3298.60
1101.95	3299.30
1103.57	3301.04
1105.18	3295.81
1106.79	3288.14
1108.40	3290.93
1110.01	3295.81
1111.63	3304.88
1113.24	3308.02
1114.85	3308.02
1116.46	3305.93
1118.07	3304.18
1119.68	3307.32
1121.29	3302.44
1122.90	3298.95
1124.51	3297.21
1126.12	3303.49
1127.73	3309.76
1129.34	3311.16
1130.95	3316.39
1132.56	3309.42
1134.17	3308.37
1135.78	3303.49
1137.39	3309.42
1139.00	3308.72
1140.61	3310.81
1142.22	3310.46
1143.83	3310.81
1145.44	3304.88
1147.05	3307.67
1148.65	3304.18
1150.26	3304.88
1151.87	3298.25
1153.48	3307.67
1155.09	3310.81
1156.69	3315.34
1158.30	3310.11
1159.91	3313.60
1161.52	3317.09
1163.12	3318.48
1164.73	3320.93
1166.34	3321.27
1167.94	3324.76
1169.55	3321.62
1171.16	3321.27
1172.76	3318.83
1174.37	3319.18
1175.97	3317.44
1177.58	3324.76
1179.19	3326.51
1180.79	3329.99
1182.40	3324.41
1184.00	3329.30
1185.61	3334.18
1187.21	3335.92
1188.82	3331.74
1190.42	3328.25
1192.02	3328.60
1193.63	3328.95
1195.23	3334.18
1196.84	3335.58
1198.44	3340.46
1200.04	3341.16
1201.65	3343.25
1203.25	3343.95
1204.85	3339.06
1206.46	3340.11
1208.06	3336.97
1209.66	3336.97
1211.26	3338.37
1212.87	3335.23
1214.47	3338.37
1216.07	3335.23
1217.67	3335.92
1219.27	3332.44
1220.87	3334.18
1222.48	3331.39
1224.08	3331.74
1225.68	3329.99
1227.28	3332.78
1228.88	3338.37
1230.48	3336.27
1232.08	3338.02
1233.68	3335.58
1235.28	3335.58
1236.88	3333.13
1238.48	3339.41
1240.08	3339.06
1241.68	3339.41
1243.28	3329.65
1244.87	3325.11
1246.47	3323.72
1248.07	3322.67
1249.67	3331.04
1251.27	3328.60
1252.87	3324.41
1254.46	3316.74
1256.06	3320.93
1257.66	3317.79
1259.26	3316.39
1260.85	3310.81
1262.45	3317.79
1264.05	3317.79
1265.64	3320.23
1267.24	3317.09
1268.83	3318.48
1270.43	3321.62
1272.03	3320.93
1273.62	3313.95
1275.22	3312.90
1276.81	3314.65
1278.41	3324.41
1280.00	3320.23
1281.60	3316.74
1283.19	3311.86
1284.79	3310.81
1286.38	3312.21
1287.97	3309.42
1289.57	3307.67
1291.16	3302.44
1292.75	3305.93
1294.35	3304.53
1295.94	3305.93
1297.53	3298.60
1299.12	3301.74
1300.72	3299.30
1302.31	3306.62
1303.90	3308.37
1305.49	3309.42
1307.08	3303.83
1308.68	3297.21
1310.27	3297.21
1311.86	3296.86
1313.45	3295.11
1315.04	3294.77
1316.63	3292.67
1318.22	3291.28
1319.81	3289.18
1321.40	3291.63
1322.99	3285.35
1324.58	3280.81
1326.17	3275.93
1327.75	3280.81
1329.34	3281.16
1330.93	3276.98
1332.52	3273.14
1334.11	3272.79
1335.70	3268.26
1337.28	3267.21
1338.87	3264.42
1340.46	3266.51
1342.05	3264.77
1343.63	3260.58
1345.22	3260.58
1346.81	3257.44
1348.39	3256.75
1349.98	3249.07
1351.56	3243.14
1353.15	3237.56
1354.73	3228.49
1356.32	3223.26
1357.90	3218.73
1359.49	3218.38
1361.07	3213.50
1362.66	3208.96
1364.24	3205.82
1365.82	3208.26
1367.41	3203.73
1368.99	3197.80
1370.57	3192.22
1372.16	3196.40
1373.74	3202.33
1375.32	3203.38
1376.91	3190.47
1378.49	3174.43
1380.07	3154.55
1381.65	3141.29
1383.23	3133.62
1384.81	3129.09
1386.39	3128.74
1387.97	3123.85
1389.55	3120.37
1391.14	3108.16
1392.72	3101.53
1394.29	3089.67
1395.87	3082.70
1397.45	3075.02
1399.03	3071.88
1400.61	3068.74
1402.19	3059.67
1403.77	3057.93
1405.35	3053.40
1406.92	3056.54
1408.50	3052.00
1410.08	3049.91
1411.66	3046.07
1413.23	3047.12
1414.81	3042.58
1416.39	3042.23
1417.96	3033.17
1419.54	3034.56
1421.12	3034.91
1422.69	3032.82
1424.27	3031.42
1425.84	3026.54
1427.42	3028.98
1428.99	3028.63
1430.57	3027.93
1432.14	3026.89
1433.71	3030.03
1435.29	3029.33
1436.86	3031.42
1438.43	3027.58
1440.01	2968.64
1441.58	2968.29
1443.15	2969.68
1444.72	3025.49
1446.30	3027.93
1447.87	3025.84
1449.44	3023.40
1451.01	3018.17
1452.58	3020.26
1454.15	3024.10
1455.72	3026.19
1457.29	3028.98
1458.86	3027.58
1460.43	3033.17
1462.00	3032.82
1463.57	3037.35
1465.14	3028.98
1466.71	3025.84
1468.28	3028.28
1469.85	3033.86
1471.41	3036.65
1472.98	3039.79
1474.55	3037.00
1476.12	3033.51
1477.68	3033.51
1479.25	3037.70
1480.82	3044.68
1482.38	3040.84
1483.95	3041.54
1485.51	3046.77
1487.08	3053.05
1488.64	3060.02
1490.21	3057.23
1491.77	3061.77
1493.34	3059.33
1494.90	3058.98
1496.46	3057.23
1498.03	3057.58
1499.59	3057.58
1501.15	3057.23
1502.72	3058.28
1504.28	3062.46
1505.84	3059.67
1507.40	3065.60
1508.97	3068.39
1510.53	3079.56
1512.09	3082.00
1513.65	3084.09
1515.21	3076.42
1516.77	3077.46
1518.33	3080.60
1519.89	3084.44
1521.45	3083.74
1523.01	3084.79
1524.57	3087.58
1526.13	3087.58
1527.68	3091.42
1529.24	3094.55
1530.80	3096.65
1532.36	3089.67
1533.92	3083.04
1535.47	3081.65
1537.03	3085.14
1538.59	3089.67
1540.14	3088.62
1541.70	3092.46
1543.25	3097.00
1544.81	3100.48
1546.36	3093.86
1547.92	3093.86
1549.47	3095.95
1551.03	3099.79
1552.58	3098.74
1554.13	3097.34
1555.69	3096.65
1557.24	3095.25
1558.79	3093.16
1560.35	3096.65
1561.90	3099.44
1563.45	3102.58
1565.00	3100.48
1566.55	3098.39
1568.10	3091.76
1569.66	3093.51
1571.21	3095.25
1572.76	3100.14
1574.31	3098.39
1575.86	3094.90
1577.40	3093.16
1578.95	3094.21
1580.50	3088.97
1582.05	3086.88
1583.60	3078.51
1585.15	3081.30
1586.69	3083.04
1588.24	3090.02
1589.79	3086.88
1591.34	3088.28
1592.88	3081.30
1594.43	3086.53
1595.97	3084.44
1597.52	3086.88
1599.06	3082.00
1600.61	3082.00
1602.15	3079.56
1603.70	3081.30
1605.24	3079.21
1606.79	3075.37
1608.33	3071.88
1609.87	3070.84
1611.41	3075.72
1612.96	3076.07
1614.50	3074.67
1616.04	3073.28
1617.58	3073.63
1619.12	3072.58
1620.67	3062.81
1622.21	3062.81
1623.75	3057.58
1625.29	3061.07
1626.83	3058.63
1628.37	3054.79
1629.90	3048.51
1631.44	3041.54
1632.98	3033.17
1634.52	3027.24
1636.06	3021.66
1637.59	3016.77
1639.13	3008.75
1640.67	2993.05
1642.21	2982.59
1643.74	2963.75
1645.28	2944.92
1646.81	2930.97
1648.35	2912.48
1649.88	2904.11
1651.42	2883.88
1652.95	2884.58
1654.49	2871.32
1656.02	2867.14
1657.55	2849.00
1659.09	2848.65
1660.62	2839.23
1662.15	2839.58
1663.68	2829.47
1665.22	2824.93
1666.75	2818.30
1668.28	2820.75
1669.81	2820.40
1671.34	2820.75
1672.87	2814.82
1674.40	2811.33
1675.93	2800.86
1677.46	2791.10
1678.99	2785.17
1680.52	2789.35
1682.04	2789.01
1683.57	2787.96
1685.10	2781.68
1686.63	2782.38
1688.15	2776.10
1689.68	2774.01
1691.21	2769.47
1692.73	2774.70
1694.26	2775.05
1695.78	2775.40
1697.31	2767.73
1698.83	2768.43
1700.36	2762.85
1701.88	2768.43
1703.40	2762.15
1704.93	2761.80
1706.45	2756.22
