896.35	2922.60
897.98	2922.25
899.60	2926.43
901.22	2929.22
902.85	2933.06
904.47	2939.34
906.10	2939.69
907.72	2944.57
909.34	2945.62
910.97	2957.13
912.59	2966.20
914.21	2978.06
915.84	2993.75
917.46	3012.24
919.08	3023.75
920.71	3038.75
922.33	3045.37
923.95	3063.16
925.58	3064.56
927.20	3068.74
928.82	3071.53
930.44	3079.21
932.07	3079.90
933.69	3078.51
935.31	3079.90
936.93	3088.62
938.56	3091.42
940.18	3097.00
941.80	3098.04
943.42	3107.11
945.05	3103.97
946.67	3110.95
948.29	3101.18
949.91	3112.34
951.53	3111.30
953.16	3121.76
954.78	3114.44
956.40	3111.65
958.02	3105.72
959.64	3107.81
961.26	3107.46
962.88	3110.25
964.51	3113.04
966.13	3121.41
967.75	3116.88
969.37	3115.48
970.99	3106.41
972.61	3113.04
974.23	3113.04
975.85	3121.41
977.47	3116.53
979.09	3117.58
980.71	3112.34
982.33	3122.81
983.95	3129.09
985.57	3134.32
987.19	3134.67
988.81	3136.41
990.43	3135.36
992.05	3141.64
993.67	3141.99
995.29	3140.94
996.91	3142.69
998.53	3148.27
1000.15	3160.48
1001.77	3156.99
1003.39	3152.46
1005.01	3155.94
1006.63	3159.08
1008.25	3168.85
1009.86	3164.66
1011.48	3166.76
1013.10	3168.15
1014.72	3173.38
1016.34	3180.71
1017.96	3180.71
1019.58	3179.31
1021.19	3179.66
1022.81	3184.89
1024.43	3193.26
1026.05	3196.06
1027.66	3198.15
1029.28	3197.10
1030.90	3194.66
1032.52	3191.52
1034.13	3196.40
1035.75	3197.10
1037.37	3205.82
1038.98	3204.08
1040.60	3205.47
1042.22	3198.15
1043.83	3201.98
1045.45	3203.38
1047.07	3210.70
1048.68	3204.78
1050.30	3208.61
1051.92	3205.12
1053.53	3214.89
1055.15	3211.05
1056.76	3214.54
1058.38	3211.05
1059.99	3213.50
1061.61	3205.82
1063.22	3205.82
1064.84	3203.03
1066.46	3206.52
1068.07	3205.47
1069.68	3216.63
1071.30	3216.29
1072.91	3213.84
1074.53	3205.47
1076.14	3207.57
1077.76	3211.75
1079.37	3204.78
1080.98	3203.73
1082.60	3203.03
1084.21	3208.61
1085.83	3213.15
1087.44	3209.66
1089.05	3209.66
1090.67	3204.08
1092.28	3206.52
1093.89	3204.78
1095.50	3203.38
1097.12	3204.78
1098.73	3200.94
1100.34	3204.43
1101.95	3203.38
1103.57	3206.17
1105.18	3200.59
1106.79	3195.71
1108.40	3200.59
1110.01	3206.87
1111.63	3212.45
1113.24	3212.10
1114.85	3210.01
1116.46	3211.40
1118.07	3210.70
1119.68	3213.84
1121.29	3210.01
1122.90	3207.91
1124.51	3208.96
1126.12	3211.40
1127.73	3217.68
1129.34	3219.08
1130.95	3224.66
1132.56	3213.50
1134.17	3208.61
1135.78	3204.08
1137.39	3213.15
1139.00	3209.66
1140.61	3208.61
1142.22	3206.52
1143.83	3213.15
1145.44	3212.10
1147.05	3215.59
1148.65	3209.66
1150.26	3210.70
1151.87	3208.26
1153.48	3216.98
1155.09	3216.98
1156.69	3215.94
1158.30	3208.26
1159.91	3212.80
1161.52	3218.38
1163.12	3221.52
1164.73	3222.56
1166.34	3220.47
1167.94	3225.35
1169.55	3226.40
1171.16	3230.59
1172.76	3229.54
1174.37	3230.59
1175.97	3225.01
1177.58	3226.40
1179.19	3220.12
1180.79	3223.26
1182.40	3221.87
1184.00	3227.80
1185.61	3235.82
1187.21	3237.21
1188.82	3237.91
1190.42	3231.63
1192.02	3229.89
1193.63	3227.10
1195.23	3229.89
1196.84	3232.68
1198.44	3238.61
1200.04	3236.52
1201.65	3236.17
1203.25	3233.73
1204.85	3233.03
1206.46	3232.68
1208.06	3230.94
1209.66	3234.07
1211.26	3240.00
1212.87	3236.52
1214.47	3235.12
1216.07	3230.94
1217.67	3237.56
1219.27	3235.12
1220.87	3234.77
1222.48	3226.75
1224.08	3232.33
1225.68	3233.73
1227.28	3237.21
1228.88	3236.52
1230.48	3232.33
1232.08	3232.33
1233.68	3235.47
1235.28	3236.17
1236.88	3236.86
1238.48	3235.82
1240.08	3232.33
1241.68	3226.75
1243.28	3219.08
1244.87	3218.38
1246.47	3221.17
1248.07	3222.22
1249.67	3232.68
1251.27	3229.19
1252.87	3224.66
1254.46	3213.50
1256.06	3214.54
1257.66	3212.80
1259.26	3212.80
1260.85	3210.36
1262.45	3214.54
1264.05	3215.94
1265.64	3224.31
1267.24	3225.70
1268.83	3227.45
1270.43	3227.10
1272.03	3225.35
1273.62	3219.42
1275.22	3219.08
1276.81	3216.29
1278.41	3223.61
1280.00	3217.33
1281.60	3219.42
1283.19	3217.68
1284.79	3217.68
1286.38	3217.33
1287.97	3212.80
1289.57	3208.26
1291.16	3203.03
1292.75	3204.43
1294.35	3205.82
1295.94	3211.05
1297.53	3204.78
1299.12	3208.61
1300.72	3200.59
1302.31	3207.91
1303.90	3209.66
1305.49	3212.80
1307.08	3206.52
1308.68	3198.50
1310.27	3200.59
1311.86	3201.29
1313.45	3201.29
1315.04	3195.36
1316.63	3192.57
1318.22	3188.38
1319.81	3189.08
1321.40	3191.17
1322.99	3189.78
1324.58	3186.64
1326.17	3181.06
1327.75	3181.06
1329.34	3180.71
1330.93	3178.62
1332.52	3177.57
1334.11	3173.73
1335.70	3168.50
1337.28	3167.80
1338.87	3169.55
1340.46	3172.34
1342.05	3168.50
1343.63	3163.27
1345.22	3166.06
1346.81	3167.45
1348.39	3168.50
1349.98	3158.38
1351.56	3153.85
1353.15	3150.36
1354.73	3145.48
1356.32	3138.50
1357.90	3133.97
1359.49	3130.48
1361.07	3127.34
1362.66	3122.81
1364.24	3124.90
1365.82	3126.99
1367.41	3122.46
1368.99	3114.44
1370.57	3110.95
1372.16	3112.34
1373.74	3116.88
1375.32	3115.48
1376.91	3107.11
1378.49	3092.11
1380.07	3076.77
1381.65	3062.81
1383.23	3058.63
1384.81	3052.70
1386.39	3053.05
1387.97	3049.21
1389.55	3045.37
1391.14	3036.30
1392.72	3027.58
1394.29	3018.17
1395.87	3011.54
1397.45	3006.31
1399.03	3001.08
1400.61	2995.15
1402.19	2983.29
1403.77	2981.89
1405.35	2979.10
1406.92	2979.80
1408.50	2975.26
1410.08	2971.78
1411.66	2970.38
1413.23	2968.64
1414.81	2961.66
1416.39	2962.01
1417.96	2956.08
1419.54	2961.66
1421.12	2960.96
1422.69	2957.13
1424.27	2954.34
1425.84	2950.50
1427.42	2955.38
1428.99	2957.48
1430.57	2951.55
1432.14	2948.76
1433.71	2948.76
1435.29	2956.43
1436.86	2959.92
1438.43	2955.73
1440.01	2893.65
1441.58	2891.55
1443.15	2894.34
1444.72	2950.50
1446.30	2952.94
1447.87	2951.90
1449.44	2951.20
1451.01	2952.24
1452.58	2953.99
1454.15	2956.08
1455.72	2950.85
1457.29	2951.55
1458.86	2951.20
1460.43	2957.13
1462.00	2954.34
1463.57	2957.13
1465.14	2951.55
1466.71	2952.24
1468.28	2957.48
1469.85	2961.66
1471.41	2962.36
1472.98	2962.71
1474.55	2960.62
1476.12	2962.01
1477.68	2962.01
1479.25	2964.10
1480.82	2967.24
1482.38	2964.45
1483.95	2968.29
1485.51	2974.92
1487.08	2981.54
1488.64	2987.47
1490.21	2978.40
1491.77	2981.89
1493.34	2973.87
1494.90	2978.75
1496.46	2978.06
1498.03	2984.33
1499.59	2987.82
1501.15	2986.43
1502.72	2987.82
1504.28	2986.43
1505.84	2985.73
1507.40	2987.47
1508.97	2989.91
1510.53	2996.89
1512.09	2999.68
1513.65	3004.22
1515.21	3001.42
1516.77	3003.17
1518.33	3002.12
1519.89	3003.87
1521.45	3003.87
1523.01	3007.35
1524.57	3008.75
1526.13	3008.40
1527.68	3012.59
1529.24	3012.24
1530.80	3015.03
1532.36	3008.40
1533.92	3008.40
1535.47	3005.61
1537.03	3008.40
1538.59	3011.19
1540.14	3010.49
1541.70	3014.68
1543.25	3017.82
1544.81	3024.10
1546.36	3017.12
1547.92	3015.73
1549.47	3013.63
1551.03	3016.42
1552.58	3014.33
1554.13	3016.42
1555.69	3018.52
1557.24	3018.86
1558.79	3016.42
1560.35	3019.56
1561.90	3023.75
1563.45	3026.19
1565.00	3023.05
1566.55	3021.66
1568.10	3020.61
1569.66	3023.75
1571.21	3025.14
1572.76	3027.24
1574.31	3024.45
1575.86	3020.26
1577.40	3019.56
1578.95	3021.31
1580.50	3019.91
1582.05	3017.47
1583.60	3012.94
1585.15	3013.98
1586.69	3012.24
1588.24	3014.68
1589.79	3010.84
1591.34	3013.63
1592.88	3005.96
1594.43	3009.10
1595.97	3003.17
1597.52	3008.75
1599.06	3007.70
1600.61	3014.33
1602.15	3011.89
1603.70	3011.54
1605.24	3007.35
1606.79	3005.26
1608.33	3006.66
1609.87	3006.66
1611.41	3012.59
1612.96	3009.80
1614.50	3003.87
1616.04	3001.08
1617.58	3000.38
1619.12	3003.52
1620.67	2993.75
1622.21	2994.80
1623.75	2990.96
1625.29	2995.15
1626.83	2994.10
1628.37	2991.66
1629.90	2987.47
1631.44	2982.24
1632.98	2975.96
1634.52	2971.08
1636.06	2967.24
1637.59	2963.06
1639.13	2958.87
1640.67	2945.97
1642.21	2937.94
1643.74	2922.94
1645.28	2908.99
1646.81	2900.97
1648.35	2884.93
1649.88	2878.65
1651.42	2861.56
1652.95	2862.25
1654.49	2850.39
1656.02	2846.21
1657.55	2830.86
1659.09	2830.51
1660.62	2821.44
1662.15	2822.49
1663.68	2813.42
1665.22	2810.98
1666.75	2804.70
1668.28	2805.75
1669.81	2800.52
1671.34	2798.42
1672.87	2795.28
1674.40	2795.28
1675.93	2790.40
1677.46	2781.33
1678.99	2775.75
1680.52	2777.84
1682.04	2776.10
1683.57	2778.19
1685.10	2771.57
1686.63	2772.61
1688.15	2764.24
1689.68	2764.24
1691.21	2760.40
1692.73	2762.50
1694.26	2758.31
1695.78	2756.22
1697.31	2749.24
1698.83	2750.99
1700.36	2748.54
1701.88	2754.47
1703.40	2750.29
1704.93	2752.73
1706.45	2755.17
