896.35	2850.39
897.98	2850.74
899.60	2858.07
901.22	2865.04
902.85	2866.09
904.47	2870.62
906.10	2872.37
907.72	2879.34
909.34	2880.74
910.97	2891.20
912.59	2896.09
914.21	2902.37
915.84	2907.95
917.46	2920.15
919.08	2925.74
920.71	2935.85
922.33	2940.38
923.95	2956.78
925.58	2959.57
927.20	2964.80
928.82	2965.50
930.44	2970.03
932.07	2964.45
933.69	2962.71
935.31	2963.06
936.93	2974.22
938.56	2975.26
940.18	2979.45
941.80	2979.10
943.42	2989.91
945.05	2990.26
946.67	2996.89
948.29	2987.47
949.91	2997.59
951.53	2998.98
953.16	3007.70
954.78	2998.98
956.40	2995.84
958.02	2990.26
959.64	2998.63
961.26	2998.63
962.88	2998.29
964.51	2995.15
966.13	3003.17
967.75	3002.12
969.37	3004.22
970.99	2995.50
972.61	3004.56
974.23	3000.38
975.85	3006.66
977.47	3002.82
979.09	3007.01
980.71	3004.22
982.33	3012.59
983.95	3015.73
985.57	3020.96
987.19	3019.56
988.81	3020.61
990.43	3016.07
992.05	3018.86
993.67	3017.12
995.29	3016.42
996.91	3016.07
998.53	3020.61
1000.15	3028.98
1001.77	3031.07
1003.39	3029.33
1005.01	3034.91
1006.63	3033.17
1008.25	3040.49
1009.86	3035.61
1011.48	3037.70
1013.10	3037.00
1014.72	3040.84
1016.34	3048.51
1017.96	3050.26
1019.58	3046.77
1021.19	3044.68
1022.81	3046.42
1024.43	3055.14
1026.05	3056.19
1027.66	3058.98
1029.28	3056.88
1030.90	3056.54
1032.52	3052.35
1034.13	3055.84
1035.75	3055.49
1037.37	3067.35
1038.98	3063.16
1040.60	3062.12
1042.22	3050.95
1043.83	3056.54
1045.45	3058.28
1047.07	3065.60
1048.68	3061.42
1050.30	3067.35
1051.92	3061.07
1053.53	3066.30
1055.15	3058.28
1056.76	3064.56
1058.38	3063.51
1059.99	3069.09
1061.61	3061.07
1063.22	3064.91
1064.84	3060.37
1066.46	3063.86
1068.07	3055.84
1069.68	3065.26
1071.30	3064.91
1072.91	3067.70
1074.53	3064.21
1076.14	3068.39
1077.76	3072.58
1079.37	3064.56
1080.98	3061.42
1082.60	3060.02
1084.21	3063.16
1085.83	3069.44
1087.44	3064.91
1089.05	3067.35
1090.67	3059.67
1092.28	3066.30
1093.89	3068.05
1095.50	3068.74
1097.12	3064.56
1098.73	3059.67
1100.34	3060.37
1101.95	3061.77
1103.57	3059.33
1105.18	3055.84
1106.79	3050.95
1108.40	3056.54
1110.01	3061.42
1111.63	3067.70
1113.24	3066.30
1114.85	3067.00
1116.46	3066.65
1118.07	3069.79
1119.68	3071.88
1121.29	3068.74
1122.90	3064.91
1124.51	3064.21
1126.12	3067.00
1127.73	3073.98
1129.34	3075.37
1130.95	3077.11
1132.56	3064.56
1134.17	3057.93
1135.78	3053.40
1137.39	3061.07
1139.00	3061.07
1140.61	3066.65
1142.22	3066.65
1143.83	3072.58
1145.44	3070.14
1147.05	3077.11
1148.65	3072.23
1150.26	3069.09
1151.87	3063.16
1153.48	3071.53
1155.09	3075.72
1156.69	3077.11
1158.30	3067.70
1159.91	3069.09
1161.52	3069.09
1163.12	3074.67
1164.73	3076.42
1166.34	3075.72
1167.94	3075.72
1169.55	3073.63
1171.16	3075.37
1172.76	3076.77
1174.37	3079.21
1175.97	3075.02
1177.58	3077.11
1179.19	3072.58
1180.79	3074.32
1182.40	3069.44
1184.00	3073.63
1185.61	3080.60
1187.21	3079.90
1188.82	3081.65
1190.42	3075.72
1192.02	3078.86
1193.63	3072.23
1195.23	3078.51
1196.84	3080.95
1198.44	3089.32
1200.04	3087.23
1201.65	3087.93
1203.25	3086.53
1204.85	3085.14
1206.46	3083.04
1208.06	3079.21
1209.66	3080.25
1211.26	3088.97
1212.87	3087.23
1214.47	3088.97
1216.07	3082.00
1217.67	3088.28
1219.27	3085.83
1220.87	3086.53
1222.48	3080.95
1224.08	3084.79
1225.68	3082.70
1227.28	3083.74
1228.88	3080.25
1230.48	3078.16
1232.08	3079.21
1233.68	3087.23
1235.28	3090.02
1236.88	3088.62
1238.48	3086.88
1240.08	3082.00
1241.68	3081.65
1243.28	3076.42
1244.87	3076.77
1246.47	3078.16
1248.07	3077.11
1249.67	3087.58
1251.27	3084.09
1252.87	3082.00
1254.46	3070.14
1256.06	3072.58
1257.66	3070.14
1259.26	3073.63
1260.85	3072.23
1262.45	3076.77
1264.05	3073.63
1265.64	3075.02
1267.24	3072.23
1268.83	3074.32
1270.43	3075.02
1272.03	3077.46
1273.62	3070.84
1275.22	3071.53
1276.81	3065.26
1278.41	3071.18
1280.00	3066.30
1281.60	3072.93
1283.19	3073.98
1284.79	3078.51
1286.38	3077.11
1287.97	3077.46
1289.57	3071.18
1291.16	3066.30
1292.75	3064.91
1294.35	3067.00
1295.94	3071.88
1297.53	3069.09
1299.12	3073.63
1300.72	3068.05
1302.31	3073.63
1303.90	3071.88
1305.49	3073.28
1307.08	3065.26
1308.68	3056.88
1310.27	3056.88
1311.86	3056.54
1313.45	3058.63
1315.04	3054.44
1316.63	3054.79
1318.22	3052.35
1319.81	3055.14
1321.40	3057.23
1322.99	3054.09
1324.58	3051.30
1326.17	3044.33
1327.75	3045.72
1329.34	3044.33
1330.93	3045.02
1332.52	3044.33
1334.11	3040.84
1335.70	3034.91
1337.28	3032.47
1338.87	3035.26
1340.46	3040.84
1342.05	3041.19
1343.63	3035.26
1345.22	3035.26
1346.81	3033.86
1348.39	3038.05
1349.98	3029.68
1351.56	3025.84
1353.15	3021.66
1354.73	3020.26
1356.32	3017.12
1357.90	3015.03
1359.49	3014.68
1361.07	3014.33
1362.66	3009.10
1364.24	3008.05
1365.82	3008.75
1367.41	3007.35
1368.99	3003.17
1370.57	3001.42
1372.16	3004.91
1373.74	3010.14
1375.32	3010.14
1376.91	3001.77
1378.49	2989.57
1380.07	2980.50
1381.65	2973.87
1383.23	2969.68
1384.81	2964.10
1386.39	2967.94
1387.97	2967.24
1389.55	2965.15
1391.14	2955.73
1392.72	2951.90
1394.29	2947.71
1395.87	2942.13
1397.45	2938.99
1399.03	2938.99
1400.61	2937.94
1402.19	2933.41
1403.77	2932.71
1405.35	2932.01
1406.92	2930.27
1408.50	2923.29
1410.08	2919.81
1411.66	2918.06
1413.23	2921.55
1414.81	2915.97
1416.39	2917.71
1417.96	2910.39
1419.54	2914.57
1421.12	2914.22
1422.69	2911.43
1424.27	2915.62
1425.84	2911.43
1427.42	2915.27
1428.99	2913.18
1430.57	2914.22
1432.14	2911.43
1433.71	2913.18
1435.29	2916.32
1436.86	2918.41
1438.43	2913.18
1440.01	2850.39
1441.58	2851.44
1443.15	2856.32
1444.72	2916.67
1446.30	2918.41
1447.87	2914.92
1449.44	2910.04
1451.01	2909.34
1452.58	2911.43
1454.15	2912.13
1455.72	2910.04
1457.29	2913.53
1458.86	2915.97
1460.43	2923.29
1462.00	2920.15
1463.57	2922.94
1465.14	2917.02
1466.71	2914.57
1468.28	2918.41
1469.85	2919.81
1471.41	2919.81
1472.98	2920.15
1474.55	2915.97
1476.12	2914.92
1477.68	2915.27
1479.25	2920.15
1480.82	2925.39
1482.38	2918.41
1483.95	2919.46
1485.51	2925.04
1487.08	2930.62
1488.64	2930.97
1490.21	2922.60
1491.77	2926.08
1493.34	2923.99
1494.90	2927.13
1496.46	2928.53
1498.03	2929.57
1499.59	2929.57
1501.15	2925.74
1502.72	2926.43
1504.28	2927.48
1505.84	2925.74
1507.40	2930.27
1508.97	2933.76
1510.53	2942.48
1512.09	2945.62
1513.65	2946.31
1515.21	2941.78
1516.77	2939.69
1518.33	2936.90
1519.89	2937.25
1521.45	2935.85
1523.01	2941.78
1524.57	2942.83
1526.13	2943.18
1527.68	2944.57
1529.24	2943.87
1530.80	2948.06
1532.36	2946.66
1533.92	2946.66
1535.47	2943.87
1537.03	2943.52
1538.59	2945.62
1540.14	2942.83
1541.70	2944.22
1543.25	2943.52
1544.81	2948.76
1546.36	2941.78
1547.92	2943.18
1549.47	2938.64
1551.03	2939.69
1552.58	2939.69
1554.13	2941.78
1555.69	2942.13
1557.24	2940.73
1558.79	2937.25
1560.35	2939.69
1561.90	2940.73
1563.45	2944.22
1565.00	2944.22
1566.55	2945.62
1568.10	2943.52
1569.66	2945.62
1571.21	2943.87
1572.76	2944.57
1574.31	2943.87
1575.86	2939.34
1577.40	2936.90
1578.95	2932.01
1580.50	2928.87
1582.05	2928.53
1583.60	2925.04
1585.15	2926.43
1586.69	2927.13
1588.24	2931.32
1589.79	2931.32
1591.34	2933.41
1592.88	2929.22
1594.43	2932.71
1595.97	2928.53
1597.52	2931.66
1599.06	2928.53
1600.61	2935.50
1602.15	2934.11
1603.70	2933.41
1605.24	2926.43
1606.79	2923.99
1608.33	2922.94
1609.87	2921.55
1611.41	2925.04
1612.96	2919.81
1614.50	2916.32
1616.04	2913.18
1617.58	2919.11
1619.12	2925.39
1620.67	2917.71
1622.21	2918.06
1623.75	2911.09
1625.29	2915.27
1626.83	2917.02
1628.37	2915.62
1629.90	2911.43
1631.44	2903.76
1632.98	2898.88
1634.52	2896.09
1636.06	2896.09
1637.59	2895.04
1639.13	2891.90
1640.67	2877.60
1642.21	2871.67
1643.74	2860.86
1645.28	2853.53
1646.81	2851.79
1648.35	2844.46
1649.88	2842.72
1651.42	2824.93
1652.95	2826.33
1654.49	2818.30
1656.02	2819.70
1657.55	2807.14
1659.09	2808.54
1660.62	2801.56
1662.15	2807.14
1663.68	2797.73
1665.22	2795.98
1666.75	2787.96
1668.28	2793.89
1669.81	2793.89
1671.34	2794.94
1672.87	2790.40
1674.40	2786.56
1675.93	2778.19
1677.46	2769.12
1678.99	2765.29
1680.52	2769.47
1682.04	2770.17
1683.57	2771.57
1685.10	2765.98
1686.63	2767.03
1688.15	2760.06
1689.68	2758.31
1691.21	2753.78
1692.73	2757.26
1694.26	2759.01
1695.78	2758.66
1697.31	2755.52
1698.83	2752.73
1700.36	2745.75
1701.88	2746.80
1703.40	2742.27
1704.93	2745.75
1706.45	2744.71
