896.35	2952.94
897.98	2955.03
899.60	2962.36
901.22	2970.03
902.85	2970.73
904.47	2975.26
906.10	2980.50
907.72	2987.82
909.34	2990.26
910.97	3000.73
912.59	3010.14
914.21	3024.45
915.84	3040.14
917.46	3064.21
919.08	3078.86
920.71	3095.95
922.33	3102.58
923.95	3121.06
925.58	3124.90
927.20	3134.32
928.82	3139.55
930.44	3146.53
932.07	3143.04
933.69	3140.60
935.31	3145.83
936.93	3155.94
938.56	3159.78
940.18	3160.13
941.80	3164.66
943.42	3175.82
945.05	3175.48
946.67	3181.06
948.29	3170.94
949.91	3176.87
951.53	3174.43
953.16	3185.94
954.78	3182.45
956.40	3180.36
958.02	3174.78
959.64	3180.71
961.26	3183.50
962.88	3181.06
964.51	3182.45
966.13	3186.64
967.75	3187.34
969.37	3186.99
970.99	3182.45
972.61	3189.08
974.23	3184.54
975.85	3189.08
977.47	3185.59
979.09	3188.73
980.71	3184.54
982.33	3190.47
983.95	3196.75
985.57	3203.38
987.19	3205.82
988.81	3205.12
990.43	3201.64
992.05	3203.38
993.67	3206.17
995.29	3210.01
996.91	3213.84
998.53	3218.73
1000.15	3227.10
1001.77	3227.80
1003.39	3228.14
1005.01	3230.94
1006.63	3235.47
1008.25	3242.79
1009.86	3240.70
1011.48	3241.05
1013.10	3242.79
1014.72	3250.47
1016.34	3259.89
1017.96	3260.23
1019.58	3257.44
1021.19	3253.96
1022.81	3258.84
1024.43	3266.51
1026.05	3270.70
1027.66	3271.74
1029.28	3272.79
1030.90	3273.84
1032.52	3273.84
1034.13	3279.42
1035.75	3280.46
1037.37	3291.28
1038.98	3289.18
1040.60	3289.88
1042.22	3280.46
1043.83	3282.91
1045.45	3283.95
1047.07	3293.72
1048.68	3292.32
1050.30	3298.25
1051.92	3293.02
1053.53	3296.51
1055.15	3288.84
1056.76	3291.98
1058.38	3291.98
1059.99	3298.25
1061.61	3292.32
1063.22	3294.07
1064.84	3289.88
1066.46	3293.02
1068.07	3287.09
1069.68	3292.32
1071.30	3287.79
1072.91	3290.23
1074.53	3289.18
1076.14	3293.02
1077.76	3293.02
1079.37	3283.95
1080.98	3281.86
1082.60	3283.60
1084.21	3287.09
1085.83	3289.88
1087.44	3283.95
1089.05	3284.65
1090.67	3280.81
1092.28	3285.00
1093.89	3287.44
1095.50	3286.74
1097.12	3285.70
1098.73	3279.77
1100.34	3282.21
1101.95	3282.21
1103.57	3280.46
1105.18	3276.98
1106.79	3274.19
1108.40	3283.26
1110.01	3289.53
1111.63	3293.37
1113.24	3290.23
1114.85	3287.79
1116.46	3288.84
1118.07	3286.74
1119.68	3286.05
1121.29	3281.86
1122.90	3281.51
1124.51	3288.14
1126.12	3292.67
1127.73	3301.04
1129.34	3302.09
1130.95	3304.88
1132.56	3293.02
1134.17	3287.09
1135.78	3283.26
1137.39	3291.28
1139.00	3288.84
1140.61	3290.93
1142.22	3290.23
1143.83	3293.37
1145.44	3287.09
1147.05	3291.28
1148.65	3289.53
1150.26	3292.32
1151.87	3288.14
1153.48	3296.51
1155.09	3300.70
1156.69	3299.65
1158.30	3294.07
1159.91	3295.81
1161.52	3300.35
1163.12	3299.65
1164.73	3302.09
1166.34	3301.39
1167.94	3303.83
1169.55	3302.79
1171.16	3307.32
1172.76	3310.81
1174.37	3310.81
1175.97	3306.28
1177.58	3309.42
1179.19	3306.62
1180.79	3310.11
1182.40	3308.02
1184.00	3313.60
1185.61	3317.79
1187.21	3317.44
1188.82	3318.48
1190.42	3314.30
1192.02	3311.16
1193.63	3306.28
1195.23	3308.37
1196.84	3313.60
1198.44	3321.27
1200.04	3321.97
1201.65	3320.23
1203.25	3318.48
1204.85	3317.44
1206.46	3316.39
1208.06	3311.86
1209.66	3309.42
1211.26	3315.34
1212.87	3314.65
1214.47	3319.88
1216.07	3315.00
1217.67	3314.65
1219.27	3310.11
1220.87	3311.51
1222.48	3312.21
1224.08	3319.18
1225.68	3317.79
1227.28	3317.44
1228.88	3312.55
1230.48	3308.72
1232.08	3310.11
1233.68	3315.69
1235.28	3318.48
1236.88	3317.79
1238.48	3319.88
1240.08	3320.93
1241.68	3318.83
1243.28	3305.23
1244.87	3299.65
1246.47	3299.65
1248.07	3302.79
1249.67	3310.81
1251.27	3306.97
1252.87	3302.79
1254.46	3292.32
1256.06	3295.46
1257.66	3293.02
1259.26	3295.46
1260.85	3290.58
1262.45	3294.07
1264.05	3290.23
1265.64	3293.02
1267.24	3294.77
1268.83	3296.86
1270.43	3300.35
1272.03	3299.30
1273.62	3295.46
1275.22	3295.11
1276.81	3290.58
1278.41	3297.90
1280.00	3293.37
1281.60	3294.07
1283.19	3288.84
1284.79	3287.79
1286.38	3289.53
1287.97	3290.58
1289.57	3289.53
1291.16	3284.65
1292.75	3282.21
1294.35	3279.77
1295.94	3282.21
1297.53	3280.46
1299.12	3285.00
1300.72	3282.21
1302.31	3287.79
1303.90	3285.35
1305.49	3286.74
1307.08	3280.12
1308.68	3275.93
1310.27	3274.88
1311.86	3274.54
1313.45	3272.44
1315.04	3271.74
1316.63	3268.61
1318.22	3267.21
1319.81	3265.82
1321.40	3270.70
1322.99	3266.86
1324.58	3260.93
1326.17	3252.21
1327.75	3252.91
1329.34	3252.91
1330.93	3252.21
1332.52	3249.77
1334.11	3245.58
1335.70	3238.26
1337.28	3235.12
1338.87	3236.17
1340.46	3240.00
1342.05	3239.66
1343.63	3234.42
1345.22	3236.86
1346.81	3236.17
1348.39	3235.82
1349.98	3227.80
1351.56	3219.77
1353.15	3213.50
1354.73	3201.29
1356.32	3195.36
1357.90	3192.57
1359.49	3191.17
1361.07	3185.24
1362.66	3177.22
1364.24	3177.57
1365.82	3183.15
1367.41	3184.20
1368.99	3179.66
1370.57	3175.13
1372.16	3175.48
1373.74	3177.57
1375.32	3175.13
1376.91	3161.52
1378.49	3144.43
1380.07	3127.34
1381.65	3115.48
1383.23	3111.65
1384.81	3106.76
1386.39	3105.72
1387.97	3101.18
1389.55	3095.25
1391.14	3085.49
1392.72	3077.46
1394.29	3069.44
1395.87	3063.51
1397.45	3053.74
1399.03	3048.16
1400.61	3040.84
1402.19	3034.21
1403.77	3032.47
1405.35	3028.98
1406.92	3026.54
1408.50	3019.91
1410.08	3014.33
1411.66	3011.89
1413.23	3011.89
1414.81	3007.70
1416.39	3008.05
1417.96	2999.68
1419.54	3000.38
1421.12	2997.24
1422.69	2996.54
1424.27	2997.24
1425.84	2994.45
1427.42	2996.54
1428.99	2997.59
1430.57	2996.89
1432.14	2996.54
1433.71	2998.29
1435.29	3000.03
1436.86	3001.42
1438.43	2996.54
1440.01	2934.46
1441.58	2932.36
1443.15	2935.50
1444.72	2994.45
1446.30	2996.54
1447.87	2992.70
1449.44	2989.57
1451.01	2987.47
1452.58	2990.26
1454.15	2988.52
1455.72	2982.94
1457.29	2982.94
1458.86	2985.73
1460.43	2996.89
1462.00	2998.29
1463.57	3002.82
1465.14	2996.19
1466.71	2996.89
1468.28	3001.08
1469.85	3003.87
1471.41	3003.17
1472.98	3004.56
1474.55	3002.82
1476.12	3001.42
1477.68	3001.42
1479.25	3005.61
1480.82	3011.19
1482.38	3008.05
1483.95	3010.84
1485.51	3016.07
1487.08	3019.21
1488.64	3021.31
1490.21	3013.98
1491.77	3018.86
1493.34	3015.03
1494.90	3022.00
1496.46	3023.40
1498.03	3027.24
1499.59	3027.24
1501.15	3024.79
1502.72	3026.89
1504.28	3027.24
1505.84	3027.93
1507.40	3032.82
1508.97	3037.00
1510.53	3045.02
1512.09	3048.86
1513.65	3048.16
1515.21	3043.63
1516.77	3041.89
1518.33	3045.72
1519.89	3048.16
1521.45	3048.86
1523.01	3053.74
1524.57	3057.93
1526.13	3058.28
1527.68	3061.42
1529.24	3062.12
1530.80	3068.74
1532.36	3062.46
1533.92	3057.93
1535.47	3051.30
1537.03	3055.84
1538.59	3060.72
1540.14	3061.07
1541.70	3064.56
1543.25	3066.65
1544.81	3073.98
1546.36	3067.35
1547.92	3066.30
1549.47	3063.16
1551.03	3064.21
1552.58	3064.21
1554.13	3066.30
1555.69	3068.39
1557.24	3070.14
1558.79	3068.74
1560.35	3071.53
1561.90	3071.18
1563.45	3071.88
1565.00	3069.79
1566.55	3073.28
1568.10	3070.49
1569.66	3071.88
1571.21	3075.37
1572.76	3077.46
1574.31	3073.28
1575.86	3063.16
1577.40	3061.07
1578.95	3063.51
1580.50	3060.72
1582.05	3059.67
1583.60	3051.65
1585.15	3053.74
1586.69	3054.79
1588.24	3062.12
1589.79	3061.42
1591.34	3065.60
1592.88	3060.37
1594.43	3063.51
1595.97	3057.58
1597.52	3059.67
1599.06	3059.67
1600.61	3066.65
1602.15	3066.65
1603.70	3065.26
1605.24	3059.67
1606.79	3054.44
1608.33	3049.21
1609.87	3048.16
1611.41	3052.70
1612.96	3053.74
1614.50	3049.56
1616.04	3047.12
1617.58	3046.77
1619.12	3050.26
1620.67	3041.54
1622.21	3044.33
1623.75	3037.00
1625.29	3041.89
1626.83	3039.44
1628.37	3037.35
1629.90	3029.68
1631.44	3022.35
1632.98	3011.54
1634.52	3007.01
1636.06	3004.91
1637.59	3003.17
1639.13	2995.84
1640.67	2980.15
1642.21	2970.38
1643.74	2956.43
1645.28	2936.20
1646.81	2925.04
1648.35	2908.30
1649.88	2903.06
1651.42	2886.67
1652.95	2887.02
1654.49	2874.11
1656.02	2867.14
1657.55	2848.65
1659.09	2847.60
1660.62	2839.58
1662.15	2843.07
1663.68	2831.56
1665.22	2827.37
1666.75	2818.65
1668.28	2821.79
1669.81	2817.26
1671.34	2815.17
1672.87	2814.12
1674.40	2810.98
1675.93	2805.05
1677.46	2791.80
1678.99	2787.61
1680.52	2788.31
1682.04	2787.96
1683.57	2789.35
1685.10	2782.73
1686.63	2780.98
1688.15	2772.61
1689.68	2770.52
1691.21	2768.08
1692.73	2773.31
1694.26	2773.66
1695.78	2774.36
1697.31	2766.68
1698.83	2765.98
1700.36	2760.40
1701.88	2765.98
1703.40	2759.01
1704.93	2757.96
1706.45	2753.08
