896.35	2980.15
897.98	2983.29
899.60	2995.84
901.22	3011.54
902.85	3007.35
904.47	3015.73
906.10	3024.10
907.72	3027.24
909.34	3040.84
910.97	3055.49
912.59	3072.23
914.21	3098.39
915.84	3124.55
917.46	3161.18
919.08	3182.10
920.71	3199.89
922.33	3226.05
923.95	3231.28
925.58	3253.26
927.20	3252.21
928.82	3257.44
930.44	3283.60
932.07	3271.05
933.69	3264.77
935.31	3281.51
936.93	3287.79
938.56	3287.79
940.18	3302.44
941.80	3302.44
943.42	3320.23
945.05	3321.27
946.67	3313.95
948.29	3315.00
949.91	3312.90
951.53	3327.55
953.16	3331.74
954.78	3323.37
956.40	3318.14
958.02	3309.76
959.64	3321.27
961.26	3315.00
962.88	3325.46
964.51	3322.32
966.13	3339.06
967.75	3336.97
969.37	3322.32
970.99	3318.14
972.61	3316.04
974.23	3322.32
975.85	3330.69
977.47	3336.97
979.09	3328.60
980.71	3323.37
982.33	3338.02
983.95	3345.34
985.57	3354.76
987.19	3334.88
988.81	3352.67
990.43	3343.25
992.05	3344.30
993.67	3355.81
995.29	3353.71
996.91	3351.62
998.53	3380.92
1000.15	3374.64
1001.77	3375.69
1003.39	3373.59
1005.01	3383.01
1006.63	3384.06
1008.25	3396.62
1009.86	3401.85
1011.48	3394.52
1013.10	3395.57
1014.72	3409.17
1016.34	3421.73
1017.96	3443.70
1019.58	3416.50
1021.19	3414.40
1022.81	3419.64
1024.43	3442.66
1026.05	3431.15
1027.66	3446.84
1029.28	3437.42
1030.90	3441.61
1032.52	3433.24
1034.13	3449.98
1035.75	3456.26
1037.37	3454.17
1038.98	3458.35
1040.60	3452.07
1042.22	3442.66
1043.83	3452.07
1045.45	3454.17
1047.07	3458.35
1048.68	3465.68
1050.30	3460.45
1051.92	3467.77
1053.53	3465.68
1055.15	3459.40
1056.76	3465.68
1058.38	3458.35
1059.99	3466.72
1061.61	3453.12
1063.22	3449.98
1064.84	3454.17
1066.46	3464.63
1068.07	3453.12
1069.68	3452.07
1071.30	3464.63
1072.91	3451.03
1074.53	3446.84
1076.14	3468.82
1077.76	3449.98
1079.37	3452.07
1080.98	3415.45
1082.60	3435.33
1084.21	3441.61
1085.83	3446.84
1087.44	3443.70
1089.05	3431.15
1090.67	3424.87
1092.28	3425.91
1093.89	3438.47
1095.50	3435.33
1097.12	3425.91
1098.73	3436.38
1100.34	3406.03
1101.95	3433.24
1103.57	3433.24
1105.18	3424.87
1106.79	3414.40
1108.40	3426.96
1110.01	3418.59
1111.63	3438.47
1113.24	3441.61
1114.85	3436.38
1116.46	3422.78
1118.07	3439.52
1119.68	3423.82
1121.29	3433.24
1122.90	3424.87
1124.51	3433.24
1126.12	3438.47
1127.73	3443.70
1129.34	3435.33
1130.95	3447.89
1132.56	3448.94
1134.17	3417.54
1135.78	3421.73
1137.39	3435.33
1139.00	3428.01
1140.61	3431.15
1142.22	3442.66
1143.83	3433.24
1145.44	3438.47
1147.05	3440.56
1148.65	3441.61
1150.26	3421.73
1151.87	3416.50
1153.48	3434.29
1155.09	3451.03
1156.69	3439.52
1158.30	3430.10
1159.91	3437.42
1161.52	3440.56
1163.12	3443.70
1164.73	3439.52
1166.34	3460.45
1167.94	3437.42
1169.55	3447.89
1171.16	3433.24
1172.76	3447.89
1174.37	3441.61
1175.97	3449.98
1177.58	3439.52
1179.19	3455.21
1180.79	3441.61
1182.40	3447.89
1184.00	3439.52
1185.61	3445.80
1187.21	3439.52
1188.82	3440.56
1190.42	3439.52
1192.02	3443.70
1193.63	3433.24
1195.23	3445.80
1196.84	3439.52
1198.44	3446.84
1200.04	3453.12
1201.65	3449.98
1203.25	3434.29
1204.85	3442.66
1206.46	3421.73
1208.06	3439.52
1209.66	3442.66
1211.26	3437.42
1212.87	3447.89
1214.47	3433.24
1216.07	3430.10
1217.67	3438.47
1219.27	3426.96
1220.87	3426.96
1222.48	3421.73
1224.08	3421.73
1225.68	3428.01
1227.28	3424.87
1228.88	3410.22
1230.48	3424.87
1232.08	3401.85
1233.68	3426.96
1235.28	3423.82
1236.88	3412.31
1238.48	3403.94
1240.08	3421.73
1241.68	3386.15
1243.28	3398.71
1244.87	3392.43
1246.47	3386.15
1248.07	3380.92
1249.67	3386.15
1251.27	3393.48
1252.87	3375.69
1254.46	3365.22
1256.06	3358.94
1257.66	3359.99
1259.26	3355.81
1260.85	3358.94
1262.45	3359.99
1264.05	3359.99
1265.64	3356.85
1267.24	3349.53
1268.83	3361.04
1270.43	3342.20
1272.03	3365.22
1273.62	3348.48
1275.22	3330.69
1276.81	3341.16
1278.41	3338.02
1280.00	3347.43
1281.60	3344.30
1283.19	3332.78
1284.79	3336.97
1286.38	3331.74
1287.97	3338.02
1289.57	3327.55
1291.16	3329.65
1292.75	3329.65
1294.35	3331.74
1295.94	3323.37
1297.53	3334.88
1299.12	3318.14
1300.72	3339.06
1302.31	3306.62
1303.90	3324.41
1305.49	3316.04
1307.08	3295.11
1308.68	3297.21
1310.27	3309.76
1311.86	3304.53
1313.45	3298.25
1315.04	3293.02
1316.63	3296.16
1318.22	3297.21
1319.81	3283.60
1321.40	3282.56
1322.99	3293.02
1324.58	3280.46
1326.17	3279.42
1327.75	3264.77
1329.34	3264.77
1330.93	3254.30
1332.52	3261.63
1334.11	3254.30
1335.70	3258.49
1337.28	3246.98
1338.87	3255.35
1340.46	3254.30
1342.05	3242.79
1343.63	3231.28
1345.22	3249.07
1346.81	3248.03
1348.39	3238.61
1349.98	3230.24
1351.56	3220.82
1353.15	3219.77
1354.73	3218.73
1356.32	3203.03
1357.90	3189.43
1359.49	3188.38
1361.07	3183.15
1362.66	3180.01
1364.24	3186.29
1365.82	3175.82
1367.41	3186.29
1368.99	3153.85
1370.57	3160.13
1372.16	3162.22
1373.74	3162.22
1375.32	3159.08
1376.91	3142.34
1378.49	3120.37
1380.07	3094.21
1381.65	3088.97
1383.23	3068.05
1384.81	3064.91
1386.39	3057.58
1387.97	3057.58
1389.55	3052.35
1391.14	3047.12
1392.72	3034.56
1394.29	3028.28
1395.87	3014.68
1397.45	3001.08
1399.03	3011.54
1400.61	3009.45
1402.19	3004.22
1403.77	2989.57
1405.35	3003.17
1406.92	2981.19
1408.50	2981.19
1410.08	2971.78
1411.66	2971.78
1413.23	2972.82
1414.81	2980.15
1416.39	2959.22
1417.96	2970.73
1419.54	2958.17
1421.12	2969.68
1422.69	2971.78
1424.27	2961.31
1425.84	2960.27
1427.42	2958.17
1428.99	2960.27
1430.57	2960.27
1432.14	2955.03
1433.71	2942.48
1435.29	2961.31
1436.86	2955.03
1438.43	2950.85
1440.01	2942.48
1441.58	2815.86
1443.15	2940.38
1444.72	2946.66
1446.30	2945.62
1447.87	2955.03
1449.44	2940.38
1451.01	2923.64
1452.58	2934.11
1454.15	2932.01
1455.72	2928.87
1457.29	2935.15
1458.86	2936.20
1460.43	2928.87
1462.00	2946.66
1463.57	2937.25
1465.14	2939.34
1466.71	2929.92
1468.28	2930.97
1469.85	2936.20
1471.41	2939.34
1472.98	2922.60
1474.55	2937.25
1476.12	2915.27
1477.68	2923.64
1479.25	2935.15
1480.82	2934.11
1482.38	2932.01
1483.95	2920.50
1485.51	2937.25
1487.08	2950.85
1488.64	2945.62
1490.21	2945.62
1491.77	2933.06
1493.34	2950.85
1494.90	2930.97
1496.46	2937.25
1498.03	2942.48
1499.59	2943.52
1501.15	2939.34
1502.72	2939.34
1504.28	2946.66
1505.84	2939.34
1507.40	2940.38
1508.97	2959.22
1510.53	2947.71
1512.09	2957.13
1513.65	2951.90
1515.21	2950.85
1516.77	2937.25
1518.33	2958.17
1519.89	2942.48
1521.45	2946.66
1523.01	2947.71
1524.57	2950.85
1526.13	2946.66
1527.68	2943.52
1529.24	2958.17
1530.80	2951.90
1532.36	2958.17
1533.92	2948.76
1535.47	2937.25
1537.03	2942.48
1538.59	2952.94
1540.14	2948.76
1541.70	2930.97
1543.25	2948.76
1544.81	2949.80
1546.36	2956.08
1547.92	2934.11
1549.47	2943.52
1551.03	2945.62
1552.58	2937.25
1554.13	2939.34
1555.69	2952.94
1557.24	2933.06
1558.79	2937.25
1560.35	2933.06
1561.90	2939.34
1563.45	2919.46
1565.00	2930.97
1566.55	2918.41
1568.10	2926.78
1569.66	2916.32
1571.21	2932.01
1572.76	2934.11
1574.31	2932.01
1575.86	2925.74
1577.40	2919.46
1578.95	2915.27
1580.50	2922.60
1582.05	2906.90
1583.60	2913.18
1585.15	2905.85
1586.69	2908.99
1588.24	2910.04
1589.79	2912.13
1591.34	2885.97
1592.88	2910.04
1594.43	2889.11
1595.97	2904.81
1597.52	2899.58
1599.06	2903.76
1600.61	2900.62
1602.15	2907.95
1603.70	2893.30
1605.24	2901.67
1606.79	2897.48
1608.33	2889.11
1609.87	2895.39
1611.41	2900.62
1612.96	2899.58
1614.50	2883.88
1616.04	2878.65
1617.58	2878.65
1619.12	2876.55
1620.67	2892.25
1622.21	2861.90
1623.75	2883.88
1625.29	2862.95
1626.83	2859.81
1628.37	2875.51
1629.90	2852.49
1631.44	2857.72
1632.98	2846.21
1634.52	2828.42
1636.06	2825.28
1637.59	2829.47
1639.13	2813.77
1640.67	2810.63
1642.21	2797.03
1643.74	2789.70
1645.28	2774.01
1646.81	2762.50
1648.35	2767.73
1649.88	2748.89
1651.42	2749.94
1652.95	2726.92
1654.49	2734.24
1656.02	2720.64
1657.55	2724.83
1659.09	2705.99
1660.62	2721.69
1662.15	2705.99
1663.68	2710.18
1665.22	2703.90
1666.75	2702.85
1668.28	2697.62
1669.81	2721.69
1671.34	2691.34
1672.87	2695.53
1674.40	2696.57
1675.93	2695.53
1677.46	2678.78
1678.99	2678.78
1680.52	2674.60
1682.04	2692.39
1683.57	2676.69
1685.10	2681.92
1686.63	2678.78
1688.15	2688.20
1689.68	2667.27
1691.21	2658.90
1692.73	2665.18
1694.26	2678.78
1695.78	2671.46
1697.31	2676.69
1698.83	2663.09
1700.36	2664.13
1701.88	2653.67
1703.40	2668.32
1704.93	2659.95
1706.45	2662.04
