896.35	3004.22
897.98	3010.49
899.60	3017.82
901.22	3037.70
902.85	3030.38
904.47	3043.98
906.10	3045.02
907.72	3052.35
909.34	3069.09
910.97	3084.79
912.59	3102.58
914.21	3135.02
915.84	3160.13
917.46	3200.94
919.08	3230.24
920.71	3240.70
922.33	3260.58
923.95	3281.51
925.58	3303.49
927.20	3301.39
928.82	3308.72
930.44	3332.78
932.07	3316.04
933.69	3316.04
935.31	3318.14
936.93	3336.97
938.56	3344.30
940.18	3353.71
941.80	3349.53
943.42	3363.13
945.05	3373.59
946.67	3361.04
948.29	3368.36
949.91	3368.36
951.53	3377.78
953.16	3376.73
954.78	3374.64
956.40	3373.59
958.02	3379.87
959.64	3389.29
961.26	3377.78
962.88	3379.87
964.51	3365.22
966.13	3387.20
967.75	3380.92
969.37	3372.55
970.99	3376.73
972.61	3380.92
974.23	3374.64
975.85	3384.06
977.47	3392.43
979.09	3390.34
980.71	3373.59
982.33	3387.20
983.95	3384.06
985.57	3408.13
987.19	3395.57
988.81	3408.13
990.43	3394.52
992.05	3396.62
993.67	3408.13
995.29	3414.40
996.91	3403.94
998.53	3439.52
1000.15	3426.96
1001.77	3434.29
1003.39	3431.15
1005.01	3443.70
1006.63	3447.89
1008.25	3457.31
1009.86	3459.40
1011.48	3456.26
1013.10	3448.94
1014.72	3468.82
1016.34	3481.37
1017.96	3498.12
1019.58	3482.42
1021.19	3477.19
1022.81	3484.51
1024.43	3502.30
1026.05	3492.88
1027.66	3504.39
1029.28	3498.12
1030.90	3505.44
1032.52	3494.98
1034.13	3508.58
1035.75	3520.09
1037.37	3520.09
1038.98	3518.00
1040.60	3510.67
1042.22	3500.21
1043.83	3516.95
1045.45	3513.81
1047.07	3526.37
1048.68	3527.42
1050.30	3516.95
1051.92	3526.37
1053.53	3523.23
1055.15	3519.04
1056.76	3528.46
1058.38	3520.09
1059.99	3529.51
1061.61	3515.90
1063.22	3512.77
1064.84	3518.00
1066.46	3518.00
1068.07	3505.44
1069.68	3509.63
1071.30	3508.58
1072.91	3505.44
1074.53	3509.63
1076.14	3519.04
1077.76	3500.21
1079.37	3504.39
1080.98	3477.19
1082.60	3497.07
1084.21	3502.30
1085.83	3501.26
1087.44	3500.21
1089.05	3481.37
1090.67	3476.14
1092.28	3489.74
1093.89	3490.79
1095.50	3486.61
1097.12	3468.82
1098.73	3490.79
1100.34	3464.63
1101.95	3490.79
1103.57	3476.14
1105.18	3475.10
1106.79	3468.82
1108.40	3486.61
1110.01	3482.42
1111.63	3489.74
1113.24	3493.93
1114.85	3487.65
1116.46	3494.98
1118.07	3494.98
1119.68	3478.23
1121.29	3496.02
1122.90	3484.51
1124.51	3489.74
1126.12	3493.93
1127.73	3504.39
1129.34	3498.12
1130.95	3504.39
1132.56	3502.30
1134.17	3489.74
1135.78	3483.47
1137.39	3496.02
1139.00	3490.79
1140.61	3498.12
1142.22	3501.26
1143.83	3494.98
1145.44	3499.16
1147.05	3504.39
1148.65	3503.35
1150.26	3499.16
1151.87	3486.61
1153.48	3486.61
1155.09	3502.30
1156.69	3506.49
1158.30	3488.70
1159.91	3493.93
1161.52	3505.44
1163.12	3510.67
1164.73	3500.21
1166.34	3514.86
1167.94	3498.12
1169.55	3507.53
1171.16	3505.44
1172.76	3523.23
1174.37	3509.63
1175.97	3527.42
1177.58	3499.16
1179.19	3527.42
1180.79	3504.39
1182.40	3511.72
1184.00	3515.90
1185.61	3523.23
1187.21	3520.09
1188.82	3522.18
1190.42	3522.18
1192.02	3504.39
1193.63	3487.65
1195.23	3518.00
1196.84	3520.09
1198.44	3526.37
1200.04	3516.95
1201.65	3510.67
1203.25	3500.21
1204.85	3515.90
1206.46	3490.79
1208.06	3501.26
1209.66	3488.70
1211.26	3499.16
1212.87	3501.26
1214.47	3490.79
1216.07	3491.84
1217.67	3500.21
1219.27	3482.42
1220.87	3492.88
1222.48	3486.61
1224.08	3489.74
1225.68	3483.47
1227.28	3487.65
1228.88	3470.91
1230.48	3482.42
1232.08	3458.35
1233.68	3483.47
1235.28	3476.14
1236.88	3478.23
1238.48	3467.77
1240.08	3494.98
1241.68	3459.40
1243.28	3460.45
1244.87	3451.03
1246.47	3445.80
1248.07	3434.29
1249.67	3445.80
1251.27	3446.84
1252.87	3425.91
1254.46	3420.68
1256.06	3430.10
1257.66	3423.82
1259.26	3415.45
1260.85	3420.68
1262.45	3419.64
1264.05	3413.36
1265.64	3412.31
1267.24	3404.99
1268.83	3415.45
1270.43	3406.03
1272.03	3422.78
1273.62	3409.17
1275.22	3404.99
1276.81	3401.85
1278.41	3408.13
1280.00	3418.59
1281.60	3411.26
1283.19	3392.43
1284.79	3396.62
1286.38	3386.15
1287.97	3397.66
1289.57	3384.06
1291.16	3378.83
1292.75	3369.41
1294.35	3394.52
1295.94	3378.83
1297.53	3381.97
1299.12	3367.32
1300.72	3388.24
1302.31	3353.71
1303.90	3380.92
1305.49	3369.41
1307.08	3354.76
1308.68	3349.53
1310.27	3347.43
1311.86	3362.08
1313.45	3355.81
1315.04	3347.43
1316.63	3351.62
1318.22	3346.39
1319.81	3342.20
1321.40	3333.83
1322.99	3347.43
1324.58	3317.09
1326.17	3323.37
1327.75	3322.32
1329.34	3320.23
1330.93	3309.76
1332.52	3313.95
1334.11	3311.86
1335.70	3311.86
1337.28	3305.58
1338.87	3306.62
1340.46	3298.25
1342.05	3306.62
1343.63	3297.21
1345.22	3296.16
1346.81	3298.25
1348.39	3282.56
1349.98	3277.33
1351.56	3271.05
1353.15	3270.00
1354.73	3267.91
1356.32	3250.12
1357.90	3241.75
1359.49	3246.98
1361.07	3232.33
1362.66	3225.01
1364.24	3234.42
1365.82	3228.14
1367.41	3238.61
1368.99	3213.50
1370.57	3213.50
1372.16	3204.08
1373.74	3212.45
1375.32	3194.66
1376.91	3194.66
1378.49	3160.13
1380.07	3126.64
1381.65	3121.41
1383.23	3113.04
1384.81	3108.86
1386.39	3108.86
1387.97	3104.67
1389.55	3100.48
1391.14	3098.39
1392.72	3081.65
1394.29	3079.56
1395.87	3063.86
1397.45	3055.49
1399.03	3055.49
1400.61	3052.35
1402.19	3053.40
1403.77	3035.61
1405.35	3048.16
1406.92	3035.61
1408.50	3036.65
1410.08	3032.47
1411.66	3030.38
1413.23	3025.14
1414.81	3027.24
1416.39	3013.63
1417.96	3020.96
1419.54	3007.35
1421.12	3012.59
1422.69	3022.00
1424.27	3009.45
1425.84	3014.68
1427.42	2996.89
1428.99	3014.68
1430.57	3009.45
1432.14	3003.17
1433.71	2994.80
1435.29	3002.12
1436.86	3006.31
1438.43	2993.75
1440.01	2988.52
1441.58	2869.23
1443.15	2991.66
1444.72	2990.61
1446.30	2989.57
1447.87	3001.08
1449.44	2988.52
1451.01	2978.06
1452.58	2995.84
1454.15	2987.47
1455.72	2981.19
1457.29	2984.33
1458.86	2987.47
1460.43	2979.10
1462.00	2993.75
1463.57	2980.15
1465.14	2982.24
1466.71	2968.64
1468.28	2968.64
1469.85	2965.50
1471.41	2979.10
1472.98	2971.78
1474.55	2989.57
1476.12	2972.82
1477.68	2968.64
1479.25	2975.96
1480.82	2975.96
1482.38	2975.96
1483.95	2962.36
1485.51	2974.92
1487.08	2994.80
1488.64	2980.15
1490.21	2984.33
1491.77	2962.36
1493.34	2987.47
1494.90	2964.45
1496.46	2973.87
1498.03	2978.06
1499.59	2985.38
1501.15	2975.96
1502.72	2974.92
1504.28	2977.01
1505.84	2977.01
1507.40	2964.45
1508.97	2989.57
1510.53	2987.47
1512.09	3006.31
1513.65	2995.84
1515.21	2989.57
1516.77	2967.59
1518.33	2992.70
1519.89	2989.57
1521.45	2984.33
1523.01	2988.52
1524.57	2988.52
1526.13	2975.96
1527.68	3003.17
1529.24	3005.26
1530.80	2984.33
1532.36	2990.61
1533.92	2987.47
1535.47	2973.87
1537.03	2979.10
1538.59	2990.61
1540.14	2979.10
1541.70	2967.59
1543.25	2990.61
1544.81	2984.33
1546.36	2991.66
1547.92	2960.27
1549.47	2980.15
1551.03	2970.73
1552.58	2972.82
1554.13	2965.50
1555.69	2974.92
1557.24	2965.50
1558.79	2961.31
1560.35	2953.99
1561.90	2964.45
1563.45	2956.08
1565.00	2957.13
1566.55	2952.94
1568.10	2951.90
1569.66	2946.66
1571.21	2963.41
1572.76	2953.99
1574.31	2951.90
1575.86	2950.85
1577.40	2945.62
1578.95	2938.29
1580.50	2937.25
1582.05	2930.97
1583.60	2938.29
1585.15	2928.87
1586.69	2939.34
1588.24	2940.38
1589.79	2937.25
1591.34	2925.74
1592.88	2948.76
1594.43	2926.78
1595.97	2934.11
1597.52	2932.01
1599.06	2929.92
1600.61	2924.69
1602.15	2938.29
1603.70	2925.74
1605.24	2924.69
1606.79	2920.50
1608.33	2906.90
1609.87	2906.90
1611.41	2919.46
1612.96	2905.85
1614.50	2904.81
1616.04	2908.99
1617.58	2921.55
1619.12	2900.62
1620.67	2913.18
1622.21	2880.74
1623.75	2906.90
1625.29	2893.30
1626.83	2896.44
1628.37	2892.25
1629.90	2867.14
1631.44	2873.42
1632.98	2874.46
1634.52	2852.49
1636.06	2844.12
1637.59	2855.63
1639.13	2828.42
1640.67	2822.14
1642.21	2809.58
1643.74	2802.26
1645.28	2784.47
1646.81	2782.38
1648.35	2783.42
1649.88	2741.57
1651.42	2747.85
1652.95	2733.20
1654.49	2750.99
1656.02	2723.78
1657.55	2733.20
1659.09	2704.94
1660.62	2725.87
1662.15	2710.18
1663.68	2716.45
1665.22	2705.99
1666.75	2705.99
1668.28	2702.85
1669.81	2713.32
1671.34	2691.34
1672.87	2692.39
1674.40	2702.85
1675.93	2692.39
1677.46	2672.51
1678.99	2673.55
1680.52	2678.78
1682.04	2693.43
1683.57	2672.51
1685.10	2684.02
1686.63	2678.78
1688.15	2685.06
1689.68	2666.23
1691.21	2674.60
1692.73	2676.69
1694.26	2678.78
1695.78	2668.32
1697.31	2672.51
1698.83	2654.72
1700.36	2666.23
1701.88	2668.32
1703.40	2673.55
1704.93	2663.09
1706.45	2663.09
