896.35	2979.10
897.98	2984.33
899.60	2994.80
901.22	3015.73
902.85	3011.54
904.47	3017.82
906.10	3014.68
907.72	3015.73
909.34	3036.65
910.97	3051.30
912.59	3075.37
914.21	3097.34
915.84	3122.46
917.46	3162.22
919.08	3186.29
920.71	3209.31
922.33	3220.82
923.95	3226.05
925.58	3252.21
927.20	3251.17
928.82	3256.40
930.44	3283.60
932.07	3276.28
933.69	3272.09
935.31	3281.51
936.93	3294.07
938.56	3288.84
940.18	3304.53
941.80	3301.39
943.42	3311.86
945.05	3321.27
946.67	3310.81
948.29	3316.04
949.91	3317.09
951.53	3326.51
953.16	3328.60
954.78	3335.92
956.40	3321.27
958.02	3328.60
959.64	3329.65
961.26	3322.32
962.88	3330.69
964.51	3317.09
966.13	3339.06
967.75	3345.34
969.37	3327.55
970.99	3322.32
972.61	3320.23
974.23	3325.46
975.85	3331.74
977.47	3334.88
979.09	3327.55
980.71	3325.46
982.33	3340.11
983.95	3342.20
985.57	3358.94
987.19	3342.20
988.81	3347.43
990.43	3342.20
992.05	3348.48
993.67	3358.94
995.29	3359.99
996.91	3350.57
998.53	3379.87
1000.15	3378.83
1001.77	3385.10
1003.39	3388.24
1005.01	3392.43
1006.63	3387.20
1008.25	3390.34
1009.86	3404.99
1011.48	3406.03
1013.10	3401.85
1014.72	3415.45
1016.34	3422.78
1017.96	3441.61
1019.58	3431.15
1021.19	3428.01
1022.81	3430.10
1024.43	3439.52
1026.05	3426.96
1027.66	3447.89
1029.28	3442.66
1030.90	3451.03
1032.52	3431.15
1034.13	3455.21
1035.75	3458.35
1037.37	3456.26
1038.98	3465.68
1040.60	3464.63
1042.22	3460.45
1043.83	3462.54
1045.45	3458.35
1047.07	3459.40
1048.68	3459.40
1050.30	3455.21
1051.92	3461.49
1053.53	3460.45
1055.15	3464.63
1056.76	3467.77
1058.38	3467.77
1059.99	3474.05
1061.61	3464.63
1063.22	3451.03
1064.84	3453.12
1066.46	3454.17
1068.07	3458.35
1069.68	3461.49
1071.30	3465.68
1072.91	3453.12
1074.53	3446.84
1076.14	3464.63
1077.76	3447.89
1079.37	3448.94
1080.98	3424.87
1082.60	3451.03
1084.21	3446.84
1085.83	3437.42
1087.44	3452.07
1089.05	3434.29
1090.67	3424.87
1092.28	3426.96
1093.89	3434.29
1095.50	3444.75
1097.12	3428.01
1098.73	3434.29
1100.34	3409.17
1101.95	3438.47
1103.57	3431.15
1105.18	3421.73
1106.79	3416.50
1108.40	3433.24
1110.01	3425.91
1111.63	3434.29
1113.24	3439.52
1114.85	3435.33
1116.46	3429.05
1118.07	3443.70
1119.68	3437.42
1121.29	3432.19
1122.90	3424.87
1124.51	3429.05
1126.12	3437.42
1127.73	3445.80
1129.34	3443.70
1130.95	3448.94
1132.56	3443.70
1134.17	3422.78
1135.78	3430.10
1137.39	3444.75
1139.00	3430.10
1140.61	3436.38
1142.22	3440.56
1143.83	3440.56
1145.44	3436.38
1147.05	3442.66
1148.65	3440.56
1150.26	3433.24
1151.87	3422.78
1153.48	3439.52
1155.09	3440.56
1156.69	3440.56
1158.30	3430.10
1159.91	3442.66
1161.52	3441.61
1163.12	3438.47
1164.73	3437.42
1166.34	3455.21
1167.94	3441.61
1169.55	3456.26
1171.16	3451.03
1172.76	3457.31
1174.37	3445.80
1175.97	3454.17
1177.58	3431.15
1179.19	3453.12
1180.79	3440.56
1182.40	3443.70
1184.00	3437.42
1185.61	3455.21
1187.21	3455.21
1188.82	3449.98
1190.42	3446.84
1192.02	3442.66
1193.63	3436.38
1195.23	3452.07
1196.84	3442.66
1198.44	3449.98
1200.04	3440.56
1201.65	3439.52
1203.25	3438.47
1204.85	3447.89
1206.46	3428.01
1208.06	3440.56
1209.66	3430.10
1211.26	3438.47
1212.87	3456.26
1214.47	3443.70
1216.07	3434.29
1217.67	3440.56
1219.27	3423.82
1220.87	3422.78
1222.48	3428.01
1224.08	3428.01
1225.68	3426.96
1227.28	3426.96
1228.88	3419.64
1230.48	3431.15
1232.08	3413.36
1233.68	3425.91
1235.28	3430.10
1236.88	3410.22
1238.48	3396.62
1240.08	3434.29
1241.68	3388.24
1243.28	3397.66
1244.87	3386.15
1246.47	3386.15
1248.07	3380.92
1249.67	3386.15
1251.27	3400.80
1252.87	3377.78
1254.46	3372.55
1256.06	3374.64
1257.66	3368.36
1259.26	3358.94
1260.85	3372.55
1262.45	3363.13
1264.05	3365.22
1265.64	3361.04
1267.24	3355.81
1268.83	3357.90
1270.43	3346.39
1272.03	3370.46
1273.62	3354.76
1275.22	3345.34
1276.81	3344.30
1278.41	3342.20
1280.00	3345.34
1281.60	3344.30
1283.19	3331.74
1284.79	3349.53
1286.38	3338.02
1287.97	3339.06
1289.57	3332.78
1291.16	3336.97
1292.75	3329.65
1294.35	3329.65
1295.94	3328.60
1297.53	3323.37
1299.12	3323.37
1300.72	3330.69
1302.31	3298.25
1303.90	3334.88
1305.49	3323.37
1307.08	3313.95
1308.68	3302.44
1310.27	3305.58
1311.86	3304.53
1313.45	3300.35
1315.04	3294.07
1316.63	3304.53
1318.22	3301.39
1319.81	3290.93
1321.40	3279.42
1322.99	3289.88
1324.58	3266.86
1326.17	3272.09
1327.75	3262.68
1329.34	3273.14
1330.93	3264.77
1332.52	3259.54
1334.11	3252.21
1335.70	3261.63
1337.28	3253.26
1338.87	3266.86
1340.46	3254.30
1342.05	3246.98
1343.63	3243.84
1345.22	3241.75
1346.81	3243.84
1348.39	3229.19
1349.98	3227.10
1351.56	3229.19
1353.15	3220.82
1354.73	3231.28
1356.32	3198.85
1357.90	3195.71
1359.49	3195.71
1361.07	3187.34
1362.66	3178.96
1364.24	3182.10
1365.82	3178.96
1367.41	3185.24
1368.99	3162.22
1370.57	3158.04
1372.16	3171.64
1373.74	3165.36
1375.32	3156.99
1376.91	3147.57
1378.49	3116.18
1380.07	3095.25
1381.65	3084.79
1383.23	3073.28
1384.81	3070.14
1386.39	3069.09
1387.97	3056.54
1389.55	3060.72
1391.14	3054.44
1392.72	3038.75
1394.29	3034.56
1395.87	3022.00
1397.45	3017.82
1399.03	3023.05
1400.61	3008.40
1402.19	3001.08
1403.77	2988.52
1405.35	2996.89
1406.92	2982.24
1408.50	3000.03
1410.08	2982.24
1411.66	2971.78
1413.23	2972.82
1414.81	2983.29
1416.39	2959.22
1417.96	2966.54
1419.54	2958.17
1421.12	2968.64
1422.69	2975.96
1424.27	2966.54
1425.84	2965.50
1427.42	2965.50
1428.99	2969.68
1430.57	2959.22
1432.14	2955.03
1433.71	2946.66
1435.29	2955.03
1436.86	2948.76
1438.43	2947.71
1440.01	2944.57
1441.58	2822.14
1443.15	2943.52
1444.72	2946.66
1446.30	2950.85
1447.87	2948.76
1449.44	2940.38
1451.01	2927.83
1452.58	2946.66
1454.15	2946.66
1455.72	2933.06
1457.29	2928.87
1458.86	2938.29
1460.43	2925.74
1462.00	2946.66
1463.57	2932.01
1465.14	2939.34
1466.71	2934.11
1468.28	2933.06
1469.85	2933.06
1471.41	2938.29
1472.98	2927.83
1474.55	2945.62
1476.12	2927.83
1477.68	2937.25
1479.25	2944.57
1480.82	2923.64
1482.38	2937.25
1483.95	2934.11
1485.51	2944.57
1487.08	2946.66
1488.64	2947.71
1490.21	2950.85
1491.77	2933.06
1493.34	2947.71
1494.90	2933.06
1496.46	2941.43
1498.03	2949.80
1499.59	2945.62
1501.15	2940.38
1502.72	2938.29
1504.28	2939.34
1505.84	2937.25
1507.40	2935.15
1508.97	2959.22
1510.53	2953.99
1512.09	2963.41
1513.65	2955.03
1515.21	2955.03
1516.77	2940.38
1518.33	2972.82
1519.89	2950.85
1521.45	2948.76
1523.01	2961.31
1524.57	2963.41
1526.13	2949.80
1527.68	2961.31
1529.24	2962.36
1530.80	2959.22
1532.36	2962.36
1533.92	2959.22
1535.47	2949.80
1537.03	2957.13
1538.59	2952.94
1540.14	2947.71
1541.70	2943.52
1543.25	2965.50
1544.81	2952.94
1546.36	2956.08
1547.92	2936.20
1549.47	2956.08
1551.03	2950.85
1552.58	2950.85
1554.13	2942.48
1555.69	2945.62
1557.24	2932.01
1558.79	2932.01
1560.35	2938.29
1561.90	2945.62
1563.45	2928.87
1565.00	2935.15
1566.55	2933.06
1568.10	2920.50
1569.66	2912.13
1571.21	2942.48
1572.76	2936.20
1574.31	2927.83
1575.86	2921.55
1577.40	2919.46
1578.95	2917.36
1580.50	2928.87
1582.05	2908.99
1583.60	2917.36
1585.15	2905.85
1586.69	2903.76
1588.24	2905.85
1589.79	2918.41
1591.34	2900.62
1592.88	2916.32
1594.43	2893.30
1595.97	2912.13
1597.52	2910.04
1599.06	2907.95
1600.61	2895.39
1602.15	2915.27
1603.70	2895.39
1605.24	2894.34
1606.79	2890.16
1608.33	2883.88
1609.87	2878.65
1611.41	2894.34
1612.96	2891.20
1614.50	2878.65
1616.04	2878.65
1617.58	2882.83
1619.12	2870.28
1620.67	2883.88
1622.21	2866.09
1623.75	2885.97
1625.29	2860.86
1626.83	2861.90
1628.37	2871.32
1629.90	2852.49
1631.44	2847.26
1632.98	2856.67
1634.52	2830.51
1636.06	2828.42
1637.59	2838.88
1639.13	2810.63
1640.67	2810.63
1642.21	2798.07
1643.74	2802.26
1645.28	2776.10
1646.81	2774.01
1648.35	2774.01
1649.88	2742.62
1651.42	2754.13
1652.95	2725.87
1654.49	2750.99
1656.02	2722.73
1657.55	2723.78
1659.09	2698.67
1660.62	2713.32
1662.15	2704.94
1663.68	2711.22
1665.22	2696.57
1666.75	2699.71
1668.28	2695.53
1669.81	2712.27
1671.34	2702.85
1672.87	2703.90
1674.40	2705.99
1675.93	2697.62
1677.46	2680.88
1678.99	2677.74
1680.52	2682.97
1682.04	2692.39
1683.57	2677.74
1685.10	2686.11
1686.63	2681.92
1688.15	2688.20
1689.68	2667.27
1691.21	2674.60
1692.73	2676.69
1694.26	2689.25
1695.78	2664.13
1697.31	2666.23
1698.83	2655.76
1700.36	2663.09
1701.88	2662.04
1703.40	2672.51
1704.93	2653.67
1706.45	2651.58
