896.35	2983.29
897.98	2986.43
899.60	2995.84
901.22	3015.73
902.85	3006.31
904.47	3019.91
906.10	3026.19
907.72	3026.19
909.34	3040.84
910.97	3063.86
912.59	3082.70
914.21	3111.99
915.84	3139.20
917.46	3175.82
919.08	3195.71
920.71	3219.77
922.33	3236.52
923.95	3252.21
925.58	3273.14
927.20	3266.86
928.82	3276.28
930.44	3294.07
932.07	3286.74
933.69	3284.65
935.31	3286.74
936.93	3303.49
938.56	3305.58
940.18	3320.23
941.80	3316.04
943.42	3335.92
945.05	3347.43
946.67	3331.74
948.29	3335.92
949.91	3336.97
951.53	3351.62
953.16	3355.81
954.78	3345.34
956.40	3335.92
958.02	3333.83
959.64	3343.25
961.26	3348.48
962.88	3346.39
964.51	3334.88
966.13	3359.99
967.75	3354.76
969.37	3339.06
970.99	3335.92
972.61	3342.20
974.23	3338.02
975.85	3342.20
977.47	3343.25
979.09	3349.53
980.71	3344.30
982.33	3348.48
983.95	3351.62
985.57	3366.27
987.19	3353.71
988.81	3366.27
990.43	3363.13
992.05	3370.46
993.67	3377.78
995.29	3381.97
996.91	3371.50
998.53	3395.57
1000.15	3393.48
1001.77	3392.43
1003.39	3400.80
1005.01	3401.85
1006.63	3417.54
1008.25	3420.68
1009.86	3426.96
1011.48	3417.54
1013.10	3414.40
1014.72	3440.56
1016.34	3437.42
1017.96	3455.21
1019.58	3431.15
1021.19	3441.61
1022.81	3446.84
1024.43	3469.86
1026.05	3453.12
1027.66	3460.45
1029.28	3458.35
1030.90	3462.54
1032.52	3453.12
1034.13	3462.54
1035.75	3476.14
1037.37	3481.37
1038.98	3488.70
1040.60	3483.47
1042.22	3473.00
1043.83	3479.28
1045.45	3486.61
1047.07	3481.37
1048.68	3486.61
1050.30	3477.19
1051.92	3484.51
1053.53	3484.51
1055.15	3485.56
1056.76	3486.61
1058.38	3487.65
1059.99	3491.84
1061.61	3476.14
1063.22	3465.68
1064.84	3483.47
1066.46	3482.42
1068.07	3482.42
1069.68	3484.51
1071.30	3483.47
1072.91	3481.37
1074.53	3462.54
1076.14	3484.51
1077.76	3470.91
1079.37	3470.91
1080.98	3432.19
1082.60	3463.58
1084.21	3475.10
1085.83	3468.82
1087.44	3460.45
1089.05	3448.94
1090.67	3449.98
1092.28	3448.94
1093.89	3460.45
1095.50	3456.26
1097.12	3447.89
1098.73	3464.63
1100.34	3440.56
1101.95	3459.40
1103.57	3442.66
1105.18	3449.98
1106.79	3436.38
1108.40	3456.26
1110.01	3454.17
1111.63	3455.21
1113.24	3452.07
1114.85	3457.31
1116.46	3455.21
1118.07	3463.58
1119.68	3445.80
1121.29	3462.54
1122.90	3453.12
1124.51	3460.45
1126.12	3457.31
1127.73	3475.10
1129.34	3466.72
1130.95	3476.14
1132.56	3470.91
1134.17	3448.94
1135.78	3452.07
1137.39	3463.58
1139.00	3452.07
1140.61	3460.45
1142.22	3475.10
1143.83	3463.58
1145.44	3445.80
1147.05	3463.58
1148.65	3475.10
1150.26	3457.31
1151.87	3452.07
1153.48	3461.49
1155.09	3465.68
1156.69	3455.21
1158.30	3453.12
1159.91	3460.45
1161.52	3463.58
1163.12	3464.63
1164.73	3457.31
1166.34	3475.10
1167.94	3465.68
1169.55	3480.33
1171.16	3474.05
1172.76	3478.23
1174.37	3463.58
1175.97	3481.37
1177.58	3460.45
1179.19	3486.61
1180.79	3462.54
1182.40	3473.00
1184.00	3473.00
1185.61	3483.47
1187.21	3476.14
1188.82	3474.05
1190.42	3476.14
1192.02	3475.10
1193.63	3454.17
1195.23	3469.86
1196.84	3470.91
1198.44	3475.10
1200.04	3486.61
1201.65	3484.51
1203.25	3468.82
1204.85	3480.33
1206.46	3452.07
1208.06	3462.54
1209.66	3452.07
1211.26	3460.45
1212.87	3476.14
1214.47	3452.07
1216.07	3456.26
1217.67	3468.82
1219.27	3455.21
1220.87	3456.26
1222.48	3454.17
1224.08	3441.61
1225.68	3449.98
1227.28	3443.70
1228.88	3435.33
1230.48	3441.61
1232.08	3428.01
1233.68	3445.80
1235.28	3441.61
1236.88	3431.15
1238.48	3421.73
1240.08	3451.03
1241.68	3415.45
1243.28	3420.68
1244.87	3412.31
1246.47	3416.50
1248.07	3399.75
1249.67	3403.94
1251.27	3402.89
1252.87	3389.29
1254.46	3378.83
1256.06	3386.15
1257.66	3393.48
1259.26	3384.06
1260.85	3391.38
1262.45	3388.24
1264.05	3383.01
1265.64	3381.97
1267.24	3384.06
1268.83	3388.24
1270.43	3379.87
1272.03	3398.71
1273.62	3371.50
1275.22	3364.18
1276.81	3371.50
1278.41	3381.97
1280.00	3379.87
1281.60	3375.69
1283.19	3359.99
1284.79	3371.50
1286.38	3352.67
1287.97	3370.46
1289.57	3349.53
1291.16	3351.62
1292.75	3340.11
1294.35	3350.57
1295.94	3339.06
1297.53	3352.67
1299.12	3335.92
1300.72	3355.81
1302.31	3321.27
1303.90	3352.67
1305.49	3350.57
1307.08	3334.88
1308.68	3328.60
1310.27	3333.83
1311.86	3331.74
1313.45	3332.78
1315.04	3310.81
1316.63	3325.46
1318.22	3327.55
1319.81	3315.00
1321.40	3306.62
1322.99	3316.04
1324.58	3291.98
1326.17	3295.11
1327.75	3296.16
1329.34	3299.30
1330.93	3284.65
1332.52	3277.33
1334.11	3285.70
1335.70	3297.21
1337.28	3282.56
1338.87	3268.95
1340.46	3265.82
1342.05	3272.09
1343.63	3267.91
1345.22	3271.05
1346.81	3265.82
1348.39	3263.72
1349.98	3252.21
1351.56	3246.98
1353.15	3229.19
1354.73	3248.03
1356.32	3221.87
1357.90	3216.63
1359.49	3209.31
1361.07	3201.98
1362.66	3198.85
1364.24	3206.17
1365.82	3204.08
1367.41	3212.45
1368.99	3184.20
1370.57	3180.01
1372.16	3193.61
1373.74	3184.20
1375.32	3176.87
1376.91	3160.13
1378.49	3124.55
1380.07	3115.13
1381.65	3101.53
1383.23	3091.07
1384.81	3092.11
1386.39	3082.70
1387.97	3075.37
1389.55	3076.42
1391.14	3070.14
1392.72	3061.77
1394.29	3054.44
1395.87	3052.35
1397.45	3039.79
1399.03	3037.70
1400.61	3029.33
1402.19	3026.19
1403.77	3011.54
1405.35	3023.05
1406.92	3016.77
1408.50	3011.54
1410.08	3010.49
1411.66	3002.12
1413.23	2995.84
1414.81	3002.12
1416.39	2979.10
1417.96	2993.75
1419.54	2985.38
1421.12	2989.57
1422.69	2994.80
1424.27	2981.19
1425.84	2987.47
1427.42	2987.47
1428.99	2981.19
1430.57	2982.24
1432.14	2974.92
1433.71	2973.87
1435.29	2975.96
1436.86	2972.82
1438.43	2968.64
1440.01	2962.36
1441.58	2913.18
1443.15	2970.73
1444.72	2971.78
1446.30	2963.41
1447.87	2966.54
1449.44	2958.17
1451.01	2950.85
1452.58	2969.68
1454.15	2966.54
1455.72	2960.27
1457.29	2946.66
1458.86	2959.22
1460.43	2948.76
1462.00	2975.96
1463.57	2965.50
1465.14	2966.54
1466.71	2953.99
1468.28	2961.31
1469.85	2965.50
1471.41	2966.54
1472.98	2956.08
1474.55	2963.41
1476.12	2942.48
1477.68	2943.52
1479.25	2960.27
1480.82	2963.41
1482.38	2960.27
1483.95	2947.71
1485.51	2955.03
1487.08	2967.59
1488.64	2966.54
1490.21	2980.15
1491.77	2959.22
1493.34	2982.24
1494.90	2958.17
1496.46	2960.27
1498.03	2958.17
1499.59	2962.36
1501.15	2961.31
1502.72	2960.27
1504.28	2962.36
1505.84	2961.31
1507.40	2961.31
1508.97	2973.87
1510.53	2969.68
1512.09	2984.33
1513.65	2980.15
1515.21	2981.19
1516.77	2963.41
1518.33	2979.10
1519.89	2969.68
1521.45	2979.10
1523.01	2970.73
1524.57	2977.01
1526.13	2970.73
1527.68	2974.92
1529.24	2983.29
1530.80	2981.19
1532.36	2982.24
1533.92	2970.73
1535.47	2960.27
1537.03	2965.50
1538.59	2971.78
1540.14	2959.22
1541.70	2950.85
1543.25	2971.78
1544.81	2963.41
1546.36	2977.01
1547.92	2960.27
1549.47	2971.78
1551.03	2961.31
1552.58	2950.85
1554.13	2947.71
1555.69	2965.50
1557.24	2952.94
1558.79	2957.13
1560.35	2953.99
1561.90	2966.54
1563.45	2946.66
1565.00	2950.85
1566.55	2948.76
1568.10	2946.66
1569.66	2938.29
1571.21	2953.99
1572.76	2949.80
1574.31	2938.29
1575.86	2938.29
1577.40	2935.15
1578.95	2935.15
1580.50	2933.06
1582.05	2921.55
1583.60	2926.78
1585.15	2910.04
1586.69	2915.27
1588.24	2923.64
1589.79	2934.11
1591.34	2912.13
1592.88	2935.15
1594.43	2912.13
1595.97	2926.78
1597.52	2917.36
1599.06	2914.22
1600.61	2903.76
1602.15	2930.97
1603.70	2911.09
1605.24	2910.04
1606.79	2907.95
1608.33	2896.44
1609.87	2899.58
1611.41	2906.90
1612.96	2904.81
1614.50	2897.48
1616.04	2895.39
1617.58	2906.90
1619.12	2891.20
1620.67	2906.90
1622.21	2871.32
1623.75	2896.44
1625.29	2878.65
1626.83	2881.79
1628.37	2888.06
1629.90	2871.32
1631.44	2860.86
1632.98	2860.86
1634.52	2845.16
1636.06	2842.02
1637.59	2851.44
1639.13	2822.14
1640.67	2813.77
1642.21	2806.45
1643.74	2804.35
1645.28	2775.05
1646.81	2768.78
1648.35	2768.78
1649.88	2745.75
1651.42	2752.03
1652.95	2724.83
1654.49	2757.26
1656.02	2736.34
1657.55	2737.38
1659.09	2714.36
1660.62	2726.92
1662.15	2713.32
1663.68	2717.50
1665.22	2708.08
1666.75	2704.94
1668.28	2695.53
1669.81	2716.45
1671.34	2704.94
1672.87	2705.99
1674.40	2709.13
1675.93	2699.71
1677.46	2680.88
1678.99	2674.60
1680.52	2682.97
1682.04	2691.34
1683.57	2678.78
1685.10	2691.34
1686.63	2679.83
1688.15	2691.34
1689.68	2669.37
1691.21	2677.74
1692.73	2674.60
1694.26	2684.02
1695.78	2675.65
1697.31	2681.92
1698.83	2670.41
1700.36	2672.51
1701.88	2652.62
1703.40	2669.37
1704.93	2667.27
1706.45	2663.09
