896.35	3005.26
897.98	3012.59
899.60	3023.05
901.22	3040.84
902.85	3027.24
904.47	3041.89
906.10	3049.21
907.72	3055.49
909.34	3061.77
910.97	3085.83
912.59	3103.62
914.21	3132.92
915.84	3151.76
917.46	3212.45
919.08	3230.24
920.71	3246.98
922.33	3254.30
923.95	3275.23
925.58	3302.44
927.20	3297.21
928.82	3303.49
930.44	3328.60
932.07	3325.46
933.69	3321.27
935.31	3331.74
936.93	3343.25
938.56	3352.67
940.18	3350.57
941.80	3347.43
943.42	3371.50
945.05	3373.59
946.67	3366.27
948.29	3359.99
949.91	3369.41
951.53	3385.10
953.16	3394.52
954.78	3386.15
956.40	3378.83
958.02	3365.22
959.64	3372.55
961.26	3372.55
962.88	3383.01
964.51	3369.41
966.13	3392.43
967.75	3383.01
969.37	3374.64
970.99	3369.41
972.61	3372.55
974.23	3371.50
975.85	3381.97
977.47	3394.52
979.09	3384.06
980.71	3373.59
982.33	3395.57
983.95	3395.57
985.57	3409.17
987.19	3391.38
988.81	3407.08
990.43	3393.48
992.05	3399.75
993.67	3412.31
995.29	3414.40
996.91	3401.85
998.53	3432.19
1000.15	3425.91
1001.77	3441.61
1003.39	3441.61
1005.01	3438.47
1006.63	3445.80
1008.25	3455.21
1009.86	3462.54
1011.48	3460.45
1013.10	3453.12
1014.72	3467.77
1016.34	3479.28
1017.96	3497.07
1019.58	3477.19
1021.19	3485.56
1022.81	3489.74
1024.43	3508.58
1026.05	3488.70
1027.66	3503.35
1029.28	3492.88
1030.90	3505.44
1032.52	3488.70
1034.13	3505.44
1035.75	3513.81
1037.37	3525.32
1038.98	3531.60
1040.60	3516.95
1042.22	3505.44
1043.83	3509.63
1045.45	3520.09
1047.07	3532.65
1048.68	3530.55
1050.30	3528.46
1051.92	3535.79
1053.53	3533.69
1055.15	3525.32
1056.76	3528.46
1058.38	3529.51
1059.99	3536.83
1061.61	3524.28
1063.22	3525.32
1064.84	3518.00
1066.46	3519.04
1068.07	3512.77
1069.68	3524.28
1071.30	3527.42
1072.91	3510.67
1074.53	3505.44
1076.14	3529.51
1077.76	3508.58
1079.37	3510.67
1080.98	3486.61
1082.60	3507.53
1084.21	3506.49
1085.83	3509.63
1087.44	3497.07
1089.05	3492.88
1090.67	3480.33
1092.28	3488.70
1093.89	3496.02
1095.50	3497.07
1097.12	3475.10
1098.73	3494.98
1100.34	3469.86
1101.95	3493.93
1103.57	3497.07
1105.18	3484.51
1106.79	3483.47
1108.40	3492.88
1110.01	3483.47
1111.63	3490.79
1113.24	3492.88
1114.85	3500.21
1116.46	3490.79
1118.07	3498.12
1119.68	3489.74
1121.29	3499.16
1122.90	3486.61
1124.51	3492.88
1126.12	3490.79
1127.73	3499.16
1129.34	3493.93
1130.95	3511.72
1132.56	3499.16
1134.17	3479.28
1135.78	3488.70
1137.39	3501.26
1139.00	3489.74
1140.61	3505.44
1142.22	3506.49
1143.83	3500.21
1145.44	3500.21
1147.05	3501.26
1148.65	3499.16
1150.26	3491.84
1151.87	3491.84
1153.48	3499.16
1155.09	3512.77
1156.69	3508.58
1158.30	3493.93
1159.91	3504.39
1161.52	3504.39
1163.12	3509.63
1164.73	3496.02
1166.34	3516.95
1167.94	3503.35
1169.55	3513.81
1171.16	3507.53
1172.76	3525.32
1174.37	3512.77
1175.97	3527.42
1177.58	3503.35
1179.19	3524.28
1180.79	3506.49
1182.40	3511.72
1184.00	3515.90
1185.61	3535.79
1187.21	3518.00
1188.82	3515.90
1190.42	3507.53
1192.02	3511.72
1193.63	3505.44
1195.23	3527.42
1196.84	3519.04
1198.44	3528.46
1200.04	3523.23
1201.65	3525.32
1203.25	3513.81
1204.85	3522.18
1206.46	3497.07
1208.06	3519.04
1209.66	3496.02
1211.26	3500.21
1212.87	3505.44
1214.47	3493.93
1216.07	3496.02
1217.67	3508.58
1219.27	3486.61
1220.87	3496.02
1222.48	3489.74
1224.08	3486.61
1225.68	3487.65
1227.28	3489.74
1228.88	3480.33
1230.48	3489.74
1232.08	3466.72
1233.68	3484.51
1235.28	3488.70
1236.88	3477.19
1238.48	3461.49
1240.08	3490.79
1241.68	3460.45
1243.28	3462.54
1244.87	3449.98
1246.47	3447.89
1248.07	3437.42
1249.67	3446.84
1251.27	3449.98
1252.87	3435.33
1254.46	3429.05
1256.06	3429.05
1257.66	3414.40
1259.26	3414.40
1260.85	3428.01
1262.45	3419.64
1264.05	3414.40
1265.64	3420.68
1267.24	3413.36
1268.83	3420.68
1270.43	3412.31
1272.03	3432.19
1273.62	3409.17
1275.22	3399.75
1276.81	3415.45
1278.41	3407.08
1280.00	3414.40
1281.60	3410.22
1283.19	3396.62
1284.79	3400.80
1286.38	3397.66
1287.97	3404.99
1289.57	3398.71
1291.16	3391.38
1292.75	3367.32
1294.35	3391.38
1295.94	3388.24
1297.53	3386.15
1299.12	3375.69
1300.72	3394.52
1302.31	3358.94
1303.90	3387.20
1305.49	3372.55
1307.08	3359.99
1308.68	3350.57
1310.27	3357.90
1311.86	3357.90
1313.45	3361.04
1315.04	3358.94
1316.63	3355.81
1318.22	3348.48
1319.81	3346.39
1321.40	3339.06
1322.99	3356.85
1324.58	3325.46
1326.17	3327.55
1327.75	3323.37
1329.34	3330.69
1330.93	3311.86
1332.52	3311.86
1334.11	3319.18
1335.70	3321.27
1337.28	3312.90
1338.87	3310.81
1340.46	3306.62
1342.05	3307.67
1343.63	3299.30
1345.22	3300.35
1346.81	3304.53
1348.39	3291.98
1349.98	3293.02
1351.56	3296.16
1353.15	3265.82
1354.73	3273.14
1356.32	3260.58
1357.90	3242.79
1359.49	3244.89
1361.07	3238.61
1362.66	3231.28
1364.24	3242.79
1365.82	3234.42
1367.41	3239.66
1368.99	3217.68
1370.57	3226.05
1372.16	3216.63
1373.74	3207.22
1375.32	3194.66
1376.91	3196.75
1378.49	3166.41
1380.07	3133.97
1381.65	3132.92
1383.23	3120.37
1384.81	3118.27
1386.39	3111.99
1387.97	3113.04
1389.55	3110.95
1391.14	3095.25
1392.72	3079.56
1394.29	3081.65
1395.87	3077.46
1397.45	3063.86
1399.03	3068.05
1400.61	3058.63
1402.19	3059.67
1403.77	3039.79
1405.35	3057.58
1406.92	3036.65
1408.50	3039.79
1410.08	3036.65
1411.66	3039.79
1413.23	3026.19
1414.81	3028.28
1416.39	3009.45
1417.96	3034.56
1419.54	3012.59
1421.12	3022.00
1422.69	3034.56
1424.27	3015.73
1425.84	3019.91
1427.42	3014.68
1428.99	3014.68
1430.57	3028.28
1432.14	3008.40
1433.71	3012.59
1435.29	3016.77
1436.86	3016.77
1438.43	2998.98
1440.01	3000.03
1441.58	2874.46
1443.15	3008.40
1444.72	3001.08
1446.30	2998.98
1447.87	3009.45
1449.44	2997.94
1451.01	2985.38
1452.58	2995.84
1454.15	2996.89
1455.72	2990.61
1457.29	2991.66
1458.86	3000.03
1460.43	2990.61
1462.00	2995.84
1463.57	2980.15
1465.14	2984.33
1466.71	2986.43
1468.28	2990.61
1469.85	2987.47
1471.41	2991.66
1472.98	2979.10
1474.55	2993.75
1476.12	2982.24
1477.68	2981.19
1479.25	2982.24
1480.82	2980.15
1482.38	2969.68
1483.95	2971.78
1485.51	2990.61
1487.08	3002.12
1488.64	2991.66
1490.21	2988.52
1491.77	2975.96
1493.34	2992.70
1494.90	2974.92
1496.46	2975.96
1498.03	2981.19
1499.59	2992.70
1501.15	2991.66
1502.72	2995.84
1504.28	2989.57
1505.84	2986.43
1507.40	2980.15
1508.97	2995.84
1510.53	2987.47
1512.09	2998.98
1513.65	3008.40
1515.21	2998.98
1516.77	2980.15
1518.33	2995.84
1519.89	2988.52
1521.45	2993.75
1523.01	2989.57
1524.57	2998.98
1526.13	2988.52
1527.68	3009.45
1529.24	3009.45
1530.80	2997.94
1532.36	3010.49
1533.92	2991.66
1535.47	2971.78
1537.03	2986.43
1538.59	2992.70
1540.14	2991.66
1541.70	2981.19
1543.25	3001.08
1544.81	2992.70
1546.36	2996.89
1547.92	2977.01
1549.47	2992.70
1551.03	2993.75
1552.58	2985.38
1554.13	2975.96
1555.69	2973.87
1557.24	2966.54
1558.79	2969.68
1560.35	2968.64
1561.90	2973.87
1563.45	2960.27
1565.00	2969.68
1566.55	2959.22
1568.10	2961.31
1569.66	2955.03
1571.21	2971.78
1572.76	2960.27
1574.31	2950.85
1575.86	2953.99
1577.40	2951.90
1578.95	2952.94
1580.50	2948.76
1582.05	2934.11
1583.60	2947.71
1585.15	2939.34
1586.69	2953.99
1588.24	2946.66
1589.79	2939.34
1591.34	2924.69
1592.88	2950.85
1594.43	2929.92
1595.97	2942.48
1597.52	2935.15
1599.06	2930.97
1600.61	2923.64
1602.15	2940.38
1603.70	2924.69
1605.24	2923.64
1606.79	2917.36
1608.33	2913.18
1609.87	2919.46
1611.41	2929.92
1612.96	2914.22
1614.50	2906.90
1616.04	2906.90
1617.58	2919.46
1619.12	2903.76
1620.67	2913.18
1622.21	2889.11
1623.75	2913.18
1625.29	2891.20
1626.83	2892.25
1628.37	2904.81
1629.90	2890.16
1631.44	2868.18
1632.98	2868.18
1634.52	2846.21
1636.06	2846.21
1637.59	2852.49
1639.13	2839.93
1640.67	2835.74
1642.21	2822.14
1643.74	2813.77
1645.28	2792.84
1646.81	2780.29
1648.35	2784.47
1649.88	2757.26
1651.42	2761.45
1652.95	2736.34
1654.49	2755.17
1656.02	2731.10
1657.55	2731.10
1659.09	2709.13
1660.62	2727.97
1662.15	2720.64
1663.68	2724.83
1665.22	2713.32
1666.75	2709.13
1668.28	2693.43
1669.81	2715.41
1671.34	2704.94
1672.87	2712.27
1674.40	2704.94
1675.93	2700.76
1677.46	2689.25
1678.99	2688.20
1680.52	2690.29
1682.04	2696.57
1683.57	2686.11
1685.10	2691.34
1686.63	2682.97
1688.15	2685.06
1689.68	2678.78
1691.21	2675.65
1692.73	2671.46
1694.26	2687.16
1695.78	2676.69
1697.31	2682.97
1698.83	2671.46
1700.36	2671.46
1701.88	2662.04
1703.40	2669.37
1704.93	2658.90
1706.45	2663.09
