896.35	2925.74
897.98	2926.08
899.60	2933.41
901.22	2938.64
902.85	2941.08
904.47	2945.27
906.10	2948.06
907.72	2955.73
909.34	2958.87
910.97	2969.34
912.59	2975.96
914.21	2986.08
915.84	3000.73
917.46	3018.86
919.08	3028.98
920.71	3042.58
922.33	3048.51
923.95	3066.65
925.58	3068.74
927.20	3075.02
928.82	3078.51
930.44	3087.23
932.07	3087.23
933.69	3083.74
935.31	3083.74
936.93	3093.86
938.56	3099.79
940.18	3104.67
941.80	3108.51
943.42	3120.37
945.05	3118.27
946.67	3123.16
948.29	3111.65
949.91	3122.11
951.53	3123.50
953.16	3134.32
954.78	3127.34
956.40	3124.20
958.02	3116.18
959.64	3123.85
961.26	3124.90
962.88	3126.99
964.51	3127.69
966.13	3131.18
967.75	3128.04
969.37	3129.43
970.99	3124.20
972.61	3133.27
974.23	3128.39
975.85	3136.76
977.47	3132.22
979.09	3135.71
980.71	3131.53
982.33	3139.90
983.95	3145.83
985.57	3150.01
987.19	3152.46
988.81	3151.41
990.43	3147.92
992.05	3148.27
993.67	3147.22
995.29	3147.92
996.91	3152.46
998.53	3157.69
1000.15	3168.15
1001.77	3166.41
1003.39	3166.41
1005.01	3171.64
1006.63	3177.57
1008.25	3185.59
1009.86	3180.36
1011.48	3178.62
1013.10	3178.27
1014.72	3186.99
1016.34	3198.50
1017.96	3201.64
1019.58	3197.45
1021.19	3192.57
1022.81	3197.45
1024.43	3204.08
1026.05	3208.26
1027.66	3207.22
1029.28	3206.87
1030.90	3203.73
1032.52	3201.29
1034.13	3208.61
1035.75	3210.36
1037.37	3223.61
1038.98	3218.03
1040.60	3220.82
1042.22	3210.36
1043.83	3212.45
1045.45	3211.40
1047.07	3219.42
1048.68	3215.24
1050.30	3220.47
1051.92	3216.29
1053.53	3227.10
1055.15	3223.61
1056.76	3227.45
1058.38	3226.40
1059.99	3228.49
1061.61	3221.17
1063.22	3219.77
1064.84	3215.24
1066.46	3217.33
1068.07	3213.15
1069.68	3222.22
1071.30	3223.61
1072.91	3226.05
1074.53	3223.26
1076.14	3223.61
1077.76	3223.96
1079.37	3210.36
1080.98	3209.31
1082.60	3208.26
1084.21	3217.33
1085.83	3220.82
1087.44	3215.24
1089.05	3212.45
1090.67	3206.17
1092.28	3211.75
1093.89	3214.89
1095.50	3214.89
1097.12	3215.59
1098.73	3211.40
1100.34	3214.54
1101.95	3212.10
1103.57	3214.54
1105.18	3212.10
1106.79	3210.36
1108.40	3212.10
1110.01	3215.24
1111.63	3221.52
1113.24	3222.56
1114.85	3221.17
1116.46	3218.38
1118.07	3216.98
1119.68	3219.08
1121.29	3218.03
1122.90	3218.03
1124.51	3222.56
1126.12	3228.49
1127.73	3237.21
1129.34	3236.52
1130.95	3237.21
1132.56	3226.40
1134.17	3222.22
1135.78	3218.38
1137.39	3224.66
1139.00	3223.26
1140.61	3226.75
1142.22	3225.70
1143.83	3229.19
1145.44	3225.70
1147.05	3232.68
1148.65	3232.33
1150.26	3234.07
1151.87	3230.24
1153.48	3236.17
1155.09	3237.21
1156.69	3234.77
1158.30	3229.89
1159.91	3233.03
1161.52	3237.56
1163.12	3237.91
1164.73	3237.21
1166.34	3236.17
1167.94	3240.00
1169.55	3240.35
1171.16	3242.45
1172.76	3240.70
1174.37	3240.00
1175.97	3235.82
1177.58	3238.61
1179.19	3237.21
1180.79	3240.35
1182.40	3238.26
1184.00	3245.58
1185.61	3252.91
1187.21	3254.65
1188.82	3254.65
1190.42	3248.03
1192.02	3247.68
1193.63	3246.28
1195.23	3252.56
1196.84	3255.70
1198.44	3259.19
1200.04	3258.14
1201.65	3258.84
1203.25	3258.14
1204.85	3255.35
1206.46	3253.96
1208.06	3247.68
1209.66	3247.68
1211.26	3251.51
1212.87	3251.51
1214.47	3257.10
1216.07	3255.70
1217.67	3260.23
1219.27	3255.00
1220.87	3254.65
1222.48	3249.07
1224.08	3250.82
1225.68	3251.17
1227.28	3257.44
1228.88	3261.98
1230.48	3259.89
1232.08	3259.54
1233.68	3261.98
1235.28	3259.89
1236.88	3255.70
1238.48	3256.40
1240.08	3257.79
1241.68	3259.54
1243.28	3249.77
1244.87	3245.24
1246.47	3240.70
1248.07	3238.96
1249.67	3246.98
1251.27	3245.58
1252.87	3243.84
1254.46	3233.73
1256.06	3235.47
1257.66	3230.94
1259.26	3233.73
1260.85	3234.07
1262.45	3240.35
1264.05	3238.96
1265.64	3238.96
1267.24	3235.12
1268.83	3236.52
1270.43	3238.96
1272.03	3241.75
1273.62	3235.47
1275.22	3233.73
1276.81	3229.19
1278.41	3234.77
1280.00	3232.33
1281.60	3233.38
1283.19	3231.28
1284.79	3231.63
1286.38	3236.52
1287.97	3238.61
1289.57	3234.07
1291.16	3228.84
1292.75	3229.89
1294.35	3233.03
1295.94	3235.47
1297.53	3230.59
1299.12	3233.73
1300.72	3228.14
1302.31	3234.42
1303.90	3234.07
1305.49	3235.82
1307.08	3227.45
1308.68	3221.52
1310.27	3221.87
1311.86	3223.26
1313.45	3222.22
1315.04	3221.52
1316.63	3220.12
1318.22	3219.08
1319.81	3220.47
1321.40	3224.31
1322.99	3220.82
1324.58	3216.29
1326.17	3210.36
1327.75	3210.70
1329.34	3206.87
1330.93	3204.08
1332.52	3202.33
1334.11	3203.73
1335.70	3200.59
1337.28	3204.08
1338.87	3205.12
1340.46	3205.82
1342.05	3199.19
1343.63	3193.26
1345.22	3195.36
1346.81	3197.45
1348.39	3199.19
1349.98	3194.31
1351.56	3189.43
1353.15	3186.64
1354.73	3179.31
1356.32	3174.43
1357.90	3169.90
1359.49	3167.10
1361.07	3162.22
1362.66	3155.25
1364.24	3156.99
1365.82	3165.36
1367.41	3162.57
1368.99	3155.25
1370.57	3147.57
1372.16	3150.71
1373.74	3155.25
1375.32	3152.11
1376.91	3144.43
1378.49	3130.48
1380.07	3115.83
1381.65	3102.23
1383.23	3097.34
1384.81	3095.60
1386.39	3097.00
1387.97	3094.90
1389.55	3090.02
1391.14	3082.00
1392.72	3077.81
1394.29	3072.23
1395.87	3065.95
1397.45	3056.19
1399.03	3049.21
1400.61	3047.12
1402.19	3040.14
1403.77	3043.28
1405.35	3039.79
1406.92	3040.49
1408.50	3032.82
1410.08	3027.58
1411.66	3025.49
1413.23	3027.93
1414.81	3024.79
1416.39	3024.79
1417.96	3016.42
1419.54	3021.31
1421.12	3024.79
1422.69	3024.10
1424.27	3022.70
1425.84	3013.63
1427.42	3015.03
1428.99	3015.73
1430.57	3014.33
1432.14	3012.24
1433.71	3010.84
1435.29	3014.68
1436.86	3015.03
1438.43	3011.89
1440.01	2949.80
1441.58	2950.85
1443.15	2955.38
1444.72	3014.68
1446.30	3018.17
1447.87	3012.94
1449.44	3009.45
1451.01	3009.10
1452.58	3014.68
1454.15	3017.82
1455.72	3013.98
1457.29	3015.03
1458.86	3014.33
1460.43	3021.31
1462.00	3017.47
1463.57	3020.26
1465.14	3017.12
1466.71	3017.12
1468.28	3019.56
1469.85	3020.61
1471.41	3021.66
1472.98	3026.19
1474.55	3021.31
1476.12	3020.61
1477.68	3017.47
1479.25	3020.96
1480.82	3025.49
1482.38	3023.05
1483.95	3025.84
1485.51	3033.86
1487.08	3041.54
1488.64	3044.68
1490.21	3035.26
1491.77	3039.44
1493.34	3035.26
1494.90	3037.35
1496.46	3036.65
1498.03	3039.79
1499.59	3041.89
1501.15	3035.96
1502.72	3038.75
1504.28	3040.14
1505.84	3041.89
1507.40	3046.07
1508.97	3048.16
1510.53	3055.14
1512.09	3054.79
1513.65	3056.88
1515.21	3051.65
1516.77	3052.70
1518.33	3053.40
1519.89	3058.28
1521.45	3060.37
1523.01	3064.56
1524.57	3066.65
1526.13	3066.65
1527.68	3068.74
1529.24	3068.05
1530.80	3068.74
1532.36	3064.91
1533.92	3062.81
1535.47	3061.07
1537.03	3064.91
1538.59	3069.09
1540.14	3066.30
1541.70	3068.05
1543.25	3069.44
1544.81	3076.07
1546.36	3070.49
1547.92	3070.84
1549.47	3069.09
1551.03	3068.05
1552.58	3065.26
1554.13	3066.65
1555.69	3069.09
1557.24	3068.39
1558.79	3062.46
1560.35	3062.12
1561.90	3060.72
1563.45	3064.56
1565.00	3060.72
1566.55	3062.81
1568.10	3060.37
1569.66	3065.95
1571.21	3065.60
1572.76	3064.56
1574.31	3061.77
1575.86	3058.63
1577.40	3059.67
1578.95	3061.42
1580.50	3059.33
1582.05	3060.37
1583.60	3053.05
1585.15	3055.14
1586.69	3054.44
1588.24	3061.07
1589.79	3056.54
1591.34	3057.23
1592.88	3047.12
1594.43	3053.40
1595.97	3048.86
1597.52	3053.05
1599.06	3045.37
1600.61	3049.56
1602.15	3046.77
1603.70	3048.86
1605.24	3041.54
1606.79	3038.05
1608.33	3035.26
1609.87	3037.35
1611.41	3043.28
1612.96	3039.79
1614.50	3035.61
1616.04	3035.26
1617.58	3037.35
1619.12	3039.79
1620.67	3029.68
1622.21	3033.17
1623.75	3029.33
1625.29	3028.98
1626.83	3025.49
1628.37	3020.61
1629.90	3017.47
1631.44	3012.59
1632.98	3006.66
1634.52	3003.17
1636.06	3002.47
1637.59	2999.68
1639.13	2994.10
1640.67	2978.06
1642.21	2968.29
1643.74	2952.94
1645.28	2935.15
1646.81	2926.43
1648.35	2910.39
1649.88	2905.16
1651.42	2885.97
1652.95	2883.53
1654.49	2868.53
1656.02	2861.56
1657.55	2845.86
1659.09	2844.46
1660.62	2836.79
1662.15	2840.98
1663.68	2831.21
1665.22	2828.42
1666.75	2820.40
1668.28	2824.58
1669.81	2818.65
1671.34	2815.86
1672.87	2812.38
1674.40	2811.33
1675.93	2806.10
1677.46	2796.33
1678.99	2791.45
1680.52	2792.84
1682.04	2791.80
1683.57	2792.14
1685.10	2784.47
1686.63	2784.47
1688.15	2777.50
1689.68	2777.50
1691.21	2772.26
1692.73	2776.80
1694.26	2775.05
1695.78	2775.75
1697.31	2769.47
1698.83	2768.43
1700.36	2762.85
1701.88	2768.78
1703.40	2765.64
1704.93	2767.73
1706.45	2763.54
