896.35	2653.67
897.98	2651.58
899.60	2666.23
901.22	2665.18
902.85	2661.00
904.47	2666.23
906.10	2680.88
907.72	2662.04
909.34	2674.60
910.97	2670.41
912.59	2685.06
914.21	2668.32
915.84	2676.69
917.46	2680.88
919.08	2690.29
920.71	2670.41
922.33	2685.06
923.95	2682.97
925.58	2715.41
927.20	2677.74
928.82	2691.34
930.44	2698.67
932.07	2686.11
933.69	2665.18
935.31	2690.29
936.93	2677.74
938.56	2695.53
940.18	2673.55
941.80	2692.39
943.42	2689.25
945.05	2709.13
946.67	2682.97
948.29	2701.81
949.91	2684.02
951.53	2712.27
953.16	2697.62
954.78	2705.99
956.40	2687.16
958.02	2704.94
959.64	2695.53
961.26	2714.36
962.88	2704.94
964.51	2695.53
966.13	2700.76
967.75	2716.45
969.37	2688.20
970.99	2710.18
972.61	2695.53
974.23	2713.32
975.85	2700.76
977.47	2726.92
979.09	2690.29
980.71	2699.71
982.33	2691.34
983.95	2716.45
985.57	2707.04
987.19	2710.18
988.81	2700.76
990.43	2709.13
992.05	2694.48
993.67	2718.55
995.29	2703.90
996.91	2702.85
998.53	2714.36
1000.15	2726.92
1001.77	2704.94
1003.39	2720.64
1005.01	2709.13
1006.63	2719.59
1008.25	2703.90
1009.86	2734.24
1011.48	2703.90
1013.10	2719.59
1014.72	2704.94
1016.34	2722.73
1017.96	2730.06
1019.58	2725.87
1021.19	2700.76
1022.81	2724.83
1024.43	2712.27
1026.05	2716.45
1027.66	2713.32
1029.28	2725.87
1030.90	2708.08
1032.52	2708.08
1034.13	2708.08
1035.75	2719.59
1037.37	2710.18
1038.98	2738.43
1040.60	2712.27
1042.22	2713.32
1043.83	2698.67
1045.45	2723.78
1047.07	2710.18
1048.68	2734.24
1050.30	2701.81
1051.92	2731.10
1053.53	2715.41
1055.15	2729.01
1056.76	2717.50
1058.38	2735.29
1059.99	2725.87
1061.61	2723.78
1063.22	2703.90
1064.84	2726.92
1066.46	2708.08
1068.07	2720.64
1069.68	2713.32
1071.30	2745.75
1072.91	2717.50
1074.53	2716.45
1076.14	2716.45
1077.76	2731.10
1079.37	2718.55
1080.98	2709.13
1082.60	2716.45
1084.21	2733.20
1085.83	2715.41
1087.44	2738.43
1089.05	2714.36
1090.67	2723.78
1092.28	2707.04
1093.89	2727.97
1095.50	2715.41
1097.12	2726.92
1098.73	2720.64
1100.34	2710.18
1101.95	2724.83
1103.57	2732.15
1105.18	2710.18
1106.79	2715.41
1108.40	2718.55
1110.01	2729.01
1111.63	2722.73
1113.24	2735.29
1114.85	2713.32
1116.46	2725.87
1118.07	2718.55
1119.68	2722.73
1121.29	2722.73
1122.90	2730.06
1124.51	2712.27
1126.12	2727.97
1127.73	2725.87
1129.34	2741.57
1130.95	2734.24
1132.56	2743.66
1134.17	2714.36
1135.78	2726.92
1137.39	2718.55
1139.00	2720.64
1140.61	2720.64
1142.22	2736.34
1143.83	2715.41
1145.44	2726.92
1147.05	2708.08
1148.65	2734.24
1150.26	2716.45
1151.87	2727.97
1153.48	2716.45
1155.09	2729.01
1156.69	2717.50
1158.30	2714.36
1159.91	2712.27
1161.52	2726.92
1163.12	2715.41
1164.73	2720.64
1166.34	2723.78
1167.94	2720.64
1169.55	2710.18
1171.16	2732.15
1172.76	2721.69
1174.37	2718.55
1175.97	2716.45
1177.58	2708.08
1179.19	2721.69
1180.79	2720.64
1182.40	2713.32
1184.00	2723.78
1185.61	2729.01
1187.21	2731.10
1188.82	2718.55
1190.42	2735.29
1192.02	2713.32
1193.63	2705.99
1195.23	2719.59
1196.84	2726.92
1198.44	2718.55
1200.04	2737.38
1201.65	2723.78
1203.25	2725.87
1204.85	2719.59
1206.46	2712.27
1208.06	2709.13
1209.66	2720.64
1211.26	2714.36
1212.87	2747.85
1214.47	2711.22
1216.07	2731.10
1217.67	2719.59
1219.27	2727.97
1220.87	2718.55
1222.48	2732.15
1224.08	2713.32
1225.68	2733.20
1227.28	2723.78
1228.88	2723.78
1230.48	2729.01
1232.08	2714.36
1233.68	2719.59
1235.28	2745.75
1236.88	2718.55
1238.48	2721.69
1240.08	2741.57
1241.68	2720.64
1243.28	2719.59
1244.87	2735.29
1246.47	2718.55
1248.07	2722.73
1249.67	2712.27
1251.27	2741.57
1252.87	2712.27
1254.46	2719.59
1256.06	2715.41
1257.66	2731.10
1259.26	2712.27
1260.85	2729.01
1262.45	2716.45
1264.05	2724.83
1265.64	2723.78
1267.24	2733.20
1268.83	2714.36
1270.43	2715.41
1272.03	2731.10
1273.62	2725.87
1275.22	2707.04
1276.81	2730.06
1278.41	2716.45
1280.00	2730.06
1281.60	2722.73
1283.19	2726.92
1284.79	2723.78
1286.38	2722.73
1287.97	2717.50
1289.57	2716.45
1291.16	2717.50
1292.75	2718.55
1294.35	2716.45
1295.94	2720.64
1297.53	2719.59
1299.12	2717.50
1300.72	2731.10
1302.31	2709.13
1303.90	2724.83
1305.49	2732.15
1307.08	2707.04
1308.68	2714.36
1310.27	2722.73
1311.86	2724.83
1313.45	2718.55
1315.04	2718.55
1316.63	2711.22
1318.22	2721.69
1319.81	2704.94
1321.40	2720.64
1322.99	2719.59
1324.58	2709.13
1326.17	2707.04
1327.75	2707.04
1329.34	2709.13
1330.93	2712.27
1332.52	2705.99
1334.11	2715.41
1335.70	2709.13
1337.28	2710.18
1338.87	2705.99
1340.46	2721.69
1342.05	2703.90
1343.63	2707.04
1345.22	2697.62
1346.81	2718.55
1348.39	2705.99
1349.98	2714.36
1351.56	2696.57
1353.15	2717.50
1354.73	2715.41
1356.32	2704.94
1357.90	2696.57
1359.49	2717.50
1361.07	2705.99
1362.66	2714.36
1364.24	2712.27
1365.82	2707.04
1367.41	2710.18
1368.99	2698.67
1370.57	2692.39
1372.16	2699.71
1373.74	2704.94
1375.32	2716.45
1376.91	2712.27
1378.49	2703.90
1380.07	2697.62
1381.65	2713.32
1383.23	2699.71
1384.81	2702.85
1386.39	2689.25
1387.97	2718.55
1389.55	2700.76
1391.14	2700.76
1392.72	2697.62
1394.29	2704.94
1395.87	2709.13
1397.45	2698.67
1399.03	2701.81
1400.61	2703.90
1402.19	2692.39
1403.77	2694.48
1405.35	2707.04
1406.92	2705.99
1408.50	2715.41
1410.08	2711.22
1411.66	2697.62
1413.23	2705.99
1414.81	2712.27
1416.39	2696.57
1417.96	2708.08
1419.54	2697.62
1421.12	2709.13
1422.69	2715.41
1424.27	2697.62
1425.84	2711.22
1427.42	2708.08
1428.99	2714.36
1430.57	2713.32
1432.14	2708.08
1433.71	2711.22
1435.29	2720.64
1436.86	2712.27
1438.43	2710.18
1440.01	2698.67
1441.58	2582.52
1443.15	2702.85
1444.72	2716.45
1446.30	2703.90
1447.87	2718.55
1449.44	2699.71
1451.01	2698.67
1452.58	2713.32
1454.15	2710.18
1455.72	2701.81
1457.29	2703.90
1458.86	2709.13
1460.43	2708.08
1462.00	2731.10
1463.57	2710.18
1465.14	2708.08
1466.71	2698.67
1468.28	2704.94
1469.85	2712.27
1471.41	2714.36
1472.98	2707.04
1474.55	2714.36
1476.12	2708.08
1477.68	2704.94
1479.25	2707.04
1480.82	2701.81
1482.38	2715.41
1483.95	2700.76
1485.51	2712.27
1487.08	2723.78
1488.64	2705.99
1490.21	2712.27
1491.77	2698.67
1493.34	2709.13
1494.90	2692.39
1496.46	2704.94
1498.03	2715.41
1499.59	2712.27
1501.15	2710.18
1502.72	2705.99
1504.28	2716.45
1505.84	2699.71
1507.40	2699.71
1508.97	2708.08
1510.53	2709.13
1512.09	2718.55
1513.65	2714.36
1515.21	2716.45
1516.77	2692.39
1518.33	2707.04
1519.89	2695.53
1521.45	2695.53
1523.01	2701.81
1524.57	2705.99
1526.13	2698.67
1527.68	2707.04
1529.24	2709.13
1530.80	2698.67
1532.36	2705.99
1533.92	2698.67
1535.47	2696.57
1537.03	2696.57
1538.59	2703.90
1540.14	2692.39
1541.70	2692.39
1543.25	2703.90
1544.81	2699.71
1546.36	2698.67
1547.92	2690.29
1549.47	2696.57
1551.03	2689.25
1552.58	2681.92
1554.13	2686.11
1555.69	2697.62
1557.24	2694.48
1558.79	2692.39
1560.35	2684.02
1561.90	2690.29
1563.45	2681.92
1565.00	2686.11
1566.55	2686.11
1568.10	2676.69
1569.66	2678.78
1571.21	2690.29
1572.76	2694.48
1574.31	2681.92
1575.86	2684.02
1577.40	2678.78
1578.95	2677.74
1580.50	2674.60
1582.05	2672.51
1583.60	2676.69
1585.15	2673.55
1586.69	2677.74
1588.24	2678.78
1589.79	2684.02
1591.34	2672.51
1592.88	2688.20
1594.43	2666.23
1595.97	2675.65
1597.52	2682.97
1599.06	2675.65
1600.61	2667.27
1602.15	2688.20
1603.70	2676.69
1605.24	2674.60
1606.79	2672.51
1608.33	2663.09
1609.87	2667.27
1611.41	2673.55
1612.96	2669.37
1614.50	2657.86
1616.04	2662.04
1617.58	2666.23
1619.12	2668.32
1620.67	2678.78
1622.21	2652.62
1623.75	2673.55
1625.29	2659.95
1626.83	2665.18
1628.37	2679.83
1629.90	2661.00
1631.44	2666.23
1632.98	2664.13
1634.52	2658.90
1636.06	2667.27
1637.59	2675.65
1639.13	2669.37
1640.67	2676.69
1642.21	2668.32
1643.74	2673.55
1645.28	2662.04
1646.81	2658.90
1648.35	2671.46
1649.88	2645.30
1651.42	2657.86
1652.95	2662.04
1654.49	2675.65
1656.02	2662.04
1657.55	2659.95
1659.09	2643.21
1660.62	2659.95
1662.15	2648.44
1663.68	2657.86
1665.22	2645.30
1666.75	2652.62
1668.28	2648.44
1669.81	2668.32
1671.34	2650.53
1672.87	2659.95
1674.40	2654.72
1675.93	2643.21
1677.46	2643.21
1678.99	2637.97
1680.52	2642.16
1682.04	2652.62
1683.57	2642.16
1685.10	2645.30
1686.63	2627.51
1688.15	2634.84
1689.68	2625.42
1691.21	2628.56
1692.73	2641.11
1694.26	2641.11
1695.78	2632.74
1697.31	2634.84
1698.83	2628.56
1700.36	2632.74
1701.88	2627.51
1703.40	2634.84
1704.93	2629.60
1706.45	2630.65
