896.35	2957.13
897.98	2971.78
899.60	2975.96
901.22	3000.03
902.85	2986.43
904.47	3008.40
906.10	3002.12
907.72	3009.45
909.34	3020.96
910.97	3036.65
912.59	3059.67
914.21	3079.56
915.84	3103.62
917.46	3142.34
919.08	3170.59
920.71	3185.24
922.33	3199.89
923.95	3213.50
925.58	3237.56
927.20	3226.05
928.82	3230.24
930.44	3256.40
932.07	3236.52
933.69	3240.70
935.31	3250.12
936.93	3264.77
938.56	3271.05
940.18	3274.19
941.80	3275.23
943.42	3290.93
945.05	3295.11
946.67	3284.65
948.29	3288.84
949.91	3286.74
951.53	3305.58
953.16	3308.72
954.78	3299.30
956.40	3283.60
958.02	3281.51
959.64	3293.02
961.26	3295.11
962.88	3296.16
964.51	3286.74
966.13	3306.62
967.75	3302.44
969.37	3293.02
970.99	3297.21
972.61	3299.30
974.23	3302.44
975.85	3296.16
977.47	3298.25
979.09	3308.72
980.71	3299.30
982.33	3303.49
983.95	3312.90
985.57	3322.32
987.19	3306.62
988.81	3325.46
990.43	3315.00
992.05	3319.18
993.67	3339.06
995.29	3328.60
996.91	3317.09
998.53	3348.48
1000.15	3346.39
1001.77	3354.76
1003.39	3353.71
1005.01	3351.62
1006.63	3355.81
1008.25	3359.99
1009.86	3370.46
1011.48	3371.50
1013.10	3371.50
1014.72	3381.97
1016.34	3383.01
1017.96	3402.89
1019.58	3397.66
1021.19	3393.48
1022.81	3396.62
1024.43	3406.03
1026.05	3395.57
1027.66	3418.59
1029.28	3412.31
1030.90	3425.91
1032.52	3402.89
1034.13	3420.68
1035.75	3426.96
1037.37	3430.10
1038.98	3431.15
1040.60	3426.96
1042.22	3414.40
1043.83	3419.64
1045.45	3432.19
1047.07	3436.38
1048.68	3446.84
1050.30	3420.68
1051.92	3440.56
1053.53	3437.42
1055.15	3436.38
1056.76	3436.38
1058.38	3437.42
1059.99	3442.66
1061.61	3435.33
1063.22	3437.42
1064.84	3441.61
1066.46	3432.19
1068.07	3419.64
1069.68	3432.19
1071.30	3442.66
1072.91	3429.05
1074.53	3419.64
1076.14	3435.33
1077.76	3426.96
1079.37	3428.01
1080.98	3403.94
1082.60	3415.45
1084.21	3420.68
1085.83	3414.40
1087.44	3415.45
1089.05	3398.71
1090.67	3397.66
1092.28	3411.26
1093.89	3404.99
1095.50	3404.99
1097.12	3399.75
1098.73	3417.54
1100.34	3394.52
1101.95	3414.40
1103.57	3404.99
1105.18	3392.43
1106.79	3393.48
1108.40	3415.45
1110.01	3406.03
1111.63	3416.50
1113.24	3410.22
1114.85	3413.36
1116.46	3410.22
1118.07	3420.68
1119.68	3404.99
1121.29	3420.68
1122.90	3403.94
1124.51	3408.13
1126.12	3406.03
1127.73	3414.40
1129.34	3422.78
1130.95	3426.96
1132.56	3418.59
1134.17	3403.94
1135.78	3402.89
1137.39	3417.54
1139.00	3398.71
1140.61	3404.99
1142.22	3414.40
1143.83	3409.17
1145.44	3412.31
1147.05	3411.26
1148.65	3407.08
1150.26	3407.08
1151.87	3396.62
1153.48	3406.03
1155.09	3410.22
1156.69	3419.64
1158.30	3403.94
1159.91	3407.08
1161.52	3412.31
1163.12	3418.59
1164.73	3414.40
1166.34	3429.05
1167.94	3418.59
1169.55	3419.64
1171.16	3415.45
1172.76	3422.78
1174.37	3412.31
1175.97	3425.91
1177.58	3404.99
1179.19	3430.10
1180.79	3413.36
1182.40	3415.45
1184.00	3400.80
1185.61	3423.82
1187.21	3417.54
1188.82	3414.40
1190.42	3419.64
1192.02	3419.64
1193.63	3400.80
1195.23	3415.45
1196.84	3414.40
1198.44	3419.64
1200.04	3419.64
1201.65	3419.64
1203.25	3412.31
1204.85	3415.45
1206.46	3398.71
1208.06	3419.64
1209.66	3404.99
1211.26	3406.03
1212.87	3431.15
1214.47	3414.40
1216.07	3414.40
1217.67	3414.40
1219.27	3397.66
1220.87	3410.22
1222.48	3403.94
1224.08	3401.85
1225.68	3387.20
1227.28	3392.43
1228.88	3384.06
1230.48	3396.62
1232.08	3380.92
1233.68	3397.66
1235.28	3399.75
1236.88	3391.38
1238.48	3376.73
1240.08	3395.57
1241.68	3369.41
1243.28	3377.78
1244.87	3374.64
1246.47	3359.99
1248.07	3348.48
1249.67	3364.18
1251.27	3376.73
1252.87	3352.67
1254.46	3347.43
1256.06	3350.57
1257.66	3347.43
1259.26	3345.34
1260.85	3343.25
1262.45	3341.16
1264.05	3336.97
1265.64	3335.92
1267.24	3331.74
1268.83	3336.97
1270.43	3319.18
1272.03	3352.67
1273.62	3329.65
1275.22	3322.32
1276.81	3333.83
1278.41	3323.37
1280.00	3329.65
1281.60	3326.51
1283.19	3306.62
1284.79	3321.27
1286.38	3316.04
1287.97	3320.23
1289.57	3305.58
1291.16	3312.90
1292.75	3300.35
1294.35	3315.00
1295.94	3306.62
1297.53	3303.49
1299.12	3290.93
1300.72	3306.62
1302.31	3278.37
1303.90	3307.67
1305.49	3300.35
1307.08	3280.46
1308.68	3275.23
1310.27	3281.51
1311.86	3285.70
1313.45	3276.28
1315.04	3277.33
1316.63	3282.56
1318.22	3272.09
1319.81	3260.58
1321.40	3258.49
1322.99	3270.00
1324.58	3254.30
1326.17	3256.40
1327.75	3243.84
1329.34	3248.03
1330.93	3238.61
1332.52	3234.42
1334.11	3232.33
1335.70	3237.56
1337.28	3218.73
1338.87	3225.01
1340.46	3229.19
1342.05	3222.91
1343.63	3216.63
1345.22	3209.31
1346.81	3213.50
1348.39	3201.98
1349.98	3203.03
1351.56	3194.66
1353.15	3188.38
1354.73	3185.24
1356.32	3169.55
1357.90	3170.59
1359.49	3169.55
1361.07	3155.94
1362.66	3153.85
1364.24	3149.66
1365.82	3149.66
1367.41	3159.08
1368.99	3136.06
1370.57	3130.83
1372.16	3132.92
1373.74	3127.69
1375.32	3121.41
1376.91	3107.81
1378.49	3076.42
1380.07	3049.21
1381.65	3045.02
1383.23	3030.38
1384.81	3022.00
1386.39	3019.91
1387.97	3026.19
1389.55	3018.86
1391.14	3003.17
1392.72	2986.43
1394.29	2986.43
1395.87	2980.15
1397.45	2965.50
1399.03	2965.50
1400.61	2962.36
1402.19	2948.76
1403.77	2940.38
1405.35	2950.85
1406.92	2939.34
1408.50	2942.48
1410.08	2940.38
1411.66	2926.78
1413.23	2922.60
1414.81	2932.01
1416.39	2912.13
1417.96	2923.64
1419.54	2917.36
1421.12	2913.18
1422.69	2921.55
1424.27	2913.18
1425.84	2918.41
1427.42	2908.99
1428.99	2908.99
1430.57	2900.62
1432.14	2898.53
1433.71	2901.67
1435.29	2914.22
1436.86	2912.13
1438.43	2906.90
1440.01	2897.48
1441.58	2783.42
1443.15	2898.53
1444.72	2899.58
1446.30	2900.62
1447.87	2906.90
1449.44	2897.48
1451.01	2883.88
1452.58	2901.67
1454.15	2892.25
1455.72	2888.06
1457.29	2890.16
1458.86	2894.34
1460.43	2894.34
1462.00	2918.41
1463.57	2896.44
1465.14	2891.20
1466.71	2889.11
1468.28	2906.90
1469.85	2901.67
1471.41	2910.04
1472.98	2897.48
1474.55	2913.18
1476.12	2895.39
1477.68	2895.39
1479.25	2897.48
1480.82	2893.30
1482.38	2908.99
1483.95	2898.53
1485.51	2899.58
1487.08	2915.27
1488.64	2907.95
1490.21	2905.85
1491.77	2892.25
1493.34	2906.90
1494.90	2894.34
1496.46	2901.67
1498.03	2914.22
1499.59	2912.13
1501.15	2899.58
1502.72	2906.90
1504.28	2913.18
1505.84	2901.67
1507.40	2907.95
1508.97	2921.55
1510.53	2917.36
1512.09	2928.87
1513.65	2926.78
1515.21	2928.87
1516.77	2902.71
1518.33	2924.69
1519.89	2916.32
1521.45	2921.55
1523.01	2930.97
1524.57	2932.01
1526.13	2923.64
1527.68	2936.20
1529.24	2934.11
1530.80	2929.92
1532.36	2940.38
1533.92	2924.69
1535.47	2910.04
1537.03	2921.55
1538.59	2927.83
1540.14	2917.36
1541.70	2912.13
1543.25	2930.97
1544.81	2921.55
1546.36	2927.83
1547.92	2918.41
1549.47	2929.92
1551.03	2915.27
1552.58	2912.13
1554.13	2922.60
1555.69	2926.78
1557.24	2910.04
1558.79	2911.09
1560.35	2908.99
1561.90	2915.27
1563.45	2905.85
1565.00	2904.81
1566.55	2906.90
1568.10	2895.39
1569.66	2889.11
1571.21	2912.13
1572.76	2914.22
1574.31	2911.09
1575.86	2905.85
1577.40	2901.67
1578.95	2902.71
1580.50	2902.71
1582.05	2888.06
1583.60	2889.11
1585.15	2881.79
1586.69	2891.20
1588.24	2889.11
1589.79	2896.44
1591.34	2880.74
1592.88	2902.71
1594.43	2881.79
1595.97	2890.16
1597.52	2889.11
1599.06	2892.25
1600.61	2888.06
1602.15	2896.44
1603.70	2881.79
1605.24	2885.97
1606.79	2878.65
1608.33	2870.28
1609.87	2871.32
1611.41	2884.93
1612.96	2881.79
1614.50	2869.23
1616.04	2866.09
1617.58	2873.42
1619.12	2862.95
1620.67	2874.46
1622.21	2851.44
1623.75	2871.32
1625.29	2858.77
1626.83	2850.39
1628.37	2865.04
1629.90	2842.02
1631.44	2838.88
1632.98	2848.30
1634.52	2820.05
1636.06	2819.00
1637.59	2829.47
1639.13	2809.58
1640.67	2800.17
1642.21	2788.66
1643.74	2781.33
1645.28	2766.68
1646.81	2756.22
1648.35	2765.64
1649.88	2743.66
1651.42	2750.99
1652.95	2726.92
1654.49	2744.71
1656.02	2719.59
1657.55	2723.78
1659.09	2707.04
1660.62	2723.78
1662.15	2703.90
1663.68	2712.27
1665.22	2703.90
1666.75	2699.71
1668.28	2695.53
1669.81	2704.94
1671.34	2693.43
1672.87	2700.76
1674.40	2703.90
1675.93	2697.62
1677.46	2684.02
1678.99	2676.69
1680.52	2685.06
1682.04	2696.57
1683.57	2677.74
1685.10	2686.11
1686.63	2669.37
1688.15	2679.83
1689.68	2667.27
1691.21	2673.55
1692.73	2677.74
1694.26	2682.97
1695.78	2673.55
1697.31	2666.23
1698.83	2664.13
1700.36	2673.55
1701.88	2653.67
1703.40	2675.65
1704.93	2659.95
1706.45	2657.86
