896.35	2926.78
897.98	2943.52
899.60	2946.66
901.22	2968.64
902.85	2957.13
904.47	2978.06
906.10	2981.19
907.72	2983.29
909.34	2993.75
910.97	3005.26
912.59	3027.24
914.21	3052.35
915.84	3071.18
917.46	3097.34
919.08	3118.27
920.71	3124.55
922.33	3154.90
923.95	3164.31
925.58	3177.92
927.20	3173.73
928.82	3184.20
930.44	3210.36
932.07	3195.71
933.69	3197.80
935.31	3203.03
936.93	3215.59
938.56	3220.82
940.18	3222.91
941.80	3231.28
943.42	3240.70
945.05	3252.21
946.67	3228.14
948.29	3238.61
949.91	3235.47
951.53	3252.21
953.16	3248.03
954.78	3239.66
956.40	3230.24
958.02	3239.66
959.64	3250.12
961.26	3243.84
962.88	3245.93
964.51	3233.38
966.13	3252.21
967.75	3243.84
969.37	3235.47
970.99	3243.84
972.61	3241.75
974.23	3248.03
975.85	3252.21
977.47	3255.35
979.09	3246.98
980.71	3240.70
982.33	3246.98
983.95	3262.68
985.57	3272.09
987.19	3253.26
988.81	3261.63
990.43	3260.58
992.05	3262.68
993.67	3282.56
995.29	3274.19
996.91	3266.86
998.53	3294.07
1000.15	3289.88
1001.77	3294.07
1003.39	3299.30
1005.01	3294.07
1006.63	3309.76
1008.25	3307.67
1009.86	3322.32
1011.48	3312.90
1013.10	3318.14
1014.72	3329.65
1016.34	3327.55
1017.96	3341.16
1019.58	3326.51
1021.19	3331.74
1022.81	3340.11
1024.43	3353.71
1026.05	3343.25
1027.66	3356.85
1029.28	3352.67
1030.90	3356.85
1032.52	3346.39
1034.13	3353.71
1035.75	3363.13
1037.37	3358.94
1038.98	3367.32
1040.60	3362.08
1042.22	3355.81
1043.83	3368.36
1045.45	3373.59
1047.07	3369.41
1048.68	3374.64
1050.30	3361.04
1051.92	3379.87
1053.53	3370.46
1055.15	3374.64
1056.76	3375.69
1058.38	3369.41
1059.99	3378.83
1061.61	3374.64
1063.22	3366.27
1064.84	3371.50
1066.46	3364.18
1068.07	3357.90
1069.68	3367.32
1071.30	3375.69
1072.91	3361.04
1074.53	3353.71
1076.14	3366.27
1077.76	3354.76
1079.37	3354.76
1080.98	3338.02
1082.60	3357.90
1084.21	3352.67
1085.83	3343.25
1087.44	3349.53
1089.05	3347.43
1090.67	3338.02
1092.28	3342.20
1093.89	3349.53
1095.50	3346.39
1097.12	3340.11
1098.73	3352.67
1100.34	3338.02
1101.95	3352.67
1103.57	3332.78
1105.18	3336.97
1106.79	3338.02
1108.40	3342.20
1110.01	3338.02
1111.63	3342.20
1113.24	3348.48
1114.85	3345.34
1116.46	3338.02
1118.07	3350.57
1119.68	3341.16
1121.29	3348.48
1122.90	3334.88
1124.51	3341.16
1126.12	3344.30
1127.73	3351.62
1129.34	3357.90
1130.95	3359.99
1132.56	3356.85
1134.17	3329.65
1135.78	3338.02
1137.39	3345.34
1139.00	3333.83
1140.61	3347.43
1142.22	3348.48
1143.83	3335.92
1145.44	3335.92
1147.05	3341.16
1148.65	3342.20
1150.26	3330.69
1151.87	3332.78
1153.48	3342.20
1155.09	3349.53
1156.69	3346.39
1158.30	3332.78
1159.91	3330.69
1161.52	3347.43
1163.12	3347.43
1164.73	3332.78
1166.34	3343.25
1167.94	3339.06
1169.55	3348.48
1171.16	3352.67
1172.76	3353.71
1174.37	3345.34
1175.97	3356.85
1177.58	3339.06
1179.19	3361.04
1180.79	3351.62
1182.40	3357.90
1184.00	3341.16
1185.61	3356.85
1187.21	3350.57
1188.82	3347.43
1190.42	3342.20
1192.02	3343.25
1193.63	3339.06
1195.23	3355.81
1196.84	3358.94
1198.44	3356.85
1200.04	3351.62
1201.65	3352.67
1203.25	3355.81
1204.85	3356.85
1206.46	3335.92
1208.06	3346.39
1209.66	3343.25
1211.26	3336.97
1212.87	3351.62
1214.47	3333.83
1216.07	3336.97
1217.67	3344.30
1219.27	3333.83
1220.87	3330.69
1222.48	3333.83
1224.08	3334.88
1225.68	3334.88
1227.28	3326.51
1228.88	3320.23
1230.48	3323.37
1232.08	3302.44
1233.68	3324.41
1235.28	3335.92
1236.88	3315.00
1238.48	3301.39
1240.08	3319.18
1241.68	3289.88
1243.28	3306.62
1244.87	3308.72
1246.47	3304.53
1248.07	3293.02
1249.67	3297.21
1251.27	3296.16
1252.87	3285.70
1254.46	3276.28
1256.06	3272.09
1257.66	3275.23
1259.26	3277.33
1260.85	3293.02
1262.45	3272.09
1264.05	3276.28
1265.64	3276.28
1267.24	3279.42
1268.83	3277.33
1270.43	3265.82
1272.03	3282.56
1273.62	3264.77
1275.22	3258.49
1276.81	3274.19
1278.41	3266.86
1280.00	3259.54
1281.60	3259.54
1283.19	3254.30
1284.79	3266.86
1286.38	3256.40
1287.97	3261.63
1289.57	3251.17
1291.16	3249.07
1292.75	3240.70
1294.35	3257.44
1295.94	3249.07
1297.53	3240.70
1299.12	3234.42
1300.72	3258.49
1302.31	3228.14
1303.90	3249.07
1305.49	3245.93
1307.08	3227.10
1308.68	3220.82
1310.27	3220.82
1311.86	3216.63
1313.45	3218.73
1315.04	3214.54
1316.63	3215.59
1318.22	3215.59
1319.81	3209.31
1321.40	3216.63
1322.99	3210.36
1324.58	3200.94
1326.17	3199.89
1327.75	3187.34
1329.34	3199.89
1330.93	3174.78
1332.52	3171.64
1334.11	3177.92
1335.70	3175.82
1337.28	3169.55
1338.87	3180.01
1340.46	3172.69
1342.05	3160.13
1343.63	3155.94
1345.22	3151.76
1346.81	3160.13
1348.39	3153.85
1349.98	3152.80
1351.56	3144.43
1353.15	3139.20
1354.73	3140.25
1356.32	3123.50
1357.90	3111.99
1359.49	3116.18
1361.07	3096.30
1362.66	3100.48
1364.24	3102.58
1365.82	3103.62
1367.41	3100.48
1368.99	3077.46
1370.57	3076.42
1372.16	3080.60
1373.74	3075.37
1375.32	3068.05
1376.91	3057.58
1378.49	3038.75
1380.07	3008.40
1381.65	3009.45
1383.23	2992.70
1384.81	2992.70
1386.39	2983.29
1387.97	2981.19
1389.55	2977.01
1391.14	2965.50
1392.72	2947.71
1394.29	2950.85
1395.87	2930.97
1397.45	2923.64
1399.03	2924.69
1400.61	2917.36
1402.19	2911.09
1403.77	2899.58
1405.35	2919.46
1406.92	2904.81
1408.50	2903.76
1410.08	2883.88
1411.66	2888.06
1413.23	2887.02
1414.81	2890.16
1416.39	2873.42
1417.96	2888.06
1419.54	2873.42
1421.12	2887.02
1422.69	2889.11
1424.27	2870.28
1425.84	2875.51
1427.42	2871.32
1428.99	2873.42
1430.57	2873.42
1432.14	2868.18
1433.71	2866.09
1435.29	2870.28
1436.86	2871.32
1438.43	2862.95
1440.01	2865.04
1441.58	2748.89
1443.15	2868.18
1444.72	2868.18
1446.30	2867.14
1447.87	2877.60
1449.44	2865.04
1451.01	2850.39
1452.58	2858.77
1454.15	2869.23
1455.72	2854.58
1457.29	2860.86
1458.86	2862.95
1460.43	2856.67
1462.00	2871.32
1463.57	2860.86
1465.14	2864.00
1466.71	2853.53
1468.28	2862.95
1469.85	2860.86
1471.41	2868.18
1472.98	2854.58
1474.55	2869.23
1476.12	2856.67
1477.68	2862.95
1479.25	2874.46
1480.82	2862.95
1482.38	2875.51
1483.95	2859.81
1485.51	2869.23
1487.08	2879.69
1488.64	2872.37
1490.21	2878.65
1491.77	2864.00
1493.34	2873.42
1494.90	2875.51
1496.46	2867.14
1498.03	2880.74
1499.59	2874.46
1501.15	2877.60
1502.72	2878.65
1504.28	2874.46
1505.84	2872.37
1507.40	2869.23
1508.97	2887.02
1510.53	2891.20
1512.09	2899.58
1513.65	2887.02
1515.21	2890.16
1516.77	2874.46
1518.33	2897.48
1519.89	2885.97
1521.45	2887.02
1523.01	2891.20
1524.57	2904.81
1526.13	2894.34
1527.68	2892.25
1529.24	2894.34
1530.80	2897.48
1532.36	2910.04
1533.92	2894.34
1535.47	2885.97
1537.03	2889.11
1538.59	2893.30
1540.14	2887.02
1541.70	2880.74
1543.25	2905.85
1544.81	2896.44
1546.36	2896.44
1547.92	2880.74
1549.47	2893.30
1551.03	2906.90
1552.58	2894.34
1554.13	2887.02
1555.69	2893.30
1557.24	2885.97
1558.79	2887.02
1560.35	2877.60
1561.90	2888.06
1563.45	2880.74
1565.00	2888.06
1566.55	2870.28
1568.10	2881.79
1569.66	2877.60
1571.21	2893.30
1572.76	2895.39
1574.31	2879.69
1575.86	2879.69
1577.40	2873.42
1578.95	2875.51
1580.50	2870.28
1582.05	2860.86
1583.60	2861.90
1585.15	2858.77
1586.69	2877.60
1588.24	2866.09
1589.79	2864.00
1591.34	2846.21
1592.88	2873.42
1594.43	2855.63
1595.97	2870.28
1597.52	2864.00
1599.06	2861.90
1600.61	2849.35
1602.15	2875.51
1603.70	2862.95
1605.24	2866.09
1606.79	2858.77
1608.33	2849.35
1609.87	2844.12
1611.41	2855.63
1612.96	2859.81
1614.50	2845.16
1616.04	2843.07
1617.58	2847.26
1619.12	2839.93
1620.67	2843.07
1622.21	2825.28
1623.75	2843.07
1625.29	2823.19
1626.83	2827.37
1628.37	2835.74
1629.90	2820.05
1631.44	2815.86
1632.98	2814.82
1634.52	2799.12
1636.06	2793.89
1637.59	2806.45
1639.13	2794.94
1640.67	2791.80
1642.21	2779.24
1643.74	2771.91
1645.28	2754.13
1646.81	2738.43
1648.35	2748.89
1649.88	2730.06
1651.42	2733.20
1652.95	2726.92
1654.49	2733.20
1656.02	2703.90
1657.55	2717.50
1659.09	2696.57
1660.62	2721.69
1662.15	2699.71
1663.68	2707.04
1665.22	2693.43
1666.75	2693.43
1668.28	2684.02
1669.81	2702.85
1671.34	2685.06
1672.87	2689.25
1674.40	2699.71
1675.93	2693.43
1677.46	2679.83
1678.99	2674.60
1680.52	2670.41
1682.04	2681.92
1683.57	2671.46
1685.10	2680.88
1686.63	2670.41
1688.15	2674.60
1689.68	2667.27
1691.21	2668.32
1692.73	2659.95
1694.26	2675.65
1695.78	2669.37
1697.31	2673.55
1698.83	2662.04
1700.36	2658.90
1701.88	2649.49
1703.40	2665.18
1704.93	2648.44
1706.45	2652.62
