896.35	2978.06
897.98	2981.19
899.60	2988.52
901.22	3011.54
902.85	3001.08
904.47	3011.54
906.10	3026.19
907.72	3023.05
909.34	3033.51
910.97	3054.44
912.59	3071.18
914.21	3096.30
915.84	3124.55
917.46	3166.41
919.08	3176.87
920.71	3198.85
922.33	3227.10
923.95	3233.38
925.58	3259.54
927.20	3253.26
928.82	3254.30
930.44	3277.33
932.07	3274.19
933.69	3264.77
935.31	3280.46
936.93	3287.79
938.56	3293.02
940.18	3298.25
941.80	3298.25
943.42	3311.86
945.05	3327.55
946.67	3313.95
948.29	3312.90
949.91	3308.72
951.53	3323.37
953.16	3332.78
954.78	3325.46
956.40	3315.00
958.02	3318.14
959.64	3319.18
961.26	3317.09
962.88	3312.90
964.51	3307.67
966.13	3333.83
967.75	3326.51
969.37	3308.72
970.99	3310.81
972.61	3312.90
974.23	3320.23
975.85	3321.27
977.47	3325.46
979.09	3330.69
980.71	3318.14
982.33	3329.65
983.95	3338.02
985.57	3347.43
987.19	3334.88
988.81	3343.25
990.43	3333.83
992.05	3331.74
993.67	3353.71
995.29	3354.76
996.91	3344.30
998.53	3374.64
1000.15	3372.55
1001.77	3378.83
1003.39	3381.97
1005.01	3387.20
1006.63	3390.34
1008.25	3391.38
1009.86	3401.85
1011.48	3400.80
1013.10	3400.80
1014.72	3414.40
1016.34	3411.26
1017.96	3436.38
1019.58	3412.31
1021.19	3414.40
1022.81	3419.64
1024.43	3439.52
1026.05	3426.96
1027.66	3438.47
1029.28	3424.87
1030.90	3437.42
1032.52	3428.01
1034.13	3438.47
1035.75	3447.89
1037.37	3457.31
1038.98	3455.21
1040.60	3456.26
1042.22	3445.80
1043.83	3457.31
1045.45	3447.89
1047.07	3461.49
1048.68	3461.49
1050.30	3451.03
1051.92	3462.54
1053.53	3460.45
1055.15	3456.26
1056.76	3456.26
1058.38	3458.35
1059.99	3463.58
1061.61	3452.07
1063.22	3448.94
1064.84	3455.21
1066.46	3453.12
1068.07	3445.80
1069.68	3456.26
1071.30	3462.54
1072.91	3442.66
1074.53	3439.52
1076.14	3455.21
1077.76	3440.56
1079.37	3449.98
1080.98	3422.78
1082.60	3443.70
1084.21	3441.61
1085.83	3445.80
1087.44	3439.52
1089.05	3429.05
1090.67	3424.87
1092.28	3422.78
1093.89	3430.10
1095.50	3428.01
1097.12	3421.73
1098.73	3433.24
1100.34	3419.64
1101.95	3438.47
1103.57	3428.01
1105.18	3413.36
1106.79	3412.31
1108.40	3418.59
1110.01	3422.78
1111.63	3429.05
1113.24	3422.78
1114.85	3425.91
1116.46	3422.78
1118.07	3438.47
1119.68	3416.50
1121.29	3436.38
1122.90	3418.59
1124.51	3422.78
1126.12	3428.01
1127.73	3437.42
1129.34	3442.66
1130.95	3443.70
1132.56	3434.29
1134.17	3415.45
1135.78	3416.50
1137.39	3435.33
1139.00	3418.59
1140.61	3421.73
1142.22	3429.05
1143.83	3431.15
1145.44	3423.82
1147.05	3425.91
1148.65	3431.15
1150.26	3421.73
1151.87	3417.54
1153.48	3432.19
1155.09	3436.38
1156.69	3431.15
1158.30	3416.50
1159.91	3436.38
1161.52	3434.29
1163.12	3428.01
1164.73	3424.87
1166.34	3439.52
1167.94	3429.05
1169.55	3433.24
1171.16	3442.66
1172.76	3452.07
1174.37	3430.10
1175.97	3434.29
1177.58	3419.64
1179.19	3442.66
1180.79	3435.33
1182.40	3443.70
1184.00	3432.19
1185.61	3449.98
1187.21	3441.61
1188.82	3437.42
1190.42	3433.24
1192.02	3436.38
1193.63	3418.59
1195.23	3438.47
1196.84	3430.10
1198.44	3441.61
1200.04	3441.61
1201.65	3435.33
1203.25	3429.05
1204.85	3449.98
1206.46	3422.78
1208.06	3425.91
1209.66	3424.87
1211.26	3430.10
1212.87	3452.07
1214.47	3425.91
1216.07	3414.40
1217.67	3422.78
1219.27	3418.59
1220.87	3425.91
1222.48	3419.64
1224.08	3418.59
1225.68	3417.54
1227.28	3422.78
1228.88	3407.08
1230.48	3411.26
1232.08	3394.52
1233.68	3407.08
1235.28	3419.64
1236.88	3399.75
1238.48	3393.48
1240.08	3428.01
1241.68	3385.10
1243.28	3394.52
1244.87	3389.29
1246.47	3385.10
1248.07	3378.83
1249.67	3377.78
1251.27	3383.01
1252.87	3372.55
1254.46	3367.32
1256.06	3366.27
1257.66	3357.90
1259.26	3352.67
1260.85	3362.08
1262.45	3354.76
1264.05	3352.67
1265.64	3354.76
1267.24	3352.67
1268.83	3354.76
1270.43	3339.06
1272.03	3354.76
1273.62	3345.34
1275.22	3343.25
1276.81	3351.62
1278.41	3343.25
1280.00	3340.11
1281.60	3338.02
1283.19	3327.55
1284.79	3342.20
1286.38	3334.88
1287.97	3342.20
1289.57	3326.51
1291.16	3335.92
1292.75	3315.00
1294.35	3327.55
1295.94	3316.04
1297.53	3318.14
1299.12	3309.76
1300.72	3328.60
1302.31	3295.11
1303.90	3317.09
1305.49	3310.81
1307.08	3294.07
1308.68	3295.11
1310.27	3295.11
1311.86	3294.07
1313.45	3291.98
1315.04	3279.42
1316.63	3285.70
1318.22	3278.37
1319.81	3275.23
1321.40	3275.23
1322.99	3278.37
1324.58	3257.44
1326.17	3264.77
1327.75	3254.30
1329.34	3268.95
1330.93	3264.77
1332.52	3262.68
1334.11	3248.03
1335.70	3253.26
1337.28	3237.56
1338.87	3243.84
1340.46	3234.42
1342.05	3226.05
1343.63	3227.10
1345.22	3229.19
1346.81	3230.24
1348.39	3222.91
1349.98	3220.82
1351.56	3210.36
1353.15	3199.89
1354.73	3198.85
1356.32	3188.38
1357.90	3186.29
1359.49	3182.10
1361.07	3160.13
1362.66	3154.90
1364.24	3164.31
1365.82	3162.22
1367.41	3168.50
1368.99	3144.43
1370.57	3133.97
1372.16	3142.34
1373.74	3138.15
1375.32	3137.11
1376.91	3129.78
1378.49	3101.53
1380.07	3070.14
1381.65	3060.72
1383.23	3040.84
1384.81	3041.89
1386.39	3041.89
1387.97	3039.79
1389.55	3028.28
1391.14	3022.00
1392.72	3002.12
1394.29	2998.98
1395.87	2987.47
1397.45	2980.15
1399.03	2982.24
1400.61	2970.73
1402.19	2967.59
1403.77	2952.94
1405.35	2969.68
1406.92	2955.03
1408.50	2953.99
1410.08	2947.71
1411.66	2947.71
1413.23	2950.85
1414.81	2949.80
1416.39	2935.15
1417.96	2946.66
1419.54	2938.29
1421.12	2941.43
1422.69	2944.57
1424.27	2924.69
1425.84	2938.29
1427.42	2926.78
1428.99	2925.74
1430.57	2926.78
1432.14	2924.69
1433.71	2922.60
1435.29	2928.87
1436.86	2932.01
1438.43	2926.78
1440.01	2920.50
1441.58	2802.26
1443.15	2925.74
1444.72	2921.55
1446.30	2920.50
1447.87	2937.25
1449.44	2918.41
1451.01	2899.58
1452.58	2923.64
1454.15	2927.83
1455.72	2916.32
1457.29	2915.27
1458.86	2921.55
1460.43	2904.81
1462.00	2930.97
1463.57	2917.36
1465.14	2923.64
1466.71	2914.22
1468.28	2919.46
1469.85	2918.41
1471.41	2923.64
1472.98	2914.22
1474.55	2937.25
1476.12	2912.13
1477.68	2916.32
1479.25	2922.60
1480.82	2915.27
1482.38	2912.13
1483.95	2912.13
1485.51	2923.64
1487.08	2935.15
1488.64	2933.06
1490.21	2928.87
1491.77	2910.04
1493.34	2925.74
1494.90	2917.36
1496.46	2916.32
1498.03	2927.83
1499.59	2930.97
1501.15	2919.46
1502.72	2925.74
1504.28	2923.64
1505.84	2929.92
1507.40	2922.60
1508.97	2941.43
1510.53	2940.38
1512.09	2946.66
1513.65	2946.66
1515.21	2946.66
1516.77	2929.92
1518.33	2951.90
1519.89	2937.25
1521.45	2930.97
1523.01	2936.20
1524.57	2950.85
1526.13	2944.57
1527.68	2947.71
1529.24	2948.76
1530.80	2943.52
1532.36	2945.62
1533.92	2941.43
1535.47	2929.92
1537.03	2942.48
1538.59	2941.43
1540.14	2929.92
1541.70	2923.64
1543.25	2955.03
1544.81	2946.66
1546.36	2935.15
1547.92	2922.60
1549.47	2942.48
1551.03	2936.20
1552.58	2925.74
1554.13	2929.92
1555.69	2938.29
1557.24	2925.74
1558.79	2929.92
1560.35	2921.55
1561.90	2935.15
1563.45	2919.46
1565.00	2926.78
1566.55	2914.22
1568.10	2916.32
1569.66	2913.18
1571.21	2925.74
1572.76	2919.46
1574.31	2921.55
1575.86	2906.90
1577.40	2912.13
1578.95	2917.36
1580.50	2919.46
1582.05	2900.62
1583.60	2902.71
1585.15	2895.39
1586.69	2899.58
1588.24	2905.85
1589.79	2905.85
1591.34	2885.97
1592.88	2907.95
1594.43	2895.39
1595.97	2904.81
1597.52	2887.02
1599.06	2893.30
1600.61	2894.34
1602.15	2908.99
1603.70	2891.20
1605.24	2895.39
1606.79	2891.20
1608.33	2877.60
1609.87	2880.74
1611.41	2888.06
1612.96	2893.30
1614.50	2875.51
1616.04	2879.69
1617.58	2882.83
1619.12	2869.23
1620.67	2875.51
1622.21	2854.58
1623.75	2876.55
1625.29	2854.58
1626.83	2858.77
1628.37	2871.32
1629.90	2848.30
1631.44	2842.02
1632.98	2847.26
1634.52	2830.51
1636.06	2837.84
1637.59	2838.88
1639.13	2815.86
1640.67	2812.72
1642.21	2792.84
1643.74	2797.03
1645.28	2770.87
1646.81	2764.59
1648.35	2768.78
1649.88	2739.48
1651.42	2738.43
1652.95	2721.69
1654.49	2745.75
1656.02	2724.83
1657.55	2732.15
1659.09	2703.90
1660.62	2717.50
1662.15	2707.04
1663.68	2716.45
1665.22	2699.71
1666.75	2699.71
1668.28	2695.53
1669.81	2713.32
1671.34	2689.25
1672.87	2696.57
1674.40	2701.81
1675.93	2696.57
1677.46	2685.06
1678.99	2677.74
1680.52	2679.83
1682.04	2691.34
1683.57	2676.69
1685.10	2676.69
1686.63	2678.78
1688.15	2685.06
1689.68	2676.69
1691.21	2667.27
1692.73	2668.32
1694.26	2677.74
1695.78	2668.32
1697.31	2676.69
1698.83	2659.95
1700.36	2669.37
1701.88	2657.86
1703.40	2670.41
1704.93	2651.58
1706.45	2665.18
