896.35	2973.87
897.98	2974.92
899.60	2984.33
901.22	3009.45
902.85	2998.98
904.47	3006.31
906.10	3000.03
907.72	3017.82
909.34	3030.38
910.97	3054.44
912.59	3064.91
914.21	3098.39
915.84	3123.50
917.46	3160.13
919.08	3173.73
920.71	3185.24
922.33	3204.08
923.95	3221.87
925.58	3250.12
927.20	3245.93
928.82	3256.40
930.44	3270.00
932.07	3261.63
933.69	3250.12
935.31	3260.58
936.93	3280.46
938.56	3280.46
940.18	3284.65
941.80	3285.70
943.42	3309.76
945.05	3310.81
946.67	3299.30
948.29	3295.11
949.91	3296.16
951.53	3320.23
953.16	3319.18
954.78	3312.90
956.40	3299.30
958.02	3299.30
959.64	3303.49
961.26	3309.76
962.88	3308.72
964.51	3296.16
966.13	3323.37
967.75	3305.58
969.37	3298.25
970.99	3302.44
972.61	3306.62
974.23	3306.62
975.85	3306.62
977.47	3316.04
979.09	3315.00
980.71	3306.62
982.33	3309.76
983.95	3317.09
985.57	3331.74
987.19	3325.46
988.81	3336.97
990.43	3326.51
992.05	3323.37
993.67	3343.25
995.29	3335.92
996.91	3331.74
998.53	3353.71
1000.15	3358.94
1001.77	3353.71
1003.39	3350.57
1005.01	3370.46
1006.63	3374.64
1008.25	3378.83
1009.86	3386.15
1011.48	3381.97
1013.10	3381.97
1014.72	3391.38
1016.34	3395.57
1017.96	3407.08
1019.58	3391.38
1021.19	3392.43
1022.81	3395.57
1024.43	3416.50
1026.05	3415.45
1027.66	3425.91
1029.28	3416.50
1030.90	3419.64
1032.52	3413.36
1034.13	3426.96
1035.75	3438.47
1037.37	3433.24
1038.98	3444.75
1040.60	3425.91
1042.22	3418.59
1043.83	3426.96
1045.45	3431.15
1047.07	3441.61
1048.68	3440.56
1050.30	3428.01
1051.92	3443.70
1053.53	3436.38
1055.15	3441.61
1056.76	3438.47
1058.38	3436.38
1059.99	3445.80
1061.61	3437.42
1063.22	3430.10
1064.84	3434.29
1066.46	3442.66
1068.07	3432.19
1069.68	3437.42
1071.30	3436.38
1072.91	3424.87
1074.53	3417.54
1076.14	3436.38
1077.76	3430.10
1079.37	3436.38
1080.98	3396.62
1082.60	3415.45
1084.21	3410.22
1085.83	3416.50
1087.44	3415.45
1089.05	3407.08
1090.67	3404.99
1092.28	3408.13
1093.89	3418.59
1095.50	3412.31
1097.12	3399.75
1098.73	3416.50
1100.34	3393.48
1101.95	3415.45
1103.57	3401.85
1105.18	3397.66
1106.79	3381.97
1108.40	3402.89
1110.01	3411.26
1111.63	3411.26
1113.24	3402.89
1114.85	3412.31
1116.46	3406.03
1118.07	3412.31
1119.68	3398.71
1121.29	3412.31
1122.90	3403.94
1124.51	3406.03
1126.12	3412.31
1127.73	3421.73
1129.34	3415.45
1130.95	3415.45
1132.56	3413.36
1134.17	3397.66
1135.78	3396.62
1137.39	3406.03
1139.00	3398.71
1140.61	3413.36
1142.22	3417.54
1143.83	3412.31
1145.44	3407.08
1147.05	3399.75
1148.65	3399.75
1150.26	3396.62
1151.87	3395.57
1153.48	3401.85
1155.09	3404.99
1156.69	3407.08
1158.30	3404.99
1159.91	3401.85
1161.52	3411.26
1163.12	3414.40
1164.73	3409.17
1166.34	3421.73
1167.94	3412.31
1169.55	3419.64
1171.16	3413.36
1172.76	3422.78
1174.37	3413.36
1175.97	3423.82
1177.58	3394.52
1179.19	3415.45
1180.79	3408.13
1182.40	3412.31
1184.00	3407.08
1185.61	3418.59
1187.21	3409.17
1188.82	3406.03
1190.42	3409.17
1192.02	3409.17
1193.63	3398.71
1195.23	3412.31
1196.84	3411.26
1198.44	3410.22
1200.04	3408.13
1201.65	3415.45
1203.25	3408.13
1204.85	3416.50
1206.46	3398.71
1208.06	3404.99
1209.66	3390.34
1211.26	3388.24
1212.87	3414.40
1214.47	3399.75
1216.07	3404.99
1217.67	3407.08
1219.27	3395.57
1220.87	3391.38
1222.48	3390.34
1224.08	3393.48
1225.68	3390.34
1227.28	3390.34
1228.88	3375.69
1230.48	3397.66
1232.08	3368.36
1233.68	3381.97
1235.28	3390.34
1236.88	3366.27
1238.48	3347.43
1240.08	3384.06
1241.68	3348.48
1243.28	3363.13
1244.87	3356.85
1246.47	3343.25
1248.07	3338.02
1249.67	3346.39
1251.27	3354.76
1252.87	3344.30
1254.46	3340.11
1256.06	3329.65
1257.66	3325.46
1259.26	3324.41
1260.85	3327.55
1262.45	3328.60
1264.05	3329.65
1265.64	3331.74
1267.24	3323.37
1268.83	3329.65
1270.43	3313.95
1272.03	3330.69
1273.62	3315.00
1275.22	3306.62
1276.81	3318.14
1278.41	3318.14
1280.00	3321.27
1281.60	3311.86
1283.19	3306.62
1284.79	3304.53
1286.38	3294.07
1287.97	3309.76
1289.57	3301.39
1291.16	3297.21
1292.75	3281.51
1294.35	3285.70
1295.94	3287.79
1297.53	3293.02
1299.12	3276.28
1300.72	3295.11
1302.31	3264.77
1303.90	3293.02
1305.49	3293.02
1307.08	3274.19
1308.68	3265.82
1310.27	3271.05
1311.86	3264.77
1313.45	3259.54
1315.04	3258.49
1316.63	3264.77
1318.22	3265.82
1319.81	3256.40
1321.40	3246.98
1322.99	3257.44
1324.58	3237.56
1326.17	3234.42
1327.75	3220.82
1329.34	3237.56
1330.93	3225.01
1332.52	3226.05
1334.11	3225.01
1335.70	3227.10
1337.28	3207.22
1338.87	3208.26
1340.46	3205.12
1342.05	3207.22
1343.63	3207.22
1345.22	3201.98
1346.81	3203.03
1348.39	3189.43
1349.98	3187.34
1351.56	3183.15
1353.15	3173.73
1354.73	3171.64
1356.32	3155.94
1357.90	3142.34
1359.49	3145.48
1361.07	3138.15
1362.66	3130.83
1364.24	3131.88
1365.82	3135.02
1367.41	3140.25
1368.99	3124.55
1370.57	3113.04
1372.16	3124.55
1373.74	3117.23
1375.32	3093.16
1376.91	3093.16
1378.49	3076.42
1380.07	3041.89
1381.65	3038.75
1383.23	3026.19
1384.81	3019.91
1386.39	3016.77
1387.97	3024.10
1389.55	3005.26
1391.14	2996.89
1392.72	2984.33
1394.29	2985.38
1395.87	2972.82
1397.45	2960.27
1399.03	2958.17
1400.61	2952.94
1402.19	2949.80
1403.77	2934.11
1405.35	2948.76
1406.92	2934.11
1408.50	2926.78
1410.08	2925.74
1411.66	2922.60
1413.23	2925.74
1414.81	2918.41
1416.39	2897.48
1417.96	2915.27
1419.54	2904.81
1421.12	2915.27
1422.69	2919.46
1424.27	2904.81
1425.84	2904.81
1427.42	2900.62
1428.99	2908.99
1430.57	2911.09
1432.14	2891.20
1433.71	2891.20
1435.29	2912.13
1436.86	2906.90
1438.43	2896.44
1440.01	2895.39
1441.58	2767.73
1443.15	2897.48
1444.72	2897.48
1446.30	2898.53
1447.87	2910.04
1449.44	2891.20
1451.01	2883.88
1452.58	2895.39
1454.15	2892.25
1455.72	2882.83
1457.29	2882.83
1458.86	2893.30
1460.43	2883.88
1462.00	2904.81
1463.57	2889.11
1465.14	2894.34
1466.71	2881.79
1468.28	2891.20
1469.85	2883.88
1471.41	2892.25
1472.98	2885.97
1474.55	2895.39
1476.12	2877.60
1477.68	2876.55
1479.25	2893.30
1480.82	2888.06
1482.38	2891.20
1483.95	2881.79
1485.51	2895.39
1487.08	2906.90
1488.64	2904.81
1490.21	2908.99
1491.77	2890.16
1493.34	2918.41
1494.90	2898.53
1496.46	2906.90
1498.03	2906.90
1499.59	2914.22
1501.15	2912.13
1502.72	2903.76
1504.28	2904.81
1505.84	2901.67
1507.40	2901.67
1508.97	2916.32
1510.53	2914.22
1512.09	2917.36
1513.65	2919.46
1515.21	2923.64
1516.77	2908.99
1518.33	2927.83
1519.89	2924.69
1521.45	2915.27
1523.01	2921.55
1524.57	2932.01
1526.13	2906.90
1527.68	2912.13
1529.24	2930.97
1530.80	2926.78
1532.36	2925.74
1533.92	2919.46
1535.47	2903.76
1537.03	2921.55
1538.59	2923.64
1540.14	2919.46
1541.70	2901.67
1543.25	2936.20
1544.81	2926.78
1546.36	2924.69
1547.92	2906.90
1549.47	2910.04
1551.03	2915.27
1552.58	2906.90
1554.13	2901.67
1555.69	2916.32
1557.24	2906.90
1558.79	2912.13
1560.35	2890.16
1561.90	2907.95
1563.45	2898.53
1565.00	2907.95
1566.55	2902.71
1568.10	2896.44
1569.66	2892.25
1571.21	2911.09
1572.76	2913.18
1574.31	2903.76
1575.86	2903.76
1577.40	2893.30
1578.95	2904.81
1580.50	2897.48
1582.05	2883.88
1583.60	2894.34
1585.15	2878.65
1586.69	2891.20
1588.24	2877.60
1589.79	2890.16
1591.34	2868.18
1592.88	2893.30
1594.43	2880.74
1595.97	2876.55
1597.52	2873.42
1599.06	2884.93
1600.61	2875.51
1602.15	2895.39
1603.70	2874.46
1605.24	2876.55
1606.79	2877.60
1608.33	2869.23
1609.87	2868.18
1611.41	2879.69
1612.96	2873.42
1614.50	2858.77
1616.04	2869.23
1617.58	2875.51
1619.12	2860.86
1620.67	2862.95
1622.21	2837.84
1623.75	2860.86
1625.29	2848.30
1626.83	2848.30
1628.37	2853.53
1629.90	2831.56
1631.44	2827.37
1632.98	2830.51
1634.52	2809.58
1636.06	2815.86
1637.59	2826.33
1639.13	2805.40
1640.67	2798.07
1642.21	2781.33
1643.74	2780.29
1645.28	2764.59
1646.81	2755.17
1648.35	2770.87
1649.88	2735.29
1651.42	2740.52
1652.95	2722.73
1654.49	2744.71
1656.02	2727.97
1657.55	2733.20
1659.09	2705.99
1660.62	2724.83
1662.15	2710.18
1663.68	2714.36
1665.22	2705.99
1666.75	2698.67
1668.28	2695.53
1669.81	2715.41
1671.34	2695.53
1672.87	2702.85
1674.40	2703.90
1675.93	2692.39
1677.46	2677.74
1678.99	2671.46
1680.52	2676.69
1682.04	2693.43
1683.57	2676.69
1685.10	2685.06
1686.63	2681.92
1688.15	2688.20
1689.68	2672.51
1691.21	2677.74
1692.73	2671.46
1694.26	2680.88
1695.78	2673.55
1697.31	2675.65
1698.83	2669.37
1700.36	2668.32
1701.88	2661.00
1703.40	2670.41
1704.93	2655.76
1706.45	2659.95
