896.35	2865.04
897.98	2861.90
899.60	2866.44
901.22	2873.42
902.85	2876.21
904.47	2881.09
906.10	2880.39
907.72	2885.27
909.34	2885.27
910.97	2897.83
912.59	2902.71
914.21	2909.69
915.84	2913.53
917.46	2924.69
919.08	2931.66
920.71	2945.27
922.33	2949.10
923.95	2963.75
925.58	2959.22
927.20	2965.85
928.82	2965.85
930.44	2975.96
932.07	2972.47
933.69	2971.08
935.31	2971.08
936.93	2979.80
938.56	2983.29
940.18	2985.38
941.80	2988.87
943.42	3001.08
945.05	3001.42
946.67	3008.05
948.29	2995.84
949.91	3004.56
951.53	3002.12
953.16	3011.89
954.78	3004.56
956.40	3005.96
958.02	3000.73
959.64	3010.14
961.26	3007.70
962.88	3010.49
964.51	3010.49
966.13	3016.77
967.75	3010.84
969.37	3010.14
970.99	3000.73
972.61	3008.40
974.23	3005.61
975.85	3017.47
977.47	3016.77
979.09	3019.91
980.71	3013.63
982.33	3019.56
983.95	3022.00
985.57	3027.58
987.19	3027.24
988.81	3027.58
990.43	3021.66
992.05	3025.84
993.67	3023.05
995.29	3023.40
996.91	3022.00
998.53	3029.33
1000.15	3037.70
1001.77	3037.00
1003.39	3033.17
1005.01	3037.70
1006.63	3040.49
1008.25	3051.65
1009.86	3050.61
1011.48	3053.74
1013.10	3049.91
1014.72	3054.09
1016.34	3060.72
1017.96	3064.21
1019.58	3058.98
1021.19	3053.05
1022.81	3055.84
1024.43	3063.86
1026.05	3069.09
1027.66	3069.79
1029.28	3069.09
1030.90	3067.00
1032.52	3064.21
1034.13	3068.39
1035.75	3070.49
1037.37	3079.90
1038.98	3073.63
1040.60	3073.28
1042.22	3063.86
1043.83	3072.23
1045.45	3073.98
1047.07	3083.39
1048.68	3077.46
1050.30	3083.74
1051.92	3077.11
1053.53	3085.14
1055.15	3078.16
1056.76	3084.44
1058.38	3082.00
1059.99	3085.49
1061.61	3075.72
1063.22	3076.07
1064.84	3070.84
1066.46	3074.32
1068.07	3068.05
1069.68	3076.07
1071.30	3077.46
1072.91	3081.30
1074.53	3078.86
1076.14	3080.25
1077.76	3082.35
1079.37	3075.02
1080.98	3072.93
1082.60	3070.14
1084.21	3072.58
1085.83	3075.72
1087.44	3070.49
1089.05	3071.88
1090.67	3068.05
1092.28	3075.72
1093.89	3078.16
1095.50	3078.16
1097.12	3075.02
1098.73	3066.30
1100.34	3065.60
1101.95	3068.39
1103.57	3070.84
1105.18	3071.53
1106.79	3067.00
1108.40	3071.53
1110.01	3072.93
1111.63	3078.51
1113.24	3077.81
1114.85	3077.46
1116.46	3075.72
1118.07	3076.07
1119.68	3076.07
1121.29	3074.32
1122.90	3073.63
1124.51	3078.86
1126.12	3083.04
1127.73	3089.32
1129.34	3089.32
1130.95	3092.81
1132.56	3083.04
1134.17	3079.21
1135.78	3072.93
1137.39	3078.86
1139.00	3075.72
1140.61	3080.95
1142.22	3077.81
1143.83	3082.70
1145.44	3077.46
1147.05	3085.83
1148.65	3084.44
1150.26	3084.09
1151.87	3079.21
1153.48	3084.79
1155.09	3087.23
1156.69	3085.14
1158.30	3078.86
1159.91	3081.65
1161.52	3085.14
1163.12	3084.09
1164.73	3080.95
1166.34	3079.21
1167.94	3083.04
1169.55	3086.18
1171.16	3089.67
1172.76	3088.97
1174.37	3087.58
1175.97	3083.74
1177.58	3091.42
1179.19	3088.62
1180.79	3092.46
1182.40	3084.79
1184.00	3090.37
1185.61	3092.81
1187.21	3092.81
1188.82	3091.42
1190.42	3088.28
1192.02	3088.97
1193.63	3087.93
1195.23	3090.72
1196.84	3093.16
1198.44	3098.39
1200.04	3098.74
1201.65	3099.79
1203.25	3099.09
1204.85	3094.21
1206.46	3090.72
1208.06	3086.88
1209.66	3088.62
1211.26	3097.69
1212.87	3094.90
1214.47	3099.44
1216.07	3095.95
1217.67	3101.53
1219.27	3099.44
1220.87	3101.53
1222.48	3096.65
1224.08	3098.74
1225.68	3093.86
1227.28	3095.25
1228.88	3095.95
1230.48	3093.86
1232.08	3097.69
1233.68	3101.18
1235.28	3102.58
1236.88	3097.00
1238.48	3097.00
1240.08	3093.51
1241.68	3094.90
1243.28	3087.58
1244.87	3088.62
1246.47	3086.88
1248.07	3085.49
1249.67	3093.16
1251.27	3092.46
1252.87	3091.76
1254.46	3082.35
1256.06	3085.49
1257.66	3083.04
1259.26	3087.58
1260.85	3084.44
1262.45	3088.62
1264.05	3084.09
1265.64	3087.58
1267.24	3085.49
1268.83	3089.67
1270.43	3089.32
1272.03	3091.07
1273.62	3081.30
1275.22	3080.95
1276.81	3075.72
1278.41	3086.88
1280.00	3083.04
1281.60	3085.83
1283.19	3084.09
1284.79	3084.79
1286.38	3086.88
1287.97	3082.70
1289.57	3080.95
1291.16	3077.11
1292.75	3078.16
1294.35	3080.95
1295.94	3084.44
1297.53	3082.35
1299.12	3084.09
1300.72	3076.07
1302.31	3079.56
1303.90	3078.51
1305.49	3080.95
1307.08	3075.02
1308.68	3070.14
1310.27	3071.53
1311.86	3069.09
1313.45	3069.09
1315.04	3065.26
1316.63	3068.05
1318.22	3063.16
1319.81	3065.95
1321.40	3070.84
1322.99	3071.18
1324.58	3067.00
1326.17	3059.33
1327.75	3058.63
1329.34	3056.54
1330.93	3053.05
1332.52	3051.65
1334.11	3051.30
1335.70	3046.77
1337.28	3044.68
1338.87	3046.77
1340.46	3049.91
1342.05	3049.21
1343.63	3042.93
1345.22	3046.07
1346.81	3048.16
1348.39	3050.61
1349.98	3043.28
1351.56	3035.96
1353.15	3031.77
1354.73	3028.63
1356.32	3027.58
1357.90	3028.63
1359.49	3025.84
1361.07	3024.10
1362.66	3017.82
1364.24	3018.52
1365.82	3020.61
1367.41	3017.82
1368.99	3012.59
1370.57	3010.49
1372.16	3010.84
1373.74	3017.12
1375.32	3014.33
1376.91	3007.35
1378.49	2993.40
1380.07	2982.59
1381.65	2975.61
1383.23	2974.22
1384.81	2971.43
1386.39	2973.17
1387.97	2970.73
1389.55	2967.94
1391.14	2961.31
1392.72	2957.13
1394.29	2955.73
1395.87	2954.34
1397.45	2951.20
1399.03	2947.01
1400.61	2942.48
1402.19	2936.90
1403.77	2937.94
1405.35	2938.99
1406.92	2938.99
1408.50	2936.55
1410.08	2930.97
1411.66	2930.97
1413.23	2930.62
1414.81	2925.74
1416.39	2925.74
1417.96	2918.41
1419.54	2922.60
1421.12	2921.90
1422.69	2918.06
1424.27	2919.81
1425.84	2917.36
1427.42	2921.20
1428.99	2917.36
1430.57	2914.92
1432.14	2915.27
1433.71	2918.76
1435.29	2923.29
1436.86	2923.64
1438.43	2918.76
1440.01	2857.37
1441.58	2858.07
1443.15	2861.56
1444.72	2918.06
1446.30	2920.15
1447.87	2920.15
1449.44	2916.67
1451.01	2913.53
1452.58	2915.27
1454.15	2918.76
1455.72	2919.11
1457.29	2921.90
1458.86	2923.64
1460.43	2929.57
1462.00	2925.39
1463.57	2927.48
1465.14	2922.60
1466.71	2921.55
1468.28	2923.64
1469.85	2925.74
1471.41	2928.53
1472.98	2932.01
1474.55	2929.22
1476.12	2928.53
1477.68	2926.78
1479.25	2929.22
1480.82	2933.41
1482.38	2929.57
1483.95	2930.97
1485.51	2934.80
1487.08	2938.64
1488.64	2941.08
1490.21	2935.50
1491.77	2938.64
1493.34	2933.41
1494.90	2932.36
1496.46	2933.06
1498.03	2940.04
1499.59	2944.92
1501.15	2941.43
1502.72	2939.69
1504.28	2938.99
1505.84	2938.29
1507.40	2941.78
1508.97	2943.18
1510.53	2949.10
1512.09	2949.80
1513.65	2950.85
1515.21	2948.76
1516.77	2950.50
1518.33	2947.71
1519.89	2945.97
1521.45	2941.78
1523.01	2948.06
1524.57	2951.20
1526.13	2953.64
1527.68	2957.82
1529.24	2958.87
1530.80	2962.01
1532.36	2955.03
1533.92	2951.90
1535.47	2946.31
1537.03	2948.06
1538.59	2950.50
1540.14	2950.50
1541.70	2952.94
1543.25	2952.24
1544.81	2959.22
1546.36	2952.94
1547.92	2955.73
1549.47	2953.99
1551.03	2955.38
1552.58	2951.90
1554.13	2950.50
1555.69	2950.15
1557.24	2951.55
1558.79	2946.66
1560.35	2949.45
1561.90	2947.36
1563.45	2950.85
1565.00	2949.80
1566.55	2950.50
1568.10	2948.06
1569.66	2948.76
1571.21	2952.24
1572.76	2954.34
1574.31	2955.03
1575.86	2950.85
1577.40	2947.71
1578.95	2945.27
1580.50	2937.94
1582.05	2937.59
1583.60	2932.01
1585.15	2939.69
1586.69	2942.48
1588.24	2948.06
1589.79	2943.87
1591.34	2943.52
1592.88	2936.55
1594.43	2941.78
1595.97	2938.29
1597.52	2942.48
1599.06	2936.90
1600.61	2939.34
1602.15	2937.25
1603.70	2937.59
1605.24	2932.01
1606.79	2927.48
1608.33	2924.69
1609.87	2925.39
1611.41	2927.83
1612.96	2926.78
1614.50	2922.94
1616.04	2922.25
1617.58	2922.94
1619.12	2925.39
1620.67	2916.67
1622.21	2920.85
1623.75	2917.02
1625.29	2921.20
1626.83	2918.41
1628.37	2916.32
1629.90	2913.53
1631.44	2909.34
1632.98	2906.55
1634.52	2904.81
1636.06	2903.06
1637.59	2900.62
1639.13	2898.88
1640.67	2889.46
1642.21	2887.37
1643.74	2875.16
1645.28	2863.30
1646.81	2852.14
1648.35	2840.98
1649.88	2838.54
1651.42	2828.07
1652.95	2832.95
1654.49	2822.14
1656.02	2820.40
1657.55	2805.05
1659.09	2808.19
1660.62	2802.26
1662.15	2807.84
1663.68	2799.12
1665.22	2797.03
1666.75	2790.05
1668.28	2796.68
1669.81	2794.94
1671.34	2795.63
1672.87	2790.75
1674.40	2787.61
1675.93	2780.63
1677.46	2772.96
1678.99	2770.87
1680.52	2775.05
1682.04	2771.57
1683.57	2771.57
1685.10	2764.59
1686.63	2767.03
1688.15	2760.06
1689.68	2756.57
1691.21	2753.43
1692.73	2756.22
1694.26	2754.82
1695.78	2749.94
1697.31	2743.66
1698.83	2745.06
1700.36	2744.71
1701.88	2749.94
1703.40	2743.66
1704.93	2744.36
1706.45	2744.71
