896.35	2766.68
897.98	2761.80
899.60	2763.89
901.22	2768.43
902.85	2766.33
904.47	2770.87
906.10	2771.22
907.72	2779.24
909.34	2776.45
910.97	2782.73
912.59	2777.50
914.21	2778.89
915.84	2777.84
917.46	2786.22
919.08	2785.87
920.71	2793.19
922.33	2793.54
923.95	2806.79
925.58	2801.56
927.20	2805.40
928.82	2801.91
930.44	2805.40
932.07	2795.98
933.69	2791.80
935.31	2790.40
936.93	2800.17
938.56	2798.42
940.18	2800.86
941.80	2796.68
943.42	2808.54
945.05	2803.31
946.67	2809.58
948.29	2796.33
949.91	2811.68
951.53	2815.86
953.16	2828.07
954.78	2816.91
956.40	2815.51
958.02	2808.19
959.64	2817.26
961.26	2812.38
962.88	2816.91
964.51	2815.17
966.13	2823.19
967.75	2819.00
969.37	2821.44
970.99	2814.12
972.61	2820.75
974.23	2813.77
975.85	2823.89
977.47	2820.40
979.09	2826.68
980.71	2817.26
982.33	2826.33
983.95	2829.47
985.57	2836.44
987.19	2834.35
988.81	2835.74
990.43	2830.86
992.05	2834.35
993.67	2830.51
995.29	2830.51
996.91	2827.72
998.53	2832.61
1000.15	2838.88
1001.77	2839.23
1003.39	2834.00
1005.01	2837.84
1006.63	2835.74
1008.25	2845.16
1009.86	2838.54
1011.48	2840.63
1013.10	2835.74
1014.72	2842.72
1016.34	2849.35
1017.96	2852.14
1019.58	2846.56
1021.19	2843.07
1022.81	2840.28
1024.43	2845.51
1026.05	2845.86
1027.66	2851.09
1029.28	2847.60
1030.90	2845.86
1032.52	2837.14
1034.13	2842.72
1035.75	2840.63
1037.37	2852.14
1038.98	2844.12
1040.60	2845.86
1042.22	2835.05
1043.83	2843.07
1045.45	2842.02
1047.07	2853.53
1048.68	2845.16
1050.30	2851.79
1051.92	2841.67
1053.53	2850.74
1055.15	2841.67
1056.76	2848.30
1058.38	2843.77
1059.99	2847.95
1061.61	2837.49
1063.22	2842.37
1064.84	2838.54
1066.46	2846.91
1068.07	2841.33
1069.68	2851.44
1071.30	2848.65
1072.91	2852.14
1074.53	2847.60
1076.14	2853.18
1077.76	2855.63
1079.37	2848.30
1080.98	2843.07
1082.60	2841.67
1084.21	2845.16
1085.83	2851.09
1087.44	2842.37
1089.05	2846.56
1090.67	2839.58
1092.28	2850.05
1093.89	2847.60
1095.50	2849.35
1097.12	2845.86
1098.73	2844.12
1100.34	2846.56
1101.95	2847.26
1103.57	2847.95
1105.18	2845.86
1106.79	2843.42
1108.40	2851.44
1110.01	2853.18
1111.63	2861.21
1113.24	2855.63
1114.85	2857.72
1116.46	2854.23
1118.07	2854.93
1119.68	2855.28
1121.29	2853.18
1122.90	2851.09
1124.51	2852.49
1126.12	2854.23
1127.73	2860.51
1129.34	2859.11
1130.95	2862.60
1132.56	2852.49
1134.17	2852.14
1135.78	2846.91
1137.39	2853.18
1139.00	2849.00
1140.61	2852.49
1142.22	2849.00
1143.83	2852.84
1145.44	2847.60
1147.05	2856.32
1148.65	2852.14
1150.26	2853.18
1151.87	2844.12
1153.48	2849.70
1155.09	2849.70
1156.69	2851.09
1158.30	2843.77
1159.91	2847.60
1161.52	2847.95
1163.12	2851.44
1164.73	2851.09
1166.34	2853.88
1167.94	2853.53
1169.55	2849.35
1171.16	2847.95
1172.76	2849.35
1174.37	2850.39
1175.97	2847.95
1177.58	2847.60
1179.19	2845.16
1180.79	2845.16
1182.40	2844.81
1184.00	2849.00
1185.61	2855.28
1187.21	2855.98
1188.82	2857.72
1190.42	2853.88
1192.02	2852.49
1193.63	2849.35
1195.23	2851.79
1196.84	2851.79
1198.44	2857.72
1200.04	2855.63
1201.65	2859.81
1203.25	2857.37
1204.85	2858.42
1206.46	2853.18
1208.06	2851.44
1209.66	2851.09
1211.26	2860.51
1212.87	2856.32
1214.47	2858.07
1216.07	2849.00
1217.67	2851.44
1219.27	2848.65
1220.87	2853.88
1222.48	2851.44
1224.08	2855.98
1225.68	2851.44
1227.28	2854.93
1228.88	2853.88
1230.48	2852.84
1232.08	2852.14
1233.68	2854.23
1235.28	2855.63
1236.88	2854.93
1238.48	2857.02
1240.08	2856.67
1241.68	2857.72
1243.28	2853.53
1244.87	2852.14
1246.47	2852.84
1248.07	2848.30
1249.67	2859.81
1251.27	2854.23
1252.87	2854.93
1254.46	2843.42
1256.06	2849.00
1257.66	2847.26
1259.26	2850.39
1260.85	2846.21
1262.45	2850.05
1264.05	2846.21
1265.64	2851.09
1267.24	2849.70
1268.83	2854.58
1270.43	2855.63
1272.03	2858.42
1273.62	2851.79
1275.22	2854.58
1276.81	2849.70
1278.41	2858.07
1280.00	2850.05
1281.60	2850.39
1283.19	2846.56
1284.79	2849.00
1286.38	2851.44
1287.97	2852.14
1289.57	2849.70
1291.16	2848.65
1292.75	2849.00
1294.35	2852.49
1295.94	2854.23
1297.53	2851.44
1299.12	2854.23
1300.72	2851.09
1302.31	2856.67
1303.90	2859.81
1305.49	2859.81
1307.08	2853.18
1308.68	2841.67
1310.27	2844.46
1311.86	2845.51
1313.45	2846.56
1315.04	2842.37
1316.63	2843.07
1318.22	2838.54
1319.81	2839.93
1321.40	2840.98
1322.99	2845.16
1324.58	2843.42
1326.17	2841.67
1327.75	2839.93
1329.34	2841.33
1330.93	2835.74
1332.52	2837.84
1334.11	2835.05
1335.70	2837.84
1337.28	2837.84
1338.87	2839.93
1340.46	2838.19
1342.05	2835.40
1343.63	2830.86
1345.22	2837.84
1346.81	2839.58
1348.39	2845.51
1349.98	2837.14
1351.56	2838.54
1353.15	2838.54
1354.73	2840.28
1356.32	2836.79
1357.90	2836.44
1359.49	2838.19
1361.07	2840.63
1362.66	2838.54
1364.24	2840.98
1365.82	2841.67
1367.41	2839.23
1368.99	2830.51
1370.57	2829.82
1372.16	2831.21
1373.74	2839.93
1375.32	2839.93
1376.91	2839.23
1378.49	2835.05
1380.07	2835.40
1381.65	2833.65
1383.23	2834.35
1384.81	2831.21
1386.39	2836.79
1387.97	2835.05
1389.55	2836.44
1391.14	2829.12
1392.72	2830.86
1394.29	2830.16
1395.87	2831.21
1397.45	2829.82
1399.03	2831.56
1400.61	2833.65
1402.19	2830.86
1403.77	2834.00
1405.35	2834.00
1406.92	2837.84
1408.50	2836.09
1410.08	2836.09
1411.66	2835.05
1413.23	2834.35
1414.81	2829.12
1416.39	2832.26
1417.96	2829.82
1419.54	2835.40
1421.12	2834.00
1422.69	2828.42
1424.27	2829.12
1425.84	2828.07
1427.42	2834.70
1428.99	2835.05
1430.57	2832.95
1432.14	2830.16
1433.71	2835.40
1435.29	2840.28
1436.86	2842.37
1438.43	2834.70
1440.01	2772.26
1441.58	2770.17
1443.15	2773.66
1444.72	2833.65
1446.30	2838.88
1447.87	2836.79
1449.44	2832.26
1451.01	2831.56
1452.58	2837.49
1454.15	2839.93
1455.72	2836.79
1457.29	2835.05
1458.86	2836.09
1460.43	2843.42
1462.00	2839.93
1463.57	2843.07
1465.14	2838.54
1466.71	2839.23
1468.28	2840.98
1469.85	2842.02
1471.41	2841.67
1472.98	2842.37
1474.55	2836.09
1476.12	2833.65
1477.68	2832.26
1479.25	2835.40
1480.82	2840.63
1482.38	2835.05
1483.95	2834.70
1485.51	2836.79
1487.08	2840.63
1488.64	2842.72
1490.21	2834.35
1491.77	2835.05
1493.34	2831.91
1494.90	2832.95
1496.46	2832.26
1498.03	2834.35
1499.59	2835.05
1501.15	2831.91
1502.72	2832.26
1504.28	2831.56
1505.84	2830.51
1507.40	2829.47
1508.97	2831.91
1510.53	2835.40
1512.09	2837.49
1513.65	2837.84
1515.21	2835.40
1516.77	2834.35
1518.33	2834.00
1519.89	2833.65
1521.45	2832.61
1523.01	2831.91
1524.57	2833.65
1526.13	2831.91
1527.68	2834.70
1529.24	2835.05
1530.80	2840.63
1532.36	2836.09
1533.92	2830.51
1535.47	2822.84
1537.03	2823.89
1538.59	2823.54
1540.14	2822.14
1541.70	2822.84
1543.25	2826.33
1544.81	2831.21
1546.36	2827.37
1547.92	2827.72
1549.47	2824.23
1551.03	2819.35
1552.58	2812.38
1554.13	2811.68
1555.69	2811.68
1557.24	2813.42
1558.79	2811.68
1560.35	2815.86
1561.90	2815.51
1563.45	2814.82
1565.00	2812.03
1566.55	2809.58
1568.10	2807.14
1569.66	2808.89
1571.21	2812.72
1572.76	2812.72
1574.31	2810.63
1575.86	2806.10
1577.40	2806.10
1578.95	2807.14
1580.50	2805.05
1582.05	2803.66
1583.60	2797.38
1585.15	2797.03
1586.69	2797.38
1588.24	2801.91
1589.79	2801.56
1591.34	2804.35
1592.88	2797.03
1594.43	2799.47
1595.97	2792.49
1597.52	2793.19
1599.06	2789.01
1600.61	2794.59
1602.15	2797.73
1603.70	2798.42
1605.24	2796.33
1606.79	2790.75
1608.33	2789.01
1609.87	2786.91
1611.41	2791.45
1612.96	2789.01
1614.50	2787.26
1616.04	2787.26
1617.58	2790.75
1619.12	2789.70
1620.67	2779.94
1622.21	2779.24
1623.75	2774.70
1625.29	2778.19
1626.83	2781.33
1628.37	2783.08
1629.90	2783.08
1631.44	2781.68
1632.98	2779.59
1634.52	2779.59
1636.06	2783.42
1637.59	2785.52
1639.13	2786.22
1640.67	2778.19
1642.21	2779.59
1643.74	2778.54
1645.28	2775.05
1646.81	2778.19
1648.35	2771.91
1649.88	2775.40
1651.42	2768.08
1652.95	2779.24
1654.49	2775.75
1656.02	2776.45
1657.55	2761.80
1659.09	2764.24
1660.62	2763.19
1662.15	2772.26
1663.68	2766.33
1665.22	2763.89
1666.75	2759.71
1668.28	2764.94
1669.81	2763.89
1671.34	2763.54
1672.87	2762.50
1674.40	2763.54
1675.93	2760.40
1677.46	2750.99
1678.99	2746.45
1680.52	2749.24
1682.04	2750.29
1683.57	2753.43
1685.10	2746.80
1686.63	2748.54
1688.15	2742.27
1689.68	2741.22
1691.21	2738.78
1692.73	2740.87
1694.26	2741.22
1695.78	2739.48
1697.31	2733.90
1698.83	2735.99
1700.36	2732.50
1701.88	2739.48
1703.40	2732.85
1704.93	2732.85
1706.45	2726.92
