896.35	2865.04
897.98	2864.70
899.60	2869.93
901.22	2873.07
902.85	2876.21
904.47	2880.39
906.10	2881.79
907.72	2888.06
909.34	2887.37
910.97	2897.13
912.59	2902.71
914.21	2913.18
915.84	2923.64
917.46	2934.80
919.08	2942.13
920.71	2952.94
922.33	2958.52
923.95	2974.22
925.58	2971.43
927.20	2974.92
928.82	2974.22
930.44	2982.94
932.07	2979.45
933.69	2977.36
935.31	2978.06
936.93	2990.26
938.56	2995.84
940.18	2998.29
941.80	2999.68
943.42	3009.10
945.05	3009.10
946.67	3013.98
948.29	3001.42
949.91	3011.19
951.53	3010.84
953.16	3022.00
954.78	3012.94
956.40	3008.75
958.02	2999.33
959.64	3005.26
961.26	3008.05
962.88	3012.94
964.51	3015.38
966.13	3020.26
967.75	3016.42
969.37	3018.52
970.99	3011.54
972.61	3018.86
974.23	3012.59
975.85	3021.66
977.47	3018.86
979.09	3022.70
980.71	3021.31
982.33	3030.38
983.95	3034.91
985.57	3034.56
987.19	3035.26
988.81	3034.56
990.43	3034.21
992.05	3037.00
993.67	3035.96
995.29	3036.65
996.91	3038.05
998.53	3046.42
1000.15	3053.40
1001.77	3053.05
1003.39	3047.47
1005.01	3050.61
1006.63	3050.61
1008.25	3059.67
1009.86	3056.88
1011.48	3058.28
1013.10	3058.63
1014.72	3067.35
1016.34	3074.67
1017.96	3075.72
1019.58	3069.79
1021.19	3066.30
1022.81	3068.39
1024.43	3071.53
1026.05	3073.28
1027.66	3074.32
1029.28	3073.63
1030.90	3073.28
1032.52	3070.49
1034.13	3076.42
1035.75	3076.77
1037.37	3085.49
1038.98	3079.56
1040.60	3078.86
1042.22	3068.74
1043.83	3078.16
1045.45	3078.51
1047.07	3088.28
1048.68	3080.25
1050.30	3084.79
1051.92	3076.42
1053.53	3086.53
1055.15	3085.14
1056.76	3092.11
1058.38	3086.88
1059.99	3088.28
1061.61	3081.30
1063.22	3084.09
1064.84	3080.60
1066.46	3084.79
1068.07	3079.21
1069.68	3085.83
1071.30	3083.39
1072.91	3085.49
1074.53	3082.35
1076.14	3083.39
1077.76	3082.00
1079.37	3072.23
1080.98	3069.44
1082.60	3071.88
1084.21	3077.81
1085.83	3084.09
1087.44	3077.11
1089.05	3077.11
1090.67	3072.93
1092.28	3080.60
1093.89	3080.95
1095.50	3078.86
1097.12	3076.77
1098.73	3072.23
1100.34	3075.72
1101.95	3077.46
1103.57	3077.46
1105.18	3073.63
1106.79	3070.14
1108.40	3077.46
1110.01	3082.00
1111.63	3086.53
1113.24	3084.79
1114.85	3086.18
1116.46	3085.83
1118.07	3086.18
1119.68	3086.53
1121.29	3083.04
1122.90	3080.60
1124.51	3081.65
1126.12	3084.09
1127.73	3093.16
1129.34	3093.86
1130.95	3099.09
1132.56	3086.53
1134.17	3083.04
1135.78	3077.81
1137.39	3086.18
1139.00	3083.39
1140.61	3086.88
1142.22	3082.35
1143.83	3084.09
1145.44	3078.86
1147.05	3086.18
1148.65	3086.53
1150.26	3088.28
1151.87	3082.70
1153.48	3090.02
1155.09	3088.62
1156.69	3090.37
1158.30	3084.44
1159.91	3086.88
1161.52	3086.18
1163.12	3085.49
1164.73	3088.97
1166.34	3090.37
1167.94	3094.55
1169.55	3093.16
1171.16	3096.30
1172.76	3096.30
1174.37	3095.25
1175.97	3092.11
1177.58	3094.21
1179.19	3093.16
1180.79	3093.86
1182.40	3090.02
1184.00	3093.51
1185.61	3097.34
1187.21	3098.39
1188.82	3100.48
1190.42	3098.74
1192.02	3096.65
1193.63	3093.16
1195.23	3097.34
1196.84	3101.88
1198.44	3108.51
1200.04	3106.76
1201.65	3108.16
1203.25	3106.06
1204.85	3102.58
1206.46	3099.44
1208.06	3098.74
1209.66	3100.14
1211.26	3109.20
1212.87	3103.27
1214.47	3108.86
1216.07	3101.88
1217.67	3107.11
1219.27	3101.53
1220.87	3101.88
1222.48	3093.86
1224.08	3095.60
1225.68	3094.21
1227.28	3101.88
1228.88	3103.62
1230.48	3102.58
1232.08	3102.58
1233.68	3106.06
1235.28	3107.46
1236.88	3106.06
1238.48	3106.06
1240.08	3102.58
1241.68	3100.14
1243.28	3091.76
1244.87	3090.72
1246.47	3090.37
1248.07	3090.37
1249.67	3100.83
1251.27	3099.44
1252.87	3098.39
1254.46	3088.97
1256.06	3091.76
1257.66	3086.18
1259.26	3085.49
1260.85	3082.35
1262.45	3093.16
1264.05	3093.16
1265.64	3097.34
1267.24	3093.16
1268.83	3093.86
1270.43	3095.60
1272.03	3097.00
1273.62	3090.72
1275.22	3090.02
1276.81	3083.74
1278.41	3094.21
1280.00	3088.97
1281.60	3093.86
1283.19	3090.72
1284.79	3092.46
1286.38	3092.81
1287.97	3091.07
1289.57	3086.88
1291.16	3081.65
1292.75	3082.35
1294.35	3086.53
1295.94	3091.76
1297.53	3086.18
1299.12	3087.58
1300.72	3082.00
1302.31	3088.28
1303.90	3087.23
1305.49	3087.93
1307.08	3080.95
1308.68	3075.02
1310.27	3075.02
1311.86	3075.37
1313.45	3074.32
1315.04	3073.28
1316.63	3075.02
1318.22	3073.63
1319.81	3075.02
1321.40	3075.72
1322.99	3071.53
1324.58	3064.56
1326.17	3058.63
1327.75	3060.02
1329.34	3060.72
1330.93	3058.28
1332.52	3059.33
1334.11	3058.63
1335.70	3055.14
1337.28	3052.70
1338.87	3054.09
1340.46	3056.88
1342.05	3055.49
1343.63	3052.35
1345.22	3058.28
1346.81	3059.33
1348.39	3059.33
1349.98	3051.30
1351.56	3046.42
1353.15	3043.28
1354.73	3037.70
1356.32	3033.51
1357.90	3033.86
1359.49	3034.56
1361.07	3034.91
1362.66	3027.58
1364.24	3028.28
1365.82	3027.58
1367.41	3026.54
1368.99	3019.56
1370.57	3020.61
1372.16	3019.21
1373.74	3022.70
1375.32	3019.91
1376.91	3016.42
1378.49	3005.26
1380.07	2996.89
1381.65	2988.17
1383.23	2987.47
1384.81	2980.85
1386.39	2983.98
1387.97	2979.45
1389.55	2980.50
1391.14	2971.43
1392.72	2970.38
1394.29	2964.80
1395.87	2961.31
1397.45	2955.73
1399.03	2952.94
1400.61	2951.20
1402.19	2945.97
1403.77	2946.31
1405.35	2945.62
1406.92	2946.66
1408.50	2942.48
1410.08	2937.59
1411.66	2934.46
1413.23	2932.71
1414.81	2927.13
1416.39	2927.48
1417.96	2921.55
1419.54	2926.08
1421.12	2925.74
1422.69	2923.29
1424.27	2926.08
1425.84	2922.94
1427.42	2925.74
1428.99	2921.90
1430.57	2920.50
1432.14	2920.50
1433.71	2923.99
1435.29	2927.48
1436.86	2928.18
1438.43	2920.15
1440.01	2858.42
1441.58	2858.42
1443.15	2866.79
1444.72	2926.08
1446.30	2931.32
1447.87	2926.78
1449.44	2921.20
1451.01	2914.57
1452.58	2917.36
1454.15	2919.46
1455.72	2918.76
1457.29	2921.55
1458.86	2923.29
1460.43	2929.92
1462.00	2925.04
1463.57	2925.74
1465.14	2920.15
1466.71	2920.15
1468.28	2925.04
1469.85	2929.22
1471.41	2930.27
1472.98	2930.62
1474.55	2927.83
1476.12	2925.39
1477.68	2924.69
1479.25	2926.43
1480.82	2934.11
1482.38	2928.87
1483.95	2927.48
1485.51	2928.87
1487.08	2939.69
1488.64	2944.92
1490.21	2936.55
1491.77	2934.11
1493.34	2929.92
1494.90	2933.41
1496.46	2934.46
1498.03	2937.94
1499.59	2942.13
1501.15	2941.43
1502.72	2943.18
1504.28	2941.78
1505.84	2937.25
1507.40	2938.64
1508.97	2943.87
1510.53	2954.34
1512.09	2959.92
1513.65	2960.27
1515.21	2954.69
1516.77	2955.38
1518.33	2953.99
1519.89	2957.13
1521.45	2953.64
1523.01	2957.13
1524.57	2958.17
1526.13	2958.87
1527.68	2962.01
1529.24	2962.01
1530.80	2965.50
1532.36	2960.62
1533.92	2958.17
1535.47	2951.55
1537.03	2952.24
1538.59	2955.38
1540.14	2956.43
1541.70	2959.92
1543.25	2961.31
1544.81	2966.54
1546.36	2961.66
1547.92	2961.66
1549.47	2959.22
1551.03	2956.08
1552.58	2955.03
1554.13	2956.78
1555.69	2960.27
1557.24	2955.03
1558.79	2947.01
1560.35	2948.06
1561.90	2949.80
1563.45	2956.08
1565.00	2955.38
1566.55	2959.22
1568.10	2955.38
1569.66	2956.43
1571.21	2958.52
1572.76	2962.01
1574.31	2962.36
1575.86	2955.38
1577.40	2952.59
1578.95	2949.80
1580.50	2947.71
1582.05	2947.71
1583.60	2943.87
1585.15	2942.83
1586.69	2944.57
1588.24	2947.71
1589.79	2946.31
1591.34	2947.71
1592.88	2942.13
1594.43	2946.66
1595.97	2941.08
1597.52	2945.62
1599.06	2942.48
1600.61	2946.31
1602.15	2943.18
1603.70	2944.92
1605.24	2936.20
1606.79	2932.01
1608.33	2927.83
1609.87	2932.36
1611.41	2936.90
1612.96	2933.76
1614.50	2929.22
1616.04	2926.43
1617.58	2928.87
1619.12	2930.97
1620.67	2924.69
1622.21	2925.39
1623.75	2921.20
1625.29	2925.04
1626.83	2928.87
1628.37	2928.18
1629.90	2923.29
1631.44	2913.18
1632.98	2904.11
1634.52	2899.58
1636.06	2902.02
1637.59	2905.16
1639.13	2906.20
1640.67	2893.30
1642.21	2887.37
1643.74	2876.55
1645.28	2866.79
1646.81	2858.77
1648.35	2845.16
1649.88	2842.37
1651.42	2829.82
1652.95	2834.35
1654.49	2825.98
1656.02	2824.93
1657.55	2808.89
1659.09	2807.49
1660.62	2800.52
1662.15	2806.79
1663.68	2799.47
1665.22	2796.68
1666.75	2789.70
1668.28	2795.28
1669.81	2795.63
1671.34	2796.33
1672.87	2792.14
1674.40	2786.56
1675.93	2778.89
1677.46	2770.52
1678.99	2767.73
1680.52	2768.78
1682.04	2766.33
1683.57	2769.12
1685.10	2765.98
1686.63	2768.43
1688.15	2762.85
1689.68	2762.15
1691.21	2759.71
1692.73	2762.50
1694.26	2761.80
1695.78	2759.71
1697.31	2753.78
1698.83	2753.78
1700.36	2749.59
1701.88	2755.87
1703.40	2752.38
1704.93	2754.47
1706.45	2748.89
