896.35	2974.92
897.98	2974.92
899.60	2981.19
901.22	3004.22
902.85	2990.61
904.47	3003.17
906.10	3010.49
907.72	3010.49
909.34	3029.33
910.97	3045.02
912.59	3060.72
914.21	3084.79
915.84	3106.76
917.46	3151.76
919.08	3173.73
920.71	3185.24
922.33	3205.12
923.95	3220.82
925.58	3239.66
927.20	3235.47
928.82	3241.75
930.44	3263.72
932.07	3255.35
933.69	3248.03
935.31	3265.82
936.93	3271.05
938.56	3276.28
940.18	3285.70
941.80	3285.70
943.42	3298.25
945.05	3312.90
946.67	3299.30
948.29	3299.30
949.91	3303.49
951.53	3302.44
953.16	3310.81
954.78	3305.58
956.40	3298.25
958.02	3300.35
959.64	3308.72
961.26	3304.53
962.88	3311.86
964.51	3296.16
966.13	3321.27
967.75	3308.72
969.37	3299.30
970.99	3306.62
972.61	3309.76
974.23	3306.62
975.85	3304.53
977.47	3307.67
979.09	3309.76
980.71	3302.44
982.33	3318.14
983.95	3315.00
985.57	3340.11
987.19	3323.37
988.81	3341.16
990.43	3325.46
992.05	3328.60
993.67	3336.97
995.29	3338.02
996.91	3332.78
998.53	3368.36
1000.15	3351.62
1001.77	3361.04
1003.39	3361.04
1005.01	3369.41
1006.63	3373.59
1008.25	3380.92
1009.86	3378.83
1011.48	3385.10
1013.10	3388.24
1014.72	3400.80
1016.34	3401.85
1017.96	3419.64
1019.58	3393.48
1021.19	3403.94
1022.81	3395.57
1024.43	3412.31
1026.05	3406.03
1027.66	3434.29
1029.28	3418.59
1030.90	3421.73
1032.52	3412.31
1034.13	3426.96
1035.75	3439.52
1037.37	3443.70
1038.98	3459.40
1040.60	3441.61
1042.22	3434.29
1043.83	3434.29
1045.45	3437.42
1047.07	3449.98
1048.68	3448.94
1050.30	3443.70
1051.92	3448.94
1053.53	3447.89
1055.15	3444.75
1056.76	3440.56
1058.38	3438.47
1059.99	3445.80
1061.61	3434.29
1063.22	3436.38
1064.84	3442.66
1066.46	3441.61
1068.07	3429.05
1069.68	3437.42
1071.30	3438.47
1072.91	3426.96
1074.53	3429.05
1076.14	3439.52
1077.76	3433.24
1079.37	3436.38
1080.98	3407.08
1082.60	3429.05
1084.21	3429.05
1085.83	3426.96
1087.44	3430.10
1089.05	3413.36
1090.67	3404.99
1092.28	3409.17
1093.89	3423.82
1095.50	3421.73
1097.12	3402.89
1098.73	3418.59
1100.34	3397.66
1101.95	3409.17
1103.57	3408.13
1105.18	3404.99
1106.79	3392.43
1108.40	3409.17
1110.01	3403.94
1111.63	3415.45
1113.24	3410.22
1114.85	3408.13
1116.46	3398.71
1118.07	3411.26
1119.68	3410.22
1121.29	3419.64
1122.90	3410.22
1124.51	3417.54
1126.12	3416.50
1127.73	3425.91
1129.34	3422.78
1130.95	3430.10
1132.56	3429.05
1134.17	3406.03
1135.78	3410.22
1137.39	3432.19
1139.00	3421.73
1140.61	3422.78
1142.22	3417.54
1143.83	3409.17
1145.44	3413.36
1147.05	3417.54
1148.65	3424.87
1150.26	3416.50
1151.87	3403.94
1153.48	3412.31
1155.09	3421.73
1156.69	3419.64
1158.30	3402.89
1159.91	3413.36
1161.52	3418.59
1163.12	3426.96
1164.73	3411.26
1166.34	3432.19
1167.94	3419.64
1169.55	3426.96
1171.16	3424.87
1172.76	3433.24
1174.37	3420.68
1175.97	3434.29
1177.58	3409.17
1179.19	3433.24
1180.79	3417.54
1182.40	3432.19
1184.00	3421.73
1185.61	3434.29
1187.21	3429.05
1188.82	3429.05
1190.42	3423.82
1192.02	3422.78
1193.63	3406.03
1195.23	3433.24
1196.84	3438.47
1198.44	3432.19
1200.04	3423.82
1201.65	3428.01
1203.25	3430.10
1204.85	3430.10
1206.46	3403.94
1208.06	3416.50
1209.66	3398.71
1211.26	3412.31
1212.87	3436.38
1214.47	3414.40
1216.07	3404.99
1217.67	3403.94
1219.27	3391.38
1220.87	3408.13
1222.48	3394.52
1224.08	3395.57
1225.68	3402.89
1227.28	3407.08
1228.88	3402.89
1230.48	3415.45
1232.08	3388.24
1233.68	3400.80
1235.28	3399.75
1236.88	3394.52
1238.48	3383.01
1240.08	3402.89
1241.68	3365.22
1243.28	3377.78
1244.87	3371.50
1246.47	3366.27
1248.07	3359.99
1249.67	3366.27
1251.27	3369.41
1252.87	3361.04
1254.46	3343.25
1256.06	3363.13
1257.66	3361.04
1259.26	3349.53
1260.85	3355.81
1262.45	3345.34
1264.05	3342.20
1265.64	3343.25
1267.24	3338.02
1268.83	3341.16
1270.43	3330.69
1272.03	3354.76
1273.62	3335.92
1275.22	3317.09
1276.81	3327.55
1278.41	3333.83
1280.00	3336.97
1281.60	3331.74
1283.19	3324.41
1284.79	3329.65
1286.38	3323.37
1287.97	3328.60
1289.57	3313.95
1291.16	3312.90
1292.75	3296.16
1294.35	3308.72
1295.94	3308.72
1297.53	3313.95
1299.12	3301.39
1300.72	3318.14
1302.31	3278.37
1303.90	3305.58
1305.49	3297.21
1307.08	3276.28
1308.68	3272.09
1310.27	3285.70
1311.86	3281.51
1313.45	3281.51
1315.04	3280.46
1316.63	3284.65
1318.22	3285.70
1319.81	3270.00
1321.40	3270.00
1322.99	3275.23
1324.58	3254.30
1326.17	3252.21
1327.75	3244.89
1329.34	3258.49
1330.93	3245.93
1332.52	3240.70
1334.11	3238.61
1335.70	3239.66
1337.28	3227.10
1338.87	3233.38
1340.46	3232.33
1342.05	3231.28
1343.63	3215.59
1345.22	3221.87
1346.81	3216.63
1348.39	3210.36
1349.98	3201.98
1351.56	3201.98
1353.15	3186.29
1354.73	3192.57
1356.32	3182.10
1357.90	3181.06
1359.49	3175.82
1361.07	3158.04
1362.66	3145.48
1364.24	3161.18
1365.82	3165.36
1367.41	3168.50
1368.99	3142.34
1370.57	3143.39
1372.16	3140.25
1373.74	3139.20
1375.32	3135.02
1376.91	3127.69
1378.49	3094.21
1380.07	3064.91
1381.65	3053.40
1383.23	3049.21
1384.81	3052.35
1386.39	3037.70
1387.97	3034.56
1389.55	3027.24
1391.14	3026.19
1392.72	3009.45
1394.29	3008.40
1395.87	2994.80
1397.45	2980.15
1399.03	2995.84
1400.61	2981.19
1402.19	2964.45
1403.77	2951.90
1405.35	2975.96
1406.92	2961.31
1408.50	2957.13
1410.08	2950.85
1411.66	2942.48
1413.23	2946.66
1414.81	2952.94
1416.39	2928.87
1417.96	2941.43
1419.54	2930.97
1421.12	2944.57
1422.69	2943.52
1424.27	2925.74
1425.84	2936.20
1427.42	2928.87
1428.99	2921.55
1430.57	2919.46
1432.14	2918.41
1433.71	2921.55
1435.29	2921.55
1436.86	2932.01
1438.43	2920.50
1440.01	2904.81
1441.58	2784.47
1443.15	2919.46
1444.72	2914.22
1446.30	2907.95
1447.87	2920.50
1449.44	2912.13
1451.01	2896.44
1452.58	2915.27
1454.15	2914.22
1455.72	2902.71
1457.29	2901.67
1458.86	2915.27
1460.43	2902.71
1462.00	2917.36
1463.57	2901.67
1465.14	2911.09
1466.71	2897.48
1468.28	2905.85
1469.85	2902.71
1471.41	2915.27
1472.98	2905.85
1474.55	2918.41
1476.12	2899.58
1477.68	2906.90
1479.25	2917.36
1480.82	2905.85
1482.38	2912.13
1483.95	2905.85
1485.51	2915.27
1487.08	2924.69
1488.64	2920.50
1490.21	2915.27
1491.77	2907.95
1493.34	2927.83
1494.90	2914.22
1496.46	2918.41
1498.03	2922.60
1499.59	2922.60
1501.15	2915.27
1502.72	2916.32
1504.28	2920.50
1505.84	2921.55
1507.40	2917.36
1508.97	2929.92
1510.53	2911.09
1512.09	2932.01
1513.65	2939.34
1515.21	2938.29
1516.77	2922.60
1518.33	2937.25
1519.89	2930.97
1521.45	2928.87
1523.01	2935.15
1524.57	2937.25
1526.13	2928.87
1527.68	2930.97
1529.24	2935.15
1530.80	2935.15
1532.36	2930.97
1533.92	2923.64
1535.47	2916.32
1537.03	2919.46
1538.59	2927.83
1540.14	2926.78
1541.70	2916.32
1543.25	2936.20
1544.81	2925.74
1546.36	2929.92
1547.92	2908.99
1549.47	2926.78
1551.03	2927.83
1552.58	2916.32
1554.13	2916.32
1555.69	2927.83
1557.24	2913.18
1558.79	2911.09
1560.35	2910.04
1561.90	2920.50
1563.45	2905.85
1565.00	2920.50
1566.55	2913.18
1568.10	2910.04
1569.66	2903.76
1571.21	2917.36
1572.76	2904.81
1574.31	2910.04
1575.86	2907.95
1577.40	2898.53
1578.95	2892.25
1580.50	2900.62
1582.05	2889.11
1583.60	2895.39
1585.15	2882.83
1586.69	2893.30
1588.24	2894.34
1589.79	2898.53
1591.34	2878.65
1592.88	2901.67
1594.43	2876.55
1595.97	2887.02
1597.52	2885.97
1599.06	2880.74
1600.61	2871.32
1602.15	2897.48
1603.70	2879.69
1605.24	2885.97
1606.79	2881.79
1608.33	2874.46
1609.87	2871.32
1611.41	2884.93
1612.96	2874.46
1614.50	2864.00
1616.04	2869.23
1617.58	2883.88
1619.12	2858.77
1620.67	2868.18
1622.21	2842.02
1623.75	2864.00
1625.29	2850.39
1626.83	2848.30
1628.37	2865.04
1629.90	2847.26
1631.44	2839.93
1632.98	2843.07
1634.52	2829.47
1636.06	2828.42
1637.59	2824.23
1639.13	2811.68
1640.67	2805.40
1642.21	2788.66
1643.74	2783.42
1645.28	2768.78
1646.81	2762.50
1648.35	2768.78
1649.88	2738.43
1651.42	2752.03
1652.95	2727.97
1654.49	2739.48
1656.02	2717.50
1657.55	2731.10
1659.09	2708.08
1660.62	2725.87
1662.15	2712.27
1663.68	2714.36
1665.22	2702.85
1666.75	2699.71
1668.28	2690.29
1669.81	2704.94
1671.34	2691.34
1672.87	2702.85
1674.40	2711.22
1675.93	2694.48
1677.46	2678.78
1678.99	2680.88
1680.52	2681.92
1682.04	2696.57
1683.57	2678.78
1685.10	2685.06
1686.63	2671.46
1688.15	2680.88
1689.68	2664.13
1691.21	2664.13
1692.73	2656.81
1694.26	2676.69
1695.78	2671.46
1697.31	2675.65
1698.83	2669.37
1700.36	2671.46
1701.88	2663.09
1703.40	2669.37
1704.93	2654.72
1706.45	2663.09
