896.35	3090.02
897.98	3110.95
899.60	3113.04
901.22	3140.25
902.85	3116.18
904.47	3147.57
906.10	3143.39
907.72	3161.18
909.34	3166.41
910.97	3201.98
912.59	3206.17
914.21	3256.40
915.84	3289.88
917.46	3345.34
919.08	3354.76
920.71	3392.43
922.33	3406.03
923.95	3433.24
925.58	3449.98
927.20	3458.35
928.82	3460.45
930.44	3502.30
932.07	3480.33
933.69	3487.65
935.31	3485.56
936.93	3513.81
938.56	3513.81
940.18	3542.06
941.80	3519.04
943.42	3555.67
945.05	3548.34
946.67	3549.39
948.29	3541.02
949.91	3547.30
951.53	3551.48
953.16	3575.55
954.78	3548.34
956.40	3560.90
958.02	3547.30
959.64	3562.99
961.26	3537.88
962.88	3558.81
964.51	3541.02
966.13	3571.36
967.75	3555.67
969.37	3555.67
970.99	3553.58
972.61	3560.90
974.23	3539.97
975.85	3556.71
977.47	3557.76
979.09	3573.46
980.71	3552.53
982.33	3575.55
983.95	3565.09
985.57	3584.97
987.19	3564.04
988.81	3596.48
990.43	3571.36
992.05	3592.29
993.67	3587.06
995.29	3599.62
996.91	3590.20
998.53	3632.06
1000.15	3617.41
1001.77	3639.38
1003.39	3634.15
1005.01	3641.47
1006.63	3632.06
1008.25	3648.80
1009.86	3644.61
1011.48	3660.31
1013.10	3648.80
1014.72	3672.86
1016.34	3669.73
1017.96	3711.58
1019.58	3674.96
1021.19	3692.75
1022.81	3687.51
1024.43	3715.77
1026.05	3692.75
1027.66	3725.18
1029.28	3704.26
1030.90	3729.37
1032.52	3701.12
1034.13	3733.56
1035.75	3730.42
1037.37	3741.93
1038.98	3739.83
1040.60	3736.70
1042.22	3724.14
1043.83	3736.70
1045.45	3727.28
1047.07	3753.44
1048.68	3738.79
1050.30	3758.67
1051.92	3744.02
1053.53	3753.44
1055.15	3733.56
1056.76	3750.30
1058.38	3729.37
1059.99	3757.62
1061.61	3738.79
1063.22	3750.30
1064.84	3732.51
1066.46	3736.70
1068.07	3719.95
1069.68	3737.74
1071.30	3735.65
1072.91	3736.70
1074.53	3729.37
1076.14	3742.97
1077.76	3724.14
1079.37	3746.11
1080.98	3695.89
1082.60	3728.32
1084.21	3710.54
1085.83	3723.09
1087.44	3703.21
1089.05	3712.63
1090.67	3706.35
1092.28	3713.67
1093.89	3701.12
1095.50	3715.77
1097.12	3690.65
1098.73	3717.86
1100.34	3680.19
1101.95	3712.63
1103.57	3694.84
1105.18	3694.84
1106.79	3673.91
1108.40	3704.26
1110.01	3690.65
1111.63	3710.54
1113.24	3703.21
1114.85	3710.54
1116.46	3689.61
1118.07	3719.95
1119.68	3696.93
1121.29	3714.72
1122.90	3686.47
1124.51	3701.12
1126.12	3700.07
1127.73	3719.95
1129.34	3712.63
1130.95	3730.42
1132.56	3721.00
1134.17	3700.07
1135.78	3693.79
1137.39	3719.95
1139.00	3689.61
1140.61	3706.35
1142.22	3703.21
1143.83	3716.81
1145.44	3706.35
1147.05	3715.77
1148.65	3696.93
1150.26	3701.12
1151.87	3688.56
1153.48	3707.40
1155.09	3702.16
1156.69	3725.18
1158.30	3688.56
1159.91	3702.16
1161.52	3703.21
1163.12	3725.18
1164.73	3703.21
1166.34	3738.79
1167.94	3703.21
1169.55	3715.77
1171.16	3713.67
1172.76	3731.46
1174.37	3713.67
1175.97	3729.37
1177.58	3695.89
1179.19	3727.28
1180.79	3704.26
1182.40	3730.42
1184.00	3706.35
1185.61	3726.23
1187.21	3711.58
1188.82	3717.86
1190.42	3709.49
1192.02	3727.28
1193.63	3704.26
1195.23	3723.09
1196.84	3707.40
1198.44	3721.00
1200.04	3715.77
1201.65	3728.32
1203.25	3714.72
1204.85	3726.23
1206.46	3690.65
1208.06	3716.81
1209.66	3696.93
1211.26	3703.21
1212.87	3709.49
1214.47	3703.21
1216.07	3693.79
1217.67	3708.44
1219.27	3679.14
1220.87	3690.65
1222.48	3679.14
1224.08	3689.61
1225.68	3679.14
1227.28	3696.93
1228.88	3669.73
1230.48	3688.56
1232.08	3656.12
1233.68	3684.38
1235.28	3674.96
1236.88	3667.63
1238.48	3640.43
1240.08	3687.51
1241.68	3647.75
1243.28	3660.31
1244.87	3638.33
1246.47	3648.80
1248.07	3620.54
1249.67	3637.29
1251.27	3638.33
1252.87	3631.01
1254.46	3598.57
1256.06	3611.13
1257.66	3591.25
1259.26	3600.66
1260.85	3599.62
1262.45	3604.85
1264.05	3596.48
1265.64	3602.76
1267.24	3584.97
1268.83	3591.25
1270.43	3580.78
1272.03	3615.31
1273.62	3584.97
1275.22	3575.55
1276.81	3582.87
1278.41	3582.87
1280.00	3579.74
1281.60	3590.20
1283.19	3565.09
1284.79	3579.74
1286.38	3557.76
1287.97	3576.60
1289.57	3552.53
1291.16	3565.09
1292.75	3532.65
1294.35	3559.85
1295.94	3544.16
1297.53	3564.04
1299.12	3534.74
1300.72	3560.90
1302.31	3526.37
1303.90	3567.18
1305.49	3551.48
1307.08	3533.69
1308.68	3518.00
1310.27	3527.42
1311.86	3513.81
1313.45	3521.14
1315.04	3515.90
1316.63	3519.04
1318.22	3506.49
1319.81	3502.30
1321.40	3497.07
1322.99	3514.86
1324.58	3483.47
1326.17	3493.93
1327.75	3479.28
1329.34	3492.88
1330.93	3469.86
1332.52	3479.28
1334.11	3474.05
1335.70	3473.00
1337.28	3448.94
1338.87	3462.54
1340.46	3451.03
1342.05	3451.03
1343.63	3442.66
1345.22	3434.29
1346.81	3425.91
1348.39	3425.91
1349.98	3422.78
1351.56	3416.50
1353.15	3410.22
1354.73	3406.03
1356.32	3377.78
1357.90	3385.10
1359.49	3375.69
1361.07	3359.99
1362.66	3348.48
1364.24	3363.13
1365.82	3347.43
1367.41	3358.94
1368.99	3330.69
1370.57	3328.60
1372.16	3316.04
1373.74	3321.27
1375.32	3308.72
1376.91	3291.98
1378.49	3250.12
1380.07	3216.63
1381.65	3200.94
1383.23	3189.43
1384.81	3183.15
1386.39	3180.01
1387.97	3175.82
1389.55	3181.06
1391.14	3153.85
1392.72	3137.11
1394.29	3129.78
1395.87	3121.41
1397.45	3103.62
1399.03	3115.13
1400.61	3086.88
1402.19	3085.83
1403.77	3065.95
1405.35	3083.74
1406.92	3057.58
1408.50	3064.91
1410.08	3057.58
1411.66	3057.58
1413.23	3045.02
1414.81	3049.21
1416.39	3026.19
1417.96	3040.84
1419.54	3028.28
1421.12	3031.42
1422.69	3026.19
1424.27	3014.68
1425.84	3026.19
1427.42	3023.05
1428.99	3013.63
1430.57	3015.73
1432.14	3003.17
1433.71	3008.40
1435.29	3020.96
1436.86	3015.73
1438.43	3002.12
1440.01	2998.98
1441.58	2860.86
1443.15	2995.84
1444.72	2994.80
1446.30	2991.66
1447.87	3001.08
1449.44	2994.80
1451.01	2982.24
1452.58	3000.03
1454.15	2990.61
1455.72	2986.43
1457.29	2985.38
1458.86	2989.57
1460.43	2984.33
1462.00	3001.08
1463.57	2981.19
1465.14	2990.61
1466.71	2972.82
1468.28	2982.24
1469.85	2982.24
1471.41	2996.89
1472.98	2981.19
1474.55	3000.03
1476.12	2972.82
1477.68	2981.19
1479.25	2991.66
1480.82	2993.75
1482.38	2990.61
1483.95	2978.06
1485.51	2989.57
1487.08	3006.31
1488.64	3001.08
1490.21	3008.40
1491.77	2993.75
1493.34	3005.26
1494.90	2998.98
1496.46	3006.31
1498.03	3005.26
1499.59	3004.22
1501.15	2995.84
1502.72	3006.31
1504.28	3006.31
1505.84	3010.49
1507.40	3006.31
1508.97	3026.19
1510.53	3009.45
1512.09	3027.24
1513.65	3020.96
1515.21	3017.82
1516.77	3011.54
1518.33	3027.24
1519.89	3023.05
1521.45	3014.68
1523.01	3016.77
1524.57	3024.10
1526.13	3019.91
1527.68	3034.56
1529.24	3032.47
1530.80	3028.28
1532.36	3030.38
1533.92	3028.28
1535.47	3009.45
1537.03	3027.24
1538.59	3030.38
1540.14	3017.82
1541.70	3011.54
1543.25	3041.89
1544.81	3026.19
1546.36	3029.33
1547.92	3015.73
1549.47	3030.38
1551.03	3026.19
1552.58	3017.82
1554.13	3017.82
1555.69	3019.91
1557.24	3013.63
1558.79	3019.91
1560.35	3012.59
1561.90	3020.96
1563.45	3006.31
1565.00	3017.82
1566.55	3004.22
1568.10	3012.59
1569.66	2989.57
1571.21	3012.59
1572.76	3004.22
1574.31	3010.49
1575.86	3004.22
1577.40	2992.70
1578.95	2992.70
1580.50	2995.84
1582.05	2986.43
1583.60	2989.57
1585.15	2974.92
1586.69	2985.38
1588.24	2990.61
1589.79	2991.66
1591.34	2961.31
1592.88	2989.57
1594.43	2962.36
1595.97	2985.38
1597.52	2977.01
1599.06	2980.15
1600.61	2968.64
1602.15	2991.66
1603.70	2973.87
1605.24	2984.33
1606.79	2974.92
1608.33	2961.31
1609.87	2963.41
1611.41	2970.73
1612.96	2965.50
1614.50	2962.36
1616.04	2956.08
1617.58	2966.54
1619.12	2949.80
1620.67	2958.17
1622.21	2923.64
1623.75	2948.76
1625.29	2930.97
1626.83	2936.20
1628.37	2944.57
1629.90	2928.87
1631.44	2917.36
1632.98	2921.55
1634.52	2892.25
1636.06	2892.25
1637.59	2898.53
1639.13	2882.83
1640.67	2864.00
1642.21	2848.30
1643.74	2833.65
1645.28	2811.68
1646.81	2794.94
1648.35	2806.45
1649.88	2769.82
1651.42	2775.05
1652.95	2754.13
1654.49	2769.82
1656.02	2747.85
1657.55	2754.13
1659.09	2734.24
1660.62	2746.80
1662.15	2732.15
1663.68	2733.20
1665.22	2717.50
1666.75	2723.78
1668.28	2714.36
1669.81	2731.10
1671.34	2715.41
1672.87	2717.50
1674.40	2722.73
1675.93	2708.08
1677.46	2694.48
1678.99	2687.16
1680.52	2686.11
1682.04	2704.94
1683.57	2692.39
1685.10	2695.53
1686.63	2690.29
1688.15	2694.48
1689.68	2682.97
1691.21	2684.02
1692.73	2682.97
1694.26	2697.62
1695.78	2679.83
1697.31	2688.20
1698.83	2673.55
1700.36	2690.29
1701.88	2675.65
1703.40	2685.06
1704.93	2669.37
1706.45	2676.69
