896.35	2888.06
897.98	2890.16
899.60	2894.34
901.22	2920.50
902.85	2911.09
904.47	2914.22
906.10	2913.18
907.72	2919.46
909.34	2933.06
910.97	2941.43
912.59	2960.27
914.21	2974.92
915.84	2993.75
917.46	3024.10
919.08	3036.65
920.71	3042.93
922.33	3079.56
923.95	3076.42
925.58	3106.76
927.20	3093.16
928.82	3102.58
930.44	3119.32
932.07	3104.67
933.69	3097.34
935.31	3113.04
936.93	3119.32
938.56	3126.64
940.18	3126.64
941.80	3125.60
943.42	3137.11
945.05	3154.90
946.67	3137.11
948.29	3138.15
949.91	3132.92
951.53	3156.99
953.16	3160.13
954.78	3158.04
956.40	3136.06
958.02	3138.15
959.64	3141.29
961.26	3136.06
962.88	3150.71
964.51	3142.34
966.13	3161.18
967.75	3155.94
969.37	3142.34
970.99	3148.62
972.61	3146.53
974.23	3146.53
975.85	3147.57
977.47	3153.85
979.09	3153.85
980.71	3142.34
982.33	3145.48
983.95	3162.22
985.57	3171.64
987.19	3161.18
988.81	3172.69
990.43	3161.18
992.05	3163.27
993.67	3181.06
995.29	3175.82
996.91	3164.31
998.53	3189.43
1000.15	3194.66
1001.77	3191.52
1003.39	3192.57
1005.01	3187.34
1006.63	3194.66
1008.25	3199.89
1009.86	3208.26
1011.48	3198.85
1013.10	3203.03
1014.72	3218.73
1016.34	3218.73
1017.96	3231.28
1019.58	3222.91
1021.19	3219.77
1022.81	3225.01
1024.43	3234.42
1026.05	3228.14
1027.66	3236.52
1029.28	3236.52
1030.90	3232.33
1032.52	3227.10
1034.13	3243.84
1035.75	3250.12
1037.37	3242.79
1038.98	3246.98
1040.60	3248.03
1042.22	3246.98
1043.83	3251.17
1045.45	3253.26
1047.07	3255.35
1048.68	3257.44
1050.30	3249.07
1051.92	3259.54
1053.53	3252.21
1055.15	3260.58
1056.76	3238.61
1058.38	3248.03
1059.99	3265.82
1061.61	3255.35
1063.22	3243.84
1064.84	3256.40
1066.46	3251.17
1068.07	3243.84
1069.68	3250.12
1071.30	3259.54
1072.91	3242.79
1074.53	3241.75
1076.14	3250.12
1077.76	3242.79
1079.37	3253.26
1080.98	3213.50
1082.60	3233.38
1084.21	3244.89
1085.83	3238.61
1087.44	3238.61
1089.05	3222.91
1090.67	3221.87
1092.28	3218.73
1093.89	3233.38
1095.50	3236.52
1097.12	3234.42
1098.73	3226.05
1100.34	3210.36
1101.95	3229.19
1103.57	3234.42
1105.18	3223.96
1106.79	3221.87
1108.40	3231.28
1110.01	3227.10
1111.63	3234.42
1113.24	3238.61
1114.85	3230.24
1116.46	3222.91
1118.07	3239.66
1119.68	3225.01
1121.29	3227.10
1122.90	3220.82
1124.51	3208.26
1126.12	3228.14
1127.73	3233.38
1129.34	3237.56
1130.95	3238.61
1132.56	3248.03
1134.17	3216.63
1135.78	3230.24
1137.39	3235.47
1139.00	3226.05
1140.61	3226.05
1142.22	3241.75
1143.83	3229.19
1145.44	3217.68
1147.05	3222.91
1148.65	3232.33
1150.26	3219.77
1151.87	3216.63
1153.48	3228.14
1155.09	3243.84
1156.69	3236.52
1158.30	3225.01
1159.91	3228.14
1161.52	3242.79
1163.12	3234.42
1164.73	3235.47
1166.34	3239.66
1167.94	3228.14
1169.55	3228.14
1171.16	3235.47
1172.76	3240.70
1174.37	3239.66
1175.97	3244.89
1177.58	3225.01
1179.19	3242.79
1180.79	3221.87
1182.40	3235.47
1184.00	3238.61
1185.61	3245.93
1187.21	3240.70
1188.82	3238.61
1190.42	3237.56
1192.02	3231.28
1193.63	3220.82
1195.23	3237.56
1196.84	3231.28
1198.44	3231.28
1200.04	3243.84
1201.65	3242.79
1203.25	3236.52
1204.85	3230.24
1206.46	3217.68
1208.06	3231.28
1209.66	3221.87
1211.26	3228.14
1212.87	3244.89
1214.47	3227.10
1216.07	3228.14
1217.67	3230.24
1219.27	3218.73
1220.87	3225.01
1222.48	3219.77
1224.08	3217.68
1225.68	3219.77
1227.28	3217.68
1228.88	3215.59
1230.48	3226.05
1232.08	3200.94
1233.68	3220.82
1235.28	3217.68
1236.88	3206.17
1238.48	3195.71
1240.08	3216.63
1241.68	3197.80
1243.28	3204.08
1244.87	3193.61
1246.47	3196.75
1248.07	3185.24
1249.67	3189.43
1251.27	3194.66
1252.87	3183.15
1254.46	3182.10
1256.06	3183.15
1257.66	3182.10
1259.26	3176.87
1260.85	3181.06
1262.45	3174.78
1264.05	3174.78
1265.64	3178.96
1267.24	3180.01
1268.83	3185.24
1270.43	3178.96
1272.03	3178.96
1273.62	3162.22
1275.22	3153.85
1276.81	3159.08
1278.41	3164.31
1280.00	3173.73
1281.60	3162.22
1283.19	3152.80
1284.79	3162.22
1286.38	3147.57
1287.97	3165.36
1289.57	3142.34
1291.16	3154.90
1292.75	3145.48
1294.35	3150.71
1295.94	3147.57
1297.53	3150.71
1299.12	3143.39
1300.72	3154.90
1302.31	3123.50
1303.90	3150.71
1305.49	3150.71
1307.08	3136.06
1308.68	3129.78
1310.27	3126.64
1311.86	3122.46
1313.45	3124.55
1315.04	3128.74
1316.63	3135.02
1318.22	3124.55
1319.81	3116.18
1321.40	3115.13
1322.99	3122.46
1324.58	3106.76
1326.17	3111.99
1327.75	3106.76
1329.34	3111.99
1330.93	3097.34
1332.52	3095.25
1334.11	3094.21
1335.70	3091.07
1337.28	3081.65
1338.87	3091.07
1340.46	3090.02
1342.05	3085.83
1343.63	3079.56
1345.22	3075.37
1346.81	3090.02
1348.39	3083.74
1349.98	3078.51
1351.56	3059.67
1353.15	3061.77
1354.73	3071.18
1356.32	3045.02
1357.90	3050.26
1359.49	3054.44
1361.07	3034.56
1362.66	3037.70
1364.24	3038.75
1365.82	3036.65
1367.41	3038.75
1368.99	3023.05
1370.57	3010.49
1372.16	3025.14
1373.74	3015.73
1375.32	3015.73
1376.91	3008.40
1378.49	2995.84
1380.07	2971.78
1381.65	2965.50
1383.23	2951.90
1384.81	2952.94
1386.39	2947.71
1387.97	2949.80
1389.55	2946.66
1391.14	2934.11
1392.72	2921.55
1394.29	2923.64
1395.87	2917.36
1397.45	2903.76
1399.03	2907.95
1400.61	2904.81
1402.19	2897.48
1403.77	2889.11
1405.35	2899.58
1406.92	2880.74
1408.50	2876.55
1410.08	2880.74
1411.66	2873.42
1413.23	2876.55
1414.81	2873.42
1416.39	2855.63
1417.96	2880.74
1419.54	2873.42
1421.12	2867.14
1422.69	2864.00
1424.27	2851.44
1425.84	2862.95
1427.42	2856.67
1428.99	2860.86
1430.57	2856.67
1432.14	2847.26
1433.71	2849.35
1435.29	2866.09
1436.86	2865.04
1438.43	2867.14
1440.01	2855.63
1441.58	2731.10
1443.15	2853.53
1444.72	2853.53
1446.30	2848.30
1447.87	2858.77
1449.44	2842.02
1451.01	2834.70
1452.58	2844.12
1454.15	2838.88
1455.72	2837.84
1457.29	2849.35
1458.86	2853.53
1460.43	2842.02
1462.00	2865.04
1463.57	2845.16
1465.14	2853.53
1466.71	2840.98
1468.28	2850.39
1469.85	2849.35
1471.41	2849.35
1472.98	2833.65
1474.55	2859.81
1476.12	2843.07
1477.68	2845.16
1479.25	2852.49
1480.82	2844.12
1482.38	2855.63
1483.95	2840.98
1485.51	2847.26
1487.08	2868.18
1488.64	2864.00
1490.21	2857.72
1491.77	2847.26
1493.34	2858.77
1494.90	2845.16
1496.46	2849.35
1498.03	2852.49
1499.59	2862.95
1501.15	2858.77
1502.72	2862.95
1504.28	2855.63
1505.84	2850.39
1507.40	2845.16
1508.97	2868.18
1510.53	2864.00
1512.09	2877.60
1513.65	2871.32
1515.21	2870.28
1516.77	2855.63
1518.33	2872.37
1519.89	2866.09
1521.45	2862.95
1523.01	2872.37
1524.57	2873.42
1526.13	2864.00
1527.68	2864.00
1529.24	2871.32
1530.80	2871.32
1532.36	2875.51
1533.92	2867.14
1535.47	2858.77
1537.03	2865.04
1538.59	2870.28
1540.14	2864.00
1541.70	2856.67
1543.25	2877.60
1544.81	2869.23
1546.36	2870.28
1547.92	2851.44
1549.47	2860.86
1551.03	2855.63
1552.58	2857.72
1554.13	2851.44
1555.69	2864.00
1557.24	2853.53
1558.79	2852.49
1560.35	2848.30
1561.90	2857.72
1563.45	2842.02
1565.00	2853.53
1566.55	2857.72
1568.10	2849.35
1569.66	2837.84
1571.21	2856.67
1572.76	2848.30
1574.31	2846.21
1575.86	2846.21
1577.40	2832.61
1578.95	2835.74
1580.50	2838.88
1582.05	2823.19
1583.60	2833.65
1585.15	2832.61
1586.69	2837.84
1588.24	2840.98
1589.79	2848.30
1591.34	2816.91
1592.88	2845.16
1594.43	2816.91
1595.97	2836.79
1597.52	2831.56
1599.06	2820.05
1600.61	2825.28
1602.15	2845.16
1603.70	2823.19
1605.24	2820.05
1606.79	2813.77
1608.33	2810.63
1609.87	2809.58
1611.41	2822.14
1612.96	2824.23
1614.50	2810.63
1616.04	2821.10
1617.58	2824.23
1619.12	2804.35
1620.67	2814.82
1622.21	2797.03
1623.75	2814.82
1625.29	2794.94
1626.83	2797.03
1628.37	2807.49
1629.90	2792.84
1631.44	2785.52
1632.98	2794.94
1634.52	2779.24
1636.06	2779.24
1637.59	2793.89
1639.13	2769.82
1640.67	2762.50
1642.21	2755.17
1643.74	2752.03
1645.28	2733.20
1646.81	2726.92
1648.35	2739.48
1649.88	2710.18
1651.42	2721.69
1652.95	2693.43
1654.49	2720.64
1656.02	2699.71
1657.55	2708.08
1659.09	2677.74
1660.62	2705.99
1662.15	2684.02
1663.68	2696.57
1665.22	2684.02
1666.75	2687.16
1668.28	2673.55
1669.81	2701.81
1671.34	2688.20
1672.87	2681.92
1674.40	2680.88
1675.93	2676.69
1677.46	2663.09
1678.99	2663.09
1680.52	2664.13
1682.04	2679.83
1683.57	2671.46
1685.10	2670.41
1686.63	2664.13
1688.15	2665.18
1689.68	2647.39
1691.21	2652.62
1692.73	2661.00
1694.26	2670.41
1695.78	2657.86
1697.31	2661.00
1698.83	2653.67
1700.36	2666.23
1701.88	2643.21
1703.40	2665.18
1704.93	2653.67
1706.45	2655.76
