896.35	2745.75
897.98	2738.43
899.60	2756.22
901.22	2766.68
902.85	2756.22
904.47	2761.45
906.10	2772.96
907.72	2759.36
909.34	2784.47
910.97	2776.10
912.59	2779.24
914.21	2791.80
915.84	2805.40
917.46	2815.86
919.08	2827.37
920.71	2815.86
922.33	2846.21
923.95	2843.07
925.58	2864.00
927.20	2840.98
928.82	2857.72
930.44	2861.90
932.07	2848.30
933.69	2829.47
935.31	2851.44
936.93	2852.49
938.56	2864.00
940.18	2856.67
941.80	2861.90
943.42	2864.00
945.05	2887.02
946.67	2868.18
948.29	2879.69
949.91	2855.63
951.53	2882.83
953.16	2873.42
954.78	2879.69
956.40	2865.04
958.02	2879.69
959.64	2875.51
961.26	2880.74
962.88	2870.28
964.51	2872.37
966.13	2885.97
967.75	2882.83
969.37	2864.00
970.99	2883.88
972.61	2880.74
974.23	2879.69
975.85	2869.23
977.47	2884.93
979.09	2871.32
980.71	2876.55
982.33	2871.32
983.95	2887.02
985.57	2887.02
987.19	2896.44
988.81	2891.20
990.43	2891.20
992.05	2873.42
993.67	2898.53
995.29	2885.97
996.91	2882.83
998.53	2905.85
1000.15	2902.71
1001.77	2893.30
1003.39	2899.58
1005.01	2884.93
1006.63	2911.09
1008.25	2904.81
1009.86	2910.04
1011.48	2896.44
1013.10	2907.95
1014.72	2912.13
1016.34	2917.36
1017.96	2926.78
1019.58	2914.22
1021.19	2914.22
1022.81	2925.74
1024.43	2920.50
1026.05	2919.46
1027.66	2925.74
1029.28	2922.60
1030.90	2914.22
1032.52	2914.22
1034.13	2919.46
1035.75	2936.20
1037.37	2921.55
1038.98	2936.20
1040.60	2917.36
1042.22	2921.55
1043.83	2911.09
1045.45	2933.06
1047.07	2928.87
1048.68	2936.20
1050.30	2917.36
1051.92	2944.57
1053.53	2933.06
1055.15	2940.38
1056.76	2925.74
1058.38	2936.20
1059.99	2939.34
1061.61	2945.62
1063.22	2915.27
1064.84	2928.87
1066.46	2916.32
1068.07	2924.69
1069.68	2923.64
1071.30	2938.29
1072.91	2916.32
1074.53	2923.64
1076.14	2928.87
1077.76	2930.97
1079.37	2922.60
1080.98	2917.36
1082.60	2927.83
1084.21	2930.97
1085.83	2918.41
1087.44	2930.97
1089.05	2916.32
1090.67	2916.32
1092.28	2916.32
1093.89	2932.01
1095.50	2921.55
1097.12	2933.06
1098.73	2933.06
1100.34	2918.41
1101.95	2923.64
1103.57	2930.97
1105.18	2905.85
1106.79	2916.32
1108.40	2915.27
1110.01	2924.69
1111.63	2922.60
1113.24	2933.06
1114.85	2920.50
1116.46	2928.87
1118.07	2927.83
1119.68	2920.50
1121.29	2930.97
1122.90	2926.78
1124.51	2917.36
1126.12	2941.43
1127.73	2938.29
1129.34	2934.11
1130.95	2927.83
1132.56	2932.01
1134.17	2914.22
1135.78	2932.01
1137.39	2934.11
1139.00	2916.32
1140.61	2914.22
1142.22	2936.20
1143.83	2908.99
1145.44	2923.64
1147.05	2921.55
1148.65	2935.15
1150.26	2918.41
1151.87	2913.18
1153.48	2917.36
1155.09	2934.11
1156.69	2930.97
1158.30	2923.64
1159.91	2916.32
1161.52	2928.87
1163.12	2917.36
1164.73	2922.60
1166.34	2934.11
1167.94	2933.06
1169.55	2936.20
1171.16	2934.11
1172.76	2927.83
1174.37	2932.01
1175.97	2923.64
1177.58	2917.36
1179.19	2926.78
1180.79	2920.50
1182.40	2921.55
1184.00	2925.74
1185.61	2939.34
1187.21	2943.52
1188.82	2926.78
1190.42	2933.06
1192.02	2919.46
1193.63	2920.50
1195.23	2937.25
1196.84	2938.29
1198.44	2924.69
1200.04	2936.20
1201.65	2933.06
1203.25	2933.06
1204.85	2929.92
1206.46	2919.46
1208.06	2921.55
1209.66	2928.87
1211.26	2928.87
1212.87	2946.66
1214.47	2916.32
1216.07	2929.92
1217.67	2927.83
1219.27	2932.01
1220.87	2923.64
1222.48	2928.87
1224.08	2922.60
1225.68	2941.43
1227.28	2927.83
1228.88	2937.25
1230.48	2920.50
1232.08	2913.18
1233.68	2923.64
1235.28	2939.34
1236.88	2918.41
1238.48	2918.41
1240.08	2938.29
1241.68	2914.22
1243.28	2918.41
1244.87	2924.69
1246.47	2915.27
1248.07	2905.85
1249.67	2914.22
1251.27	2926.78
1252.87	2906.90
1254.46	2908.99
1256.06	2905.85
1257.66	2916.32
1259.26	2903.76
1260.85	2916.32
1262.45	2910.04
1264.05	2919.46
1265.64	2912.13
1267.24	2916.32
1268.83	2908.99
1270.43	2910.04
1272.03	2917.36
1273.62	2905.85
1275.22	2893.30
1276.81	2907.95
1278.41	2899.58
1280.00	2914.22
1281.60	2903.76
1283.19	2910.04
1284.79	2903.76
1286.38	2906.90
1287.97	2904.81
1289.57	2899.58
1291.16	2890.16
1292.75	2895.39
1294.35	2893.30
1295.94	2895.39
1297.53	2891.20
1299.12	2888.06
1300.72	2905.85
1302.31	2885.97
1303.90	2904.81
1305.49	2908.99
1307.08	2881.79
1308.68	2887.02
1310.27	2883.88
1311.86	2890.16
1313.45	2879.69
1315.04	2887.02
1316.63	2887.02
1318.22	2880.74
1319.81	2871.32
1321.40	2887.02
1322.99	2887.02
1324.58	2877.60
1326.17	2876.55
1327.75	2867.14
1329.34	2877.60
1330.93	2867.14
1332.52	2868.18
1334.11	2877.60
1335.70	2864.00
1337.28	2854.58
1338.87	2864.00
1340.46	2874.46
1342.05	2861.90
1343.63	2861.90
1345.22	2857.72
1346.81	2871.32
1348.39	2859.81
1349.98	2859.81
1351.56	2847.26
1353.15	2855.63
1354.73	2858.77
1356.32	2857.72
1357.90	2849.35
1359.49	2853.53
1361.07	2840.98
1362.66	2849.35
1364.24	2842.02
1365.82	2843.07
1367.41	2844.12
1368.99	2826.33
1370.57	2824.23
1372.16	2837.84
1373.74	2832.61
1375.32	2839.93
1376.91	2825.28
1378.49	2825.28
1380.07	2807.49
1381.65	2817.96
1383.23	2810.63
1384.81	2809.58
1386.39	2795.98
1387.97	2807.49
1389.55	2806.45
1391.14	2800.17
1392.72	2784.47
1394.29	2795.98
1395.87	2790.75
1397.45	2780.29
1399.03	2789.70
1400.61	2790.75
1402.19	2779.24
1403.77	2769.82
1405.35	2789.70
1406.92	2769.82
1408.50	2780.29
1410.08	2791.80
1411.66	2768.78
1413.23	2770.87
1414.81	2778.19
1416.39	2765.64
1417.96	2777.15
1419.54	2772.96
1421.12	2769.82
1422.69	2782.38
1424.27	2763.54
1425.84	2776.10
1427.42	2767.73
1428.99	2779.24
1430.57	2774.01
1432.14	2769.82
1433.71	2764.59
1435.29	2776.10
1436.86	2768.78
1438.43	2766.68
1440.01	2763.54
1441.58	2641.11
1443.15	2764.59
1444.72	2777.15
1446.30	2774.01
1447.87	2769.82
1449.44	2759.36
1451.01	2757.26
1452.58	2772.96
1454.15	2777.15
1455.72	2756.22
1457.29	2762.50
1458.86	2765.64
1460.43	2759.36
1462.00	2777.15
1463.57	2764.59
1465.14	2767.73
1466.71	2758.31
1468.28	2766.68
1469.85	2757.26
1471.41	2767.73
1472.98	2760.40
1474.55	2770.87
1476.12	2756.22
1477.68	2753.08
1479.25	2774.01
1480.82	2764.59
1482.38	2771.91
1483.95	2756.22
1485.51	2766.68
1487.08	2774.01
1488.64	2765.64
1490.21	2764.59
1491.77	2756.22
1493.34	2765.64
1494.90	2755.17
1496.46	2754.13
1498.03	2766.68
1499.59	2771.91
1501.15	2769.82
1502.72	2768.78
1504.28	2762.50
1505.84	2763.54
1507.40	2769.82
1508.97	2778.19
1510.53	2764.59
1512.09	2767.73
1513.65	2774.01
1515.21	2770.87
1516.77	2753.08
1518.33	2777.15
1519.89	2768.78
1521.45	2761.45
1523.01	2765.64
1524.57	2766.68
1526.13	2759.36
1527.68	2770.87
1529.24	2780.29
1530.80	2766.68
1532.36	2777.15
1533.92	2768.78
1535.47	2758.31
1537.03	2765.64
1538.59	2775.05
1540.14	2769.82
1541.70	2754.13
1543.25	2779.24
1544.81	2770.87
1546.36	2763.54
1547.92	2755.17
1549.47	2761.45
1551.03	2767.73
1552.58	2757.26
1554.13	2756.22
1555.69	2757.26
1557.24	2749.94
1558.79	2750.99
1560.35	2748.89
1561.90	2758.31
1563.45	2750.99
1565.00	2752.03
1566.55	2754.13
1568.10	2750.99
1569.66	2745.75
1571.21	2759.36
1572.76	2757.26
1574.31	2749.94
1575.86	2752.03
1577.40	2746.80
1578.95	2739.48
1580.50	2742.62
1582.05	2733.20
1583.60	2737.38
1585.15	2734.24
1586.69	2741.57
1588.24	2745.75
1589.79	2745.75
1591.34	2734.24
1592.88	2746.80
1594.43	2725.87
1595.97	2746.80
1597.52	2742.62
1599.06	2736.34
1600.61	2730.06
1602.15	2746.80
1603.70	2735.29
1605.24	2731.10
1606.79	2733.20
1608.33	2726.92
1609.87	2732.15
1611.41	2743.66
1612.96	2729.01
1614.50	2727.97
1616.04	2737.38
1617.58	2732.15
1619.12	2722.73
1620.67	2731.10
1622.21	2703.90
1623.75	2726.92
1625.29	2716.45
1626.83	2715.41
1628.37	2737.38
1629.90	2712.27
1631.44	2717.50
1632.98	2720.64
1634.52	2710.18
1636.06	2708.08
1637.59	2720.64
1639.13	2713.32
1640.67	2716.45
1642.21	2703.90
1643.74	2704.94
1645.28	2684.02
1646.81	2687.16
1648.35	2694.48
1649.88	2669.37
1651.42	2678.78
1652.95	2678.78
1654.49	2694.48
1656.02	2676.69
1657.55	2678.78
1659.09	2657.86
1660.62	2671.46
1662.15	2657.86
1663.68	2669.37
1665.22	2651.58
1666.75	2658.90
1668.28	2667.27
1669.81	2674.60
1671.34	2654.72
1672.87	2664.13
1674.40	2666.23
1675.93	2654.72
1677.46	2653.67
1678.99	2650.53
1680.52	2648.44
1682.04	2659.95
1683.57	2648.44
1685.10	2650.53
1686.63	2637.97
1688.15	2642.16
1689.68	2631.70
1691.21	2632.74
1692.73	2636.93
1694.26	2643.21
1695.78	2636.93
1697.31	2643.21
1698.83	2627.51
1700.36	2635.88
1701.88	2624.37
1703.40	2641.11
1704.93	2632.74
1706.45	2627.51
