896.35	2662.04
897.98	2656.81
899.60	2672.51
901.22	2672.51
902.85	2678.78
904.47	2674.60
906.10	2681.92
907.72	2665.18
909.34	2678.78
910.97	2671.46
912.59	2688.20
914.21	2679.83
915.84	2678.78
917.46	2678.78
919.08	2687.16
920.71	2676.69
922.33	2701.81
923.95	2685.06
925.58	2712.27
927.20	2687.16
928.82	2696.57
930.44	2697.62
932.07	2697.62
933.69	2671.46
935.31	2695.53
936.93	2686.11
938.56	2700.76
940.18	2696.57
941.80	2692.39
943.42	2695.53
945.05	2716.45
946.67	2692.39
948.29	2708.08
949.91	2690.29
951.53	2710.18
953.16	2705.99
954.78	2717.50
956.40	2693.43
958.02	2715.41
959.64	2696.57
961.26	2709.13
962.88	2697.62
964.51	2705.99
966.13	2709.13
967.75	2723.78
969.37	2701.81
970.99	2720.64
972.61	2697.62
974.23	2714.36
975.85	2696.57
977.47	2719.59
979.09	2701.81
980.71	2701.81
982.33	2699.71
983.95	2720.64
985.57	2720.64
987.19	2720.64
988.81	2718.55
990.43	2724.83
992.05	2699.71
993.67	2723.78
995.29	2711.22
996.91	2711.22
998.53	2720.64
1000.15	2735.29
1001.77	2712.27
1003.39	2730.06
1005.01	2712.27
1006.63	2722.73
1008.25	2711.22
1009.86	2724.83
1011.48	2707.04
1013.10	2724.83
1014.72	2715.41
1016.34	2733.20
1017.96	2731.10
1019.58	2730.06
1021.19	2712.27
1022.81	2726.92
1024.43	2719.59
1026.05	2720.64
1027.66	2721.69
1029.28	2739.48
1030.90	2717.50
1032.52	2722.73
1034.13	2716.45
1035.75	2733.20
1037.37	2715.41
1038.98	2740.52
1040.60	2710.18
1042.22	2714.36
1043.83	2709.13
1045.45	2725.87
1047.07	2705.99
1048.68	2741.57
1050.30	2719.59
1051.92	2727.97
1053.53	2716.45
1055.15	2732.15
1056.76	2711.22
1058.38	2725.87
1059.99	2722.73
1061.61	2733.20
1063.22	2714.36
1064.84	2734.24
1066.46	2721.69
1068.07	2730.06
1069.68	2713.32
1071.30	2738.43
1072.91	2709.13
1074.53	2726.92
1076.14	2730.06
1077.76	2734.24
1079.37	2725.87
1080.98	2713.32
1082.60	2716.45
1084.21	2739.48
1085.83	2731.10
1087.44	2740.52
1089.05	2711.22
1090.67	2721.69
1092.28	2710.18
1093.89	2734.24
1095.50	2722.73
1097.12	2730.06
1098.73	2735.29
1100.34	2720.64
1101.95	2726.92
1103.57	2739.48
1105.18	2705.99
1106.79	2718.55
1108.40	2714.36
1110.01	2733.20
1111.63	2723.78
1113.24	2734.24
1114.85	2729.01
1116.46	2734.24
1118.07	2726.92
1119.68	2721.69
1121.29	2727.97
1122.90	2732.15
1124.51	2721.69
1126.12	2742.62
1127.73	2736.34
1129.34	2753.08
1130.95	2734.24
1132.56	2748.89
1134.17	2713.32
1135.78	2729.01
1137.39	2725.87
1139.00	2717.50
1140.61	2715.41
1142.22	2742.62
1143.83	2720.64
1145.44	2739.48
1147.05	2725.87
1148.65	2737.38
1150.26	2721.69
1151.87	2731.10
1153.48	2723.78
1155.09	2741.57
1156.69	2732.15
1158.30	2719.59
1159.91	2722.73
1161.52	2736.34
1163.12	2727.97
1164.73	2726.92
1166.34	2732.15
1167.94	2731.10
1169.55	2724.83
1171.16	2743.66
1172.76	2729.01
1174.37	2742.62
1175.97	2725.87
1177.58	2715.41
1179.19	2722.73
1180.79	2725.87
1182.40	2725.87
1184.00	2723.78
1185.61	2723.78
1187.21	2734.24
1188.82	2722.73
1190.42	2739.48
1192.02	2729.01
1193.63	2726.92
1195.23	2720.64
1196.84	2726.92
1198.44	2731.10
1200.04	2743.66
1201.65	2730.06
1203.25	2742.62
1204.85	2731.10
1206.46	2726.92
1208.06	2726.92
1209.66	2733.20
1211.26	2720.64
1212.87	2746.80
1214.47	2721.69
1216.07	2734.24
1217.67	2733.20
1219.27	2731.10
1220.87	2720.64
1222.48	2732.15
1224.08	2721.69
1225.68	2732.15
1227.28	2723.78
1228.88	2731.10
1230.48	2731.10
1232.08	2718.55
1233.68	2729.01
1235.28	2753.08
1236.88	2732.15
1238.48	2724.83
1240.08	2744.71
1241.68	2724.83
1243.28	2725.87
1244.87	2733.20
1246.47	2717.50
1248.07	2726.92
1249.67	2727.97
1251.27	2742.62
1252.87	2715.41
1254.46	2719.59
1256.06	2716.45
1257.66	2732.15
1259.26	2720.64
1260.85	2733.20
1262.45	2727.97
1264.05	2733.20
1265.64	2725.87
1267.24	2731.10
1268.83	2736.34
1270.43	2732.15
1272.03	2736.34
1273.62	2724.83
1275.22	2713.32
1276.81	2730.06
1278.41	2718.55
1280.00	2735.29
1281.60	2722.73
1283.19	2726.92
1284.79	2726.92
1286.38	2735.29
1287.97	2727.97
1289.57	2727.97
1291.16	2724.83
1292.75	2718.55
1294.35	2722.73
1295.94	2723.78
1297.53	2733.20
1299.12	2719.59
1300.72	2732.15
1302.31	2713.32
1303.90	2734.24
1305.49	2742.62
1307.08	2715.41
1308.68	2724.83
1310.27	2729.01
1311.86	2727.97
1313.45	2721.69
1315.04	2736.34
1316.63	2719.59
1318.22	2723.78
1319.81	2711.22
1321.40	2730.06
1322.99	2723.78
1324.58	2709.13
1326.17	2711.22
1327.75	2712.27
1329.34	2714.36
1330.93	2723.78
1332.52	2713.32
1334.11	2718.55
1335.70	2710.18
1337.28	2704.94
1338.87	2708.08
1340.46	2729.01
1342.05	2713.32
1343.63	2720.64
1345.22	2712.27
1346.81	2732.15
1348.39	2719.59
1349.98	2722.73
1351.56	2703.90
1353.15	2711.22
1354.73	2717.50
1356.32	2713.32
1357.90	2701.81
1359.49	2720.64
1361.07	2721.69
1362.66	2721.69
1364.24	2714.36
1365.82	2714.36
1367.41	2722.73
1368.99	2704.94
1370.57	2702.85
1372.16	2717.50
1373.74	2709.13
1375.32	2717.50
1376.91	2714.36
1378.49	2709.13
1380.07	2707.04
1381.65	2712.27
1383.23	2709.13
1384.81	2707.04
1386.39	2698.67
1387.97	2716.45
1389.55	2703.90
1391.14	2711.22
1392.72	2700.76
1394.29	2709.13
1395.87	2709.13
1397.45	2702.85
1399.03	2708.08
1400.61	2711.22
1402.19	2707.04
1403.77	2708.08
1405.35	2720.64
1406.92	2713.32
1408.50	2718.55
1410.08	2721.69
1411.66	2704.94
1413.23	2714.36
1414.81	2722.73
1416.39	2709.13
1417.96	2711.22
1419.54	2700.76
1421.12	2715.41
1422.69	2729.01
1424.27	2705.99
1425.84	2719.59
1427.42	2711.22
1428.99	2711.22
1430.57	2711.22
1432.14	2709.13
1433.71	2711.22
1435.29	2723.78
1436.86	2719.59
1438.43	2711.22
1440.01	2694.48
1441.58	2587.75
1443.15	2714.36
1444.72	2719.59
1446.30	2704.94
1447.87	2720.64
1449.44	2708.08
1451.01	2701.81
1452.58	2716.45
1454.15	2719.59
1455.72	2705.99
1457.29	2708.08
1458.86	2721.69
1460.43	2703.90
1462.00	2723.78
1463.57	2712.27
1465.14	2718.55
1466.71	2700.76
1468.28	2707.04
1469.85	2714.36
1471.41	2721.69
1472.98	2707.04
1474.55	2715.41
1476.12	2711.22
1477.68	2707.04
1479.25	2722.73
1480.82	2716.45
1482.38	2718.55
1483.95	2705.99
1485.51	2716.45
1487.08	2717.50
1488.64	2710.18
1490.21	2709.13
1491.77	2698.67
1493.34	2712.27
1494.90	2710.18
1496.46	2714.36
1498.03	2711.22
1499.59	2707.04
1501.15	2712.27
1502.72	2707.04
1504.28	2710.18
1505.84	2703.90
1507.40	2699.71
1508.97	2708.08
1510.53	2711.22
1512.09	2724.83
1513.65	2720.64
1515.21	2714.36
1516.77	2703.90
1518.33	2717.50
1519.89	2715.41
1521.45	2702.85
1523.01	2711.22
1524.57	2712.27
1526.13	2698.67
1527.68	2708.08
1529.24	2714.36
1530.80	2712.27
1532.36	2715.41
1533.92	2705.99
1535.47	2698.67
1537.03	2705.99
1538.59	2709.13
1540.14	2696.57
1541.70	2692.39
1543.25	2711.22
1544.81	2702.85
1546.36	2711.22
1547.92	2703.90
1549.47	2708.08
1551.03	2704.94
1552.58	2697.62
1554.13	2708.08
1555.69	2703.90
1557.24	2697.62
1558.79	2693.43
1560.35	2692.39
1561.90	2695.53
1563.45	2692.39
1565.00	2703.90
1566.55	2689.25
1568.10	2695.53
1569.66	2684.02
1571.21	2695.53
1572.76	2698.67
1574.31	2705.99
1575.86	2700.76
1577.40	2691.34
1578.95	2692.39
1580.50	2697.62
1582.05	2687.16
1583.60	2686.11
1585.15	2674.60
1586.69	2679.83
1588.24	2684.02
1589.79	2685.06
1591.34	2670.41
1592.88	2690.29
1594.43	2673.55
1595.97	2681.92
1597.52	2686.11
1599.06	2684.02
1600.61	2679.83
1602.15	2694.48
1603.70	2689.25
1605.24	2676.69
1606.79	2678.78
1608.33	2668.32
1609.87	2665.18
1611.41	2678.78
1612.96	2677.74
1614.50	2663.09
1616.04	2672.51
1617.58	2677.74
1619.12	2672.51
1620.67	2685.06
1622.21	2656.81
1623.75	2677.74
1625.29	2663.09
1626.83	2669.37
1628.37	2686.11
1629.90	2665.18
1631.44	2672.51
1632.98	2675.65
1634.52	2656.81
1636.06	2668.32
1637.59	2682.97
1639.13	2667.27
1640.67	2674.60
1642.21	2672.51
1643.74	2671.46
1645.28	2659.95
1646.81	2663.09
1648.35	2677.74
1649.88	2658.90
1651.42	2667.27
1652.95	2652.62
1654.49	2675.65
1656.02	2662.04
1657.55	2665.18
1659.09	2646.35
1660.62	2668.32
1662.15	2657.86
1663.68	2657.86
1665.22	2654.72
1666.75	2654.72
1668.28	2650.53
1669.81	2666.23
1671.34	2652.62
1672.87	2656.81
1674.40	2654.72
1675.93	2652.62
1677.46	2644.25
1678.99	2640.07
1680.52	2647.39
1682.04	2649.49
1683.57	2644.25
1685.10	2652.62
1686.63	2636.93
1688.15	2643.21
1689.68	2640.07
1691.21	2633.79
1692.73	2634.84
1694.26	2645.30
1695.78	2633.79
1697.31	2639.02
1698.83	2622.28
1700.36	2633.79
1701.88	2625.42
1703.40	2640.07
1704.93	2625.42
1706.45	2622.28
