896.35	2925.74
897.98	2925.39
899.60	2934.46
901.22	2941.78
902.85	2948.06
904.47	2950.50
906.10	2953.29
907.72	2959.57
909.34	2964.10
910.97	2975.96
912.59	2987.82
914.21	3002.12
915.84	3017.12
917.46	3035.61
919.08	3046.07
920.71	3059.33
922.33	3064.21
923.95	3082.35
925.58	3083.74
927.20	3090.37
928.82	3093.16
930.44	3100.83
932.07	3097.00
933.69	3092.11
935.31	3095.25
936.93	3106.76
938.56	3114.78
940.18	3117.92
941.80	3122.11
943.42	3131.88
945.05	3134.32
946.67	3136.41
948.29	3126.30
949.91	3133.97
951.53	3135.02
953.16	3141.99
954.78	3132.92
956.40	3131.88
958.02	3127.34
959.64	3135.36
961.26	3137.11
962.88	3137.81
964.51	3138.85
966.13	3145.48
967.75	3147.57
969.37	3150.36
970.99	3144.78
972.61	3150.71
974.23	3144.78
975.85	3149.32
977.47	3143.39
979.09	3144.08
980.71	3140.94
982.33	3149.32
983.95	3154.55
985.57	3156.64
987.19	3159.78
988.81	3160.48
990.43	3160.13
992.05	3162.57
993.67	3165.36
995.29	3167.10
996.91	3167.80
998.53	3171.64
1000.15	3179.66
1001.77	3182.10
1003.39	3184.20
1005.01	3190.82
1006.63	3191.17
1008.25	3197.10
1009.86	3193.26
1011.48	3195.36
1013.10	3194.31
1014.72	3199.89
1016.34	3210.36
1017.96	3212.45
1019.58	3210.36
1021.19	3208.96
1022.81	3215.24
1024.43	3221.87
1026.05	3221.87
1027.66	3222.56
1029.28	3220.47
1030.90	3218.03
1032.52	3213.50
1034.13	3221.52
1035.75	3225.01
1037.37	3236.17
1038.98	3230.59
1040.60	3229.54
1042.22	3223.26
1043.83	3229.19
1045.45	3230.94
1047.07	3235.47
1048.68	3230.59
1050.30	3235.47
1051.92	3232.33
1053.53	3240.00
1055.15	3238.26
1056.76	3242.79
1058.38	3241.40
1059.99	3242.10
1061.61	3234.07
1063.22	3235.47
1064.84	3232.68
1066.46	3234.42
1068.07	3227.45
1069.68	3233.38
1071.30	3236.86
1072.91	3241.75
1074.53	3238.96
1076.14	3236.52
1077.76	3236.86
1079.37	3228.84
1080.98	3229.54
1082.60	3230.24
1084.21	3236.52
1085.83	3241.40
1087.44	3233.73
1089.05	3230.24
1090.67	3220.82
1092.28	3226.05
1093.89	3228.49
1095.50	3231.28
1097.12	3232.68
1098.73	3228.14
1100.34	3230.94
1101.95	3229.19
1103.57	3230.94
1105.18	3228.49
1106.79	3226.75
1108.40	3231.98
1110.01	3238.26
1111.63	3245.24
1113.24	3244.19
1114.85	3240.70
1116.46	3238.26
1118.07	3240.00
1119.68	3242.45
1121.29	3239.66
1122.90	3238.96
1124.51	3240.00
1126.12	3243.14
1127.73	3246.28
1129.34	3248.72
1130.95	3253.61
1132.56	3244.54
1134.17	3238.61
1135.78	3231.63
1137.39	3240.00
1139.00	3239.31
1140.61	3241.75
1142.22	3240.70
1143.83	3242.10
1145.44	3241.05
1147.05	3248.38
1148.65	3247.68
1150.26	3248.03
1151.87	3240.00
1153.48	3250.12
1155.09	3252.56
1156.69	3255.00
1158.30	3246.63
1159.91	3249.77
1161.52	3249.77
1163.12	3252.91
1164.73	3253.96
1166.34	3253.26
1167.94	3255.00
1169.55	3254.65
1171.16	3260.93
1172.76	3261.98
1174.37	3261.28
1175.97	3257.44
1177.58	3260.93
1179.19	3258.84
1180.79	3257.10
1182.40	3248.72
1184.00	3251.51
1185.61	3257.79
1187.21	3264.07
1188.82	3266.86
1190.42	3263.72
1192.02	3259.54
1193.63	3255.35
1195.23	3258.84
1196.84	3261.98
1198.44	3267.91
1200.04	3268.26
1201.65	3274.19
1203.25	3274.88
1204.85	3272.09
1206.46	3267.21
1208.06	3262.33
1209.66	3262.33
1211.26	3267.21
1212.87	3267.21
1214.47	3272.09
1216.07	3270.00
1217.67	3274.54
1219.27	3273.49
1220.87	3274.88
1222.48	3269.65
1224.08	3270.35
1225.68	3267.21
1227.28	3266.86
1228.88	3268.95
1230.48	3266.86
1232.08	3269.65
1233.68	3267.91
1235.28	3267.56
1236.88	3263.72
1238.48	3265.12
1240.08	3264.42
1241.68	3264.42
1243.28	3257.79
1244.87	3257.10
1246.47	3255.00
1248.07	3252.56
1249.67	3259.19
1251.27	3256.40
1252.87	3253.96
1254.46	3242.79
1256.06	3244.19
1257.66	3241.40
1259.26	3246.98
1260.85	3246.98
1262.45	3255.70
1264.05	3251.86
1265.64	3253.61
1267.24	3250.12
1268.83	3251.17
1270.43	3256.75
1272.03	3257.10
1273.62	3253.26
1275.22	3250.47
1276.81	3248.03
1278.41	3254.30
1280.00	3249.77
1281.60	3250.47
1283.19	3246.63
1284.79	3244.54
1286.38	3246.63
1287.97	3246.98
1289.57	3248.72
1291.16	3242.79
1292.75	3242.79
1294.35	3243.14
1295.94	3246.63
1297.53	3242.45
1299.12	3244.89
1300.72	3241.75
1302.31	3247.68
1303.90	3249.07
1305.49	3249.07
1307.08	3241.75
1308.68	3232.33
1310.27	3233.38
1311.86	3234.77
1313.45	3236.86
1315.04	3235.82
1316.63	3233.03
1318.22	3226.40
1319.81	3224.66
1321.40	3228.84
1322.99	3230.94
1324.58	3228.14
1326.17	3221.87
1327.75	3221.17
1329.34	3220.47
1330.93	3220.12
1332.52	3220.12
1334.11	3217.68
1335.70	3212.45
1337.28	3207.57
1338.87	3207.57
1340.46	3209.66
1342.05	3205.82
1343.63	3200.24
1345.22	3198.15
1346.81	3198.85
1348.39	3198.85
1349.98	3193.61
1351.56	3189.08
1353.15	3185.24
1354.73	3177.22
1356.32	3172.34
1357.90	3168.15
1359.49	3167.80
1361.07	3161.87
1362.66	3155.94
1364.24	3152.80
1365.82	3156.29
1367.41	3153.15
1368.99	3148.62
1370.57	3142.34
1372.16	3140.60
1373.74	3146.87
1375.32	3148.62
1376.91	3142.34
1378.49	3122.81
1380.07	3104.67
1381.65	3091.76
1383.23	3086.53
1384.81	3084.44
1386.39	3083.74
1387.97	3078.16
1389.55	3073.98
1391.14	3064.91
1392.72	3062.12
1394.29	3054.44
1395.87	3049.56
1397.45	3043.28
1399.03	3035.61
1400.61	3032.47
1402.19	3023.40
1403.77	3023.75
1405.35	3016.77
1406.92	3015.38
1408.50	3007.70
1410.08	3004.91
1411.66	3000.73
1413.23	3001.77
1414.81	2993.40
1416.39	2992.70
1417.96	2984.68
1419.54	2989.57
1421.12	2990.26
1422.69	2989.22
1424.27	2991.31
1425.84	2987.12
1427.42	2989.91
1428.99	2986.78
1430.57	2987.12
1432.14	2985.73
1433.71	2990.26
1435.29	2990.26
1436.86	2987.82
1438.43	2979.45
1440.01	2916.32
1441.58	2918.06
1443.15	2922.25
1444.72	2980.85
1446.30	2984.68
1447.87	2983.29
1449.44	2981.54
1451.01	2976.66
1452.58	2975.26
1454.15	2978.06
1455.72	2977.36
1457.29	2982.59
1458.86	2981.19
1460.43	2989.57
1462.00	2985.38
1463.57	2989.91
1465.14	2981.54
1466.71	2982.94
1468.28	2983.98
1469.85	2990.26
1471.41	2990.96
1472.98	2995.15
1474.55	2992.01
1476.12	2991.66
1477.68	2992.70
1479.25	2995.15
1480.82	3000.03
1482.38	2997.94
1483.95	3001.08
1485.51	3009.45
1487.08	3015.73
1488.64	3020.61
1490.21	3011.89
1491.77	3011.89
1493.34	3003.52
1494.90	3007.01
1496.46	3010.14
1498.03	3017.82
1499.59	3019.21
1501.15	3018.17
1502.72	3019.56
1504.28	3022.35
1505.84	3021.66
1507.40	3025.84
1508.97	3030.03
1510.53	3038.05
1512.09	3041.54
1513.65	3043.28
1515.21	3037.00
1516.77	3037.35
1518.33	3035.61
1519.89	3039.79
1521.45	3039.79
1523.01	3046.07
1524.57	3049.21
1526.13	3050.61
1527.68	3054.09
1529.24	3053.74
1530.80	3056.88
1532.36	3051.65
1533.92	3049.56
1535.47	3046.42
1537.03	3050.61
1538.59	3055.14
1540.14	3051.30
1541.70	3052.35
1543.25	3054.44
1544.81	3062.46
1546.36	3058.28
1547.92	3061.07
1549.47	3060.02
1551.03	3060.02
1552.58	3055.84
1554.13	3055.14
1555.69	3054.79
1557.24	3052.00
1558.79	3048.16
1560.35	3051.65
1561.90	3053.74
1563.45	3058.98
1565.00	3056.19
1566.55	3059.67
1568.10	3056.88
1569.66	3058.98
1571.21	3057.93
1572.76	3059.67
1574.31	3060.37
1575.86	3055.84
1577.40	3053.05
1578.95	3049.21
1580.50	3048.51
1582.05	3050.61
1583.60	3046.07
1585.15	3046.77
1586.69	3047.12
1588.24	3056.54
1589.79	3055.14
1591.34	3056.88
1592.88	3044.68
1594.43	3050.95
1595.97	3045.37
1597.52	3051.65
1599.06	3042.93
1600.61	3047.47
1602.15	3045.37
1603.70	3048.86
1605.24	3042.93
1606.79	3041.19
1608.33	3035.96
1609.87	3036.65
1611.41	3037.00
1612.96	3034.21
1614.50	3031.42
1616.04	3032.12
1617.58	3034.56
1619.12	3035.26
1620.67	3026.54
1622.21	3029.33
1623.75	3025.84
1625.29	3028.28
1626.83	3025.14
1628.37	3018.17
1629.90	3011.89
1631.44	3004.56
1632.98	2994.80
1634.52	2988.17
1636.06	2982.59
1637.59	2981.89
1639.13	2976.66
1640.67	2964.10
1642.21	2957.82
1643.74	2943.87
1645.28	2927.13
1646.81	2912.48
1648.35	2895.39
1649.88	2890.16
1651.42	2874.46
1652.95	2874.81
1654.49	2865.39
1656.02	2862.60
1657.55	2846.56
1659.09	2842.37
1660.62	2832.26
1662.15	2835.05
1663.68	2827.72
1665.22	2823.54
1666.75	2815.86
1668.28	2817.61
1669.81	2815.51
1671.34	2816.21
1672.87	2811.68
1674.40	2808.19
1675.93	2796.33
1677.46	2784.47
1678.99	2779.59
1680.52	2786.22
1682.04	2789.70
1683.57	2791.10
1685.10	2783.08
1686.63	2782.03
1688.15	2777.15
1689.68	2775.05
1691.21	2771.22
1692.73	2773.31
1694.26	2772.96
1695.78	2770.87
1697.31	2763.89
1698.83	2762.15
1700.36	2756.57
1701.88	2760.40
1703.40	2756.22
1704.93	2756.92
1706.45	2753.08
