896.35	2920.50
897.98	2918.76
899.60	2925.74
901.22	2932.01
902.85	2938.64
904.47	2942.48
906.10	2945.27
907.72	2951.55
909.34	2958.52
910.97	2972.82
912.59	2978.40
914.21	2987.47
915.84	2999.68
917.46	3017.82
919.08	3027.24
920.71	3041.54
922.33	3051.65
923.95	3071.18
925.58	3072.58
927.20	3077.81
928.82	3081.30
930.44	3086.88
932.07	3086.18
933.69	3081.65
935.31	3083.39
936.93	3090.02
938.56	3093.51
940.18	3100.14
941.80	3105.72
943.42	3118.97
945.05	3117.58
946.67	3122.81
948.29	3112.69
949.91	3123.16
951.53	3125.25
953.16	3132.92
954.78	3124.90
956.40	3120.37
958.02	3115.83
959.64	3121.76
961.26	3120.37
962.88	3120.02
964.51	3122.11
966.13	3129.43
967.75	3130.48
969.37	3129.09
970.99	3123.16
972.61	3130.13
974.23	3130.48
975.85	3138.15
977.47	3134.67
979.09	3132.92
980.71	3128.04
982.33	3133.62
983.95	3141.29
985.57	3146.18
987.19	3150.01
988.81	3146.87
990.43	3144.78
992.05	3147.57
993.67	3149.32
995.29	3147.57
996.91	3149.32
998.53	3157.69
1000.15	3169.90
1001.77	3169.55
1003.39	3166.76
1005.01	3171.64
1006.63	3174.08
1008.25	3184.20
1009.86	3182.10
1011.48	3184.54
1013.10	3181.41
1014.72	3187.68
1016.34	3198.50
1017.96	3201.98
1019.58	3198.15
1021.19	3192.92
1022.81	3197.10
1024.43	3202.68
1026.05	3205.12
1027.66	3205.82
1029.28	3202.68
1030.90	3198.15
1032.52	3196.40
1034.13	3205.82
1035.75	3209.31
1037.37	3216.63
1038.98	3213.50
1040.60	3215.94
1042.22	3207.91
1043.83	3211.40
1045.45	3211.75
1047.07	3220.12
1048.68	3214.54
1050.30	3220.12
1051.92	3214.89
1053.53	3222.22
1055.15	3217.33
1056.76	3221.52
1058.38	3220.47
1059.99	3222.22
1061.61	3217.68
1063.22	3219.08
1064.84	3215.94
1066.46	3216.98
1068.07	3212.10
1069.68	3219.08
1071.30	3220.12
1072.91	3225.35
1074.53	3223.96
1076.14	3225.01
1077.76	3222.56
1079.37	3211.40
1080.98	3208.96
1082.60	3208.26
1084.21	3215.24
1085.83	3218.03
1087.44	3211.05
1089.05	3208.26
1090.67	3203.73
1092.28	3211.75
1093.89	3214.54
1095.50	3214.89
1097.12	3213.15
1098.73	3209.66
1100.34	3211.40
1101.95	3214.54
1103.57	3216.98
1105.18	3216.98
1106.79	3211.05
1108.40	3213.50
1110.01	3215.59
1111.63	3221.52
1113.24	3222.56
1114.85	3223.96
1116.46	3222.22
1118.07	3221.87
1119.68	3221.17
1121.29	3217.33
1122.90	3214.54
1124.51	3216.63
1126.12	3222.22
1127.73	3228.49
1129.34	3230.59
1130.95	3231.63
1132.56	3220.12
1134.17	3212.10
1135.78	3208.96
1137.39	3218.38
1139.00	3219.08
1140.61	3221.87
1142.22	3219.08
1143.83	3225.01
1145.44	3220.82
1147.05	3225.70
1148.65	3221.17
1150.26	3220.82
1151.87	3214.89
1153.48	3220.12
1155.09	3224.66
1156.69	3227.10
1158.30	3221.87
1159.91	3224.66
1161.52	3228.14
1163.12	3231.28
1164.73	3231.63
1166.34	3231.28
1167.94	3232.68
1169.55	3233.38
1171.16	3233.73
1172.76	3232.33
1174.37	3228.84
1175.97	3226.05
1177.58	3233.03
1179.19	3231.98
1180.79	3232.68
1182.40	3225.70
1184.00	3234.07
1185.61	3244.19
1187.21	3249.07
1188.82	3248.72
1190.42	3243.49
1192.02	3240.00
1193.63	3237.56
1195.23	3240.35
1196.84	3245.93
1198.44	3251.51
1200.04	3253.26
1201.65	3256.75
1203.25	3254.30
1204.85	3246.98
1206.46	3241.40
1208.06	3240.00
1209.66	3245.24
1211.26	3251.86
1212.87	3248.38
1214.47	3249.77
1216.07	3246.28
1217.67	3250.12
1219.27	3247.68
1220.87	3248.38
1222.48	3244.89
1224.08	3246.28
1225.68	3241.40
1227.28	3241.40
1228.88	3242.45
1230.48	3244.89
1232.08	3247.33
1233.68	3250.82
1235.28	3251.17
1236.88	3248.72
1238.48	3249.77
1240.08	3245.93
1241.68	3244.89
1243.28	3234.77
1244.87	3232.68
1246.47	3232.68
1248.07	3231.63
1249.67	3239.31
1251.27	3236.86
1252.87	3237.56
1254.46	3229.89
1256.06	3232.33
1257.66	3228.84
1259.26	3231.98
1260.85	3231.63
1262.45	3236.86
1264.05	3230.94
1265.64	3230.59
1267.24	3229.54
1268.83	3231.98
1270.43	3235.12
1272.03	3231.63
1273.62	3227.10
1275.22	3224.66
1276.81	3222.91
1278.41	3228.49
1280.00	3223.96
1281.60	3224.66
1283.19	3223.61
1284.79	3227.10
1286.38	3228.84
1287.97	3224.31
1289.57	3216.63
1291.16	3211.75
1292.75	3214.89
1294.35	3217.33
1295.94	3218.03
1297.53	3212.10
1299.12	3215.59
1300.72	3214.19
1302.31	3225.35
1303.90	3226.05
1305.49	3229.19
1307.08	3218.73
1308.68	3213.84
1310.27	3211.75
1311.86	3213.50
1313.45	3212.80
1315.04	3209.66
1316.63	3207.91
1318.22	3202.33
1319.81	3204.78
1321.40	3208.26
1322.99	3204.78
1324.58	3201.64
1326.17	3194.66
1327.75	3196.75
1329.34	3195.01
1330.93	3190.82
1332.52	3188.38
1334.11	3185.94
1335.70	3181.75
1337.28	3181.41
1338.87	3182.45
1340.46	3187.68
1342.05	3186.29
1343.63	3180.01
1345.22	3178.96
1346.81	3178.27
1348.39	3180.36
1349.98	3171.99
1351.56	3167.10
1353.15	3163.27
1354.73	3159.08
1356.32	3149.66
1357.90	3144.08
1359.49	3140.25
1361.07	3140.94
1362.66	3137.11
1364.24	3140.60
1365.82	3144.43
1367.41	3140.60
1368.99	3131.53
1370.57	3127.34
1372.16	3129.78
1373.74	3136.06
1375.32	3132.92
1376.91	3123.16
1378.49	3105.72
1380.07	3091.42
1381.65	3078.16
1383.23	3070.84
1384.81	3065.95
1386.39	3067.70
1387.97	3067.35
1389.55	3061.77
1391.14	3051.65
1392.72	3045.02
1394.29	3036.65
1395.87	3028.98
1397.45	3022.00
1399.03	3018.52
1400.61	3015.38
1402.19	3007.01
1403.77	3005.61
1405.35	3001.42
1406.92	3002.47
1408.50	2996.54
1410.08	2994.10
1411.66	2987.47
1413.23	2989.57
1414.81	2980.85
1416.39	2981.54
1417.96	2972.82
1419.54	2979.45
1421.12	2981.89
1422.69	2979.10
1424.27	2980.50
1425.84	2975.96
1427.42	2978.75
1428.99	2975.26
1430.57	2973.87
1432.14	2972.13
1433.71	2975.26
1435.29	2976.66
1436.86	2979.10
1438.43	2972.82
1440.01	2912.83
1441.58	2910.04
1443.15	2915.27
1444.72	2971.78
1446.30	2978.06
1447.87	2970.73
1449.44	2967.59
1451.01	2964.45
1452.58	2970.73
1454.15	2971.43
1455.72	2967.59
1457.29	2966.20
1458.86	2967.59
1460.43	2976.66
1462.00	2976.66
1463.57	2981.89
1465.14	2975.61
1466.71	2977.01
1468.28	2979.80
1469.85	2983.64
1471.41	2983.64
1472.98	2987.12
1474.55	2983.29
1476.12	2983.29
1477.68	2981.19
1479.25	2985.38
1480.82	2989.57
1482.38	2987.47
1483.95	2991.31
1485.51	2999.33
1487.08	3005.96
1488.64	3008.40
1490.21	2998.98
1491.77	3000.73
1493.34	2994.45
1494.90	2996.19
1496.46	2996.19
1498.03	3002.12
1499.59	3005.26
1501.15	3005.61
1502.72	3006.66
1504.28	3005.96
1505.84	3005.26
1507.40	3008.40
1508.97	3013.98
1510.53	3019.21
1512.09	3020.61
1513.65	3022.70
1515.21	3018.86
1516.77	3020.96
1518.33	3020.61
1519.89	3023.75
1521.45	3023.05
1523.01	3025.49
1524.57	3030.38
1526.13	3033.51
1527.68	3039.10
1529.24	3038.75
1530.80	3042.23
1532.36	3037.35
1533.92	3034.56
1535.47	3028.63
1537.03	3030.72
1538.59	3034.91
1540.14	3035.26
1541.70	3039.79
1543.25	3040.49
1544.81	3047.47
1546.36	3040.84
1547.92	3040.49
1549.47	3036.30
1551.03	3034.91
1552.58	3032.82
1554.13	3038.05
1555.69	3043.28
1557.24	3045.72
1558.79	3041.54
1560.35	3041.89
1561.90	3039.44
1563.45	3040.14
1565.00	3037.00
1566.55	3038.75
1568.10	3035.96
1569.66	3039.79
1571.21	3042.23
1572.76	3043.98
1574.31	3041.19
1575.86	3035.61
1577.40	3033.86
1578.95	3033.17
1580.50	3031.07
1582.05	3029.33
1583.60	3025.14
1585.15	3024.79
1586.69	3024.45
1588.24	3028.63
1589.79	3026.19
1591.34	3028.98
1592.88	3021.31
1594.43	3025.84
1595.97	3021.31
1597.52	3026.54
1599.06	3025.49
1600.61	3033.86
1602.15	3032.82
1603.70	3031.07
1605.24	3023.75
1606.79	3017.12
1608.33	3012.94
1609.87	3013.63
1611.41	3019.56
1612.96	3020.26
1614.50	3015.03
1616.04	3015.38
1617.58	3017.47
1619.12	3020.26
1620.67	3010.14
1622.21	3010.14
1623.75	3002.47
1625.29	3005.96
1626.83	3008.75
1628.37	3007.35
1629.90	3002.12
1631.44	2989.91
1632.98	2984.33
1634.52	2978.75
1636.06	2977.01
1637.59	2972.13
1639.13	2968.99
1640.67	2953.29
1642.21	2941.78
1643.74	2923.29
1645.28	2908.30
1646.81	2899.58
1648.35	2884.58
1649.88	2879.69
1651.42	2864.35
1652.95	2863.65
1654.49	2851.44
1656.02	2847.95
1657.55	2834.35
1659.09	2834.35
1660.62	2824.93
1662.15	2825.98
1663.68	2815.51
1665.22	2813.77
1666.75	2807.84
1668.28	2810.63
1669.81	2805.05
1671.34	2803.31
1672.87	2799.47
1674.40	2796.33
1675.93	2789.35
1677.46	2778.54
1678.99	2775.75
1680.52	2778.54
1682.04	2779.24
1683.57	2780.63
1685.10	2775.05
1686.63	2777.84
1688.15	2771.22
1689.68	2770.17
1691.21	2764.24
1692.73	2765.98
1694.26	2763.54
1695.78	2762.15
1697.31	2757.61
1698.83	2756.92
1700.36	2754.82
1701.88	2759.71
1703.40	2756.92
1704.93	2756.22
1706.45	2752.03
