896.35	2949.80
897.98	2953.99
899.60	2962.71
901.22	2966.89
902.85	2968.29
904.47	2970.73
906.10	2976.31
907.72	2985.03
909.34	2989.91
910.97	3001.42
912.59	3010.84
914.21	3024.10
915.84	3039.79
917.46	3062.46
919.08	3076.42
920.71	3093.86
922.33	3101.88
923.95	3122.81
925.58	3125.25
927.20	3134.67
928.82	3138.15
930.44	3148.27
932.07	3142.69
933.69	3138.85
935.31	3139.55
936.93	3151.06
938.56	3158.04
940.18	3162.57
941.80	3166.06
943.42	3175.13
945.05	3173.03
946.67	3176.52
948.29	3167.80
949.91	3179.66
951.53	3185.24
953.16	3196.40
954.78	3188.03
956.40	3184.20
958.02	3178.62
959.64	3185.94
961.26	3187.68
962.88	3190.82
964.51	3192.22
966.13	3195.36
967.75	3192.22
969.37	3193.96
970.99	3187.34
972.61	3194.66
974.23	3191.17
975.85	3199.89
977.47	3195.01
979.09	3195.36
980.71	3190.82
982.33	3198.15
983.95	3203.73
985.57	3208.96
987.19	3209.31
988.81	3208.61
990.43	3206.17
992.05	3210.70
993.67	3214.19
995.29	3214.19
996.91	3216.98
998.53	3223.61
1000.15	3237.56
1001.77	3237.91
1003.39	3234.07
1005.01	3234.77
1006.63	3239.31
1008.25	3250.82
1009.86	3251.51
1011.48	3250.82
1013.10	3249.07
1014.72	3253.61
1016.34	3264.77
1017.96	3266.86
1019.58	3265.12
1021.19	3260.23
1022.81	3265.82
1024.43	3272.79
1026.05	3277.33
1027.66	3280.46
1029.28	3278.72
1030.90	3278.37
1032.52	3273.14
1034.13	3281.16
1035.75	3283.60
1037.37	3294.42
1038.98	3290.93
1040.60	3288.84
1042.22	3280.46
1043.83	3282.56
1045.45	3283.60
1047.07	3289.18
1048.68	3284.65
1050.30	3290.23
1051.92	3289.18
1053.53	3297.90
1055.15	3294.77
1056.76	3300.00
1058.38	3301.39
1059.99	3304.18
1061.61	3294.42
1063.22	3294.07
1064.84	3294.42
1066.46	3299.65
1068.07	3295.81
1069.68	3299.30
1071.30	3296.86
1072.91	3295.81
1074.53	3293.37
1076.14	3297.21
1077.76	3298.25
1079.37	3288.49
1080.98	3283.60
1082.60	3282.56
1084.21	3287.79
1085.83	3290.58
1087.44	3285.00
1089.05	3281.86
1090.67	3277.67
1092.28	3284.30
1093.89	3288.84
1095.50	3287.44
1097.12	3287.44
1098.73	3280.81
1100.34	3283.60
1101.95	3283.60
1103.57	3286.05
1105.18	3286.74
1106.79	3284.30
1108.40	3289.18
1110.01	3292.67
1111.63	3298.25
1113.24	3297.56
1114.85	3295.11
1116.46	3292.32
1118.07	3289.88
1119.68	3292.32
1121.29	3290.93
1122.90	3290.58
1124.51	3293.37
1126.12	3300.00
1127.73	3308.37
1129.34	3308.37
1130.95	3308.37
1132.56	3296.86
1134.17	3293.37
1135.78	3289.88
1137.39	3300.35
1139.00	3301.04
1140.61	3304.53
1142.22	3301.74
1143.83	3304.88
1145.44	3300.00
1147.05	3305.93
1148.65	3303.83
1150.26	3303.83
1151.87	3297.90
1153.48	3303.14
1155.09	3306.62
1156.69	3306.28
1158.30	3299.65
1159.91	3301.74
1161.52	3305.93
1163.12	3308.72
1164.73	3310.46
1166.34	3310.81
1167.94	3315.69
1169.55	3316.39
1171.16	3320.23
1172.76	3320.93
1174.37	3325.11
1175.97	3321.62
1177.58	3326.16
1179.19	3320.58
1180.79	3325.46
1182.40	3321.27
1184.00	3326.86
1185.61	3330.69
1187.21	3332.78
1188.82	3331.74
1190.42	3326.86
1192.02	3323.37
1193.63	3324.41
1195.23	3330.34
1196.84	3336.27
1198.44	3338.37
1200.04	3339.76
1201.65	3342.90
1203.25	3345.34
1204.85	3340.11
1206.46	3335.23
1208.06	3327.55
1209.66	3325.46
1211.26	3330.34
1212.87	3331.39
1214.47	3337.32
1216.07	3335.92
1217.67	3336.97
1219.27	3335.92
1220.87	3332.44
1222.48	3328.60
1224.08	3326.86
1225.68	3326.51
1227.28	3328.25
1228.88	3330.69
1230.48	3328.60
1232.08	3331.39
1233.68	3333.48
1235.28	3335.23
1236.88	3333.13
1238.48	3331.74
1240.08	3325.46
1241.68	3325.11
1243.28	3317.44
1244.87	3318.83
1246.47	3314.65
1248.07	3310.46
1249.67	3313.25
1251.27	3311.51
1252.87	3313.25
1254.46	3307.67
1256.06	3309.76
1257.66	3305.58
1259.26	3309.76
1260.85	3309.42
1262.45	3312.90
1264.05	3306.62
1265.64	3308.37
1267.24	3309.42
1268.83	3313.60
1270.43	3313.60
1272.03	3310.81
1273.62	3303.14
1275.22	3301.74
1276.81	3300.00
1278.41	3310.11
1280.00	3306.62
1281.60	3307.67
1283.19	3303.83
1284.79	3303.49
1286.38	3306.97
1287.97	3303.49
1289.57	3301.74
1291.16	3293.72
1292.75	3295.81
1294.35	3295.11
1295.94	3298.25
1297.53	3293.02
1299.12	3296.16
1300.72	3294.42
1302.31	3301.39
1303.90	3304.18
1305.49	3304.53
1307.08	3297.21
1308.68	3288.84
1310.27	3287.79
1311.86	3287.44
1313.45	3286.05
1315.04	3286.39
1316.63	3286.05
1318.22	3282.91
1319.81	3282.21
1321.40	3286.05
1322.99	3282.56
1324.58	3277.33
1326.17	3269.30
1327.75	3273.84
1329.34	3276.63
1330.93	3272.79
1332.52	3267.91
1334.11	3262.33
1335.70	3260.58
1337.28	3260.93
1338.87	3261.98
1340.46	3264.07
1342.05	3263.72
1343.63	3259.89
1345.22	3260.58
1346.81	3259.54
1348.39	3259.54
1349.98	3252.91
1351.56	3248.03
1353.15	3243.14
1354.73	3235.12
1356.32	3227.10
1357.90	3220.82
1359.49	3214.54
1361.07	3206.52
1362.66	3201.29
1364.24	3204.43
1365.82	3212.45
1367.41	3210.70
1368.99	3204.43
1370.57	3198.15
1372.16	3199.19
1373.74	3204.78
1375.32	3203.03
1376.91	3192.22
1378.49	3172.69
1380.07	3155.59
1381.65	3139.55
1383.23	3132.57
1384.81	3123.50
1386.39	3123.85
1387.97	3122.46
1389.55	3123.50
1391.14	3115.13
1392.72	3105.72
1394.29	3095.60
1395.87	3090.02
1397.45	3086.53
1399.03	3080.95
1400.61	3074.32
1402.19	3063.16
1403.77	3061.42
1405.35	3056.88
1406.92	3054.09
1408.50	3046.42
1410.08	3043.28
1411.66	3041.19
1413.23	3041.54
1414.81	3035.61
1416.39	3038.40
1417.96	3034.56
1419.54	3039.10
1421.12	3037.70
1422.69	3034.21
1424.27	3034.21
1425.84	3027.93
1427.42	3026.89
1428.99	3024.45
1430.57	3021.31
1432.14	3021.31
1433.71	3022.35
1435.29	3025.84
1436.86	3028.28
1438.43	3025.84
1440.01	2967.94
1441.58	2966.89
1443.15	2968.99
1444.72	3027.93
1446.30	3030.72
1447.87	3026.19
1449.44	3019.91
1451.01	3015.73
1452.58	3019.91
1454.15	3022.00
1455.72	3022.35
1457.29	3022.35
1458.86	3019.91
1460.43	3027.58
1462.00	3026.19
1463.57	3032.82
1465.14	3025.49
1466.71	3024.79
1468.28	3027.24
1469.85	3033.17
1471.41	3036.30
1472.98	3039.44
1474.55	3035.26
1476.12	3034.21
1477.68	3034.56
1479.25	3036.30
1480.82	3041.19
1482.38	3035.96
1483.95	3036.65
1485.51	3041.89
1487.08	3049.21
1488.64	3057.58
1490.21	3049.56
1491.77	3053.40
1493.34	3046.77
1494.90	3051.65
1496.46	3050.26
1498.03	3054.44
1499.59	3055.49
1501.15	3052.70
1502.72	3054.09
1504.28	3056.54
1505.84	3057.93
1507.40	3063.86
1508.97	3067.35
1510.53	3075.72
1512.09	3077.46
1513.65	3079.21
1515.21	3072.93
1516.77	3073.28
1518.33	3072.58
1519.89	3075.02
1521.45	3074.32
1523.01	3079.56
1524.57	3084.79
1526.13	3087.23
1527.68	3090.72
1529.24	3092.46
1530.80	3098.39
1532.36	3096.65
1533.92	3093.51
1535.47	3088.28
1537.03	3089.67
1538.59	3094.21
1540.14	3092.81
1541.70	3095.95
1543.25	3094.90
1544.81	3101.53
1546.36	3094.90
1547.92	3099.09
1549.47	3097.00
1551.03	3100.14
1552.58	3099.09
1554.13	3102.23
1555.69	3100.48
1557.24	3100.48
1558.79	3097.00
1560.35	3101.53
1561.90	3101.88
1563.45	3103.97
1565.00	3100.48
1566.55	3099.09
1568.10	3094.21
1569.66	3095.95
1571.21	3098.04
1572.76	3101.88
1574.31	3099.44
1575.86	3093.51
1577.40	3091.07
1578.95	3091.42
1580.50	3089.67
1582.05	3086.88
1583.60	3077.46
1585.15	3076.77
1586.69	3078.51
1588.24	3090.02
1589.79	3091.42
1591.34	3096.30
1592.88	3087.23
1594.43	3089.32
1595.97	3081.65
1597.52	3086.53
1599.06	3082.70
1600.61	3087.23
1602.15	3085.49
1603.70	3084.79
1605.24	3077.81
1606.79	3075.02
1608.33	3072.93
1609.87	3073.63
1611.41	3075.02
1612.96	3076.07
1614.50	3072.93
1616.04	3072.58
1617.58	3071.88
1619.12	3075.37
1620.67	3064.56
1622.21	3063.86
1623.75	3053.05
1625.29	3055.14
1626.83	3053.74
1628.37	3053.40
1629.90	3048.16
1631.44	3042.58
1632.98	3037.00
1634.52	3029.68
1636.06	3023.05
1637.59	3014.68
1639.13	3004.56
1640.67	2985.38
1642.21	2971.78
1643.74	2957.13
1645.28	2940.38
1646.81	2928.87
1648.35	2912.83
1649.88	2905.16
1651.42	2888.06
1652.95	2888.41
1654.49	2877.25
1656.02	2873.76
1657.55	2856.67
1659.09	2856.67
1660.62	2845.86
1662.15	2843.77
1663.68	2829.47
1665.22	2825.63
1666.75	2818.65
1668.28	2820.40
1669.81	2815.86
1671.34	2814.82
1672.87	2810.63
1674.40	2807.14
1675.93	2799.82
1677.46	2790.75
1678.99	2785.87
1680.52	2788.31
1682.04	2789.01
1683.57	2791.10
1685.10	2784.47
1686.63	2783.08
1688.15	2776.10
1689.68	2773.66
1691.21	2769.47
1692.73	2773.31
1694.26	2771.22
1695.78	2769.82
1697.31	2761.10
1698.83	2760.40
1700.36	2756.57
1701.88	2762.85
1703.40	2759.71
1704.93	2760.40
1706.45	2756.22
