896.35	2951.90
897.98	2955.38
899.60	2964.45
901.22	2970.03
902.85	2974.92
904.47	2977.71
906.10	2981.19
907.72	2989.57
909.34	2996.19
910.97	3010.84
912.59	3018.52
914.21	3033.17
915.84	3051.65
917.46	3074.32
919.08	3088.62
920.71	3099.79
922.33	3106.41
923.95	3123.85
925.58	3129.43
927.20	3139.20
928.82	3143.74
930.44	3151.41
932.07	3150.01
933.69	3150.36
935.31	3153.50
936.93	3161.52
938.56	3166.41
940.18	3169.55
941.80	3174.78
943.42	3181.41
945.05	3182.45
946.67	3189.43
948.29	3181.41
949.91	3190.13
951.53	3190.13
953.16	3200.59
954.78	3193.61
956.40	3190.82
958.02	3185.94
959.64	3189.78
961.26	3190.13
962.88	3188.03
964.51	3191.87
966.13	3197.45
967.75	3197.80
969.37	3195.01
970.99	3187.68
972.61	3192.22
974.23	3191.87
975.85	3199.89
977.47	3198.15
979.09	3200.94
980.71	3195.71
982.33	3203.03
983.95	3207.22
985.57	3210.70
987.19	3212.45
988.81	3212.45
990.43	3213.50
992.05	3215.94
993.67	3218.03
995.29	3218.73
996.91	3222.22
998.53	3229.54
1000.15	3238.96
1001.77	3239.66
1003.39	3234.42
1005.01	3237.21
1006.63	3241.05
1008.25	3255.00
1009.86	3257.79
1011.48	3261.98
1013.10	3264.07
1014.72	3271.40
1016.34	3280.46
1017.96	3279.07
1019.58	3276.28
1021.19	3269.65
1022.81	3275.23
1024.43	3280.46
1026.05	3286.39
1027.66	3286.39
1029.28	3282.91
1030.90	3280.46
1032.52	3279.07
1034.13	3285.70
1035.75	3290.23
1037.37	3298.95
1038.98	3299.65
1040.60	3297.90
1042.22	3291.28
1043.83	3293.37
1045.45	3296.16
1047.07	3305.93
1048.68	3304.18
1050.30	3309.76
1051.92	3302.79
1053.53	3306.28
1055.15	3300.35
1056.76	3304.53
1058.38	3304.53
1059.99	3307.32
1061.61	3303.14
1063.22	3303.49
1064.84	3300.70
1066.46	3301.74
1068.07	3296.86
1069.68	3303.83
1071.30	3304.88
1072.91	3309.76
1074.53	3306.62
1076.14	3306.62
1077.76	3306.97
1079.37	3297.90
1080.98	3293.72
1082.60	3289.53
1084.21	3293.02
1085.83	3298.60
1087.44	3293.02
1089.05	3292.67
1090.67	3288.84
1092.28	3297.56
1093.89	3301.04
1095.50	3301.39
1097.12	3300.35
1098.73	3296.16
1100.34	3298.25
1101.95	3298.25
1103.57	3297.90
1105.18	3294.07
1106.79	3291.98
1108.40	3297.21
1110.01	3302.79
1111.63	3308.37
1113.24	3308.02
1114.85	3303.14
1116.46	3299.65
1118.07	3295.11
1119.68	3300.00
1121.29	3299.30
1122.90	3301.74
1124.51	3302.79
1126.12	3309.07
1127.73	3313.95
1129.34	3315.69
1130.95	3316.74
1132.56	3310.46
1134.17	3308.02
1135.78	3304.88
1137.39	3310.81
1139.00	3308.02
1140.61	3308.02
1142.22	3307.67
1143.83	3310.46
1145.44	3309.76
1147.05	3312.90
1148.65	3308.72
1150.26	3305.93
1151.87	3302.44
1153.48	3312.90
1155.09	3316.39
1156.69	3316.04
1158.30	3308.02
1159.91	3307.67
1161.52	3311.16
1163.12	3312.55
1164.73	3318.48
1166.34	3317.09
1167.94	3320.93
1169.55	3320.93
1171.16	3325.46
1172.76	3325.46
1174.37	3325.11
1175.97	3321.27
1177.58	3324.76
1179.19	3321.62
1180.79	3325.81
1182.40	3324.41
1184.00	3332.09
1185.61	3335.58
1187.21	3338.02
1188.82	3338.02
1190.42	3338.02
1192.02	3334.53
1193.63	3332.09
1195.23	3335.23
1196.84	3342.55
1198.44	3345.34
1200.04	3342.20
1201.65	3340.81
1203.25	3341.85
1204.85	3339.06
1206.46	3337.32
1208.06	3334.88
1209.66	3336.62
1211.26	3342.55
1212.87	3339.41
1214.47	3341.16
1216.07	3336.27
1217.67	3336.27
1219.27	3334.88
1220.87	3336.97
1222.48	3334.88
1224.08	3335.58
1225.68	3331.39
1227.28	3333.13
1228.88	3334.53
1230.48	3332.44
1232.08	3333.83
1233.68	3335.58
1235.28	3337.67
1236.88	3335.58
1238.48	3339.41
1240.08	3335.58
1241.68	3337.67
1243.28	3328.60
1244.87	3331.04
1246.47	3327.90
1248.07	3327.90
1249.67	3331.39
1251.27	3327.90
1252.87	3323.72
1254.46	3315.34
1256.06	3319.18
1257.66	3317.79
1259.26	3319.53
1260.85	3315.69
1262.45	3318.48
1264.05	3317.44
1265.64	3321.97
1267.24	3321.62
1268.83	3320.93
1270.43	3322.67
1272.03	3325.46
1273.62	3322.67
1275.22	3321.27
1276.81	3315.00
1278.41	3318.48
1280.00	3312.90
1281.60	3312.55
1283.19	3311.16
1284.79	3311.86
1286.38	3315.69
1287.97	3316.04
1289.57	3314.30
1291.16	3304.53
1292.75	3302.79
1294.35	3302.44
1295.94	3308.02
1297.53	3304.18
1299.12	3306.28
1300.72	3300.35
1302.31	3306.28
1303.90	3304.53
1305.49	3306.62
1307.08	3300.70
1308.68	3300.00
1310.27	3301.39
1311.86	3299.65
1313.45	3293.02
1315.04	3288.84
1316.63	3290.23
1318.22	3290.58
1319.81	3290.93
1321.40	3291.63
1322.99	3289.88
1324.58	3286.74
1326.17	3279.77
1327.75	3279.07
1329.34	3275.93
1330.93	3275.23
1332.52	3272.09
1334.11	3272.09
1335.70	3268.26
1337.28	3267.56
1338.87	3268.26
1340.46	3270.00
1342.05	3268.26
1343.63	3263.02
1345.22	3261.63
1346.81	3260.23
1348.39	3260.58
1349.98	3256.75
1351.56	3251.51
1353.15	3246.63
1354.73	3237.21
1356.32	3230.24
1357.90	3224.31
1359.49	3219.08
1361.07	3212.45
1362.66	3207.91
1364.24	3209.66
1365.82	3215.24
1367.41	3212.45
1368.99	3207.91
1370.57	3204.43
1372.16	3207.57
1373.74	3212.10
1375.32	3207.91
1376.91	3195.71
1378.49	3176.87
1380.07	3160.13
1381.65	3145.13
1383.23	3137.46
1384.81	3132.57
1386.39	3132.92
1387.97	3129.78
1389.55	3126.30
1391.14	3116.53
1392.72	3111.99
1394.29	3102.93
1395.87	3096.65
1397.45	3088.97
1399.03	3085.14
1400.61	3082.35
1402.19	3073.98
1403.77	3074.67
1405.35	3070.14
1406.92	3070.14
1408.50	3062.12
1410.08	3058.28
1411.66	3054.79
1413.23	3055.49
1414.81	3050.26
1416.39	3050.95
1417.96	3042.93
1419.54	3046.42
1421.12	3041.89
1422.69	3040.14
1424.27	3039.44
1425.84	3037.00
1427.42	3038.05
1428.99	3037.35
1430.57	3035.96
1432.14	3035.96
1433.71	3036.30
1435.29	3038.05
1436.86	3037.00
1438.43	3030.72
1440.01	2969.34
1441.58	2967.94
1443.15	2971.43
1444.72	3031.07
1446.30	3033.51
1447.87	3031.07
1449.44	3026.54
1451.01	3027.24
1452.58	3027.93
1454.15	3031.77
1455.72	3027.24
1457.29	3030.38
1458.86	3029.33
1460.43	3037.35
1462.00	3034.21
1463.57	3035.96
1465.14	3030.72
1466.71	3031.77
1468.28	3036.65
1469.85	3040.49
1471.41	3041.19
1472.98	3041.89
1474.55	3037.35
1476.12	3038.40
1477.68	3040.14
1479.25	3046.77
1480.82	3053.05
1482.38	3052.00
1483.95	3054.44
1485.51	3062.12
1487.08	3065.95
1488.64	3067.35
1490.21	3057.23
1491.77	3062.46
1493.34	3060.37
1494.90	3061.77
1496.46	3060.37
1498.03	3064.56
1499.59	3072.23
1501.15	3073.98
1502.72	3073.63
1504.28	3072.23
1505.84	3067.35
1507.40	3073.63
1508.97	3075.72
1510.53	3082.70
1512.09	3083.74
1513.65	3087.23
1515.21	3084.79
1516.77	3085.83
1518.33	3084.09
1519.89	3088.28
1521.45	3088.62
1523.01	3093.51
1524.57	3094.55
1526.13	3095.25
1527.68	3098.04
1529.24	3098.74
1530.80	3103.62
1532.36	3099.09
1533.92	3093.86
1535.47	3085.49
1537.03	3084.79
1538.59	3091.76
1540.14	3093.16
1541.70	3101.88
1543.25	3105.72
1544.81	3114.78
1546.36	3109.55
1547.92	3108.86
1549.47	3102.93
1551.03	3102.23
1552.58	3100.14
1554.13	3104.32
1555.69	3104.67
1557.24	3103.62
1558.79	3099.09
1560.35	3102.93
1561.90	3102.23
1563.45	3104.67
1565.00	3100.48
1566.55	3103.27
1568.10	3098.74
1569.66	3102.23
1571.21	3103.97
1572.76	3110.95
1574.31	3109.90
1575.86	3106.41
1577.40	3103.27
1578.95	3103.62
1580.50	3098.04
1582.05	3096.65
1583.60	3091.42
1585.15	3093.86
1586.69	3094.90
1588.24	3099.44
1589.79	3098.74
1591.34	3100.48
1592.88	3093.86
1594.43	3098.39
1595.97	3095.25
1597.52	3100.83
1599.06	3098.04
1600.61	3101.53
1602.15	3099.44
1603.70	3100.14
1605.24	3094.90
1606.79	3089.32
1608.33	3085.83
1609.87	3086.88
1611.41	3090.72
1612.96	3088.28
1614.50	3081.65
1616.04	3080.60
1617.58	3081.30
1619.12	3082.35
1620.67	3072.93
1622.21	3074.32
1623.75	3066.65
1625.29	3067.35
1626.83	3063.86
1628.37	3065.60
1629.90	3060.37
1631.44	3055.49
1632.98	3046.07
1634.52	3039.44
1636.06	3027.93
1637.59	3020.96
1639.13	3012.59
1640.67	2998.29
1642.21	2987.12
1643.74	2971.43
1645.28	2952.24
1646.81	2939.69
1648.35	2919.81
1649.88	2912.48
1651.42	2890.86
1652.95	2891.90
1654.49	2880.39
1656.02	2877.60
1657.55	2857.72
1659.09	2853.53
1660.62	2844.46
1662.15	2846.56
1663.68	2837.49
1665.22	2831.56
1666.75	2827.02
1668.28	2828.77
1669.81	2824.23
1671.34	2820.40
1672.87	2815.51
1674.40	2814.12
1675.93	2805.05
1677.46	2796.68
1678.99	2792.14
1680.52	2794.94
1682.04	2793.89
1683.57	2793.54
1685.10	2785.17
1686.63	2783.42
1688.15	2775.75
1689.68	2774.70
1691.21	2771.91
1692.73	2775.40
1694.26	2772.61
1695.78	2771.22
1697.31	2765.64
1698.83	2767.03
1700.36	2759.36
1701.88	2762.15
1703.40	2757.96
1704.93	2760.40
1706.45	2756.22
