896.35	2920.50
897.98	2917.36
899.60	2922.60
901.22	2931.32
902.85	2936.90
904.47	2942.13
906.10	2942.83
907.72	2949.10
909.34	2956.08
910.97	2969.68
912.59	2977.01
914.21	2986.43
915.84	2997.59
917.46	3018.17
919.08	3029.68
920.71	3046.07
922.33	3051.30
923.95	3070.14
925.58	3071.88
927.20	3078.86
928.82	3078.16
930.44	3082.35
932.07	3079.56
933.69	3079.56
935.31	3083.39
936.93	3093.86
938.56	3095.60
940.18	3099.44
941.80	3101.88
943.42	3115.48
945.05	3114.09
946.67	3118.97
948.29	3104.67
949.91	3114.44
951.53	3112.69
953.16	3123.16
954.78	3115.48
956.40	3117.58
958.02	3112.69
959.64	3118.62
961.26	3116.53
962.88	3118.62
964.51	3118.97
966.13	3125.60
967.75	3124.90
969.37	3128.74
970.99	3118.97
972.61	3126.30
974.23	3122.46
975.85	3133.27
977.47	3129.78
979.09	3131.88
980.71	3127.69
982.33	3133.27
983.95	3137.46
985.57	3139.90
987.19	3140.60
988.81	3141.99
990.43	3140.25
992.05	3147.22
993.67	3147.22
995.29	3148.97
996.91	3145.13
998.53	3150.71
1000.15	3160.13
1001.77	3164.31
1003.39	3161.52
1005.01	3164.66
1006.63	3163.62
1008.25	3174.78
1009.86	3173.38
1011.48	3178.62
1013.10	3175.48
1014.72	3181.75
1016.34	3185.59
1017.96	3187.68
1019.58	3182.45
1021.19	3180.01
1022.81	3183.50
1024.43	3191.52
1026.05	3195.01
1027.66	3198.85
1029.28	3199.19
1030.90	3200.24
1032.52	3195.01
1034.13	3201.29
1035.75	3201.29
1037.37	3211.75
1038.98	3205.47
1040.60	3203.73
1042.22	3195.01
1043.83	3200.24
1045.45	3202.68
1047.07	3210.70
1048.68	3206.17
1050.30	3211.75
1051.92	3207.22
1053.53	3217.68
1055.15	3215.24
1056.76	3219.77
1058.38	3214.89
1059.99	3215.94
1061.61	3207.91
1063.22	3208.61
1064.84	3205.47
1066.46	3208.96
1068.07	3203.73
1069.68	3213.15
1071.30	3212.80
1072.91	3215.59
1074.53	3210.01
1076.14	3210.70
1077.76	3211.40
1079.37	3203.38
1080.98	3202.33
1082.60	3202.68
1084.21	3207.57
1085.83	3211.40
1087.44	3204.43
1089.05	3205.82
1090.67	3198.50
1092.28	3205.47
1093.89	3206.17
1095.50	3210.36
1097.12	3209.31
1098.73	3202.68
1100.34	3200.59
1101.95	3201.29
1103.57	3201.29
1105.18	3202.33
1106.79	3200.59
1108.40	3207.91
1110.01	3209.66
1111.63	3212.80
1113.24	3207.57
1114.85	3204.43
1116.46	3201.64
1118.07	3205.47
1119.68	3207.91
1121.29	3207.57
1122.90	3206.17
1124.51	3210.70
1126.12	3213.84
1127.73	3219.08
1129.34	3219.08
1130.95	3221.52
1132.56	3211.75
1134.17	3207.91
1135.78	3203.73
1137.39	3211.05
1139.00	3211.75
1140.61	3214.54
1142.22	3213.15
1143.83	3215.59
1145.44	3212.45
1147.05	3219.08
1148.65	3215.59
1150.26	3213.84
1151.87	3208.61
1153.48	3214.54
1155.09	3218.38
1156.69	3216.98
1158.30	3211.40
1159.91	3214.54
1161.52	3216.29
1163.12	3221.87
1164.73	3224.66
1166.34	3227.45
1167.94	3228.84
1169.55	3228.49
1171.16	3230.59
1172.76	3233.03
1174.37	3233.73
1175.97	3230.24
1177.58	3229.54
1179.19	3224.66
1180.79	3226.05
1182.40	3222.56
1184.00	3228.14
1185.61	3233.03
1187.21	3231.28
1188.82	3230.59
1190.42	3227.10
1192.02	3229.89
1193.63	3226.40
1195.23	3228.84
1196.84	3228.84
1198.44	3235.47
1200.04	3237.21
1201.65	3238.61
1203.25	3237.56
1204.85	3233.73
1206.46	3232.33
1208.06	3227.80
1209.66	3228.14
1211.26	3236.52
1212.87	3237.91
1214.47	3241.40
1216.07	3234.77
1217.67	3237.21
1219.27	3234.07
1220.87	3235.82
1222.48	3230.59
1224.08	3233.38
1225.68	3230.59
1227.28	3232.68
1228.88	3232.68
1230.48	3231.28
1232.08	3231.98
1233.68	3234.77
1235.28	3236.52
1236.88	3234.77
1238.48	3234.07
1240.08	3229.19
1241.68	3227.80
1243.28	3222.22
1244.87	3225.35
1246.47	3223.96
1248.07	3219.42
1249.67	3222.22
1251.27	3219.08
1252.87	3221.87
1254.46	3213.50
1256.06	3217.33
1257.66	3212.80
1259.26	3217.68
1260.85	3215.94
1262.45	3221.17
1264.05	3218.73
1265.64	3221.17
1267.24	3220.12
1268.83	3219.77
1270.43	3222.91
1272.03	3224.66
1273.62	3220.12
1275.22	3216.98
1276.81	3210.36
1278.41	3217.33
1280.00	3212.80
1281.60	3215.24
1283.19	3211.05
1284.79	3212.45
1286.38	3214.89
1287.97	3214.89
1289.57	3212.45
1291.16	3203.73
1292.75	3203.03
1294.35	3204.78
1295.94	3208.26
1297.53	3205.12
1299.12	3205.82
1300.72	3200.94
1302.31	3205.12
1303.90	3208.26
1305.49	3212.45
1307.08	3207.22
1308.68	3199.54
1310.27	3198.50
1311.86	3198.85
1313.45	3197.80
1315.04	3195.01
1316.63	3194.31
1318.22	3191.17
1319.81	3192.92
1321.40	3196.40
1322.99	3195.36
1324.58	3192.57
1326.17	3185.94
1327.75	3186.29
1329.34	3187.34
1330.93	3184.20
1332.52	3181.06
1334.11	3177.57
1335.70	3174.78
1337.28	3175.48
1338.87	3178.62
1340.46	3180.71
1342.05	3178.96
1343.63	3172.34
1345.22	3173.73
1346.81	3169.90
1348.39	3167.45
1349.98	3159.78
1351.56	3157.34
1353.15	3155.94
1354.73	3151.06
1356.32	3146.18
1357.90	3141.29
1359.49	3138.15
1361.07	3135.71
1362.66	3130.13
1364.24	3131.18
1365.82	3133.62
1367.41	3134.32
1368.99	3127.34
1370.57	3126.30
1372.16	3127.34
1373.74	3130.83
1375.32	3125.25
1376.91	3111.30
1378.49	3098.39
1380.07	3085.83
1381.65	3076.42
1383.23	3069.09
1384.81	3062.12
1386.39	3062.12
1387.97	3061.07
1389.55	3059.33
1391.14	3052.00
1392.72	3047.12
1394.29	3041.19
1395.87	3036.65
1397.45	3030.38
1399.03	3025.84
1400.61	3023.40
1402.19	3016.77
1403.77	3018.52
1405.35	3015.73
1406.92	3015.03
1408.50	3009.10
1410.08	3003.87
1411.66	3000.73
1413.23	2998.63
1414.81	2993.05
1416.39	2994.45
1417.96	2987.12
1419.54	2992.36
1421.12	2991.31
1422.69	2991.31
1424.27	2989.57
1425.84	2986.43
1427.42	2988.52
1428.99	2988.52
1430.57	2986.78
1432.14	2985.03
1433.71	2987.12
1435.29	2988.87
1436.86	2990.61
1438.43	2986.43
1440.01	2926.43
1441.58	2924.69
1443.15	2925.74
1444.72	2982.59
1446.30	2984.33
1447.87	2980.50
1449.44	2975.61
1451.01	2975.96
1452.58	2980.85
1454.15	2985.03
1455.72	2982.59
1457.29	2984.33
1458.86	2983.98
1460.43	2990.96
1462.00	2990.26
1463.57	2995.50
1465.14	2989.91
1466.71	2985.38
1468.28	2986.08
1469.85	2988.52
1471.41	2990.26
1472.98	2993.05
1474.55	2990.26
1476.12	2992.36
1477.68	2993.05
1479.25	2996.19
1480.82	3000.73
1482.38	2998.29
1483.95	3001.77
1485.51	3010.14
1487.08	3014.68
1488.64	3018.52
1490.21	3005.61
1491.77	3007.01
1493.34	2999.68
1494.90	3004.22
1496.46	3005.61
1498.03	3012.94
1499.59	3016.42
1501.15	3017.47
1502.72	3014.68
1504.28	3012.59
1505.84	3007.35
1507.40	3012.24
1508.97	3019.21
1510.53	3027.58
1512.09	3032.12
1513.65	3033.17
1515.21	3029.68
1516.77	3029.33
1518.33	3026.89
1519.89	3030.38
1521.45	3029.68
1523.01	3034.21
1524.57	3035.61
1526.13	3034.91
1527.68	3037.35
1529.24	3037.00
1530.80	3040.14
1532.36	3035.61
1533.92	3030.72
1535.47	3026.19
1537.03	3025.14
1538.59	3030.03
1540.14	3029.68
1541.70	3036.30
1543.25	3039.10
1544.81	3047.12
1546.36	3042.93
1547.92	3043.98
1549.47	3040.49
1551.03	3039.79
1552.58	3039.44
1554.13	3041.19
1555.69	3044.68
1557.24	3043.28
1558.79	3040.49
1560.35	3039.10
1561.90	3037.35
1563.45	3038.05
1565.00	3035.61
1566.55	3035.26
1568.10	3030.38
1569.66	3033.17
1571.21	3037.70
1572.76	3044.68
1574.31	3043.63
1575.86	3037.35
1577.40	3032.12
1578.95	3028.28
1580.50	3024.79
1582.05	3022.70
1583.60	3019.56
1585.15	3023.75
1586.69	3027.93
1588.24	3037.00
1589.79	3034.91
1591.34	3036.30
1592.88	3024.79
1594.43	3027.58
1595.97	3024.45
1597.52	3032.47
1599.06	3028.98
1600.61	3032.12
1602.15	3027.93
1603.70	3028.98
1605.24	3022.00
1606.79	3019.21
1608.33	3016.77
1609.87	3017.82
1611.41	3023.05
1612.96	3021.66
1614.50	3017.82
1616.04	3014.33
1617.58	3013.63
1619.12	3014.68
1620.67	3004.91
1622.21	3004.56
1623.75	3000.38
1625.29	3004.22
1626.83	3003.52
1628.37	3000.73
1629.90	2994.10
1631.44	2987.12
1632.98	2982.24
1634.52	2979.45
1636.06	2981.89
1637.59	2977.36
1639.13	2972.82
1640.67	2954.34
1642.21	2944.22
1643.74	2927.48
1645.28	2911.78
1646.81	2900.97
1648.35	2887.02
1649.88	2881.44
1651.42	2866.09
1652.95	2868.18
1654.49	2858.77
1656.02	2854.93
1657.55	2839.58
1659.09	2837.49
1660.62	2829.12
1662.15	2828.42
1663.68	2819.00
1665.22	2815.51
1666.75	2809.93
1668.28	2811.68
1669.81	2808.19
1671.34	2805.75
1672.87	2802.61
1674.40	2800.52
1675.93	2791.80
1677.46	2781.68
1678.99	2777.50
1680.52	2784.12
1682.04	2785.17
1683.57	2785.87
1685.10	2778.89
1686.63	2779.59
1688.15	2774.01
1689.68	2771.91
1691.21	2769.12
1692.73	2775.05
1694.26	2775.40
1695.78	2774.01
1697.31	2764.94
1698.83	2762.15
1700.36	2753.78
1701.88	2757.26
1703.40	2754.13
1704.93	2757.96
1706.45	2756.22
