896.35	2659.95
897.98	2651.58
899.60	2664.13
901.22	2669.37
902.85	2665.18
904.47	2668.32
906.10	2669.37
907.72	2661.00
909.34	2671.46
910.97	2676.69
912.59	2682.97
914.21	2666.23
915.84	2673.55
917.46	2670.41
919.08	2686.11
920.71	2671.46
922.33	2685.06
923.95	2680.88
925.58	2704.94
927.20	2679.83
928.82	2693.43
930.44	2693.43
932.07	2687.16
933.69	2662.04
935.31	2682.97
936.93	2674.60
938.56	2695.53
940.18	2678.78
941.80	2693.43
943.42	2687.16
945.05	2722.73
946.67	2687.16
948.29	2708.08
949.91	2692.39
951.53	2710.18
953.16	2704.94
954.78	2714.36
956.40	2684.02
958.02	2709.13
959.64	2694.48
961.26	2712.27
962.88	2690.29
964.51	2701.81
966.13	2699.71
967.75	2711.22
969.37	2690.29
970.99	2712.27
972.61	2696.57
974.23	2712.27
975.85	2699.71
977.47	2718.55
979.09	2703.90
980.71	2707.04
982.33	2705.99
983.95	2718.55
985.57	2714.36
987.19	2720.64
988.81	2711.22
990.43	2711.22
992.05	2693.43
993.67	2724.83
995.29	2705.99
996.91	2712.27
998.53	2710.18
1000.15	2719.59
1001.77	2703.90
1003.39	2723.78
1005.01	2710.18
1006.63	2724.83
1008.25	2707.04
1009.86	2723.78
1011.48	2704.94
1013.10	2711.22
1014.72	2714.36
1016.34	2729.01
1017.96	2727.97
1019.58	2720.64
1021.19	2704.94
1022.81	2721.69
1024.43	2714.36
1026.05	2723.78
1027.66	2713.32
1029.28	2714.36
1030.90	2708.08
1032.52	2710.18
1034.13	2713.32
1035.75	2732.15
1037.37	2717.50
1038.98	2740.52
1040.60	2711.22
1042.22	2710.18
1043.83	2703.90
1045.45	2724.83
1047.07	2716.45
1048.68	2725.87
1050.30	2704.94
1051.92	2730.06
1053.53	2707.04
1055.15	2729.01
1056.76	2707.04
1058.38	2724.83
1059.99	2716.45
1061.61	2726.92
1063.22	2704.94
1064.84	2724.83
1066.46	2704.94
1068.07	2721.69
1069.68	2717.50
1071.30	2741.57
1072.91	2709.13
1074.53	2717.50
1076.14	2718.55
1077.76	2726.92
1079.37	2721.69
1080.98	2713.32
1082.60	2717.50
1084.21	2732.15
1085.83	2715.41
1087.44	2731.10
1089.05	2700.76
1090.67	2711.22
1092.28	2704.94
1093.89	2735.29
1095.50	2721.69
1097.12	2727.97
1098.73	2722.73
1100.34	2722.73
1101.95	2718.55
1103.57	2737.38
1105.18	2707.04
1106.79	2718.55
1108.40	2717.50
1110.01	2723.78
1111.63	2709.13
1113.24	2731.10
1114.85	2714.36
1116.46	2733.20
1118.07	2723.78
1119.68	2729.01
1121.29	2730.06
1122.90	2731.10
1124.51	2715.41
1126.12	2735.29
1127.73	2722.73
1129.34	2737.38
1130.95	2723.78
1132.56	2747.85
1134.17	2704.94
1135.78	2717.50
1137.39	2715.41
1139.00	2715.41
1140.61	2716.45
1142.22	2730.06
1143.83	2717.50
1145.44	2729.01
1147.05	2722.73
1148.65	2733.20
1150.26	2716.45
1151.87	2730.06
1153.48	2718.55
1155.09	2724.83
1156.69	2711.22
1158.30	2724.83
1159.91	2712.27
1161.52	2736.34
1163.12	2710.18
1164.73	2718.55
1166.34	2722.73
1167.94	2720.64
1169.55	2718.55
1171.16	2729.01
1172.76	2722.73
1174.37	2726.92
1175.97	2725.87
1177.58	2712.27
1179.19	2715.41
1180.79	2714.36
1182.40	2718.55
1184.00	2724.83
1185.61	2727.97
1187.21	2733.20
1188.82	2718.55
1190.42	2729.01
1192.02	2711.22
1193.63	2710.18
1195.23	2717.50
1196.84	2725.87
1198.44	2717.50
1200.04	2738.43
1201.65	2723.78
1203.25	2726.92
1204.85	2725.87
1206.46	2713.32
1208.06	2708.08
1209.66	2720.64
1211.26	2720.64
1212.87	2737.38
1214.47	2710.18
1216.07	2715.41
1217.67	2719.59
1219.27	2725.87
1220.87	2717.50
1222.48	2729.01
1224.08	2710.18
1225.68	2736.34
1227.28	2726.92
1228.88	2726.92
1230.48	2724.83
1232.08	2717.50
1233.68	2716.45
1235.28	2745.75
1236.88	2724.83
1238.48	2727.97
1240.08	2743.66
1241.68	2720.64
1243.28	2721.69
1244.87	2729.01
1246.47	2716.45
1248.07	2719.59
1249.67	2717.50
1251.27	2754.13
1252.87	2716.45
1254.46	2719.59
1256.06	2715.41
1257.66	2732.15
1259.26	2714.36
1260.85	2727.97
1262.45	2717.50
1264.05	2722.73
1265.64	2717.50
1267.24	2729.01
1268.83	2719.59
1270.43	2718.55
1272.03	2736.34
1273.62	2733.20
1275.22	2707.04
1276.81	2732.15
1278.41	2718.55
1280.00	2729.01
1281.60	2720.64
1283.19	2730.06
1284.79	2727.97
1286.38	2729.01
1287.97	2722.73
1289.57	2724.83
1291.16	2718.55
1292.75	2716.45
1294.35	2718.55
1295.94	2721.69
1297.53	2718.55
1299.12	2725.87
1300.72	2734.24
1302.31	2710.18
1303.90	2724.83
1305.49	2723.78
1307.08	2709.13
1308.68	2709.13
1310.27	2718.55
1311.86	2723.78
1313.45	2710.18
1315.04	2718.55
1316.63	2712.27
1318.22	2716.45
1319.81	2703.90
1321.40	2718.55
1322.99	2722.73
1324.58	2704.94
1326.17	2705.99
1327.75	2701.81
1329.34	2713.32
1330.93	2713.32
1332.52	2701.81
1334.11	2709.13
1335.70	2705.99
1337.28	2705.99
1338.87	2702.85
1340.46	2710.18
1342.05	2702.85
1343.63	2707.04
1345.22	2701.81
1346.81	2716.45
1348.39	2704.94
1349.98	2714.36
1351.56	2707.04
1353.15	2715.41
1354.73	2713.32
1356.32	2700.76
1357.90	2702.85
1359.49	2713.32
1361.07	2707.04
1362.66	2710.18
1364.24	2709.13
1365.82	2713.32
1367.41	2712.27
1368.99	2708.08
1370.57	2696.57
1372.16	2713.32
1373.74	2700.76
1375.32	2713.32
1376.91	2715.41
1378.49	2711.22
1380.07	2691.34
1381.65	2713.32
1383.23	2702.85
1384.81	2699.71
1386.39	2694.48
1387.97	2707.04
1389.55	2700.76
1391.14	2701.81
1392.72	2697.62
1394.29	2709.13
1395.87	2714.36
1397.45	2701.81
1399.03	2703.90
1400.61	2700.76
1402.19	2697.62
1403.77	2693.43
1405.35	2709.13
1406.92	2707.04
1408.50	2699.71
1410.08	2710.18
1411.66	2702.85
1413.23	2713.32
1414.81	2713.32
1416.39	2696.57
1417.96	2707.04
1419.54	2701.81
1421.12	2704.94
1422.69	2712.27
1424.27	2694.48
1425.84	2713.32
1427.42	2712.27
1428.99	2710.18
1430.57	2704.94
1432.14	2697.62
1433.71	2707.04
1435.29	2720.64
1436.86	2717.50
1438.43	2712.27
1440.01	2705.99
1441.58	2589.84
1443.15	2702.85
1444.72	2717.50
1446.30	2709.13
1447.87	2718.55
1449.44	2695.53
1451.01	2687.16
1452.58	2712.27
1454.15	2713.32
1455.72	2699.71
1457.29	2699.71
1458.86	2712.27
1460.43	2708.08
1462.00	2732.15
1463.57	2709.13
1465.14	2715.41
1466.71	2703.90
1468.28	2708.08
1469.85	2699.71
1471.41	2710.18
1472.98	2704.94
1474.55	2716.45
1476.12	2702.85
1477.68	2700.76
1479.25	2715.41
1480.82	2697.62
1482.38	2709.13
1483.95	2696.57
1485.51	2707.04
1487.08	2719.59
1488.64	2707.04
1490.21	2711.22
1491.77	2689.25
1493.34	2707.04
1494.90	2699.71
1496.46	2705.99
1498.03	2708.08
1499.59	2705.99
1501.15	2707.04
1502.72	2698.67
1504.28	2707.04
1505.84	2701.81
1507.40	2708.08
1508.97	2712.27
1510.53	2702.85
1512.09	2707.04
1513.65	2712.27
1515.21	2708.08
1516.77	2696.57
1518.33	2708.08
1519.89	2712.27
1521.45	2705.99
1523.01	2707.04
1524.57	2697.62
1526.13	2693.43
1527.68	2710.18
1529.24	2712.27
1530.80	2703.90
1532.36	2708.08
1533.92	2701.81
1535.47	2694.48
1537.03	2693.43
1538.59	2703.90
1540.14	2685.06
1541.70	2687.16
1543.25	2714.36
1544.81	2703.90
1546.36	2693.43
1547.92	2697.62
1549.47	2700.76
1551.03	2699.71
1552.58	2688.20
1554.13	2691.34
1555.69	2694.48
1557.24	2690.29
1558.79	2690.29
1560.35	2691.34
1561.90	2696.57
1563.45	2680.88
1565.00	2692.39
1566.55	2687.16
1568.10	2684.02
1569.66	2677.74
1571.21	2689.25
1572.76	2688.20
1574.31	2692.39
1575.86	2692.39
1577.40	2678.78
1578.95	2676.69
1580.50	2678.78
1582.05	2676.69
1583.60	2677.74
1585.15	2672.51
1586.69	2675.65
1588.24	2682.97
1589.79	2684.02
1591.34	2667.27
1592.88	2687.16
1594.43	2671.46
1595.97	2689.25
1597.52	2681.92
1599.06	2669.37
1600.61	2663.09
1602.15	2688.20
1603.70	2679.83
1605.24	2676.69
1606.79	2675.65
1608.33	2665.18
1609.87	2667.27
1611.41	2680.88
1612.96	2685.06
1614.50	2656.81
1616.04	2659.95
1617.58	2677.74
1619.12	2676.69
1620.67	2666.23
1622.21	2653.67
1623.75	2675.65
1625.29	2664.13
1626.83	2662.04
1628.37	2678.78
1629.90	2663.09
1631.44	2662.04
1632.98	2671.46
1634.52	2663.09
1636.06	2655.76
1637.59	2677.74
1639.13	2670.41
1640.67	2673.55
1642.21	2665.18
1643.74	2675.65
1645.28	2657.86
1646.81	2662.04
1648.35	2668.32
1649.88	2652.62
1651.42	2665.18
1652.95	2646.35
1654.49	2674.60
1656.02	2655.76
1657.55	2662.04
1659.09	2642.16
1660.62	2663.09
1662.15	2652.62
1663.68	2658.90
1665.22	2655.76
1666.75	2652.62
1668.28	2647.39
1669.81	2659.95
1671.34	2649.49
1672.87	2654.72
1674.40	2653.67
1675.93	2648.44
1677.46	2637.97
1678.99	2641.11
1680.52	2643.21
1682.04	2654.72
1683.57	2641.11
1685.10	2647.39
1686.63	2642.16
1688.15	2646.35
1689.68	2629.60
1691.21	2639.02
1692.73	2632.74
1694.26	2637.97
1695.78	2628.56
1697.31	2631.70
1698.83	2627.51
1700.36	2629.60
1701.88	2620.19
1703.40	2636.93
1704.93	2619.14
1706.45	2616.00
