896.35	2843.07
897.98	2847.26
899.60	2848.30
901.22	2868.18
902.85	2866.09
904.47	2866.09
906.10	2865.04
907.72	2877.60
909.34	2889.11
910.97	2899.58
912.59	2914.22
914.21	2920.50
915.84	2937.25
917.46	2956.08
919.08	2970.73
920.71	2975.96
922.33	2998.98
923.95	2990.61
925.58	3019.91
927.20	3007.35
928.82	3018.86
930.44	3034.56
932.07	3029.33
933.69	3015.73
935.31	3028.28
936.93	3030.38
938.56	3038.75
940.18	3045.02
941.80	3046.07
943.42	3055.49
945.05	3067.00
946.67	3055.49
948.29	3055.49
949.91	3045.02
951.53	3061.77
953.16	3067.00
954.78	3070.14
956.40	3051.30
958.02	3063.86
959.64	3049.21
961.26	3053.40
962.88	3054.44
964.51	3055.49
966.13	3074.32
967.75	3068.05
969.37	3057.58
970.99	3060.72
972.61	3056.54
974.23	3056.54
975.85	3055.49
977.47	3057.58
979.09	3055.49
980.71	3059.67
982.33	3064.91
983.95	3071.18
985.57	3071.18
987.19	3069.09
988.81	3077.46
990.43	3072.23
992.05	3064.91
993.67	3086.88
995.29	3075.37
996.91	3073.28
998.53	3097.34
1000.15	3104.67
1001.77	3094.21
1003.39	3098.39
1005.01	3098.39
1006.63	3103.62
1008.25	3102.58
1009.86	3109.90
1011.48	3101.53
1013.10	3109.90
1014.72	3117.23
1016.34	3120.37
1017.96	3132.92
1019.58	3129.78
1021.19	3114.09
1022.81	3121.41
1024.43	3128.74
1026.05	3133.97
1027.66	3138.15
1029.28	3136.06
1030.90	3131.88
1032.52	3124.55
1034.13	3133.97
1035.75	3142.34
1037.37	3138.15
1038.98	3154.90
1040.60	3142.34
1042.22	3131.88
1043.83	3140.25
1045.45	3150.71
1047.07	3145.48
1048.68	3160.13
1050.30	3139.20
1051.92	3151.76
1053.53	3143.39
1055.15	3154.90
1056.76	3135.02
1058.38	3146.53
1059.99	3150.71
1061.61	3145.48
1063.22	3135.02
1064.84	3149.66
1066.46	3142.34
1068.07	3144.43
1069.68	3144.43
1071.30	3155.94
1072.91	3137.11
1074.53	3139.20
1076.14	3156.99
1077.76	3143.39
1079.37	3144.43
1080.98	3111.99
1082.60	3126.64
1084.21	3138.15
1085.83	3136.06
1087.44	3141.29
1089.05	3128.74
1090.67	3129.78
1092.28	3122.46
1093.89	3129.78
1095.50	3128.74
1097.12	3124.55
1098.73	3139.20
1100.34	3111.99
1101.95	3135.02
1103.57	3131.88
1105.18	3119.32
1106.79	3122.46
1108.40	3119.32
1110.01	3120.37
1111.63	3129.78
1113.24	3144.43
1114.85	3128.74
1116.46	3130.83
1118.07	3137.11
1119.68	3123.50
1121.29	3129.78
1122.90	3127.69
1124.51	3125.60
1126.12	3132.92
1127.73	3139.20
1129.34	3139.20
1130.95	3140.25
1132.56	3142.34
1134.17	3116.18
1135.78	3126.64
1137.39	3129.78
1139.00	3125.60
1140.61	3126.64
1142.22	3137.11
1143.83	3121.41
1145.44	3120.37
1147.05	3122.46
1148.65	3128.74
1150.26	3116.18
1151.87	3108.86
1153.48	3118.27
1155.09	3131.88
1156.69	3128.74
1158.30	3107.81
1159.91	3116.18
1161.52	3121.41
1163.12	3123.50
1164.73	3117.23
1166.34	3130.83
1167.94	3121.41
1169.55	3121.41
1171.16	3127.69
1172.76	3129.78
1174.37	3125.60
1175.97	3124.55
1177.58	3110.95
1179.19	3128.74
1180.79	3123.50
1182.40	3123.50
1184.00	3120.37
1185.61	3128.74
1187.21	3125.60
1188.82	3123.50
1190.42	3129.78
1192.02	3127.69
1193.63	3114.09
1195.23	3119.32
1196.84	3124.55
1198.44	3123.50
1200.04	3137.11
1201.65	3127.69
1203.25	3122.46
1204.85	3128.74
1206.46	3103.62
1208.06	3116.18
1209.66	3113.04
1211.26	3110.95
1212.87	3129.78
1214.47	3114.09
1216.07	3124.55
1217.67	3119.32
1219.27	3113.04
1220.87	3115.13
1222.48	3117.23
1224.08	3102.58
1225.68	3111.99
1227.28	3114.09
1228.88	3111.99
1230.48	3109.90
1232.08	3098.39
1233.68	3111.99
1235.28	3118.27
1236.88	3109.90
1238.48	3102.58
1240.08	3123.50
1241.68	3093.16
1243.28	3090.02
1244.87	3091.07
1246.47	3094.21
1248.07	3090.02
1249.67	3086.88
1251.27	3102.58
1252.87	3085.83
1254.46	3080.60
1256.06	3080.60
1257.66	3083.74
1259.26	3072.23
1260.85	3082.70
1262.45	3082.70
1264.05	3085.83
1265.64	3072.23
1267.24	3080.60
1268.83	3084.79
1270.43	3069.09
1272.03	3088.97
1273.62	3078.51
1275.22	3061.77
1276.81	3076.42
1278.41	3065.95
1280.00	3071.18
1281.60	3063.86
1283.19	3063.86
1284.79	3065.95
1286.38	3054.44
1287.97	3072.23
1289.57	3059.67
1291.16	3060.72
1292.75	3047.12
1294.35	3055.49
1295.94	3053.40
1297.53	3055.49
1299.12	3051.30
1300.72	3063.86
1302.31	3038.75
1303.90	3059.67
1305.49	3058.63
1307.08	3036.65
1308.68	3030.38
1310.27	3030.38
1311.86	3043.98
1313.45	3034.56
1315.04	3031.42
1316.63	3027.24
1318.22	3032.47
1319.81	3020.96
1321.40	3026.19
1322.99	3035.61
1324.58	3017.82
1326.17	3024.10
1327.75	3015.73
1329.34	3014.68
1330.93	3004.22
1332.52	3006.31
1334.11	3011.54
1335.70	3008.40
1337.28	2996.89
1338.87	2994.80
1340.46	2995.84
1342.05	2989.57
1343.63	2992.70
1345.22	2989.57
1346.81	2997.94
1348.39	2980.15
1349.98	2982.24
1351.56	2972.82
1353.15	2981.19
1354.73	2980.15
1356.32	2958.17
1357.90	2961.31
1359.49	2973.87
1361.07	2961.31
1362.66	2952.94
1364.24	2956.08
1365.82	2956.08
1367.41	2960.27
1368.99	2938.29
1370.57	2932.01
1372.16	2942.48
1373.74	2926.78
1375.32	2926.78
1376.91	2923.64
1378.49	2908.99
1380.07	2889.11
1381.65	2888.06
1383.23	2873.42
1384.81	2871.32
1386.39	2866.09
1387.97	2872.37
1389.55	2866.09
1391.14	2861.90
1392.72	2845.16
1394.29	2844.12
1395.87	2837.84
1397.45	2826.33
1399.03	2828.42
1400.61	2819.00
1402.19	2821.10
1403.77	2812.72
1405.35	2823.19
1406.92	2814.82
1408.50	2809.58
1410.08	2814.82
1411.66	2799.12
1413.23	2795.98
1414.81	2804.35
1416.39	2790.75
1417.96	2807.49
1419.54	2790.75
1421.12	2788.66
1422.69	2797.03
1424.27	2783.42
1425.84	2791.80
1427.42	2785.52
1428.99	2793.89
1430.57	2792.84
1432.14	2790.75
1433.71	2789.70
1435.29	2798.07
1436.86	2798.07
1438.43	2793.89
1440.01	2790.75
1441.58	2676.69
1443.15	2791.80
1444.72	2800.17
1446.30	2783.42
1447.87	2793.89
1449.44	2783.42
1451.01	2768.78
1452.58	2786.56
1454.15	2787.61
1455.72	2776.10
1457.29	2775.05
1458.86	2792.84
1460.43	2786.56
1462.00	2800.17
1463.57	2791.80
1465.14	2793.89
1466.71	2779.24
1468.28	2781.33
1469.85	2792.84
1471.41	2798.07
1472.98	2784.47
1474.55	2793.89
1476.12	2785.52
1477.68	2784.47
1479.25	2797.03
1480.82	2792.84
1482.38	2804.35
1483.95	2785.52
1485.51	2798.07
1487.08	2804.35
1488.64	2795.98
1490.21	2807.49
1491.77	2792.84
1493.34	2804.35
1494.90	2780.29
1496.46	2791.80
1498.03	2804.35
1499.59	2806.45
1501.15	2808.54
1502.72	2798.07
1504.28	2809.58
1505.84	2803.31
1507.40	2800.17
1508.97	2800.17
1510.53	2793.89
1512.09	2820.05
1513.65	2824.23
1515.21	2811.68
1516.77	2800.17
1518.33	2821.10
1519.89	2802.26
1521.45	2810.63
1523.01	2806.45
1524.57	2815.86
1526.13	2808.54
1527.68	2809.58
1529.24	2823.19
1530.80	2819.00
1532.36	2823.19
1533.92	2811.68
1535.47	2798.07
1537.03	2803.31
1538.59	2817.96
1540.14	2804.35
1541.70	2802.26
1543.25	2821.10
1544.81	2811.68
1546.36	2814.82
1547.92	2790.75
1549.47	2808.54
1551.03	2809.58
1552.58	2802.26
1554.13	2800.17
1555.69	2809.58
1557.24	2795.98
1558.79	2805.40
1560.35	2805.40
1561.90	2810.63
1563.45	2794.94
1565.00	2804.35
1566.55	2802.26
1568.10	2801.21
1569.66	2791.80
1571.21	2807.49
1572.76	2801.21
1574.31	2804.35
1575.86	2802.26
1577.40	2793.89
1578.95	2792.84
1580.50	2788.66
1582.05	2783.42
1583.60	2794.94
1585.15	2789.70
1586.69	2790.75
1588.24	2787.61
1589.79	2795.98
1591.34	2783.42
1592.88	2805.40
1594.43	2779.24
1595.97	2788.66
1597.52	2786.56
1599.06	2784.47
1600.61	2785.52
1602.15	2797.03
1603.70	2783.42
1605.24	2787.61
1606.79	2788.66
1608.33	2771.91
1609.87	2763.54
1611.41	2783.42
1612.96	2780.29
1614.50	2769.82
1616.04	2774.01
1617.58	2779.24
1619.12	2772.96
1620.67	2777.15
1622.21	2749.94
1623.75	2780.29
1625.29	2756.22
1626.83	2760.40
1628.37	2777.15
1629.90	2763.54
1631.44	2760.40
1632.98	2756.22
1634.52	2743.66
1636.06	2747.85
1637.59	2760.40
1639.13	2745.75
1640.67	2743.66
1642.21	2740.52
1643.74	2735.29
1645.28	2716.45
1646.81	2708.08
1648.35	2716.45
1649.88	2699.71
1651.42	2709.13
1652.95	2690.29
1654.49	2712.27
1656.02	2696.57
1657.55	2689.25
1659.09	2666.23
1660.62	2694.48
1662.15	2678.78
1663.68	2690.29
1665.22	2677.74
1666.75	2677.74
1668.28	2670.41
1669.81	2684.02
1671.34	2672.51
1672.87	2679.83
1674.40	2678.78
1675.93	2676.69
1677.46	2655.76
1678.99	2661.00
1680.52	2654.72
1682.04	2669.37
1683.57	2662.04
1685.10	2675.65
1686.63	2658.90
1688.15	2658.90
1689.68	2645.30
1691.21	2658.90
1692.73	2654.72
1694.26	2663.09
1695.78	2648.44
1697.31	2654.72
1698.83	2649.49
1700.36	2654.72
1701.88	2646.35
1703.40	2663.09
1704.93	2637.97
1706.45	2637.97
