896.35	2936.20
897.98	2942.48
899.60	2950.85
901.22	2979.10
902.85	2964.45
904.47	2970.73
906.10	2975.96
907.72	2975.96
909.34	2997.94
910.97	3011.54
912.59	3030.38
914.21	3050.26
915.84	3075.37
917.46	3107.81
919.08	3123.50
920.71	3135.02
922.33	3160.13
923.95	3169.55
925.58	3191.52
927.20	3178.96
928.82	3192.57
930.44	3216.63
932.07	3210.36
933.69	3198.85
935.31	3212.45
936.93	3218.73
938.56	3213.50
940.18	3230.24
941.80	3235.47
943.42	3236.52
945.05	3245.93
946.67	3238.61
948.29	3241.75
949.91	3237.56
951.53	3250.12
953.16	3253.26
954.78	3248.03
956.40	3235.47
958.02	3251.17
959.64	3252.21
961.26	3237.56
962.88	3245.93
964.51	3232.33
966.13	3259.54
967.75	3252.21
969.37	3246.98
970.99	3248.03
972.61	3243.84
974.23	3249.07
975.85	3245.93
977.47	3258.49
979.09	3256.40
980.71	3236.52
982.33	3257.44
983.95	3262.68
985.57	3271.05
987.19	3262.68
988.81	3268.95
990.43	3266.86
992.05	3271.05
993.67	3278.37
995.29	3279.42
996.91	3278.37
998.53	3288.84
1000.15	3281.51
1001.77	3298.25
1003.39	3306.62
1005.01	3306.62
1006.63	3309.76
1008.25	3315.00
1009.86	3321.27
1011.48	3315.00
1013.10	3321.27
1014.72	3334.88
1016.34	3328.60
1017.96	3346.39
1019.58	3338.02
1021.19	3327.55
1022.81	3327.55
1024.43	3346.39
1026.05	3348.48
1027.66	3356.85
1029.28	3348.48
1030.90	3345.34
1032.52	3336.97
1034.13	3358.94
1035.75	3368.36
1037.37	3362.08
1038.98	3373.59
1040.60	3375.69
1042.22	3351.62
1043.83	3364.18
1045.45	3374.64
1047.07	3378.83
1048.68	3379.87
1050.30	3370.46
1051.92	3374.64
1053.53	3362.08
1055.15	3375.69
1056.76	3367.32
1058.38	3376.73
1059.99	3386.15
1061.61	3374.64
1063.22	3370.46
1064.84	3377.78
1066.46	3364.18
1068.07	3363.13
1069.68	3374.64
1071.30	3373.59
1072.91	3366.27
1074.53	3355.81
1076.14	3371.50
1077.76	3365.22
1079.37	3364.18
1080.98	3327.55
1082.60	3351.62
1084.21	3358.94
1085.83	3362.08
1087.44	3356.85
1089.05	3342.20
1090.67	3343.25
1092.28	3341.16
1093.89	3351.62
1095.50	3346.39
1097.12	3342.20
1098.73	3359.99
1100.34	3331.74
1101.95	3350.57
1103.57	3341.16
1105.18	3338.02
1106.79	3330.69
1108.40	3348.48
1110.01	3340.11
1111.63	3350.57
1113.24	3348.48
1114.85	3347.43
1116.46	3344.30
1118.07	3349.53
1119.68	3335.92
1121.29	3344.30
1122.90	3335.92
1124.51	3335.92
1126.12	3347.43
1127.73	3346.39
1129.34	3346.39
1130.95	3356.85
1132.56	3359.99
1134.17	3332.78
1135.78	3336.97
1137.39	3343.25
1139.00	3335.92
1140.61	3336.97
1142.22	3353.71
1143.83	3345.34
1145.44	3335.92
1147.05	3333.83
1148.65	3339.06
1150.26	3324.41
1151.87	3322.32
1153.48	3332.78
1155.09	3344.30
1156.69	3344.30
1158.30	3331.74
1159.91	3338.02
1161.52	3351.62
1163.12	3339.06
1164.73	3329.65
1166.34	3354.76
1167.94	3343.25
1169.55	3348.48
1171.16	3350.57
1172.76	3357.90
1174.37	3344.30
1175.97	3345.34
1177.58	3327.55
1179.19	3356.85
1180.79	3343.25
1182.40	3342.20
1184.00	3344.30
1185.61	3353.71
1187.21	3345.34
1188.82	3340.11
1190.42	3346.39
1192.02	3334.88
1193.63	3327.55
1195.23	3348.48
1196.84	3348.48
1198.44	3343.25
1200.04	3350.57
1201.65	3342.20
1203.25	3339.06
1204.85	3346.39
1206.46	3324.41
1208.06	3331.74
1209.66	3327.55
1211.26	3329.65
1212.87	3350.57
1214.47	3330.69
1216.07	3342.20
1217.67	3339.06
1219.27	3333.83
1220.87	3329.65
1222.48	3333.83
1224.08	3319.18
1225.68	3326.51
1227.28	3327.55
1228.88	3323.37
1230.48	3331.74
1232.08	3311.86
1233.68	3323.37
1235.28	3326.51
1236.88	3324.41
1238.48	3304.53
1240.08	3324.41
1241.68	3281.51
1243.28	3300.35
1244.87	3298.25
1246.47	3288.84
1248.07	3283.60
1249.67	3288.84
1251.27	3300.35
1252.87	3283.60
1254.46	3274.19
1256.06	3275.23
1257.66	3277.33
1259.26	3266.86
1260.85	3276.28
1262.45	3266.86
1264.05	3280.46
1265.64	3273.14
1267.24	3279.42
1268.83	3284.65
1270.43	3260.58
1272.03	3279.42
1273.62	3273.14
1275.22	3256.40
1276.81	3266.86
1278.41	3261.63
1280.00	3264.77
1281.60	3260.58
1283.19	3253.26
1284.79	3258.49
1286.38	3254.30
1287.97	3252.21
1289.57	3244.89
1291.16	3246.98
1292.75	3238.61
1294.35	3242.79
1295.94	3241.75
1297.53	3246.98
1299.12	3229.19
1300.72	3249.07
1302.31	3219.77
1303.90	3240.70
1305.49	3233.38
1307.08	3222.91
1308.68	3210.36
1310.27	3221.87
1311.86	3218.73
1313.45	3219.77
1315.04	3220.82
1316.63	3206.17
1318.22	3207.22
1319.81	3194.66
1321.40	3198.85
1322.99	3205.12
1324.58	3187.34
1326.17	3191.52
1327.75	3180.01
1329.34	3187.34
1330.93	3180.01
1332.52	3174.78
1334.11	3168.50
1335.70	3171.64
1337.28	3160.13
1338.87	3170.59
1340.46	3166.41
1342.05	3156.99
1343.63	3148.62
1345.22	3143.39
1346.81	3163.27
1348.39	3147.57
1349.98	3143.39
1351.56	3132.92
1353.15	3119.32
1354.73	3123.50
1356.32	3116.18
1357.90	3106.76
1359.49	3109.90
1361.07	3101.53
1362.66	3094.21
1364.24	3092.11
1365.82	3092.11
1367.41	3097.34
1368.99	3079.56
1370.57	3072.23
1372.16	3074.32
1373.74	3072.23
1375.32	3057.58
1376.91	3046.07
1378.49	3031.42
1380.07	3000.03
1381.65	3003.17
1383.23	2982.24
1384.81	2989.57
1386.39	2978.06
1387.97	2967.59
1389.55	2957.13
1391.14	2947.71
1392.72	2936.20
1394.29	2938.29
1395.87	2936.20
1397.45	2916.32
1399.03	2912.13
1400.61	2906.90
1402.19	2899.58
1403.77	2882.83
1405.35	2899.58
1406.92	2888.06
1408.50	2888.06
1410.08	2880.74
1411.66	2868.18
1413.23	2882.83
1414.81	2878.65
1416.39	2856.67
1417.96	2867.14
1419.54	2864.00
1421.12	2869.23
1422.69	2867.14
1424.27	2855.63
1425.84	2857.72
1427.42	2849.35
1428.99	2852.49
1430.57	2853.53
1432.14	2855.63
1433.71	2856.67
1435.29	2869.23
1436.86	2862.95
1438.43	2850.39
1440.01	2853.53
1441.58	2730.06
1443.15	2854.58
1444.72	2861.90
1446.30	2855.63
1447.87	2850.39
1449.44	2842.02
1451.01	2837.84
1452.58	2856.67
1454.15	2852.49
1455.72	2842.02
1457.29	2848.30
1458.86	2853.53
1460.43	2839.93
1462.00	2858.77
1463.57	2852.49
1465.14	2854.58
1466.71	2838.88
1468.28	2847.26
1469.85	2852.49
1471.41	2853.53
1472.98	2845.16
1474.55	2853.53
1476.12	2844.12
1477.68	2843.07
1479.25	2860.86
1480.82	2858.77
1482.38	2861.90
1483.95	2847.26
1485.51	2854.58
1487.08	2865.04
1488.64	2864.00
1490.21	2867.14
1491.77	2853.53
1493.34	2874.46
1494.90	2858.77
1496.46	2864.00
1498.03	2866.09
1499.59	2869.23
1501.15	2870.28
1502.72	2872.37
1504.28	2872.37
1505.84	2868.18
1507.40	2871.32
1508.97	2878.65
1510.53	2877.60
1512.09	2885.97
1513.65	2884.93
1515.21	2881.79
1516.77	2876.55
1518.33	2885.97
1519.89	2891.20
1521.45	2880.74
1523.01	2884.93
1524.57	2894.34
1526.13	2878.65
1527.68	2891.20
1529.24	2893.30
1530.80	2882.83
1532.36	2889.11
1533.92	2884.93
1535.47	2875.51
1537.03	2876.55
1538.59	2885.97
1540.14	2880.74
1541.70	2873.42
1543.25	2900.62
1544.81	2894.34
1546.36	2890.16
1547.92	2883.88
1549.47	2892.25
1551.03	2882.83
1552.58	2878.65
1554.13	2879.69
1555.69	2891.20
1557.24	2874.46
1558.79	2876.55
1560.35	2873.42
1561.90	2884.93
1563.45	2873.42
1565.00	2879.69
1566.55	2872.37
1568.10	2873.42
1569.66	2865.04
1571.21	2887.02
1572.76	2879.69
1574.31	2873.42
1575.86	2866.09
1577.40	2868.18
1578.95	2867.14
1580.50	2864.00
1582.05	2859.81
1583.60	2864.00
1585.15	2849.35
1586.69	2856.67
1588.24	2860.86
1589.79	2864.00
1591.34	2840.98
1592.88	2874.46
1594.43	2851.44
1595.97	2860.86
1597.52	2858.77
1599.06	2855.63
1600.61	2852.49
1602.15	2871.32
1603.70	2850.39
1605.24	2853.53
1606.79	2848.30
1608.33	2836.79
1609.87	2843.07
1611.41	2852.49
1612.96	2843.07
1614.50	2831.56
1616.04	2840.98
1617.58	2851.44
1619.12	2836.79
1620.67	2847.26
1622.21	2814.82
1623.75	2843.07
1625.29	2829.47
1626.83	2823.19
1628.37	2842.02
1629.90	2809.58
1631.44	2814.82
1632.98	2820.05
1634.52	2794.94
1636.06	2795.98
1637.59	2812.72
1639.13	2799.12
1640.67	2793.89
1642.21	2777.15
1643.74	2767.73
1645.28	2747.85
1646.81	2747.85
1648.35	2757.26
1649.88	2730.06
1651.42	2732.15
1652.95	2717.50
1654.49	2738.43
1656.02	2719.59
1657.55	2722.73
1659.09	2691.34
1660.62	2716.45
1662.15	2711.22
1663.68	2708.08
1665.22	2695.53
1666.75	2692.39
1668.28	2687.16
1669.81	2707.04
1671.34	2695.53
1672.87	2697.62
1674.40	2701.81
1675.93	2690.29
1677.46	2680.88
1678.99	2675.65
1680.52	2664.13
1682.04	2680.88
1683.57	2670.41
1685.10	2674.60
1686.63	2670.41
1688.15	2673.55
1689.68	2664.13
1691.21	2664.13
1692.73	2670.41
1694.26	2669.37
1695.78	2664.13
1697.31	2667.27
1698.83	2652.62
1700.36	2665.18
1701.88	2662.04
1703.40	2676.69
1704.93	2657.86
1706.45	2662.04
