896.35	2978.06
897.98	2983.29
899.60	2983.29
901.22	3005.26
902.85	2998.98
904.47	3010.49
906.10	3022.00
907.72	3028.28
909.34	3037.70
910.97	3041.89
912.59	3070.14
914.21	3087.93
915.84	3116.18
917.46	3156.99
919.08	3180.01
920.71	3193.61
922.33	3218.73
923.95	3225.01
925.58	3242.79
927.20	3235.47
928.82	3248.03
930.44	3279.42
932.07	3262.68
933.69	3253.26
935.31	3262.68
936.93	3273.14
938.56	3271.05
940.18	3286.74
941.80	3285.70
943.42	3299.30
945.05	3304.53
946.67	3291.98
948.29	3302.44
949.91	3294.07
951.53	3315.00
953.16	3316.04
954.78	3311.86
956.40	3306.62
958.02	3302.44
959.64	3302.44
961.26	3300.35
962.88	3309.76
964.51	3298.25
966.13	3322.32
967.75	3308.72
969.37	3302.44
970.99	3302.44
972.61	3308.72
974.23	3304.53
975.85	3311.86
977.47	3305.58
979.09	3309.76
980.71	3305.58
982.33	3316.04
983.95	3311.86
985.57	3331.74
987.19	3324.41
988.81	3323.37
990.43	3319.18
992.05	3323.37
993.67	3338.02
995.29	3340.11
996.91	3332.78
998.53	3359.99
1000.15	3348.48
1001.77	3355.81
1003.39	3357.90
1005.01	3368.36
1006.63	3371.50
1008.25	3379.87
1009.86	3381.97
1011.48	3376.73
1013.10	3376.73
1014.72	3395.57
1016.34	3391.38
1017.96	3407.08
1019.58	3402.89
1021.19	3399.75
1022.81	3406.03
1024.43	3416.50
1026.05	3414.40
1027.66	3419.64
1029.28	3417.54
1030.90	3423.82
1032.52	3413.36
1034.13	3423.82
1035.75	3431.15
1037.37	3434.29
1038.98	3437.42
1040.60	3434.29
1042.22	3429.05
1043.83	3436.38
1045.45	3436.38
1047.07	3435.33
1048.68	3441.61
1050.30	3432.19
1051.92	3438.47
1053.53	3440.56
1055.15	3438.47
1056.76	3444.75
1058.38	3436.38
1059.99	3446.84
1061.61	3425.91
1063.22	3426.96
1064.84	3431.15
1066.46	3435.33
1068.07	3424.87
1069.68	3438.47
1071.30	3442.66
1072.91	3426.96
1074.53	3418.59
1076.14	3433.24
1077.76	3431.15
1079.37	3433.24
1080.98	3395.57
1082.60	3416.50
1084.21	3426.96
1085.83	3422.78
1087.44	3423.82
1089.05	3406.03
1090.67	3402.89
1092.28	3404.99
1093.89	3403.94
1095.50	3412.31
1097.12	3404.99
1098.73	3410.22
1100.34	3390.34
1101.95	3412.31
1103.57	3406.03
1105.18	3397.66
1106.79	3388.24
1108.40	3399.75
1110.01	3407.08
1111.63	3406.03
1113.24	3414.40
1114.85	3415.45
1116.46	3395.57
1118.07	3406.03
1119.68	3392.43
1121.29	3406.03
1122.90	3394.52
1124.51	3407.08
1126.12	3413.36
1127.73	3417.54
1129.34	3419.64
1130.95	3413.36
1132.56	3411.26
1134.17	3389.29
1135.78	3404.99
1137.39	3417.54
1139.00	3400.80
1140.61	3404.99
1142.22	3404.99
1143.83	3402.89
1145.44	3401.85
1147.05	3407.08
1148.65	3411.26
1150.26	3400.80
1151.87	3397.66
1153.48	3399.75
1155.09	3407.08
1156.69	3407.08
1158.30	3387.20
1159.91	3391.38
1161.52	3398.71
1163.12	3400.80
1164.73	3389.29
1166.34	3409.17
1167.94	3398.71
1169.55	3411.26
1171.16	3411.26
1172.76	3409.17
1174.37	3400.80
1175.97	3409.17
1177.58	3388.24
1179.19	3410.22
1180.79	3391.38
1182.40	3400.80
1184.00	3399.75
1185.61	3428.01
1187.21	3412.31
1188.82	3399.75
1190.42	3395.57
1192.02	3402.89
1193.63	3386.15
1195.23	3407.08
1196.84	3403.94
1198.44	3407.08
1200.04	3407.08
1201.65	3401.85
1203.25	3412.31
1204.85	3412.31
1206.46	3386.15
1208.06	3387.20
1209.66	3386.15
1211.26	3389.29
1212.87	3409.17
1214.47	3391.38
1216.07	3387.20
1217.67	3402.89
1219.27	3379.87
1220.87	3385.10
1222.48	3389.29
1224.08	3386.15
1225.68	3379.87
1227.28	3378.83
1228.88	3369.41
1230.48	3384.06
1232.08	3367.32
1233.68	3376.73
1235.28	3375.69
1236.88	3368.36
1238.48	3356.85
1240.08	3387.20
1241.68	3348.48
1243.28	3353.71
1244.87	3355.81
1246.47	3347.43
1248.07	3343.25
1249.67	3343.25
1251.27	3344.30
1252.87	3333.83
1254.46	3319.18
1256.06	3330.69
1257.66	3328.60
1259.26	3319.18
1260.85	3324.41
1262.45	3317.09
1264.05	3318.14
1265.64	3310.81
1267.24	3319.18
1268.83	3328.60
1270.43	3316.04
1272.03	3329.65
1273.62	3315.00
1275.22	3300.35
1276.81	3317.09
1278.41	3311.86
1280.00	3316.04
1281.60	3309.76
1283.19	3298.25
1284.79	3316.04
1286.38	3300.35
1287.97	3307.67
1289.57	3289.88
1291.16	3286.74
1292.75	3277.33
1294.35	3294.07
1295.94	3282.56
1297.53	3291.98
1299.12	3279.42
1300.72	3289.88
1302.31	3256.40
1303.90	3283.60
1305.49	3281.51
1307.08	3277.33
1308.68	3260.58
1310.27	3260.58
1311.86	3266.86
1313.45	3262.68
1315.04	3244.89
1316.63	3255.35
1318.22	3245.93
1319.81	3245.93
1321.40	3244.89
1322.99	3252.21
1324.58	3227.10
1326.17	3227.10
1327.75	3218.73
1329.34	3227.10
1330.93	3210.36
1332.52	3213.50
1334.11	3218.73
1335.70	3212.45
1337.28	3191.52
1338.87	3197.80
1340.46	3200.94
1342.05	3195.71
1343.63	3190.47
1345.22	3187.34
1346.81	3196.75
1348.39	3192.57
1349.98	3181.06
1351.56	3167.45
1353.15	3165.36
1354.73	3168.50
1356.32	3143.39
1357.90	3135.02
1359.49	3135.02
1361.07	3123.50
1362.66	3119.32
1364.24	3128.74
1365.82	3128.74
1367.41	3122.46
1368.99	3102.58
1370.57	3092.11
1372.16	3100.48
1373.74	3099.44
1375.32	3098.39
1376.91	3090.02
1378.49	3047.12
1380.07	3019.91
1381.65	3025.14
1383.23	3004.22
1384.81	3006.31
1386.39	2993.75
1387.97	2994.80
1389.55	2982.24
1391.14	2973.87
1392.72	2964.45
1394.29	2955.03
1395.87	2938.29
1397.45	2925.74
1399.03	2924.69
1400.61	2916.32
1402.19	2906.90
1403.77	2904.81
1405.35	2919.46
1406.92	2904.81
1408.50	2904.81
1410.08	2901.67
1411.66	2889.11
1413.23	2888.06
1414.81	2891.20
1416.39	2862.95
1417.96	2885.97
1419.54	2872.37
1421.12	2880.74
1422.69	2885.97
1424.27	2871.32
1425.84	2876.55
1427.42	2868.18
1428.99	2878.65
1430.57	2872.37
1432.14	2870.28
1433.71	2857.72
1435.29	2871.32
1436.86	2874.46
1438.43	2868.18
1440.01	2860.86
1441.58	2735.29
1443.15	2866.09
1444.72	2861.90
1446.30	2857.72
1447.87	2866.09
1449.44	2854.58
1451.01	2850.39
1452.58	2864.00
1454.15	2864.00
1455.72	2844.12
1457.29	2853.53
1458.86	2861.90
1460.43	2852.49
1462.00	2877.60
1463.57	2859.81
1465.14	2860.86
1466.71	2857.72
1468.28	2856.67
1469.85	2862.95
1471.41	2870.28
1472.98	2859.81
1474.55	2882.83
1476.12	2859.81
1477.68	2859.81
1479.25	2858.77
1480.82	2864.00
1482.38	2868.18
1483.95	2858.77
1485.51	2869.23
1487.08	2881.79
1488.64	2881.79
1490.21	2874.46
1491.77	2869.23
1493.34	2881.79
1494.90	2876.55
1496.46	2870.28
1498.03	2878.65
1499.59	2882.83
1501.15	2877.60
1502.72	2878.65
1504.28	2881.79
1505.84	2875.51
1507.40	2878.65
1508.97	2896.44
1510.53	2889.11
1512.09	2904.81
1513.65	2892.25
1515.21	2889.11
1516.77	2875.51
1518.33	2899.58
1519.89	2891.20
1521.45	2892.25
1523.01	2896.44
1524.57	2898.53
1526.13	2894.34
1527.68	2900.62
1529.24	2908.99
1530.80	2898.53
1532.36	2903.76
1533.92	2897.48
1535.47	2889.11
1537.03	2897.48
1538.59	2905.85
1540.14	2899.58
1541.70	2890.16
1543.25	2905.85
1544.81	2893.30
1546.36	2904.81
1547.92	2889.11
1549.47	2899.58
1551.03	2891.20
1552.58	2888.06
1554.13	2890.16
1555.69	2892.25
1557.24	2884.93
1558.79	2884.93
1560.35	2881.79
1561.90	2896.44
1563.45	2889.11
1565.00	2900.62
1566.55	2883.88
1568.10	2884.93
1569.66	2874.46
1571.21	2893.30
1572.76	2887.02
1574.31	2879.69
1575.86	2877.60
1577.40	2870.28
1578.95	2880.74
1580.50	2887.02
1582.05	2876.55
1583.60	2867.14
1585.15	2859.81
1586.69	2868.18
1588.24	2872.37
1589.79	2877.60
1591.34	2857.72
1592.88	2881.79
1594.43	2867.14
1595.97	2878.65
1597.52	2865.04
1599.06	2868.18
1600.61	2869.23
1602.15	2885.97
1603.70	2861.90
1605.24	2864.00
1606.79	2859.81
1608.33	2850.39
1609.87	2847.26
1611.41	2860.86
1612.96	2869.23
1614.50	2844.12
1616.04	2845.16
1617.58	2858.77
1619.12	2845.16
1620.67	2847.26
1622.21	2823.19
1623.75	2849.35
1625.29	2837.84
1626.83	2835.74
1628.37	2849.35
1629.90	2827.37
1631.44	2824.23
1632.98	2819.00
1634.52	2799.12
1636.06	2805.40
1637.59	2808.54
1639.13	2803.31
1640.67	2797.03
1642.21	2781.33
1643.74	2783.42
1645.28	2757.26
1646.81	2754.13
1648.35	2766.68
1649.88	2737.38
1651.42	2735.29
1652.95	2718.55
1654.49	2735.29
1656.02	2721.69
1657.55	2725.87
1659.09	2702.85
1660.62	2718.55
1662.15	2700.76
1663.68	2709.13
1665.22	2690.29
1666.75	2699.71
1668.28	2691.34
1669.81	2711.22
1671.34	2691.34
1672.87	2700.76
1674.40	2699.71
1675.93	2692.39
1677.46	2679.83
1678.99	2681.92
1680.52	2682.97
1682.04	2695.53
1683.57	2684.02
1685.10	2682.97
1686.63	2672.51
1688.15	2677.74
1689.68	2668.32
1691.21	2667.27
1692.73	2672.51
1694.26	2677.74
1695.78	2672.51
1697.31	2679.83
1698.83	2659.95
1700.36	2658.90
1701.88	2661.00
1703.40	2677.74
1704.93	2662.04
1706.45	2663.09
