896.35	2870.28
897.98	2873.42
899.60	2879.69
901.22	2901.67
902.85	2896.44
904.47	2900.62
906.10	2908.99
907.72	2913.18
909.34	2924.69
910.97	2929.92
912.59	2956.08
914.21	2965.50
915.84	2971.78
917.46	3001.08
919.08	3008.40
920.71	3022.00
922.33	3047.12
923.95	3051.30
925.58	3080.60
927.20	3064.91
928.82	3077.46
930.44	3092.11
932.07	3074.32
933.69	3065.95
935.31	3085.83
936.93	3084.79
938.56	3100.48
940.18	3104.67
941.80	3099.44
943.42	3106.76
945.05	3124.55
946.67	3104.67
948.29	3115.13
949.91	3109.90
951.53	3119.32
953.16	3125.60
954.78	3121.41
956.40	3115.13
958.02	3119.32
959.64	3116.18
961.26	3122.46
962.88	3117.23
964.51	3109.90
966.13	3131.88
967.75	3128.74
969.37	3110.95
970.99	3118.27
972.61	3105.72
974.23	3113.04
975.85	3124.55
977.47	3135.02
979.09	3117.23
980.71	3113.04
982.33	3120.37
983.95	3128.74
985.57	3135.02
987.19	3135.02
988.81	3151.76
990.43	3136.06
992.05	3131.88
993.67	3151.76
995.29	3130.83
996.91	3137.11
998.53	3159.08
1000.15	3156.99
1001.77	3169.55
1003.39	3167.45
1005.01	3163.27
1006.63	3168.50
1008.25	3175.82
1009.86	3185.24
1011.48	3180.01
1013.10	3177.92
1014.72	3180.01
1016.34	3185.24
1017.96	3193.61
1019.58	3181.06
1021.19	3187.34
1022.81	3186.29
1024.43	3198.85
1026.05	3203.03
1027.66	3204.08
1029.28	3201.98
1030.90	3195.71
1032.52	3188.38
1034.13	3206.17
1035.75	3215.59
1037.37	3214.54
1038.98	3221.87
1040.60	3208.26
1042.22	3199.89
1043.83	3210.36
1045.45	3212.45
1047.07	3214.54
1048.68	3229.19
1050.30	3210.36
1051.92	3213.50
1053.53	3207.22
1055.15	3219.77
1056.76	3212.45
1058.38	3216.63
1059.99	3225.01
1061.61	3221.87
1063.22	3210.36
1064.84	3214.54
1066.46	3209.31
1068.07	3206.17
1069.68	3217.68
1071.30	3228.14
1072.91	3209.31
1074.53	3203.03
1076.14	3217.68
1077.76	3207.22
1079.37	3216.63
1080.98	3186.29
1082.60	3201.98
1084.21	3201.98
1085.83	3204.08
1087.44	3212.45
1089.05	3191.52
1090.67	3197.80
1092.28	3187.34
1093.89	3203.03
1095.50	3198.85
1097.12	3193.61
1098.73	3205.12
1100.34	3187.34
1101.95	3199.89
1103.57	3199.89
1105.18	3190.47
1106.79	3188.38
1108.40	3190.47
1110.01	3192.57
1111.63	3199.89
1113.24	3201.98
1114.85	3199.89
1116.46	3192.57
1118.07	3203.03
1119.68	3185.24
1121.29	3204.08
1122.90	3205.12
1124.51	3192.57
1126.12	3200.94
1127.73	3201.98
1129.34	3211.40
1130.95	3210.36
1132.56	3207.22
1134.17	3175.82
1135.78	3190.47
1137.39	3192.57
1139.00	3190.47
1140.61	3192.57
1142.22	3205.12
1143.83	3200.94
1145.44	3197.80
1147.05	3193.61
1148.65	3194.66
1150.26	3191.52
1151.87	3192.57
1153.48	3187.34
1155.09	3200.94
1156.69	3198.85
1158.30	3192.57
1159.91	3193.61
1161.52	3201.98
1163.12	3188.38
1164.73	3188.38
1166.34	3204.08
1167.94	3195.71
1169.55	3204.08
1171.16	3203.03
1172.76	3201.98
1174.37	3198.85
1175.97	3207.22
1177.58	3175.82
1179.19	3194.66
1180.79	3199.89
1182.40	3206.17
1184.00	3199.89
1185.61	3205.12
1187.21	3206.17
1188.82	3199.89
1190.42	3203.03
1192.02	3196.75
1193.63	3184.20
1195.23	3189.43
1196.84	3197.80
1198.44	3192.57
1200.04	3198.85
1201.65	3198.85
1203.25	3205.12
1204.85	3208.26
1206.46	3191.52
1208.06	3195.71
1209.66	3191.52
1211.26	3195.71
1212.87	3204.08
1214.47	3193.61
1216.07	3194.66
1217.67	3204.08
1219.27	3185.24
1220.87	3187.34
1222.48	3191.52
1224.08	3184.20
1225.68	3197.80
1227.28	3185.24
1228.88	3182.10
1230.48	3187.34
1232.08	3174.78
1233.68	3187.34
1235.28	3196.75
1236.88	3175.82
1238.48	3164.31
1240.08	3181.06
1241.68	3167.45
1243.28	3173.73
1244.87	3166.41
1246.47	3158.04
1248.07	3154.90
1249.67	3164.31
1251.27	3171.64
1252.87	3143.39
1254.46	3138.15
1256.06	3143.39
1257.66	3161.18
1259.26	3141.29
1260.85	3147.57
1262.45	3141.29
1264.05	3139.20
1265.64	3142.34
1267.24	3146.53
1268.83	3147.57
1270.43	3140.25
1272.03	3153.85
1273.62	3133.97
1275.22	3119.32
1276.81	3132.92
1278.41	3130.83
1280.00	3145.48
1281.60	3132.92
1283.19	3127.69
1284.79	3132.92
1286.38	3125.60
1287.97	3138.15
1289.57	3125.60
1291.16	3122.46
1292.75	3108.86
1294.35	3124.55
1295.94	3126.64
1297.53	3118.27
1299.12	3102.58
1300.72	3118.27
1302.31	3092.11
1303.90	3123.50
1305.49	3117.23
1307.08	3102.58
1308.68	3100.48
1310.27	3097.34
1311.86	3088.97
1313.45	3095.25
1315.04	3104.67
1316.63	3094.21
1318.22	3094.21
1319.81	3085.83
1321.40	3092.11
1322.99	3094.21
1324.58	3081.65
1326.17	3078.51
1327.75	3076.42
1329.34	3085.83
1330.93	3070.14
1332.52	3056.54
1334.11	3069.09
1335.70	3072.23
1337.28	3057.58
1338.87	3057.58
1340.46	3057.58
1342.05	3057.58
1343.63	3057.58
1345.22	3050.26
1346.81	3056.54
1348.39	3042.93
1349.98	3047.12
1351.56	3034.56
1353.15	3023.05
1354.73	3027.24
1356.32	3019.91
1357.90	3019.91
1359.49	3022.00
1361.07	3007.35
1362.66	3009.45
1364.24	3013.63
1365.82	3011.54
1367.41	3015.73
1368.99	2996.89
1370.57	2988.52
1372.16	2992.70
1373.74	2995.84
1375.32	2991.66
1376.91	2986.43
1378.49	2963.41
1380.07	2942.48
1381.65	2939.34
1383.23	2928.87
1384.81	2930.97
1386.39	2927.83
1387.97	2920.50
1389.55	2914.22
1391.14	2911.09
1392.72	2895.39
1394.29	2903.76
1395.87	2893.30
1397.45	2883.88
1399.03	2881.79
1400.61	2884.93
1402.19	2873.42
1403.77	2861.90
1405.35	2875.51
1406.92	2865.04
1408.50	2864.00
1410.08	2858.77
1411.66	2849.35
1413.23	2855.63
1414.81	2858.77
1416.39	2838.88
1417.96	2851.44
1419.54	2837.84
1421.12	2846.21
1422.69	2867.14
1424.27	2844.12
1425.84	2851.44
1427.42	2840.98
1428.99	2842.02
1430.57	2840.98
1432.14	2837.84
1433.71	2838.88
1435.29	2852.49
1436.86	2845.16
1438.43	2842.02
1440.01	2842.02
1441.58	2718.55
1443.15	2843.07
1444.72	2844.12
1446.30	2842.02
1447.87	2847.26
1449.44	2834.70
1451.01	2830.51
1452.58	2832.61
1454.15	2834.70
1455.72	2827.37
1457.29	2837.84
1458.86	2839.93
1460.43	2831.56
1462.00	2852.49
1463.57	2840.98
1465.14	2845.16
1466.71	2827.37
1468.28	2836.79
1469.85	2835.74
1471.41	2838.88
1472.98	2829.47
1474.55	2853.53
1476.12	2831.56
1477.68	2829.47
1479.25	2845.16
1480.82	2833.65
1482.38	2838.88
1483.95	2826.33
1485.51	2844.12
1487.08	2849.35
1488.64	2847.26
1490.21	2847.26
1491.77	2829.47
1493.34	2850.39
1494.90	2836.79
1496.46	2839.93
1498.03	2843.07
1499.59	2847.26
1501.15	2840.98
1502.72	2845.16
1504.28	2851.44
1505.84	2846.21
1507.40	2834.70
1508.97	2846.21
1510.53	2845.16
1512.09	2852.49
1513.65	2862.95
1515.21	2856.67
1516.77	2838.88
1518.33	2848.30
1519.89	2851.44
1521.45	2847.26
1523.01	2854.58
1524.57	2864.00
1526.13	2853.53
1527.68	2859.81
1529.24	2864.00
1530.80	2852.49
1532.36	2859.81
1533.92	2857.72
1535.47	2839.93
1537.03	2847.26
1538.59	2852.49
1540.14	2844.12
1541.70	2835.74
1543.25	2865.04
1544.81	2854.58
1546.36	2857.72
1547.92	2838.88
1549.47	2849.35
1551.03	2851.44
1552.58	2840.98
1554.13	2837.84
1555.69	2842.02
1557.24	2843.07
1558.79	2849.35
1560.35	2843.07
1561.90	2847.26
1563.45	2839.93
1565.00	2842.02
1566.55	2831.56
1568.10	2836.79
1569.66	2829.47
1571.21	2838.88
1572.76	2834.70
1574.31	2838.88
1575.86	2832.61
1577.40	2820.05
1578.95	2826.33
1580.50	2822.14
1582.05	2820.05
1583.60	2820.05
1585.15	2815.86
1586.69	2825.28
1588.24	2830.51
1589.79	2837.84
1591.34	2812.72
1592.88	2832.61
1594.43	2804.35
1595.97	2812.72
1597.52	2820.05
1599.06	2817.96
1600.61	2815.86
1602.15	2832.61
1603.70	2816.91
1605.24	2819.00
1606.79	2816.91
1608.33	2806.45
1609.87	2806.45
1611.41	2810.63
1612.96	2810.63
1614.50	2801.21
1616.04	2793.89
1617.58	2811.68
1619.12	2801.21
1620.67	2807.49
1622.21	2783.42
1623.75	2806.45
1625.29	2786.56
1626.83	2787.61
1628.37	2802.26
1629.90	2784.47
1631.44	2785.52
1632.98	2788.66
1634.52	2770.87
1636.06	2768.78
1637.59	2779.24
1639.13	2762.50
1640.67	2756.22
1642.21	2756.22
1643.74	2749.94
1645.28	2727.97
1646.81	2723.78
1648.35	2733.20
1649.88	2708.08
1651.42	2716.45
1652.95	2707.04
1654.49	2731.10
1656.02	2701.81
1657.55	2701.81
1659.09	2676.69
1660.62	2700.76
1662.15	2693.43
1663.68	2695.53
1665.22	2682.97
1666.75	2691.34
1668.28	2687.16
1669.81	2701.81
1671.34	2682.97
1672.87	2686.11
1674.40	2685.06
1675.93	2669.37
1677.46	2665.18
1678.99	2668.32
1680.52	2665.18
1682.04	2678.78
1683.57	2667.27
1685.10	2674.60
1686.63	2664.13
1688.15	2667.27
1689.68	2655.76
1691.21	2657.86
1692.73	2661.00
1694.26	2669.37
1695.78	2659.95
1697.31	2666.23
1698.83	2659.95
1700.36	2654.72
1701.88	2645.30
1703.40	2667.27
1704.93	2652.62
1706.45	2653.67
