896.35	2904.81
897.98	2917.36
899.60	2919.46
901.22	2934.11
902.85	2924.69
904.47	2934.11
906.10	2944.57
907.72	2943.52
909.34	2967.59
910.97	2967.59
912.59	2991.66
914.21	3007.35
915.84	3032.47
917.46	3060.72
919.08	3078.51
920.71	3083.74
922.33	3108.86
923.95	3116.18
925.58	3136.06
927.20	3137.11
928.82	3141.29
930.44	3147.57
932.07	3145.48
933.69	3132.92
935.31	3150.71
936.93	3160.13
938.56	3164.31
940.18	3166.41
941.80	3164.31
943.42	3170.59
945.05	3189.43
946.67	3177.92
948.29	3185.24
949.91	3175.82
951.53	3194.66
953.16	3204.08
954.78	3195.71
956.40	3177.92
958.02	3184.20
959.64	3181.06
961.26	3176.87
962.88	3181.06
964.51	3172.69
966.13	3197.80
967.75	3194.66
969.37	3183.15
970.99	3184.20
972.61	3180.01
974.23	3188.38
975.85	3188.38
977.47	3193.61
979.09	3189.43
980.71	3191.52
982.33	3194.66
983.95	3200.94
985.57	3200.94
987.19	3191.52
988.81	3205.12
990.43	3197.80
992.05	3200.94
993.67	3215.59
995.29	3210.36
996.91	3200.94
998.53	3221.87
1000.15	3228.14
1001.77	3233.38
1003.39	3235.47
1005.01	3231.28
1006.63	3245.93
1008.25	3244.89
1009.86	3257.44
1011.48	3246.98
1013.10	3251.17
1014.72	3262.68
1016.34	3257.44
1017.96	3275.23
1019.58	3258.49
1021.19	3257.44
1022.81	3260.58
1024.43	3274.19
1026.05	3265.82
1027.66	3282.56
1029.28	3268.95
1030.90	3277.33
1032.52	3271.05
1034.13	3280.46
1035.75	3296.16
1037.37	3293.02
1038.98	3298.25
1040.60	3285.70
1042.22	3283.60
1043.83	3294.07
1045.45	3290.93
1047.07	3294.07
1048.68	3303.49
1050.30	3287.79
1051.92	3305.58
1053.53	3305.58
1055.15	3308.72
1056.76	3298.25
1058.38	3290.93
1059.99	3296.16
1061.61	3293.02
1063.22	3286.74
1064.84	3300.35
1066.46	3295.11
1068.07	3287.79
1069.68	3294.07
1071.30	3300.35
1072.91	3283.60
1074.53	3281.51
1076.14	3300.35
1077.76	3296.16
1079.37	3297.21
1080.98	3265.82
1082.60	3282.56
1084.21	3287.79
1085.83	3284.65
1087.44	3283.60
1089.05	3274.19
1090.67	3274.19
1092.28	3272.09
1093.89	3282.56
1095.50	3283.60
1097.12	3275.23
1098.73	3277.33
1100.34	3252.21
1101.95	3273.14
1103.57	3271.05
1105.18	3264.77
1106.79	3255.35
1108.40	3267.91
1110.01	3270.00
1111.63	3278.37
1113.24	3284.65
1114.85	3271.05
1116.46	3262.68
1118.07	3281.51
1119.68	3266.86
1121.29	3272.09
1122.90	3272.09
1124.51	3272.09
1126.12	3277.33
1127.73	3277.33
1129.34	3285.70
1130.95	3284.65
1132.56	3294.07
1134.17	3271.05
1135.78	3262.68
1137.39	3272.09
1139.00	3264.77
1140.61	3281.51
1142.22	3281.51
1143.83	3262.68
1145.44	3264.77
1147.05	3268.95
1148.65	3273.14
1150.26	3259.54
1151.87	3259.54
1153.48	3267.91
1155.09	3272.09
1156.69	3270.00
1158.30	3260.58
1159.91	3264.77
1161.52	3277.33
1163.12	3268.95
1164.73	3268.95
1166.34	3278.37
1167.94	3267.91
1169.55	3273.14
1171.16	3275.23
1172.76	3284.65
1174.37	3266.86
1175.97	3277.33
1177.58	3245.93
1179.19	3276.28
1180.79	3264.77
1182.40	3271.05
1184.00	3270.00
1185.61	3280.46
1187.21	3284.65
1188.82	3272.09
1190.42	3275.23
1192.02	3276.28
1193.63	3261.63
1195.23	3268.95
1196.84	3271.05
1198.44	3280.46
1200.04	3288.84
1201.65	3279.42
1203.25	3275.23
1204.85	3281.51
1206.46	3257.44
1208.06	3262.68
1209.66	3258.49
1211.26	3261.63
1212.87	3276.28
1214.47	3262.68
1216.07	3260.58
1217.67	3265.82
1219.27	3264.77
1220.87	3262.68
1222.48	3264.77
1224.08	3262.68
1225.68	3274.19
1227.28	3267.91
1228.88	3260.58
1230.48	3256.40
1232.08	3235.47
1233.68	3249.07
1235.28	3263.72
1236.88	3246.98
1238.48	3238.61
1240.08	3261.63
1241.68	3226.05
1243.28	3236.52
1244.87	3235.47
1246.47	3240.70
1248.07	3229.19
1249.67	3236.52
1251.27	3231.28
1252.87	3218.73
1254.46	3212.45
1256.06	3213.50
1257.66	3219.77
1259.26	3216.63
1260.85	3223.96
1262.45	3214.54
1264.05	3215.59
1265.64	3213.50
1267.24	3221.87
1268.83	3222.91
1270.43	3214.54
1272.03	3227.10
1273.62	3208.26
1275.22	3191.52
1276.81	3204.08
1278.41	3204.08
1280.00	3209.31
1281.60	3204.08
1283.19	3200.94
1284.79	3195.71
1286.38	3188.38
1287.97	3208.26
1289.57	3196.75
1291.16	3192.57
1292.75	3186.29
1294.35	3187.34
1295.94	3188.38
1297.53	3193.61
1299.12	3184.20
1300.72	3194.66
1302.31	3168.50
1303.90	3190.47
1305.49	3184.20
1307.08	3163.27
1308.68	3159.08
1310.27	3164.31
1311.86	3165.36
1313.45	3162.22
1315.04	3152.80
1316.63	3156.99
1318.22	3150.71
1319.81	3141.29
1321.40	3149.66
1322.99	3150.71
1324.58	3139.20
1326.17	3138.15
1327.75	3132.92
1329.34	3129.78
1330.93	3126.64
1332.52	3118.27
1334.11	3119.32
1335.70	3121.41
1337.28	3105.72
1338.87	3115.13
1340.46	3124.55
1342.05	3116.18
1343.63	3102.58
1345.22	3100.48
1346.81	3104.67
1348.39	3101.53
1349.98	3098.39
1351.56	3092.11
1353.15	3080.60
1354.73	3081.65
1356.32	3062.81
1357.90	3061.77
1359.49	3057.58
1361.07	3048.16
1362.66	3050.26
1364.24	3048.16
1365.82	3043.98
1367.41	3049.21
1368.99	3025.14
1370.57	3031.42
1372.16	3036.65
1373.74	3027.24
1375.32	3029.33
1376.91	3013.63
1378.49	2984.33
1380.07	2968.64
1381.65	2967.59
1383.23	2944.57
1384.81	2945.62
1386.39	2941.43
1387.97	2945.62
1389.55	2934.11
1391.14	2930.97
1392.72	2908.99
1394.29	2907.95
1395.87	2899.58
1397.45	2887.02
1399.03	2881.79
1400.61	2884.93
1402.19	2875.51
1403.77	2862.95
1405.35	2879.69
1406.92	2864.00
1408.50	2867.14
1410.08	2857.72
1411.66	2849.35
1413.23	2847.26
1414.81	2853.53
1416.39	2837.84
1417.96	2847.26
1419.54	2833.65
1421.12	2843.07
1422.69	2845.16
1424.27	2827.37
1425.84	2844.12
1427.42	2833.65
1428.99	2829.47
1430.57	2829.47
1432.14	2822.14
1433.71	2828.42
1435.29	2846.21
1436.86	2831.56
1438.43	2827.37
1440.01	2827.37
1441.58	2714.36
1443.15	2832.61
1444.72	2831.56
1446.30	2825.28
1447.87	2828.42
1449.44	2816.91
1451.01	2812.72
1452.58	2830.51
1454.15	2830.51
1455.72	2819.00
1457.29	2821.10
1458.86	2830.51
1460.43	2824.23
1462.00	2840.98
1463.57	2825.28
1465.14	2827.37
1466.71	2813.77
1468.28	2827.37
1469.85	2830.51
1471.41	2844.12
1472.98	2831.56
1474.55	2838.88
1476.12	2823.19
1477.68	2828.42
1479.25	2843.07
1480.82	2838.88
1482.38	2840.98
1483.95	2827.37
1485.51	2833.65
1487.08	2845.16
1488.64	2843.07
1490.21	2846.21
1491.77	2824.23
1493.34	2846.21
1494.90	2831.56
1496.46	2834.70
1498.03	2840.98
1499.59	2842.02
1501.15	2844.12
1502.72	2845.16
1504.28	2843.07
1505.84	2839.93
1507.40	2848.30
1508.97	2861.90
1510.53	2849.35
1512.09	2868.18
1513.65	2862.95
1515.21	2867.14
1516.77	2854.58
1518.33	2865.04
1519.89	2860.86
1521.45	2852.49
1523.01	2861.90
1524.57	2869.23
1526.13	2860.86
1527.68	2864.00
1529.24	2874.46
1530.80	2869.23
1532.36	2870.28
1533.92	2860.86
1535.47	2849.35
1537.03	2852.49
1538.59	2868.18
1540.14	2858.77
1541.70	2851.44
1543.25	2875.51
1544.81	2866.09
1546.36	2873.42
1547.92	2859.81
1549.47	2867.14
1551.03	2859.81
1552.58	2847.26
1554.13	2858.77
1555.69	2867.14
1557.24	2856.67
1558.79	2855.63
1560.35	2851.44
1561.90	2861.90
1563.45	2852.49
1565.00	2859.81
1566.55	2855.63
1568.10	2859.81
1569.66	2838.88
1571.21	2853.53
1572.76	2857.72
1574.31	2859.81
1575.86	2856.67
1577.40	2844.12
1578.95	2846.21
1580.50	2843.07
1582.05	2835.74
1583.60	2846.21
1585.15	2836.79
1586.69	2847.26
1588.24	2842.02
1589.79	2844.12
1591.34	2822.14
1592.88	2853.53
1594.43	2827.37
1595.97	2837.84
1597.52	2839.93
1599.06	2839.93
1600.61	2835.74
1602.15	2848.30
1603.70	2829.47
1605.24	2827.37
1606.79	2826.33
1608.33	2823.19
1609.87	2827.37
1611.41	2837.84
1612.96	2836.79
1614.50	2821.10
1616.04	2824.23
1617.58	2829.47
1619.12	2819.00
1620.67	2826.33
1622.21	2800.17
1623.75	2817.96
1625.29	2809.58
1626.83	2811.68
1628.37	2820.05
1629.90	2804.35
1631.44	2795.98
1632.98	2793.89
1634.52	2786.56
1636.06	2782.38
1637.59	2797.03
1639.13	2777.15
1640.67	2776.10
1642.21	2762.50
1643.74	2764.59
1645.28	2749.94
1646.81	2732.15
1648.35	2750.99
1649.88	2717.50
1651.42	2726.92
1652.95	2704.94
1654.49	2729.01
1656.02	2703.90
1657.55	2712.27
1659.09	2693.43
1660.62	2718.55
1662.15	2699.71
1663.68	2702.85
1665.22	2687.16
1666.75	2692.39
1668.28	2688.20
1669.81	2703.90
1671.34	2689.25
1672.87	2692.39
1674.40	2692.39
1675.93	2682.97
1677.46	2665.18
1678.99	2666.23
1680.52	2668.32
1682.04	2689.25
1683.57	2674.60
1685.10	2677.74
1686.63	2670.41
1688.15	2676.69
1689.68	2662.04
1691.21	2666.23
1692.73	2669.37
1694.26	2682.97
1695.78	2665.18
1697.31	2668.32
1698.83	2661.00
1700.36	2663.09
1701.88	2657.86
1703.40	2672.51
1704.93	2654.72
1706.45	2650.53
