896.35	2805.40
897.98	2801.56
899.60	2807.84
901.22	2814.82
902.85	2818.65
904.47	2822.14
906.10	2824.23
907.72	2829.82
909.34	2829.47
910.97	2835.74
912.59	2835.40
914.21	2839.93
915.84	2843.42
917.46	2857.02
919.08	2859.81
920.71	2868.88
922.33	2866.79
923.95	2880.04
925.58	2875.86
927.20	2879.00
928.82	2877.60
930.44	2885.62
932.07	2881.79
933.69	2879.00
935.31	2878.30
936.93	2888.76
938.56	2892.95
940.18	2897.48
941.80	2896.44
943.42	2901.67
945.05	2896.78
946.67	2904.11
948.29	2893.65
949.91	2904.46
951.53	2902.02
953.16	2913.53
954.78	2904.46
956.40	2905.50
958.02	2900.62
959.64	2911.43
961.26	2909.34
962.88	2912.13
964.51	2910.74
966.13	2918.41
967.75	2914.22
969.37	2915.97
970.99	2909.34
972.61	2919.11
974.23	2913.18
975.85	2918.06
977.47	2910.74
979.09	2912.83
980.71	2906.90
982.33	2916.67
983.95	2921.20
985.57	2927.83
987.19	2926.08
988.81	2925.74
990.43	2922.25
992.05	2926.43
993.67	2926.78
995.29	2928.18
996.91	2928.18
998.53	2934.80
1000.15	2940.04
1001.77	2941.08
1003.39	2936.90
1005.01	2940.38
1006.63	2938.29
1008.25	2942.48
1009.86	2936.90
1011.48	2937.94
1013.10	2936.55
1014.72	2944.22
1016.34	2952.59
1017.96	2956.08
1019.58	2951.55
1021.19	2946.66
1022.81	2945.97
1024.43	2950.50
1026.05	2950.50
1027.66	2954.69
1029.28	2952.59
1030.90	2950.85
1032.52	2943.52
1034.13	2949.10
1035.75	2948.41
1037.37	2958.52
1038.98	2951.55
1040.60	2954.69
1042.22	2943.18
1043.83	2950.15
1045.45	2950.85
1047.07	2963.41
1048.68	2956.08
1050.30	2960.27
1051.92	2953.64
1053.53	2963.75
1055.15	2959.57
1056.76	2966.54
1058.38	2963.75
1059.99	2968.64
1061.61	2959.57
1063.22	2963.41
1064.84	2956.08
1066.46	2959.92
1068.07	2951.20
1069.68	2962.01
1071.30	2958.87
1072.91	2963.41
1074.53	2957.82
1076.14	2960.62
1077.76	2961.66
1079.37	2956.08
1080.98	2955.73
1082.60	2956.78
1084.21	2958.87
1085.83	2964.45
1087.44	2957.13
1089.05	2959.22
1090.67	2952.59
1092.28	2959.92
1093.89	2961.31
1095.50	2963.06
1097.12	2961.31
1098.73	2958.17
1100.34	2957.13
1101.95	2958.87
1103.57	2954.69
1105.18	2952.59
1106.79	2945.27
1108.40	2952.24
1110.01	2952.94
1111.63	2962.01
1113.24	2961.66
1114.85	2965.15
1116.46	2962.71
1118.07	2965.15
1119.68	2965.85
1121.29	2964.80
1122.90	2959.92
1124.51	2964.10
1126.12	2966.54
1127.73	2974.22
1129.34	2970.73
1130.95	2973.17
1132.56	2960.96
1134.17	2959.57
1135.78	2954.69
1137.39	2962.36
1139.00	2957.82
1140.61	2960.27
1142.22	2957.13
1143.83	2964.45
1145.44	2961.31
1147.05	2967.94
1148.65	2959.57
1150.26	2960.27
1151.87	2955.38
1153.48	2965.15
1155.09	2963.06
1156.69	2962.36
1158.30	2956.43
1159.91	2961.66
1161.52	2962.71
1163.12	2964.45
1164.73	2966.20
1166.34	2969.34
1167.94	2969.34
1169.55	2966.54
1171.16	2967.59
1172.76	2970.38
1174.37	2971.08
1175.97	2967.94
1177.58	2970.73
1179.19	2970.73
1180.79	2971.78
1182.40	2967.24
1184.00	2967.94
1185.61	2973.52
1187.21	2974.57
1188.82	2975.26
1190.42	2968.29
1192.02	2964.80
1193.63	2962.01
1195.23	2966.20
1196.84	2968.99
1198.44	2972.82
1200.04	2968.99
1201.65	2971.78
1203.25	2970.38
1204.85	2970.38
1206.46	2966.20
1208.06	2965.50
1209.66	2966.89
1211.26	2974.92
1212.87	2971.78
1214.47	2977.36
1216.07	2974.22
1217.67	2979.80
1219.27	2975.61
1220.87	2975.61
1222.48	2967.59
1224.08	2970.38
1225.68	2967.94
1227.28	2974.57
1228.88	2972.13
1230.48	2969.68
1232.08	2967.59
1233.68	2972.47
1235.28	2973.52
1236.88	2974.22
1238.48	2973.87
1240.08	2971.43
1241.68	2968.29
1243.28	2962.01
1244.87	2962.36
1246.47	2965.50
1248.07	2966.20
1249.67	2975.26
1251.27	2969.68
1252.87	2968.29
1254.46	2961.66
1256.06	2968.99
1257.66	2967.24
1259.26	2971.43
1260.85	2968.99
1262.45	2974.57
1264.05	2968.64
1265.64	2971.78
1267.24	2969.34
1268.83	2972.13
1270.43	2972.47
1272.03	2973.87
1273.62	2967.24
1275.22	2966.20
1276.81	2962.01
1278.41	2971.78
1280.00	2968.64
1281.60	2971.43
1283.19	2967.94
1284.79	2966.20
1286.38	2964.80
1287.97	2962.36
1289.57	2960.96
1291.16	2958.17
1292.75	2959.92
1294.35	2964.10
1295.94	2968.64
1297.53	2965.85
1299.12	2965.50
1300.72	2960.62
1302.31	2965.15
1303.90	2968.64
1305.49	2969.34
1307.08	2965.85
1308.68	2958.87
1310.27	2960.62
1311.86	2958.87
1313.45	2960.27
1315.04	2958.17
1316.63	2958.17
1318.22	2953.99
1319.81	2956.08
1321.40	2958.87
1322.99	2957.48
1324.58	2951.90
1326.17	2947.01
1327.75	2945.62
1329.34	2948.06
1330.93	2944.57
1332.52	2947.36
1334.11	2944.22
1335.70	2944.22
1337.28	2942.83
1338.87	2946.66
1340.46	2945.97
1342.05	2944.57
1343.63	2938.29
1345.22	2942.13
1346.81	2940.38
1348.39	2939.69
1349.98	2932.36
1351.56	2929.92
1353.15	2930.62
1354.73	2929.57
1356.32	2927.13
1357.90	2926.43
1359.49	2926.78
1361.07	2929.22
1362.66	2926.78
1364.24	2929.22
1365.82	2932.36
1367.41	2930.97
1368.99	2923.64
1370.57	2920.50
1372.16	2923.29
1373.74	2928.53
1375.32	2927.83
1376.91	2923.64
1378.49	2915.27
1380.07	2910.39
1381.65	2905.50
1383.23	2906.90
1384.81	2902.02
1386.39	2903.76
1387.97	2902.71
1389.55	2904.46
1391.14	2897.83
1392.72	2895.74
1394.29	2893.30
1395.87	2889.81
1397.45	2885.62
1399.03	2883.18
1400.61	2884.58
1402.19	2883.18
1403.77	2884.93
1405.35	2885.27
1406.92	2885.97
1408.50	2882.48
1410.08	2877.95
1411.66	2874.81
1413.23	2876.55
1414.81	2871.67
1416.39	2873.76
1417.96	2868.88
1419.54	2874.81
1421.12	2877.25
1422.69	2874.11
1424.27	2875.86
1425.84	2870.97
1427.42	2873.76
1428.99	2872.02
1430.57	2871.32
1432.14	2870.62
1433.71	2874.46
1435.29	2878.65
1436.86	2881.09
1438.43	2877.60
1440.01	2817.26
1441.58	2816.56
1443.15	2817.26
1444.72	2873.07
1446.30	2876.90
1447.87	2875.51
1449.44	2874.81
1451.01	2872.37
1452.58	2875.86
1454.15	2874.46
1455.72	2870.97
1457.29	2871.32
1458.86	2873.76
1460.43	2882.48
1462.00	2883.88
1463.57	2887.37
1465.14	2880.39
1466.71	2875.16
1468.28	2875.16
1469.85	2875.86
1471.41	2877.25
1472.98	2880.39
1474.55	2879.34
1476.12	2878.30
1477.68	2878.65
1479.25	2879.69
1480.82	2883.53
1482.38	2877.25
1483.95	2880.39
1485.51	2884.93
1487.08	2889.11
1488.64	2889.81
1490.21	2879.34
1491.77	2880.74
1493.34	2874.81
1494.90	2877.25
1496.46	2874.11
1498.03	2876.90
1499.59	2879.00
1501.15	2878.65
1502.72	2881.44
1504.28	2880.74
1505.84	2879.34
1507.40	2880.39
1508.97	2882.48
1510.53	2887.72
1512.09	2888.41
1513.65	2886.67
1515.21	2882.83
1516.77	2882.48
1518.33	2884.93
1519.89	2888.06
1521.45	2889.46
1523.01	2890.51
1524.57	2890.51
1526.13	2887.72
1527.68	2889.46
1529.24	2889.11
1530.80	2891.90
1532.36	2887.72
1533.92	2883.18
1535.47	2879.00
1537.03	2882.48
1538.59	2886.32
1540.14	2884.93
1541.70	2886.67
1543.25	2888.06
1544.81	2892.95
1546.36	2883.53
1547.92	2881.44
1549.47	2879.00
1551.03	2881.79
1552.58	2879.34
1554.13	2878.30
1555.69	2880.04
1557.24	2881.79
1558.79	2882.14
1560.35	2885.97
1561.90	2887.02
1563.45	2888.76
1565.00	2882.14
1566.55	2878.30
1568.10	2874.81
1569.66	2879.34
1571.21	2882.14
1572.76	2881.79
1574.31	2879.34
1575.86	2877.25
1577.40	2876.90
1578.95	2873.07
1580.50	2869.23
1582.05	2867.49
1583.60	2864.70
1585.15	2867.83
1586.69	2869.23
1588.24	2877.25
1589.79	2872.72
1591.34	2873.07
1592.88	2860.51
1594.43	2866.09
1595.97	2861.90
1597.52	2866.44
1599.06	2860.86
1600.61	2864.35
1602.15	2865.39
1603.70	2867.49
1605.24	2863.30
1606.79	2858.77
1608.33	2854.58
1609.87	2855.28
1611.41	2857.72
1612.96	2854.93
1614.50	2851.09
1616.04	2847.95
1617.58	2851.09
1619.12	2854.23
1620.67	2850.39
1622.21	2851.09
1623.75	2845.51
1625.29	2846.21
1626.83	2847.60
1628.37	2844.81
1629.90	2843.42
1631.44	2836.79
1632.98	2836.09
1634.52	2836.09
1636.06	2838.54
1637.59	2836.44
1639.13	2835.74
1640.67	2829.47
1642.21	2831.56
1643.74	2824.23
1645.28	2817.96
1646.81	2812.72
1648.35	2806.79
1649.88	2807.14
1651.42	2797.73
1652.95	2803.66
1654.49	2795.98
1656.02	2797.38
1657.55	2784.47
1659.09	2785.87
1660.62	2780.29
1662.15	2785.52
1663.68	2780.29
1665.22	2778.54
1666.75	2771.91
1668.28	2775.40
1669.81	2771.57
1671.34	2772.26
1672.87	2768.43
1674.40	2769.12
1675.93	2763.89
1677.46	2755.52
1678.99	2751.34
1680.52	2754.13
1682.04	2755.52
1683.57	2755.52
1685.10	2749.24
1686.63	2748.89
1688.15	2743.31
1689.68	2741.22
1691.21	2738.78
1692.73	2745.41
1694.26	2746.45
1695.78	2747.85
1697.31	2741.22
1698.83	2741.22
1700.36	2734.59
1701.88	2740.87
1703.40	2739.82
1704.93	2742.62
1706.45	2736.34
