896.35	3053.40
897.98	3063.86
899.60	3067.00
901.22	3097.34
902.85	3095.25
904.47	3104.67
906.10	3108.86
907.72	3119.32
909.34	3135.02
910.97	3147.57
912.59	3173.73
914.21	3207.22
915.84	3238.61
917.46	3285.70
919.08	3309.76
920.71	3332.78
922.33	3352.67
923.95	3368.36
925.58	3393.48
927.20	3392.43
928.82	3397.66
930.44	3425.91
932.07	3412.31
933.69	3417.54
935.31	3417.54
936.93	3436.38
938.56	3440.56
940.18	3456.26
941.80	3448.94
943.42	3471.96
945.05	3476.14
946.67	3464.63
948.29	3470.91
949.91	3463.58
951.53	3469.86
953.16	3476.14
954.78	3463.58
956.40	3457.31
958.02	3460.45
959.64	3473.00
961.26	3463.58
962.88	3465.68
964.51	3453.12
966.13	3474.05
967.75	3473.00
969.37	3462.54
970.99	3461.49
972.61	3465.68
974.23	3469.86
975.85	3473.00
977.47	3469.86
979.09	3464.63
980.71	3456.26
982.33	3470.91
983.95	3479.28
985.57	3491.84
987.19	3475.10
988.81	3492.88
990.43	3480.33
992.05	3482.42
993.67	3490.79
995.29	3496.02
996.91	3488.70
998.53	3513.81
1000.15	3512.77
1001.77	3524.28
1003.39	3524.28
1005.01	3530.55
1006.63	3535.79
1008.25	3537.88
1009.86	3542.06
1011.48	3549.39
1013.10	3550.44
1014.72	3559.85
1016.34	3564.04
1017.96	3579.74
1019.58	3562.99
1021.19	3570.32
1022.81	3575.55
1024.43	3595.43
1026.05	3582.87
1027.66	3599.62
1029.28	3588.11
1030.90	3596.48
1032.52	3596.48
1034.13	3606.94
1035.75	3614.27
1037.37	3613.22
1038.98	3622.64
1040.60	3615.31
1042.22	3597.52
1043.83	3611.13
1045.45	3612.17
1047.07	3615.31
1048.68	3625.78
1050.30	3613.22
1051.92	3628.92
1053.53	3617.41
1055.15	3621.59
1056.76	3614.27
1058.38	3617.41
1059.99	3625.78
1061.61	3615.31
1063.22	3614.27
1064.84	3616.36
1066.46	3612.17
1068.07	3609.03
1069.68	3606.94
1071.30	3611.13
1072.91	3611.13
1074.53	3592.29
1076.14	3617.41
1077.76	3599.62
1079.37	3602.76
1080.98	3579.74
1082.60	3595.43
1084.21	3592.29
1085.83	3587.06
1087.44	3590.20
1089.05	3573.46
1090.67	3568.22
1092.28	3569.27
1093.89	3570.32
1095.50	3577.64
1097.12	3561.95
1098.73	3582.87
1100.34	3555.67
1101.95	3569.27
1103.57	3566.13
1105.18	3560.90
1106.79	3557.76
1108.40	3570.32
1110.01	3565.09
1111.63	3577.64
1113.24	3572.41
1114.85	3569.27
1116.46	3571.36
1118.07	3577.64
1119.68	3559.85
1121.29	3569.27
1122.90	3556.71
1124.51	3559.85
1126.12	3572.41
1127.73	3579.74
1129.34	3574.50
1130.95	3575.55
1132.56	3568.22
1134.17	3554.62
1135.78	3556.71
1137.39	3557.76
1139.00	3546.25
1140.61	3555.67
1142.22	3559.85
1143.83	3549.39
1145.44	3553.58
1147.05	3551.48
1148.65	3554.62
1150.26	3543.11
1151.87	3536.83
1153.48	3545.20
1155.09	3545.20
1156.69	3552.53
1158.30	3528.46
1159.91	3533.69
1161.52	3545.20
1163.12	3550.44
1164.73	3538.93
1166.34	3552.53
1167.94	3538.93
1169.55	3554.62
1171.16	3542.06
1172.76	3553.58
1174.37	3553.58
1175.97	3551.48
1177.58	3532.65
1179.19	3551.48
1180.79	3531.60
1182.40	3539.97
1184.00	3531.60
1185.61	3545.20
1187.21	3544.16
1188.82	3547.30
1190.42	3545.20
1192.02	3544.16
1193.63	3531.60
1195.23	3536.83
1196.84	3534.74
1198.44	3538.93
1200.04	3542.06
1201.65	3545.20
1203.25	3542.06
1204.85	3541.02
1206.46	3509.63
1208.06	3529.51
1209.66	3520.09
1211.26	3527.42
1212.87	3539.97
1214.47	3518.00
1216.07	3523.23
1217.67	3518.00
1219.27	3522.18
1220.87	3514.86
1222.48	3509.63
1224.08	3504.39
1225.68	3499.16
1227.28	3506.49
1228.88	3500.21
1230.48	3507.53
1232.08	3487.65
1233.68	3500.21
1235.28	3502.30
1236.88	3479.28
1238.48	3468.82
1240.08	3506.49
1241.68	3467.77
1243.28	3475.10
1244.87	3461.49
1246.47	3462.54
1248.07	3458.35
1249.67	3458.35
1251.27	3457.31
1252.87	3442.66
1254.46	3438.47
1256.06	3441.61
1257.66	3436.38
1259.26	3434.29
1260.85	3446.84
1262.45	3425.91
1264.05	3431.15
1265.64	3425.91
1267.24	3419.64
1268.83	3431.15
1270.43	3419.64
1272.03	3440.56
1273.62	3418.59
1275.22	3409.17
1276.81	3412.31
1278.41	3403.94
1280.00	3407.08
1281.60	3399.75
1283.19	3384.06
1284.79	3398.71
1286.38	3392.43
1287.97	3402.89
1289.57	3388.24
1291.16	3388.24
1292.75	3372.55
1294.35	3384.06
1295.94	3375.69
1297.53	3383.01
1299.12	3371.50
1300.72	3384.06
1302.31	3350.57
1303.90	3378.83
1305.49	3376.73
1307.08	3354.76
1308.68	3344.30
1310.27	3350.57
1311.86	3347.43
1313.45	3343.25
1315.04	3338.02
1316.63	3334.88
1318.22	3334.88
1319.81	3323.37
1321.40	3330.69
1322.99	3336.97
1324.58	3302.44
1326.17	3306.62
1327.75	3298.25
1329.34	3297.21
1330.93	3290.93
1332.52	3286.74
1334.11	3278.37
1335.70	3278.37
1337.28	3272.09
1338.87	3271.05
1340.46	3270.00
1342.05	3265.82
1343.63	3257.44
1345.22	3257.44
1346.81	3265.82
1348.39	3255.35
1349.98	3245.93
1351.56	3230.24
1353.15	3226.05
1354.73	3232.33
1356.32	3215.59
1357.90	3205.12
1359.49	3211.40
1361.07	3193.61
1362.66	3186.29
1364.24	3187.34
1365.82	3186.29
1367.41	3191.52
1368.99	3163.27
1370.57	3159.08
1372.16	3165.36
1373.74	3147.57
1375.32	3137.11
1376.91	3123.50
1378.49	3106.76
1380.07	3068.05
1381.65	3059.67
1383.23	3049.21
1384.81	3040.84
1386.39	3029.33
1387.97	3030.38
1389.55	3020.96
1391.14	3005.26
1392.72	2993.75
1394.29	2985.38
1395.87	2968.64
1397.45	2955.03
1399.03	2957.13
1400.61	2946.66
1402.19	2936.20
1403.77	2924.69
1405.35	2942.48
1406.92	2923.64
1408.50	2916.32
1410.08	2920.50
1411.66	2910.04
1413.23	2914.22
1414.81	2916.32
1416.39	2890.16
1417.96	2895.39
1419.54	2891.20
1421.12	2904.81
1422.69	2901.67
1424.27	2888.06
1425.84	2896.44
1427.42	2893.30
1428.99	2895.39
1430.57	2894.34
1432.14	2875.51
1433.71	2878.65
1435.29	2893.30
1436.86	2883.88
1438.43	2880.74
1440.01	2880.74
1441.58	2758.31
1443.15	2880.74
1444.72	2882.83
1446.30	2878.65
1447.87	2895.39
1449.44	2877.60
1451.01	2860.86
1452.58	2870.28
1454.15	2875.51
1455.72	2870.28
1457.29	2871.32
1458.86	2874.46
1460.43	2868.18
1462.00	2891.20
1463.57	2875.51
1465.14	2879.69
1466.71	2867.14
1468.28	2867.14
1469.85	2874.46
1471.41	2885.97
1472.98	2877.60
1474.55	2880.74
1476.12	2872.37
1477.68	2874.46
1479.25	2879.69
1480.82	2874.46
1482.38	2883.88
1483.95	2870.28
1485.51	2890.16
1487.08	2893.30
1488.64	2881.79
1490.21	2887.02
1491.77	2874.46
1493.34	2901.67
1494.90	2881.79
1496.46	2885.97
1498.03	2892.25
1499.59	2894.34
1501.15	2894.34
1502.72	2900.62
1504.28	2898.53
1505.84	2893.30
1507.40	2887.02
1508.97	2902.71
1510.53	2901.67
1512.09	2917.36
1513.65	2920.50
1515.21	2907.95
1516.77	2903.76
1518.33	2913.18
1519.89	2910.04
1521.45	2905.85
1523.01	2908.99
1524.57	2919.46
1526.13	2908.99
1527.68	2918.41
1529.24	2926.78
1530.80	2904.81
1532.36	2918.41
1533.92	2914.22
1535.47	2910.04
1537.03	2910.04
1538.59	2919.46
1540.14	2914.22
1541.70	2902.71
1543.25	2927.83
1544.81	2915.27
1546.36	2916.32
1547.92	2908.99
1549.47	2915.27
1551.03	2919.46
1552.58	2908.99
1554.13	2911.09
1555.69	2908.99
1557.24	2906.90
1558.79	2905.85
1560.35	2893.30
1561.90	2904.81
1563.45	2891.20
1565.00	2913.18
1566.55	2896.44
1568.10	2893.30
1569.66	2896.44
1571.21	2904.81
1572.76	2900.62
1574.31	2904.81
1575.86	2904.81
1577.40	2891.20
1578.95	2895.39
1580.50	2894.34
1582.05	2883.88
1583.60	2889.11
1585.15	2878.65
1586.69	2887.02
1588.24	2895.39
1589.79	2907.95
1591.34	2880.74
1592.88	2900.62
1594.43	2872.37
1595.97	2888.06
1597.52	2887.02
1599.06	2885.97
1600.61	2876.55
1602.15	2894.34
1603.70	2874.46
1605.24	2878.65
1606.79	2875.51
1608.33	2864.00
1609.87	2862.95
1611.41	2879.69
1612.96	2877.60
1614.50	2869.23
1616.04	2864.00
1617.58	2873.42
1619.12	2867.14
1620.67	2874.46
1622.21	2847.26
1623.75	2867.14
1625.29	2845.16
1626.83	2850.39
1628.37	2864.00
1629.90	2847.26
1631.44	2838.88
1632.98	2835.74
1634.52	2815.86
1636.06	2820.05
1637.59	2839.93
1639.13	2817.96
1640.67	2803.31
1642.21	2793.89
1643.74	2783.42
1645.28	2766.68
1646.81	2764.59
1648.35	2770.87
1649.88	2746.80
1651.42	2757.26
1652.95	2734.24
1654.49	2754.13
1656.02	2735.29
1657.55	2737.38
1659.09	2715.41
1660.62	2726.92
1662.15	2707.04
1663.68	2712.27
1665.22	2704.94
1666.75	2703.90
1668.28	2696.57
1669.81	2719.59
1671.34	2703.90
1672.87	2712.27
1674.40	2717.50
1675.93	2705.99
1677.46	2682.97
1678.99	2677.74
1680.52	2682.97
1682.04	2696.57
1683.57	2686.11
1685.10	2689.25
1686.63	2681.92
1688.15	2679.83
1689.68	2674.60
1691.21	2679.83
1692.73	2682.97
1694.26	2693.43
1695.78	2676.69
1697.31	2675.65
1698.83	2665.18
1700.36	2679.83
1701.88	2663.09
1703.40	2680.88
1704.93	2669.37
1706.45	2671.46
