896.35	3154.90
897.98	3177.92
899.60	3175.82
901.22	3206.17
902.85	3192.57
904.47	3207.22
906.10	3212.45
907.72	3223.96
909.34	3234.42
910.97	3265.82
912.59	3287.79
914.21	3342.20
915.84	3373.59
917.46	3435.33
919.08	3461.49
920.71	3489.74
922.33	3512.77
923.95	3547.30
925.58	3560.90
927.20	3561.95
928.82	3574.50
930.44	3614.27
932.07	3595.43
933.69	3607.99
935.31	3611.13
936.93	3629.96
938.56	3626.82
940.18	3646.70
941.80	3634.15
943.42	3657.17
945.05	3659.26
946.67	3650.89
948.29	3650.89
949.91	3659.26
951.53	3665.54
953.16	3669.73
954.78	3661.35
956.40	3659.26
958.02	3657.17
959.64	3665.54
961.26	3645.66
962.88	3667.63
964.51	3639.38
966.13	3678.10
967.75	3660.31
969.37	3661.35
970.99	3650.89
972.61	3665.54
974.23	3655.08
975.85	3669.73
977.47	3660.31
979.09	3663.45
980.71	3642.52
982.33	3674.96
983.95	3672.86
985.57	3695.89
987.19	3669.73
988.81	3689.61
990.43	3679.14
992.05	3685.42
993.67	3691.70
995.29	3704.26
996.91	3688.56
998.53	3725.18
1000.15	3722.05
1001.77	3753.44
1003.39	3738.79
1005.01	3734.60
1006.63	3742.97
1008.25	3755.53
1009.86	3761.81
1011.48	3768.09
1013.10	3756.58
1014.72	3781.69
1016.34	3781.69
1017.96	3803.66
1019.58	3781.69
1021.19	3804.71
1022.81	3799.48
1024.43	3823.55
1026.05	3809.94
1027.66	3831.92
1029.28	3820.41
1030.90	3834.01
1032.52	3810.99
1034.13	3838.20
1035.75	3832.96
1037.37	3847.61
1038.98	3847.61
1040.60	3857.03
1042.22	3836.10
1043.83	3846.57
1045.45	3831.92
1047.07	3846.57
1048.68	3844.47
1050.30	3840.29
1051.92	3846.57
1053.53	3852.85
1055.15	3846.57
1056.76	3859.12
1058.38	3853.89
1059.99	3870.63
1061.61	3852.85
1063.22	3850.75
1064.84	3849.71
1066.46	3852.85
1068.07	3828.78
1069.68	3840.29
1071.30	3839.24
1072.91	3840.29
1074.53	3822.50
1076.14	3844.47
1077.76	3816.22
1079.37	3834.01
1080.98	3784.83
1082.60	3820.41
1084.21	3813.08
1085.83	3818.31
1087.44	3806.80
1089.05	3804.71
1090.67	3796.34
1092.28	3797.39
1093.89	3805.76
1095.50	3809.94
1097.12	3795.29
1098.73	3804.71
1100.34	3773.32
1101.95	3807.85
1103.57	3796.34
1105.18	3792.15
1106.79	3764.95
1108.40	3792.15
1110.01	3782.74
1111.63	3796.34
1113.24	3789.02
1114.85	3794.25
1116.46	3777.50
1118.07	3795.29
1119.68	3779.60
1121.29	3805.76
1122.90	3782.74
1124.51	3792.15
1126.12	3790.06
1127.73	3795.29
1129.34	3786.92
1130.95	3799.48
1132.56	3793.20
1134.17	3775.41
1135.78	3777.50
1137.39	3792.15
1139.00	3769.13
1140.61	3786.92
1142.22	3774.37
1143.83	3764.95
1145.44	3763.90
1147.05	3772.27
1148.65	3765.99
1150.26	3768.09
1151.87	3748.21
1153.48	3763.90
1155.09	3758.67
1156.69	3768.09
1158.30	3754.48
1159.91	3769.13
1161.52	3772.27
1163.12	3768.09
1164.73	3757.62
1166.34	3778.55
1167.94	3764.95
1169.55	3774.37
1171.16	3769.13
1172.76	3781.69
1174.37	3765.99
1175.97	3778.55
1177.58	3741.93
1179.19	3777.50
1180.79	3765.99
1182.40	3773.32
1184.00	3759.72
1185.61	3772.27
1187.21	3754.48
1188.82	3769.13
1190.42	3767.04
1192.02	3769.13
1193.63	3742.97
1195.23	3760.76
1196.84	3752.39
1198.44	3772.27
1200.04	3765.99
1201.65	3762.86
1203.25	3750.30
1204.85	3761.81
1206.46	3736.70
1208.06	3747.16
1209.66	3729.37
1211.26	3738.79
1212.87	3755.53
1214.47	3737.74
1216.07	3725.18
1217.67	3738.79
1219.27	3722.05
1220.87	3726.23
1222.48	3723.09
1224.08	3722.05
1225.68	3719.95
1227.28	3725.18
1228.88	3701.12
1230.48	3722.05
1232.08	3692.75
1233.68	3715.77
1235.28	3716.81
1236.88	3705.30
1238.48	3690.65
1240.08	3717.86
1241.68	3677.05
1243.28	3684.38
1244.87	3669.73
1246.47	3663.45
1248.07	3643.57
1249.67	3659.26
1251.27	3659.26
1252.87	3642.52
1254.46	3626.82
1256.06	3632.06
1257.66	3628.92
1259.26	3625.78
1260.85	3635.19
1262.45	3639.38
1264.05	3635.19
1265.64	3625.78
1267.24	3619.50
1268.83	3625.78
1270.43	3611.13
1272.03	3640.43
1273.62	3616.36
1275.22	3595.43
1276.81	3598.57
1278.41	3592.29
1280.00	3594.38
1281.60	3596.48
1283.19	3581.83
1284.79	3589.15
1286.38	3570.32
1287.97	3589.15
1289.57	3578.69
1291.16	3575.55
1292.75	3565.09
1294.35	3572.41
1295.94	3561.95
1297.53	3569.27
1299.12	3548.34
1300.72	3569.27
1302.31	3541.02
1303.90	3564.04
1305.49	3551.48
1307.08	3539.97
1308.68	3522.18
1310.27	3530.55
1311.86	3519.04
1313.45	3521.14
1315.04	3516.95
1316.63	3515.90
1318.22	3499.16
1319.81	3493.93
1321.40	3484.51
1322.99	3491.84
1324.58	3468.82
1326.17	3474.05
1327.75	3467.77
1329.34	3477.19
1330.93	3454.17
1332.52	3453.12
1334.11	3444.75
1335.70	3446.84
1337.28	3426.96
1338.87	3433.24
1340.46	3426.96
1342.05	3430.10
1343.63	3415.45
1345.22	3418.59
1346.81	3409.17
1348.39	3401.85
1349.98	3397.66
1351.56	3383.01
1353.15	3367.32
1354.73	3363.13
1356.32	3341.16
1357.90	3349.53
1359.49	3346.39
1361.07	3321.27
1362.66	3310.81
1364.24	3312.90
1365.82	3313.95
1367.41	3313.95
1368.99	3285.70
1370.57	3284.65
1372.16	3287.79
1373.74	3282.56
1375.32	3262.68
1376.91	3234.42
1378.49	3203.03
1380.07	3180.01
1381.65	3165.36
1383.23	3142.34
1384.81	3133.97
1386.39	3127.69
1387.97	3119.32
1389.55	3103.62
1391.14	3090.02
1392.72	3069.09
1394.29	3045.02
1395.87	3035.61
1397.45	3027.24
1399.03	3019.91
1400.61	3013.63
1402.19	2995.84
1403.77	2984.33
1405.35	2992.70
1406.92	2983.29
1408.50	2974.92
1410.08	2971.78
1411.66	2961.31
1413.23	2947.71
1414.81	2951.90
1416.39	2940.38
1417.96	2956.08
1419.54	2941.43
1421.12	2944.57
1422.69	2942.48
1424.27	2925.74
1425.84	2925.74
1427.42	2925.74
1428.99	2925.74
1430.57	2938.29
1432.14	2933.06
1433.71	2923.64
1435.29	2938.29
1436.86	2937.25
1438.43	2923.64
1440.01	2919.46
1441.58	2797.03
1443.15	2922.60
1444.72	2921.55
1446.30	2920.50
1447.87	2928.87
1449.44	2916.32
1451.01	2908.99
1452.58	2920.50
1454.15	2908.99
1455.72	2902.71
1457.29	2902.71
1458.86	2917.36
1460.43	2903.76
1462.00	2927.83
1463.57	2918.41
1465.14	2913.18
1466.71	2914.22
1468.28	2916.32
1469.85	2912.13
1471.41	2915.27
1472.98	2912.13
1474.55	2929.92
1476.12	2914.22
1477.68	2916.32
1479.25	2922.60
1480.82	2921.55
1482.38	2926.78
1483.95	2919.46
1485.51	2929.92
1487.08	2937.25
1488.64	2929.92
1490.21	2939.34
1491.77	2928.87
1493.34	2942.48
1494.90	2925.74
1496.46	2928.87
1498.03	2939.34
1499.59	2945.62
1501.15	2942.48
1502.72	2948.76
1504.28	2941.43
1505.84	2938.29
1507.40	2940.38
1508.97	2960.27
1510.53	2953.99
1512.09	2961.31
1513.65	2964.45
1515.21	2964.45
1516.77	2947.71
1518.33	2967.59
1519.89	2958.17
1521.45	2961.31
1523.01	2965.50
1524.57	2969.68
1526.13	2965.50
1527.68	2977.01
1529.24	2971.78
1530.80	2968.64
1532.36	2980.15
1533.92	2968.64
1535.47	2960.27
1537.03	2970.73
1538.59	2973.87
1540.14	2965.50
1541.70	2963.41
1543.25	2984.33
1544.81	2979.10
1546.36	2980.15
1547.92	2967.59
1549.47	2964.45
1551.03	2971.78
1552.58	2968.64
1554.13	2962.36
1555.69	2974.92
1557.24	2963.41
1558.79	2960.27
1560.35	2955.03
1561.90	2963.41
1563.45	2962.36
1565.00	2957.13
1566.55	2953.99
1568.10	2956.08
1569.66	2955.03
1571.21	2966.54
1572.76	2963.41
1574.31	2962.36
1575.86	2953.99
1577.40	2943.52
1578.95	2943.52
1580.50	2950.85
1582.05	2933.06
1583.60	2941.43
1585.15	2933.06
1586.69	2934.11
1588.24	2945.62
1589.79	2959.22
1591.34	2927.83
1592.88	2951.90
1594.43	2927.83
1595.97	2948.76
1597.52	2946.66
1599.06	2940.38
1600.61	2926.78
1602.15	2939.34
1603.70	2929.92
1605.24	2937.25
1606.79	2938.29
1608.33	2923.64
1609.87	2920.50
1611.41	2927.83
1612.96	2928.87
1614.50	2919.46
1616.04	2918.41
1617.58	2933.06
1619.12	2916.32
1620.67	2929.92
1622.21	2899.58
1623.75	2922.60
1625.29	2902.71
1626.83	2899.58
1628.37	2912.13
1629.90	2891.20
1631.44	2887.02
1632.98	2887.02
1634.52	2865.04
1636.06	2864.00
1637.59	2869.23
1639.13	2849.35
1640.67	2849.35
1642.21	2828.42
1643.74	2825.28
1645.28	2798.07
1646.81	2787.61
1648.35	2790.75
1649.88	2763.54
1651.42	2777.15
1652.95	2748.89
1654.49	2766.68
1656.02	2750.99
1657.55	2753.08
1659.09	2731.10
1660.62	2745.75
1662.15	2726.92
1663.68	2735.29
1665.22	2725.87
1666.75	2727.97
1668.28	2720.64
1669.81	2731.10
1671.34	2717.50
1672.87	2721.69
1674.40	2723.78
1675.93	2711.22
1677.46	2695.53
1678.99	2705.99
1680.52	2704.94
1682.04	2710.18
1683.57	2705.99
1685.10	2710.18
1686.63	2700.76
1688.15	2699.71
1689.68	2686.11
1691.21	2687.16
1692.73	2687.16
1694.26	2694.48
1695.78	2688.20
1697.31	2695.53
1698.83	2684.02
1700.36	2691.34
1701.88	2682.97
1703.40	2695.53
1704.93	2673.55
1706.45	2678.78
