896.35	3046.07
897.98	3056.54
899.60	3058.63
901.22	3085.83
902.85	3076.42
904.47	3079.56
906.10	3084.79
907.72	3096.30
909.34	3109.90
910.97	3128.74
912.59	3149.66
914.21	3182.10
915.84	3214.54
917.46	3257.44
919.08	3277.33
920.71	3302.44
922.33	3336.97
923.95	3343.25
925.58	3361.04
927.20	3359.99
928.82	3366.27
930.44	3391.38
932.07	3377.78
933.69	3380.92
935.31	3394.52
936.93	3407.08
938.56	3406.03
940.18	3424.87
941.80	3418.59
943.42	3433.24
945.05	3436.38
946.67	3423.82
948.29	3433.24
949.91	3429.05
951.53	3430.10
953.16	3443.70
954.78	3438.47
956.40	3433.24
958.02	3433.24
959.64	3438.47
961.26	3429.05
962.88	3433.24
964.51	3420.68
966.13	3446.84
967.75	3435.33
969.37	3426.96
970.99	3435.33
972.61	3431.15
974.23	3431.15
975.85	3440.56
977.47	3435.33
979.09	3440.56
980.71	3429.05
982.33	3445.80
983.95	3451.03
985.57	3462.54
987.19	3451.03
988.81	3458.35
990.43	3449.98
992.05	3454.17
993.67	3467.77
995.29	3473.00
996.91	3460.45
998.53	3492.88
1000.15	3485.56
1001.77	3492.88
1003.39	3491.84
1005.01	3493.93
1006.63	3497.07
1008.25	3509.63
1009.86	3516.95
1011.48	3512.77
1013.10	3503.35
1014.72	3529.51
1016.34	3526.37
1017.96	3549.39
1019.58	3534.74
1021.19	3538.93
1022.81	3523.23
1024.43	3558.81
1026.05	3546.25
1027.66	3568.22
1029.28	3565.09
1030.90	3569.27
1032.52	3553.58
1034.13	3569.27
1035.75	3576.60
1037.37	3579.74
1038.98	3594.38
1040.60	3574.50
1042.22	3561.95
1043.83	3567.18
1045.45	3575.55
1047.07	3581.83
1048.68	3584.97
1050.30	3579.74
1051.92	3586.01
1053.53	3591.25
1055.15	3587.06
1056.76	3589.15
1058.38	3573.46
1059.99	3589.15
1061.61	3577.64
1063.22	3578.69
1064.84	3582.87
1066.46	3574.50
1068.07	3570.32
1069.68	3577.64
1071.30	3579.74
1072.91	3572.41
1074.53	3564.04
1076.14	3575.55
1077.76	3567.18
1079.37	3572.41
1080.98	3534.74
1082.60	3561.95
1084.21	3546.25
1085.83	3550.44
1087.44	3566.13
1089.05	3546.25
1090.67	3536.83
1092.28	3542.06
1093.89	3544.16
1095.50	3549.39
1097.12	3543.11
1098.73	3549.39
1100.34	3519.04
1101.95	3537.88
1103.57	3534.74
1105.18	3532.65
1106.79	3513.81
1108.40	3532.65
1110.01	3533.69
1111.63	3541.02
1113.24	3544.16
1114.85	3535.79
1116.46	3520.09
1118.07	3541.02
1119.68	3525.32
1121.29	3533.69
1122.90	3526.37
1124.51	3533.69
1126.12	3535.79
1127.73	3542.06
1129.34	3532.65
1130.95	3537.88
1132.56	3532.65
1134.17	3512.77
1135.78	3526.37
1137.39	3535.79
1139.00	3515.90
1140.61	3527.42
1142.22	3537.88
1143.83	3522.18
1145.44	3521.14
1147.05	3521.14
1148.65	3522.18
1150.26	3504.39
1151.87	3496.02
1153.48	3506.49
1155.09	3513.81
1156.69	3514.86
1158.30	3500.21
1159.91	3505.44
1161.52	3513.81
1163.12	3524.28
1164.73	3516.95
1166.34	3526.37
1167.94	3507.53
1169.55	3521.14
1171.16	3521.14
1172.76	3528.46
1174.37	3516.95
1175.97	3525.32
1177.58	3509.63
1179.19	3525.32
1180.79	3505.44
1182.40	3510.67
1184.00	3510.67
1185.61	3522.18
1187.21	3520.09
1188.82	3514.86
1190.42	3514.86
1192.02	3509.63
1193.63	3498.12
1195.23	3520.09
1196.84	3515.90
1198.44	3510.67
1200.04	3507.53
1201.65	3509.63
1203.25	3503.35
1204.85	3504.39
1206.46	3486.61
1208.06	3496.02
1209.66	3482.42
1211.26	3488.70
1212.87	3500.21
1214.47	3494.98
1216.07	3493.93
1217.67	3496.02
1219.27	3483.47
1220.87	3483.47
1222.48	3478.23
1224.08	3467.77
1225.68	3465.68
1227.28	3470.91
1228.88	3461.49
1230.48	3485.56
1232.08	3456.26
1233.68	3463.58
1235.28	3464.63
1236.88	3461.49
1238.48	3451.03
1240.08	3477.19
1241.68	3437.42
1243.28	3441.61
1244.87	3421.73
1246.47	3426.96
1248.07	3426.96
1249.67	3437.42
1251.27	3438.47
1252.87	3410.22
1254.46	3406.03
1256.06	3409.17
1257.66	3407.08
1259.26	3404.99
1260.85	3412.31
1262.45	3407.08
1264.05	3399.75
1265.64	3402.89
1267.24	3400.80
1268.83	3414.40
1270.43	3387.20
1272.03	3409.17
1273.62	3390.34
1275.22	3380.92
1276.81	3393.48
1278.41	3388.24
1280.00	3394.52
1281.60	3381.97
1283.19	3375.69
1284.79	3378.83
1286.38	3359.99
1287.97	3386.15
1289.57	3373.59
1291.16	3364.18
1292.75	3353.71
1294.35	3367.32
1295.94	3351.62
1297.53	3363.13
1299.12	3349.53
1300.72	3358.94
1302.31	3332.78
1303.90	3352.67
1305.49	3346.39
1307.08	3330.69
1308.68	3334.88
1310.27	3326.51
1311.86	3323.37
1313.45	3325.46
1315.04	3322.32
1316.63	3319.18
1318.22	3319.18
1319.81	3310.81
1321.40	3308.72
1322.99	3315.00
1324.58	3291.98
1326.17	3286.74
1327.75	3276.28
1329.34	3282.56
1330.93	3276.28
1332.52	3268.95
1334.11	3266.86
1335.70	3268.95
1337.28	3260.58
1338.87	3258.49
1340.46	3252.21
1342.05	3245.93
1343.63	3239.66
1345.22	3242.79
1346.81	3251.17
1348.39	3237.56
1349.98	3235.47
1351.56	3230.24
1353.15	3214.54
1354.73	3210.36
1356.32	3192.57
1357.90	3190.47
1359.49	3190.47
1361.07	3170.59
1362.66	3163.27
1364.24	3160.13
1365.82	3171.64
1367.41	3171.64
1368.99	3147.57
1370.57	3138.15
1372.16	3140.25
1373.74	3135.02
1375.32	3130.83
1376.91	3117.23
1378.49	3093.16
1380.07	3070.14
1381.65	3049.21
1383.23	3032.47
1384.81	3030.38
1386.39	3026.19
1387.97	3025.14
1389.55	3011.54
1391.14	3005.26
1392.72	2979.10
1394.29	2978.06
1395.87	2965.50
1397.45	2950.85
1399.03	2952.94
1400.61	2948.76
1402.19	2928.87
1403.77	2916.32
1405.35	2926.78
1406.92	2919.46
1408.50	2920.50
1410.08	2917.36
1411.66	2911.09
1413.23	2904.81
1414.81	2905.85
1416.39	2885.97
1417.96	2897.48
1419.54	2893.30
1421.12	2893.30
1422.69	2905.85
1424.27	2884.93
1425.84	2892.25
1427.42	2875.51
1428.99	2879.69
1430.57	2878.65
1432.14	2871.32
1433.71	2873.42
1435.29	2891.20
1436.86	2894.34
1438.43	2884.93
1440.01	2878.65
1441.58	2754.13
1443.15	2873.42
1444.72	2876.55
1446.30	2869.23
1447.87	2874.46
1449.44	2875.51
1451.01	2868.18
1452.58	2878.65
1454.15	2864.00
1455.72	2866.09
1457.29	2865.04
1458.86	2868.18
1460.43	2864.00
1462.00	2889.11
1463.57	2871.32
1465.14	2870.28
1466.71	2866.09
1468.28	2867.14
1469.85	2875.51
1471.41	2873.42
1472.98	2869.23
1474.55	2883.88
1476.12	2874.46
1477.68	2873.42
1479.25	2883.88
1480.82	2875.51
1482.38	2875.51
1483.95	2869.23
1485.51	2876.55
1487.08	2891.20
1488.64	2883.88
1490.21	2891.20
1491.77	2874.46
1493.34	2892.25
1494.90	2880.74
1496.46	2882.83
1498.03	2892.25
1499.59	2892.25
1501.15	2896.44
1502.72	2890.16
1504.28	2901.67
1505.84	2890.16
1507.40	2888.06
1508.97	2904.81
1510.53	2896.44
1512.09	2906.90
1513.65	2914.22
1515.21	2911.09
1516.77	2898.53
1518.33	2915.27
1519.89	2906.90
1521.45	2901.67
1523.01	2898.53
1524.57	2913.18
1526.13	2903.76
1527.68	2913.18
1529.24	2919.46
1530.80	2906.90
1532.36	2916.32
1533.92	2914.22
1535.47	2897.48
1537.03	2906.90
1538.59	2916.32
1540.14	2910.04
1541.70	2896.44
1543.25	2916.32
1544.81	2907.95
1546.36	2912.13
1547.92	2905.85
1549.47	2912.13
1551.03	2912.13
1552.58	2904.81
1554.13	2907.95
1555.69	2912.13
1557.24	2906.90
1558.79	2903.76
1560.35	2896.44
1561.90	2903.76
1563.45	2894.34
1565.00	2894.34
1566.55	2895.39
1568.10	2897.48
1569.66	2890.16
1571.21	2905.85
1572.76	2906.90
1574.31	2901.67
1575.86	2899.58
1577.40	2879.69
1578.95	2887.02
1580.50	2882.83
1582.05	2873.42
1583.60	2878.65
1585.15	2878.65
1586.69	2885.97
1588.24	2884.93
1589.79	2891.20
1591.34	2876.55
1592.88	2901.67
1594.43	2864.00
1595.97	2872.37
1597.52	2874.46
1599.06	2880.74
1600.61	2872.37
1602.15	2880.74
1603.70	2865.04
1605.24	2875.51
1606.79	2876.55
1608.33	2862.95
1609.87	2865.04
1611.41	2873.42
1612.96	2870.28
1614.50	2858.77
1616.04	2857.72
1617.58	2865.04
1619.12	2859.81
1620.67	2864.00
1622.21	2832.61
1623.75	2853.53
1625.29	2842.02
1626.83	2845.16
1628.37	2850.39
1629.90	2826.33
1631.44	2830.51
1632.98	2840.98
1634.52	2819.00
1636.06	2815.86
1637.59	2822.14
1639.13	2803.31
1640.67	2804.35
1642.21	2782.38
1643.74	2781.33
1645.28	2759.36
1646.81	2766.68
1648.35	2775.05
1649.88	2733.20
1651.42	2740.52
1652.95	2723.78
1654.49	2740.52
1656.02	2724.83
1657.55	2726.92
1659.09	2707.04
1660.62	2726.92
1662.15	2710.18
1663.68	2720.64
1665.22	2707.04
1666.75	2711.22
1668.28	2704.94
1669.81	2713.32
1671.34	2699.71
1672.87	2701.81
1674.40	2703.90
1675.93	2698.67
1677.46	2684.02
1678.99	2689.25
1680.52	2687.16
1682.04	2697.62
1683.57	2681.92
1685.10	2689.25
1686.63	2676.69
1688.15	2682.97
1689.68	2673.55
1691.21	2678.78
1692.73	2675.65
1694.26	2679.83
1695.78	2668.32
1697.31	2679.83
1698.83	2671.46
1700.36	2681.92
1701.88	2670.41
1703.40	2678.78
1704.93	2657.86
1706.45	2669.37
