896.35	3011.54
897.98	3015.38
899.60	3025.14
901.22	3030.03
902.85	3034.56
904.47	3039.10
906.10	3044.33
907.72	3050.61
909.34	3057.23
910.97	3071.53
912.59	3084.09
914.21	3098.39
915.84	3119.32
917.46	3144.78
919.08	3163.62
920.71	3182.45
922.33	3193.96
923.95	3215.59
925.58	3220.47
927.20	3226.75
928.82	3229.19
930.44	3238.26
932.07	3242.10
933.69	3242.10
935.31	3246.28
936.93	3253.61
938.56	3260.58
940.18	3263.72
941.80	3268.95
943.42	3280.12
945.05	3284.30
946.67	3292.32
948.29	3283.95
949.91	3290.58
951.53	3289.53
953.16	3297.90
954.78	3293.02
956.40	3289.53
958.02	3283.60
959.64	3287.44
961.26	3288.49
962.88	3288.14
964.51	3288.84
966.13	3294.42
967.75	3295.11
969.37	3297.90
970.99	3294.77
972.61	3302.09
974.23	3297.90
975.85	3304.53
977.47	3303.83
979.09	3305.58
980.71	3300.00
982.33	3305.23
983.95	3313.95
985.57	3318.14
987.19	3319.18
988.81	3316.04
990.43	3315.00
992.05	3318.14
993.67	3321.62
995.29	3321.62
996.91	3327.20
998.53	3333.48
1000.15	3347.09
1001.77	3346.74
1003.39	3345.34
1005.01	3348.48
1006.63	3353.36
1008.25	3364.87
1009.86	3368.36
1011.48	3367.32
1013.10	3368.71
1014.72	3372.20
1016.34	3386.85
1017.96	3386.15
1019.58	3385.45
1021.19	3378.83
1022.81	3385.10
1024.43	3391.03
1026.05	3396.96
1027.66	3398.71
1029.28	3400.10
1030.90	3395.57
1032.52	3394.17
1034.13	3399.06
1035.75	3406.03
1037.37	3417.89
1038.98	3414.40
1040.60	3412.31
1042.22	3402.20
1043.83	3407.43
1045.45	3412.31
1047.07	3422.78
1048.68	3420.68
1050.30	3424.17
1051.92	3419.29
1053.53	3424.52
1055.15	3421.73
1056.76	3425.22
1058.38	3422.78
1059.99	3421.73
1061.61	3413.36
1063.22	3414.75
1064.84	3414.06
1066.46	3417.19
1068.07	3413.36
1069.68	3421.73
1071.30	3425.22
1072.91	3427.31
1074.53	3423.12
1076.14	3422.43
1077.76	3426.26
1079.37	3411.96
1080.98	3407.08
1082.60	3402.20
1084.21	3408.82
1085.83	3414.75
1087.44	3410.22
1089.05	3410.92
1090.67	3405.34
1092.28	3409.87
1093.89	3412.31
1095.50	3412.66
1097.12	3413.36
1098.73	3406.38
1100.34	3407.78
1101.95	3405.68
1103.57	3409.52
1105.18	3406.38
1106.79	3404.29
1108.40	3404.99
1110.01	3409.52
1111.63	3414.40
1113.24	3418.59
1114.85	3417.89
1116.46	3419.98
1118.07	3416.15
1119.68	3418.24
1121.29	3412.66
1122.90	3414.75
1124.51	3417.54
1126.12	3422.43
1127.73	3426.26
1129.34	3428.01
1130.95	3432.54
1132.56	3425.22
1134.17	3421.03
1135.78	3418.94
1137.39	3426.96
1139.00	3425.22
1140.61	3426.96
1142.22	3425.22
1143.83	3430.10
1145.44	3426.96
1147.05	3431.50
1148.65	3427.66
1150.26	3424.17
1151.87	3421.73
1153.48	3429.05
1155.09	3434.63
1156.69	3436.38
1158.30	3435.68
1159.91	3438.47
1161.52	3440.91
1163.12	3437.08
1164.73	3443.70
1166.34	3443.01
1167.94	3452.07
1169.55	3447.89
1171.16	3453.47
1172.76	3446.84
1174.37	3447.19
1175.97	3443.01
1177.58	3450.33
1179.19	3447.19
1180.79	3449.98
1182.40	3444.05
1184.00	3451.73
1185.61	3457.31
1187.21	3464.98
1188.82	3467.07
1190.42	3463.24
1192.02	3459.05
1193.63	3456.96
1195.23	3461.49
1196.84	3468.47
1198.44	3472.65
1200.04	3471.61
1201.65	3470.21
1203.25	3469.51
1204.85	3465.33
1206.46	3462.19
1208.06	3456.26
1209.66	3460.45
1211.26	3469.17
1212.87	3468.47
1214.47	3468.82
1216.07	3461.49
1217.67	3466.03
1219.27	3464.98
1220.87	3465.33
1222.48	3459.05
1224.08	3457.66
1225.68	3456.96
1227.28	3459.05
1228.88	3463.24
1230.48	3460.10
1232.08	3462.54
1233.68	3462.54
1235.28	3462.54
1236.88	3457.66
1238.48	3459.75
1240.08	3458.00
1241.68	3460.10
1243.28	3452.42
1244.87	3451.73
1246.47	3447.54
1248.07	3442.31
1249.67	3446.84
1251.27	3446.14
1252.87	3446.49
1254.46	3438.82
1256.06	3440.22
1257.66	3433.24
1259.26	3432.89
1260.85	3429.75
1262.45	3434.29
1264.05	3433.94
1265.64	3437.42
1267.24	3438.12
1268.83	3437.08
1270.43	3436.73
1272.03	3435.33
1273.62	3431.84
1275.22	3432.19
1276.81	3432.54
1278.41	3441.61
1280.00	3436.03
1281.60	3432.54
1283.19	3426.26
1284.79	3427.31
1286.38	3432.54
1287.97	3432.89
1289.57	3428.70
1291.16	3416.15
1292.75	3416.85
1294.35	3418.59
1295.94	3429.75
1297.53	3425.91
1299.12	3433.59
1300.72	3427.66
1302.31	3432.54
1303.90	3428.01
1305.49	3428.70
1307.08	3420.68
1308.68	3416.85
1310.27	3420.33
1311.86	3421.38
1313.45	3416.85
1315.04	3409.52
1316.63	3409.87
1318.22	3407.43
1319.81	3410.57
1321.40	3411.26
1322.99	3407.08
1324.58	3400.80
1326.17	3393.48
1327.75	3398.71
1329.34	3398.71
1330.93	3399.06
1332.52	3395.22
1334.11	3398.71
1335.70	3391.73
1337.28	3388.59
1338.87	3381.97
1340.46	3384.41
1342.05	3384.41
1343.63	3380.22
1345.22	3381.27
1346.81	3380.92
1348.39	3380.57
1349.98	3373.59
1351.56	3367.66
1353.15	3362.43
1354.73	3352.67
1356.32	3341.85
1357.90	3339.06
1359.49	3333.48
1361.07	3327.90
1362.66	3320.23
1364.24	3320.58
1365.82	3328.60
1367.41	3326.86
1368.99	3323.37
1370.57	3316.74
1372.16	3318.14
1373.74	3319.18
1375.32	3315.69
1376.91	3298.60
1378.49	3279.42
1380.07	3256.05
1381.65	3238.26
1383.23	3230.59
1384.81	3227.45
1386.39	3230.59
1387.97	3228.49
1389.55	3223.61
1391.14	3211.75
1392.72	3204.43
1394.29	3196.75
1395.87	3195.01
1397.45	3188.38
1399.03	3182.10
1400.61	3176.17
1402.19	3166.76
1403.77	3167.80
1405.35	3161.87
1406.92	3163.62
1408.50	3157.69
1410.08	3155.59
1411.66	3151.41
1413.23	3152.11
1414.81	3148.27
1416.39	3149.32
1417.96	3144.08
1419.54	3150.36
1421.12	3151.76
1422.69	3148.62
1424.27	3147.57
1425.84	3143.39
1427.42	3144.43
1428.99	3141.99
1430.57	3138.85
1432.14	3134.32
1433.71	3133.27
1435.29	3136.06
1436.86	3141.99
1438.43	3139.90
1440.01	3077.46
1441.58	3075.72
1443.15	3077.81
1444.72	3139.55
1446.30	3142.69
1447.87	3139.90
1449.44	3134.32
1451.01	3134.67
1452.58	3137.46
1454.15	3139.20
1455.72	3135.36
1457.29	3137.81
1458.86	3139.90
1460.43	3147.92
1462.00	3144.43
1463.57	3144.08
1465.14	3135.02
1466.71	3133.62
1468.28	3136.41
1469.85	3139.90
1471.41	3140.94
1472.98	3142.69
1474.55	3136.41
1476.12	3135.71
1477.68	3136.41
1479.25	3142.69
1480.82	3146.87
1482.38	3142.69
1483.95	3144.08
1485.51	3153.50
1487.08	3165.01
1488.64	3174.43
1490.21	3168.85
1491.77	3170.94
1493.34	3163.62
1494.90	3164.31
1496.46	3161.18
1498.03	3165.01
1499.59	3166.06
1501.15	3165.01
1502.72	3165.01
1504.28	3168.85
1505.84	3167.10
1507.40	3171.29
1508.97	3171.29
1510.53	3181.41
1512.09	3182.80
1513.65	3185.59
1515.21	3182.10
1516.77	3185.94
1518.33	3186.64
1519.89	3189.43
1521.45	3188.03
1523.01	3193.96
1524.57	3193.96
1526.13	3194.31
1527.68	3193.96
1529.24	3195.71
1530.80	3201.29
1532.36	3197.80
1533.92	3192.57
1535.47	3186.99
1537.03	3189.78
1538.59	3196.06
1540.14	3197.45
1541.70	3201.29
1543.25	3202.33
1544.81	3206.87
1546.36	3199.54
1547.92	3200.24
1549.47	3198.15
1551.03	3196.75
1552.58	3194.66
1554.13	3195.36
1555.69	3201.64
1557.24	3204.43
1558.79	3203.38
1560.35	3205.47
1561.90	3203.73
1563.45	3204.08
1565.00	3199.54
1566.55	3200.24
1568.10	3196.06
1569.66	3195.71
1571.21	3196.06
1572.76	3198.85
1574.31	3201.29
1575.86	3197.10
1577.40	3194.66
1578.95	3192.22
1580.50	3187.34
1582.05	3187.68
1583.60	3182.80
1585.15	3188.73
1586.69	3191.87
1588.24	3198.50
1589.79	3194.31
1591.34	3193.26
1592.88	3183.15
1594.43	3184.20
1595.97	3178.27
1597.52	3180.36
1599.06	3174.43
1600.61	3177.92
1602.15	3178.27
1603.70	3178.96
1605.24	3171.99
1606.79	3167.45
1608.33	3167.45
1609.87	3170.94
1611.41	3174.78
1612.96	3171.64
1614.50	3167.10
1616.04	3164.31
1617.58	3164.66
1619.12	3163.97
1620.67	3151.41
1622.21	3150.36
1623.75	3142.34
1625.29	3145.48
1626.83	3146.53
1628.37	3146.18
1629.90	3140.94
1631.44	3130.83
1632.98	3117.92
1634.52	3110.95
1636.06	3105.37
1637.59	3101.53
1639.13	3093.86
1640.67	3073.63
1642.21	3056.19
1643.74	3032.12
1645.28	3012.59
1646.81	2998.29
1648.35	2978.75
1649.88	2965.85
1651.42	2943.18
1652.95	2935.85
1654.49	2917.02
1656.02	2906.90
1657.55	2887.02
1659.09	2884.58
1660.62	2876.21
1662.15	2874.81
1663.68	2861.56
1665.22	2851.79
1666.75	2844.81
1668.28	2845.86
1669.81	2844.12
1671.34	2842.72
1672.87	2838.19
1674.40	2832.26
1675.93	2820.40
1677.46	2811.33
1678.99	2806.79
1680.52	2813.42
1682.04	2813.42
1683.57	2814.82
1685.10	2805.05
1686.63	2802.96
1688.15	2793.54
1689.68	2792.14
1691.21	2789.01
1692.73	2793.54
1694.26	2791.80
1695.78	2789.01
1697.31	2783.77
1698.83	2784.12
1700.36	2778.89
1701.88	2783.77
1703.40	2780.63
1704.93	2779.59
1706.45	2768.78
