896.35	2998.98
897.98	3006.31
899.60	3017.47
901.22	3023.05
902.85	3027.93
904.47	3033.51
906.10	3037.35
907.72	3044.33
909.34	3046.07
910.97	3058.28
912.59	3068.74
914.21	3084.79
915.84	3105.37
917.46	3131.88
919.08	3154.90
920.71	3174.08
922.33	3184.54
923.95	3204.08
925.58	3207.57
927.20	3213.50
928.82	3215.59
930.44	3227.45
932.07	3233.03
933.69	3233.38
935.31	3235.47
936.93	3243.14
938.56	3247.33
940.18	3250.47
941.80	3257.44
943.42	3268.95
945.05	3272.44
946.67	3278.02
948.29	3271.05
949.91	3280.46
951.53	3282.91
953.16	3290.58
954.78	3283.60
956.40	3279.42
958.02	3278.37
959.64	3286.05
961.26	3287.79
962.88	3283.95
964.51	3284.30
966.13	3287.09
967.75	3287.09
969.37	3286.74
970.99	3281.86
972.61	3287.79
974.23	3286.05
975.85	3291.98
977.47	3290.58
979.09	3289.53
980.71	3286.74
982.33	3293.37
983.95	3301.39
985.57	3303.83
987.19	3307.67
988.81	3306.28
990.43	3306.28
992.05	3304.88
993.67	3306.97
995.29	3310.11
996.91	3317.44
998.53	3323.02
1000.15	3333.13
1001.77	3333.13
1003.39	3334.18
1005.01	3336.27
1006.63	3341.16
1008.25	3348.83
1009.86	3349.18
1011.48	3349.53
1013.10	3352.32
1014.72	3358.25
1016.34	3369.76
1017.96	3370.80
1019.58	3371.15
1021.19	3366.97
1022.81	3373.25
1024.43	3378.13
1026.05	3383.71
1027.66	3384.76
1029.28	3388.24
1030.90	3386.15
1032.52	3385.45
1034.13	3391.38
1035.75	3394.87
1037.37	3405.68
1038.98	3402.54
1040.60	3402.20
1042.22	3393.13
1043.83	3395.57
1045.45	3396.27
1047.07	3402.20
1048.68	3399.41
1050.30	3402.89
1051.92	3400.80
1053.53	3407.08
1055.15	3404.64
1056.76	3408.47
1058.38	3408.13
1059.99	3408.82
1061.61	3402.20
1063.22	3400.80
1064.84	3401.15
1066.46	3403.24
1068.07	3401.85
1069.68	3407.43
1071.30	3409.17
1072.91	3408.13
1074.53	3408.13
1076.14	3407.78
1077.76	3409.17
1079.37	3395.22
1080.98	3394.87
1082.60	3396.27
1084.21	3403.59
1085.83	3403.24
1087.44	3395.92
1089.05	3393.82
1090.67	3390.69
1092.28	3395.22
1093.89	3399.41
1095.50	3401.50
1097.12	3400.45
1098.73	3390.34
1100.34	3388.59
1101.95	3388.24
1103.57	3394.87
1105.18	3395.22
1106.79	3394.52
1108.40	3396.27
1110.01	3400.10
1111.63	3407.43
1113.24	3407.78
1114.85	3403.24
1116.46	3400.10
1118.07	3400.10
1119.68	3409.52
1121.29	3405.68
1122.90	3406.73
1124.51	3404.64
1126.12	3410.57
1127.73	3411.61
1129.34	3414.06
1130.95	3415.45
1132.56	3410.92
1134.17	3404.99
1135.78	3403.59
1137.39	3410.92
1139.00	3410.92
1140.61	3414.40
1142.22	3412.31
1143.83	3417.19
1145.44	3414.75
1147.05	3419.64
1148.65	3418.24
1150.26	3416.15
1151.87	3414.40
1153.48	3421.03
1155.09	3426.96
1156.69	3425.22
1158.30	3418.94
1159.91	3419.98
1161.52	3424.87
1163.12	3424.52
1164.73	3425.91
1166.34	3425.22
1167.94	3432.54
1169.55	3432.89
1171.16	3438.82
1172.76	3437.77
1174.37	3438.12
1175.97	3434.63
1177.58	3441.96
1179.19	3441.26
1180.79	3442.66
1182.40	3436.38
1184.00	3441.61
1185.61	3446.49
1187.21	3447.19
1188.82	3447.54
1190.42	3445.10
1192.02	3443.01
1193.63	3440.56
1195.23	3444.05
1196.84	3451.73
1198.44	3454.86
1200.04	3456.96
1201.65	3457.31
1203.25	3458.70
1204.85	3449.63
1206.46	3443.70
1208.06	3437.08
1209.66	3437.77
1211.26	3446.14
1212.87	3449.28
1214.47	3458.70
1216.07	3453.47
1217.67	3452.42
1219.27	3447.19
1220.87	3451.03
1222.48	3448.94
1224.08	3451.73
1225.68	3446.49
1227.28	3447.19
1228.88	3444.05
1230.48	3442.66
1232.08	3446.14
1233.68	3452.42
1235.28	3455.21
1236.88	3449.98
1238.48	3448.94
1240.08	3446.14
1241.68	3449.98
1243.28	3439.87
1244.87	3436.03
1246.47	3426.96
1248.07	3424.87
1249.67	3429.75
1251.27	3429.05
1252.87	3426.61
1254.46	3418.24
1256.06	3420.33
1257.66	3419.64
1259.26	3422.08
1260.85	3419.64
1262.45	3420.33
1264.05	3418.94
1265.64	3420.68
1267.24	3422.08
1268.83	3420.68
1270.43	3424.52
1272.03	3423.47
1273.62	3421.38
1275.22	3418.59
1276.81	3415.45
1278.41	3419.29
1280.00	3415.10
1281.60	3416.50
1283.19	3413.36
1284.79	3410.92
1286.38	3411.26
1287.97	3410.92
1289.57	3413.01
1291.16	3407.78
1292.75	3407.43
1294.35	3407.08
1295.94	3409.87
1297.53	3403.94
1299.12	3404.29
1300.72	3397.31
1302.31	3407.43
1303.90	3407.78
1305.49	3411.61
1307.08	3401.15
1308.68	3396.96
1310.27	3396.27
1311.86	3399.41
1313.45	3396.96
1315.04	3396.62
1316.63	3393.82
1318.22	3391.73
1319.81	3389.99
1321.40	3394.87
1322.99	3392.08
1324.58	3391.03
1326.17	3382.66
1327.75	3381.97
1329.34	3377.78
1330.93	3373.59
1332.52	3377.08
1334.11	3379.18
1335.70	3377.08
1337.28	3371.15
1338.87	3366.97
1340.46	3368.36
1342.05	3363.13
1343.63	3360.34
1345.22	3361.39
1346.81	3362.78
1348.39	3360.69
1349.98	3353.02
1351.56	3344.64
1353.15	3339.41
1354.73	3328.95
1356.32	3322.32
1357.90	3313.60
1359.49	3310.46
1361.07	3305.58
1362.66	3302.09
1364.24	3299.30
1365.82	3304.53
1367.41	3302.44
1368.99	3297.90
1370.57	3290.23
1372.16	3289.53
1373.74	3291.28
1375.32	3288.49
1376.91	3276.28
1378.49	3257.10
1380.07	3237.91
1381.65	3222.22
1383.23	3216.29
1384.81	3212.10
1386.39	3213.15
1387.97	3211.05
1389.55	3208.26
1391.14	3197.45
1392.72	3190.47
1394.29	3180.36
1395.87	3173.73
1397.45	3165.71
1399.03	3159.43
1400.61	3154.90
1402.19	3146.18
1403.77	3146.18
1405.35	3144.08
1406.92	3143.04
1408.50	3137.81
1410.08	3136.41
1411.66	3133.27
1413.23	3133.97
1414.81	3124.90
1416.39	3128.74
1417.96	3125.60
1419.54	3132.22
1421.12	3132.22
1422.69	3125.95
1424.27	3124.90
1425.84	3120.02
1427.42	3122.81
1428.99	3123.16
1430.57	3119.32
1432.14	3117.23
1433.71	3120.37
1435.29	3125.25
1436.86	3127.34
1438.43	3119.67
1440.01	3054.09
1441.58	3051.65
1443.15	3055.14
1444.72	3115.48
1446.30	3118.97
1447.87	3114.78
1449.44	3111.30
1451.01	3110.95
1452.58	3114.09
1454.15	3116.88
1455.72	3112.34
1457.29	3111.99
1458.86	3110.25
1460.43	3121.06
1462.00	3120.37
1463.57	3125.95
1465.14	3118.27
1466.71	3119.67
1468.28	3123.85
1469.85	3129.09
1471.41	3128.39
1472.98	3128.39
1474.55	3123.85
1476.12	3124.55
1477.68	3125.60
1479.25	3128.39
1480.82	3136.76
1482.38	3132.57
1483.95	3135.02
1485.51	3139.55
1487.08	3150.01
1488.64	3155.94
1490.21	3147.57
1491.77	3148.27
1493.34	3141.99
1494.90	3144.43
1496.46	3145.48
1498.03	3151.76
1499.59	3152.46
1501.15	3147.22
1502.72	3145.83
1504.28	3148.27
1505.84	3148.27
1507.40	3152.11
1508.97	3153.15
1510.53	3162.22
1512.09	3165.01
1513.65	3168.50
1515.21	3163.27
1516.77	3164.31
1518.33	3165.71
1519.89	3170.24
1521.45	3166.76
1523.01	3165.71
1524.57	3162.57
1526.13	3165.71
1527.68	3172.34
1529.24	3176.52
1530.80	3180.36
1532.36	3176.87
1533.92	3173.38
1535.47	3169.20
1537.03	3170.94
1538.59	3177.22
1540.14	3177.57
1541.70	3181.75
1543.25	3182.10
1544.81	3187.68
1546.36	3182.45
1547.92	3188.03
1549.47	3185.59
1551.03	3183.85
1552.58	3177.57
1554.13	3179.66
1555.69	3178.27
1557.24	3177.22
1558.79	3168.50
1560.35	3174.78
1561.90	3174.78
1563.45	3183.15
1565.00	3178.96
1566.55	3180.01
1568.10	3175.82
1569.66	3181.75
1571.21	3184.20
1572.76	3187.34
1574.31	3183.15
1575.86	3178.62
1577.40	3175.82
1578.95	3176.17
1580.50	3172.34
1582.05	3172.34
1583.60	3167.10
1585.15	3169.20
1586.69	3168.50
1588.24	3172.69
1589.79	3169.20
1591.34	3171.29
1592.88	3166.76
1594.43	3173.38
1595.97	3169.90
1597.52	3172.34
1599.06	3164.31
1600.61	3164.31
1602.15	3158.38
1603.70	3159.08
1605.24	3154.55
1606.79	3152.11
1608.33	3151.76
1609.87	3150.71
1611.41	3155.94
1612.96	3151.06
1614.50	3149.66
1616.04	3149.32
1617.58	3150.36
1619.12	3151.06
1620.67	3136.41
1622.21	3135.02
1623.75	3128.04
1625.29	3130.48
1626.83	3131.53
1628.37	3129.43
1629.90	3121.06
1631.44	3113.39
1632.98	3106.41
1634.52	3104.67
1636.06	3097.69
1637.59	3088.62
1639.13	3079.90
1640.67	3061.42
1642.21	3046.77
1643.74	3024.10
1645.28	3000.73
1646.81	2982.59
1648.35	2960.62
1649.88	2949.80
1651.42	2929.57
1652.95	2926.78
1654.49	2911.78
1656.02	2903.06
1657.55	2882.83
1659.09	2881.44
1660.62	2871.67
1662.15	2871.32
1663.68	2857.37
1665.22	2853.53
1666.75	2846.56
1668.28	2849.00
1669.81	2843.07
1671.34	2839.93
1672.87	2834.00
1674.40	2829.82
1675.93	2819.70
1677.46	2808.89
1678.99	2801.21
1680.52	2806.10
1682.04	2806.10
1683.57	2808.89
1685.10	2797.38
1686.63	2794.24
1688.15	2789.70
1689.68	2790.05
1691.21	2790.40
1692.73	2793.54
1694.26	2794.94
1695.78	2790.75
1697.31	2779.24
1698.83	2775.05
1700.36	2770.52
1701.88	2779.24
1703.40	2776.10
1704.93	2775.75
1706.45	2768.78
