896.35	3008.40
897.98	3009.80
899.60	3018.86
901.22	3025.84
902.85	3029.33
904.47	3034.21
906.10	3039.44
907.72	3047.82
909.34	3052.00
910.97	3065.95
912.59	3078.86
914.21	3094.90
915.84	3114.09
917.46	3138.50
919.08	3155.25
920.71	3172.69
922.33	3181.75
923.95	3203.38
925.58	3210.01
927.20	3220.12
928.82	3226.40
930.44	3234.77
932.07	3235.47
933.69	3234.42
935.31	3236.52
936.93	3244.54
938.56	3249.42
940.18	3255.00
941.80	3262.33
943.42	3272.79
945.05	3272.79
946.67	3278.37
948.29	3271.05
949.91	3280.12
951.53	3280.46
953.16	3285.70
954.78	3279.42
956.40	3275.93
958.02	3273.84
959.64	3280.12
961.26	3281.51
962.88	3280.12
964.51	3281.86
966.13	3288.49
967.75	3288.84
969.37	3290.93
970.99	3285.35
972.61	3291.98
974.23	3290.23
975.85	3296.86
977.47	3295.81
979.09	3294.42
980.71	3290.93
982.33	3295.81
983.95	3302.44
985.57	3304.88
987.19	3309.42
988.81	3309.07
990.43	3311.86
992.05	3311.86
993.67	3311.51
995.29	3310.11
996.91	3317.44
998.53	3326.16
1000.15	3337.32
1001.77	3336.62
1003.39	3335.58
1005.01	3340.81
1006.63	3346.04
1008.25	3356.50
1009.86	3355.46
1011.48	3353.02
1013.10	3353.36
1014.72	3358.25
1016.34	3371.85
1017.96	3372.20
1019.58	3371.50
1021.19	3366.97
1022.81	3373.94
1024.43	3378.48
1026.05	3381.62
1027.66	3384.76
1029.28	3391.03
1030.90	3391.03
1032.52	3387.90
1034.13	3389.99
1035.75	3396.62
1037.37	3409.87
1038.98	3408.82
1040.60	3407.08
1042.22	3397.31
1043.83	3401.85
1045.45	3406.03
1047.07	3413.36
1048.68	3409.17
1050.30	3410.22
1051.92	3407.08
1053.53	3412.31
1055.15	3409.17
1056.76	3414.40
1058.38	3413.01
1059.99	3418.24
1061.61	3411.26
1063.22	3414.06
1064.84	3409.87
1066.46	3411.96
1068.07	3410.57
1069.68	3413.01
1071.30	3413.36
1072.91	3406.38
1074.53	3404.99
1076.14	3402.89
1077.76	3407.43
1079.37	3396.96
1080.98	3397.31
1082.60	3397.31
1084.21	3403.94
1085.83	3403.59
1087.44	3395.57
1089.05	3392.78
1090.67	3388.94
1092.28	3395.22
1093.89	3399.75
1095.50	3398.71
1097.12	3399.75
1098.73	3392.78
1100.34	3395.57
1101.95	3393.13
1103.57	3393.48
1105.18	3393.13
1106.79	3391.38
1108.40	3398.36
1110.01	3402.89
1111.63	3408.82
1113.24	3410.22
1114.85	3408.13
1116.46	3405.68
1118.07	3403.24
1119.68	3406.38
1121.29	3405.34
1122.90	3405.34
1124.51	3403.59
1126.12	3409.52
1127.73	3416.50
1129.34	3425.22
1130.95	3426.61
1132.56	3415.10
1134.17	3406.73
1135.78	3405.68
1137.39	3413.71
1139.00	3413.01
1140.61	3413.71
1142.22	3412.66
1143.83	3415.45
1145.44	3413.71
1147.05	3420.33
1148.65	3419.29
1150.26	3418.94
1151.87	3416.50
1153.48	3421.38
1155.09	3424.52
1156.69	3422.78
1158.30	3418.24
1159.91	3421.03
1161.52	3424.52
1163.12	3427.66
1164.73	3431.50
1166.34	3430.45
1167.94	3433.94
1169.55	3432.89
1171.16	3441.26
1172.76	3439.52
1174.37	3440.56
1175.97	3436.38
1177.58	3444.75
1179.19	3441.26
1180.79	3442.31
1182.40	3434.29
1184.00	3439.52
1185.61	3445.45
1187.21	3455.21
1188.82	3456.61
1190.42	3453.12
1192.02	3440.56
1193.63	3436.73
1195.23	3440.22
1196.84	3452.42
1198.44	3457.31
1200.04	3457.31
1201.65	3455.91
1203.25	3461.14
1204.85	3455.56
1206.46	3452.77
1208.06	3443.01
1209.66	3448.94
1211.26	3455.56
1212.87	3457.31
1214.47	3458.35
1216.07	3454.86
1217.67	3455.21
1219.27	3450.68
1220.87	3450.68
1222.48	3445.80
1224.08	3447.54
1225.68	3445.10
1227.28	3446.84
1228.88	3446.84
1230.48	3444.05
1232.08	3444.75
1233.68	3446.49
1235.28	3449.28
1236.88	3449.28
1238.48	3452.42
1240.08	3446.49
1241.68	3445.45
1243.28	3438.12
1244.87	3437.42
1246.47	3430.80
1248.07	3426.26
1249.67	3433.59
1251.27	3433.59
1252.87	3431.15
1254.46	3420.33
1256.06	3420.33
1257.66	3418.59
1259.26	3421.38
1260.85	3422.43
1262.45	3426.61
1264.05	3426.96
1265.64	3430.45
1267.24	3429.40
1268.83	3427.31
1270.43	3428.01
1272.03	3425.57
1273.62	3421.73
1275.22	3419.29
1276.81	3416.15
1278.41	3420.33
1280.00	3417.19
1281.60	3420.68
1283.19	3418.59
1284.79	3418.59
1286.38	3419.29
1287.97	3419.64
1289.57	3418.59
1291.16	3412.31
1292.75	3412.66
1294.35	3411.96
1295.94	3416.85
1297.53	3413.36
1299.12	3415.80
1300.72	3408.82
1302.31	3413.71
1303.90	3413.71
1305.49	3416.50
1307.08	3407.43
1308.68	3398.71
1310.27	3396.62
1311.86	3399.41
1313.45	3400.80
1315.04	3396.96
1316.63	3393.82
1318.22	3389.64
1319.81	3393.13
1321.40	3397.31
1322.99	3396.96
1324.58	3394.87
1326.17	3388.24
1327.75	3387.90
1329.34	3381.97
1330.93	3377.78
1332.52	3372.90
1334.11	3373.59
1335.70	3371.85
1337.28	3371.15
1338.87	3371.85
1340.46	3370.80
1342.05	3371.15
1343.63	3366.27
1345.22	3367.32
1346.81	3361.39
1348.39	3354.41
1349.98	3347.78
1351.56	3345.34
1353.15	3343.95
1354.73	3331.04
1356.32	3320.23
1357.90	3312.90
1359.49	3312.90
1361.07	3307.67
1362.66	3303.49
1364.24	3304.53
1365.82	3313.25
1367.41	3310.81
1368.99	3303.83
1370.57	3295.81
1372.16	3296.86
1373.74	3297.56
1375.32	3295.11
1376.91	3281.16
1378.49	3260.93
1380.07	3241.05
1381.65	3226.75
1383.23	3224.31
1384.81	3219.77
1386.39	3219.42
1387.97	3216.98
1389.55	3213.50
1391.14	3203.03
1392.72	3192.57
1394.29	3182.45
1395.87	3177.57
1397.45	3170.94
1399.03	3165.71
1400.61	3162.22
1402.19	3155.25
1403.77	3155.25
1405.35	3146.87
1406.92	3146.18
1408.50	3136.41
1410.08	3135.02
1411.66	3129.78
1413.23	3132.92
1414.81	3124.55
1416.39	3125.95
1417.96	3120.37
1419.54	3126.64
1421.12	3126.30
1422.69	3123.16
1424.27	3123.85
1425.84	3120.71
1427.42	3123.16
1428.99	3121.76
1430.57	3118.62
1432.14	3116.88
1433.71	3118.97
1435.29	3124.90
1436.86	3126.99
1438.43	3123.16
1440.01	3055.49
1441.58	3054.44
1443.15	3058.28
1444.72	3122.11
1446.30	3124.90
1447.87	3121.76
1449.44	3116.18
1451.01	3114.78
1452.58	3115.83
1454.15	3120.02
1455.72	3119.32
1457.29	3120.02
1458.86	3115.83
1460.43	3120.37
1462.00	3120.02
1463.57	3127.69
1465.14	3120.37
1466.71	3118.62
1468.28	3119.32
1469.85	3125.60
1471.41	3126.99
1472.98	3130.83
1474.55	3123.85
1476.12	3123.16
1477.68	3121.76
1479.25	3128.39
1480.82	3135.02
1482.38	3132.92
1483.95	3135.02
1485.51	3140.60
1487.08	3149.32
1488.64	3158.73
1490.21	3154.90
1491.77	3157.69
1493.34	3148.62
1494.90	3147.57
1496.46	3147.57
1498.03	3150.71
1499.59	3155.59
1501.15	3151.76
1502.72	3152.80
1504.28	3151.41
1505.84	3152.80
1507.40	3161.87
1508.97	3164.66
1510.53	3171.64
1512.09	3169.90
1513.65	3170.59
1515.21	3166.41
1516.77	3167.80
1518.33	3169.90
1519.89	3169.20
1521.45	3165.36
1523.01	3168.50
1524.57	3172.34
1526.13	3176.87
1527.68	3180.71
1529.24	3182.45
1530.80	3186.64
1532.36	3181.75
1533.92	3177.92
1535.47	3173.03
1537.03	3177.57
1538.59	3181.75
1540.14	3180.71
1541.70	3182.80
1543.25	3185.94
1544.81	3193.26
1546.36	3188.03
1547.92	3188.38
1549.47	3185.24
1551.03	3188.38
1552.58	3186.99
1554.13	3189.78
1555.69	3189.78
1557.24	3189.43
1558.79	3184.89
1560.35	3186.99
1561.90	3186.64
1563.45	3188.03
1565.00	3183.85
1566.55	3185.94
1568.10	3184.89
1569.66	3186.64
1571.21	3187.68
1572.76	3190.13
1574.31	3189.43
1575.86	3183.50
1577.40	3181.06
1578.95	3180.71
1580.50	3176.52
1582.05	3175.13
1583.60	3170.94
1585.15	3175.13
1586.69	3175.82
1588.24	3180.36
1589.79	3177.22
1591.34	3179.66
1592.88	3170.24
1594.43	3176.17
1595.97	3169.55
1597.52	3175.13
1599.06	3167.10
1600.61	3170.59
1602.15	3164.66
1603.70	3164.31
1605.24	3155.25
1606.79	3152.46
1608.33	3151.06
1609.87	3155.59
1611.41	3161.87
1612.96	3159.43
1614.50	3155.25
1616.04	3154.20
1617.58	3153.85
1619.12	3153.50
1620.67	3140.94
1622.21	3142.34
1623.75	3136.06
1625.29	3138.50
1626.83	3137.46
1628.37	3136.76
1629.90	3128.39
1631.44	3120.02
1632.98	3109.55
1634.52	3104.67
1636.06	3097.34
1637.59	3090.02
1639.13	3079.90
1640.67	3060.37
1642.21	3043.63
1643.74	3020.96
1645.28	2998.98
1646.81	2982.94
1648.35	2961.31
1649.88	2949.45
1651.42	2928.18
1652.95	2927.13
1654.49	2911.78
1656.02	2905.50
1657.55	2884.58
1659.09	2880.39
1660.62	2869.58
1662.15	2869.93
1663.68	2859.46
1665.22	2855.28
1666.75	2848.30
1668.28	2851.09
1669.81	2845.51
1671.34	2843.07
1672.87	2836.09
1674.40	2832.61
1675.93	2823.19
1677.46	2814.47
1678.99	2806.79
1680.52	2809.58
1682.04	2806.10
1683.57	2809.93
1685.10	2803.31
1686.63	2805.40
1688.15	2795.98
1689.68	2792.84
1691.21	2786.22
1692.73	2789.70
1694.26	2789.35
1695.78	2787.26
1697.31	2779.24
1698.83	2776.45
1700.36	2773.31
1701.88	2778.19
1703.40	2774.70
1704.93	2775.75
1706.45	2774.01
