896.35	2985.38
897.98	2992.70
899.60	3002.12
901.22	3027.24
902.85	3014.68
904.47	3028.28
906.10	3029.33
907.72	3034.56
909.34	3043.98
910.97	3073.28
912.59	3097.34
914.21	3118.27
915.84	3135.02
917.46	3185.24
919.08	3197.80
920.71	3228.14
922.33	3248.03
923.95	3254.30
925.58	3280.46
927.20	3282.56
928.82	3289.88
930.44	3308.72
932.07	3300.35
933.69	3298.25
935.31	3310.81
936.93	3319.18
938.56	3320.23
940.18	3338.02
941.80	3332.78
943.42	3338.02
945.05	3356.85
946.67	3340.11
948.29	3350.57
949.91	3345.34
951.53	3350.57
953.16	3363.13
954.78	3355.81
956.40	3345.34
958.02	3349.53
959.64	3352.67
961.26	3349.53
962.88	3353.71
964.51	3341.16
966.13	3364.18
967.75	3355.81
969.37	3347.43
970.99	3346.39
972.61	3348.48
974.23	3345.34
975.85	3366.27
977.47	3367.32
979.09	3370.46
980.71	3359.99
982.33	3367.32
983.95	3370.46
985.57	3384.06
987.19	3366.27
988.81	3383.01
990.43	3370.46
992.05	3383.01
993.67	3393.48
995.29	3396.62
996.91	3376.73
998.53	3407.08
1000.15	3403.94
1001.77	3415.45
1003.39	3415.45
1005.01	3416.50
1006.63	3421.73
1008.25	3431.15
1009.86	3438.47
1011.48	3436.38
1013.10	3437.42
1014.72	3449.98
1016.34	3452.07
1017.96	3467.77
1019.58	3443.70
1021.19	3453.12
1022.81	3454.17
1024.43	3474.05
1026.05	3464.63
1027.66	3486.61
1029.28	3480.33
1030.90	3491.84
1032.52	3458.35
1034.13	3481.37
1035.75	3487.65
1037.37	3494.98
1038.98	3500.21
1040.60	3499.16
1042.22	3490.79
1043.83	3498.12
1045.45	3484.51
1047.07	3497.07
1048.68	3494.98
1050.30	3498.12
1051.92	3506.49
1053.53	3500.21
1055.15	3500.21
1056.76	3498.12
1058.38	3492.88
1059.99	3509.63
1061.61	3501.26
1063.22	3498.12
1064.84	3501.26
1066.46	3496.02
1068.07	3486.61
1069.68	3494.98
1071.30	3493.93
1072.91	3488.70
1074.53	3482.42
1076.14	3505.44
1077.76	3486.61
1079.37	3492.88
1080.98	3460.45
1082.60	3475.10
1084.21	3484.51
1085.83	3477.19
1087.44	3475.10
1089.05	3463.58
1090.67	3462.54
1092.28	3466.72
1093.89	3469.86
1095.50	3474.05
1097.12	3458.35
1098.73	3476.14
1100.34	3448.94
1101.95	3461.49
1103.57	3459.40
1105.18	3456.26
1106.79	3451.03
1108.40	3473.00
1110.01	3466.72
1111.63	3476.14
1113.24	3468.82
1114.85	3464.63
1116.46	3460.45
1118.07	3476.14
1119.68	3463.58
1121.29	3482.42
1122.90	3458.35
1124.51	3469.86
1126.12	3477.19
1127.73	3482.42
1129.34	3479.28
1130.95	3488.70
1132.56	3481.37
1134.17	3460.45
1135.78	3467.77
1137.39	3477.19
1139.00	3474.05
1140.61	3485.56
1142.22	3480.33
1143.83	3471.96
1145.44	3468.82
1147.05	3473.00
1148.65	3473.00
1150.26	3468.82
1151.87	3459.40
1153.48	3474.05
1155.09	3490.79
1156.69	3489.74
1158.30	3468.82
1159.91	3482.42
1161.52	3482.42
1163.12	3486.61
1164.73	3475.10
1166.34	3496.02
1167.94	3478.23
1169.55	3487.65
1171.16	3483.47
1172.76	3488.70
1174.37	3492.88
1175.97	3507.53
1177.58	3470.91
1179.19	3498.12
1180.79	3480.33
1182.40	3497.07
1184.00	3483.47
1185.61	3500.21
1187.21	3485.56
1188.82	3488.70
1190.42	3482.42
1192.02	3483.47
1193.63	3469.86
1195.23	3493.93
1196.84	3490.79
1198.44	3493.93
1200.04	3490.79
1201.65	3490.79
1203.25	3484.51
1204.85	3489.74
1206.46	3469.86
1208.06	3484.51
1209.66	3477.19
1211.26	3475.10
1212.87	3483.47
1214.47	3468.82
1216.07	3466.72
1217.67	3470.91
1219.27	3463.58
1220.87	3468.82
1222.48	3465.68
1224.08	3462.54
1225.68	3454.17
1227.28	3462.54
1228.88	3459.40
1230.48	3464.63
1232.08	3442.66
1233.68	3462.54
1235.28	3462.54
1236.88	3449.98
1238.48	3434.29
1240.08	3462.54
1241.68	3425.91
1243.28	3429.05
1244.87	3429.05
1246.47	3429.05
1248.07	3414.40
1249.67	3414.40
1251.27	3417.54
1252.87	3406.03
1254.46	3400.80
1256.06	3403.94
1257.66	3404.99
1259.26	3396.62
1260.85	3403.94
1262.45	3392.43
1264.05	3401.85
1265.64	3406.03
1267.24	3386.15
1268.83	3397.66
1270.43	3387.20
1272.03	3407.08
1273.62	3392.43
1275.22	3379.87
1276.81	3394.52
1278.41	3385.10
1280.00	3392.43
1281.60	3380.92
1283.19	3369.41
1284.79	3390.34
1286.38	3373.59
1287.97	3372.55
1289.57	3357.90
1291.16	3366.27
1292.75	3355.81
1294.35	3368.36
1295.94	3354.76
1297.53	3357.90
1299.12	3349.53
1300.72	3369.41
1302.31	3340.11
1303.90	3372.55
1305.49	3355.81
1307.08	3341.16
1308.68	3330.69
1310.27	3341.16
1311.86	3332.78
1313.45	3331.74
1315.04	3325.46
1316.63	3334.88
1318.22	3326.51
1319.81	3318.14
1321.40	3316.04
1322.99	3320.23
1324.58	3293.02
1326.17	3306.62
1327.75	3293.02
1329.34	3307.67
1330.93	3291.98
1332.52	3296.16
1334.11	3288.84
1335.70	3293.02
1337.28	3291.98
1338.87	3289.88
1340.46	3285.70
1342.05	3279.42
1343.63	3266.86
1345.22	3266.86
1346.81	3267.91
1348.39	3259.54
1349.98	3265.82
1351.56	3255.35
1353.15	3242.79
1354.73	3242.79
1356.32	3218.73
1357.90	3215.59
1359.49	3215.59
1361.07	3211.40
1362.66	3199.89
1364.24	3206.17
1365.82	3199.89
1367.41	3207.22
1368.99	3185.24
1370.57	3181.06
1372.16	3181.06
1373.74	3189.43
1375.32	3174.78
1376.91	3154.90
1378.49	3125.60
1380.07	3101.53
1381.65	3098.39
1383.23	3080.60
1384.81	3079.56
1386.39	3077.46
1387.97	3077.46
1389.55	3079.56
1391.14	3064.91
1392.72	3043.98
1394.29	3038.75
1395.87	3033.51
1397.45	3027.24
1399.03	3023.05
1400.61	3017.82
1402.19	3009.45
1403.77	2993.75
1405.35	3013.63
1406.92	2995.84
1408.50	2995.84
1410.08	2989.57
1411.66	2996.89
1413.23	2987.47
1414.81	2987.47
1416.39	2966.54
1417.96	2983.29
1419.54	2969.68
1421.12	2982.24
1422.69	2986.43
1424.27	2959.22
1425.84	2967.59
1427.42	2969.68
1428.99	2973.87
1430.57	2971.78
1432.14	2963.41
1433.71	2964.45
1435.29	2972.82
1436.86	2966.54
1438.43	2958.17
1440.01	2959.22
1441.58	2825.28
1443.15	2957.13
1444.72	2971.78
1446.30	2958.17
1447.87	2961.31
1449.44	2948.76
1451.01	2941.43
1452.58	2953.99
1454.15	2958.17
1455.72	2944.57
1457.29	2943.52
1458.86	2955.03
1460.43	2944.57
1462.00	2963.41
1463.57	2948.76
1465.14	2956.08
1466.71	2943.52
1468.28	2945.62
1469.85	2949.80
1471.41	2951.90
1472.98	2947.71
1474.55	2955.03
1476.12	2938.29
1477.68	2935.15
1479.25	2946.66
1480.82	2946.66
1482.38	2950.85
1483.95	2942.48
1485.51	2949.80
1487.08	2953.99
1488.64	2956.08
1490.21	2960.27
1491.77	2953.99
1493.34	2960.27
1494.90	2948.76
1496.46	2951.90
1498.03	2957.13
1499.59	2956.08
1501.15	2957.13
1502.72	2955.03
1504.28	2957.13
1505.84	2957.13
1507.40	2950.85
1508.97	2969.68
1510.53	2957.13
1512.09	2960.27
1513.65	2960.27
1515.21	2973.87
1516.77	2952.94
1518.33	2967.59
1519.89	2958.17
1521.45	2963.41
1523.01	2969.68
1524.57	2972.82
1526.13	2964.45
1527.68	2962.36
1529.24	2959.22
1530.80	2963.41
1532.36	2972.82
1533.92	2962.36
1535.47	2946.66
1537.03	2956.08
1538.59	2964.45
1540.14	2957.13
1541.70	2949.80
1543.25	2975.96
1544.81	2966.54
1546.36	2972.82
1547.92	2946.66
1549.47	2955.03
1551.03	2951.90
1552.58	2957.13
1554.13	2948.76
1555.69	2955.03
1557.24	2936.20
1558.79	2944.57
1560.35	2940.38
1561.90	2945.62
1563.45	2935.15
1565.00	2940.38
1566.55	2937.25
1568.10	2942.48
1569.66	2934.11
1571.21	2940.38
1572.76	2941.43
1574.31	2933.06
1575.86	2928.87
1577.40	2917.36
1578.95	2921.55
1580.50	2935.15
1582.05	2915.27
1583.60	2922.60
1585.15	2905.85
1586.69	2920.50
1588.24	2924.69
1589.79	2928.87
1591.34	2897.48
1592.88	2919.46
1594.43	2899.58
1595.97	2918.41
1597.52	2910.04
1599.06	2911.09
1600.61	2903.76
1602.15	2919.46
1603.70	2903.76
1605.24	2904.81
1606.79	2903.76
1608.33	2897.48
1609.87	2895.39
1611.41	2914.22
1612.96	2898.53
1614.50	2887.02
1616.04	2888.06
1617.58	2899.58
1619.12	2892.25
1620.67	2898.53
1622.21	2872.37
1623.75	2888.06
1625.29	2868.18
1626.83	2875.51
1628.37	2882.83
1629.90	2858.77
1631.44	2860.86
1632.98	2866.09
1634.52	2843.07
1636.06	2840.98
1637.59	2845.16
1639.13	2823.19
1640.67	2819.00
1642.21	2811.68
1643.74	2798.07
1645.28	2778.19
1646.81	2771.91
1648.35	2785.52
1649.88	2752.03
1651.42	2756.22
1652.95	2735.29
1654.49	2748.89
1656.02	2734.24
1657.55	2734.24
1659.09	2716.45
1660.62	2737.38
1662.15	2715.41
1663.68	2718.55
1665.22	2710.18
1666.75	2714.36
1668.28	2703.90
1669.81	2723.78
1671.34	2703.90
1672.87	2704.94
1674.40	2708.08
1675.93	2702.85
1677.46	2691.34
1678.99	2678.78
1680.52	2679.83
1682.04	2696.57
1683.57	2685.06
1685.10	2690.29
1686.63	2679.83
1688.15	2684.02
1689.68	2671.46
1691.21	2672.51
1692.73	2674.60
1694.26	2684.02
1695.78	2672.51
1697.31	2678.78
1698.83	2671.46
1700.36	2671.46
1701.88	2666.23
1703.40	2674.60
1704.93	2656.81
1706.45	2664.13
