896.35	2926.78
897.98	2941.43
899.60	2945.62
901.22	2963.41
902.85	2951.90
904.47	2965.50
906.10	2961.31
907.72	2965.50
909.34	2974.92
910.97	3008.40
912.59	3019.91
914.21	3033.51
915.84	3054.44
917.46	3093.16
919.08	3109.90
920.71	3122.46
922.33	3149.66
923.95	3151.76
925.58	3174.78
927.20	3160.13
928.82	3169.55
930.44	3198.85
932.07	3192.57
933.69	3177.92
935.31	3193.61
936.93	3203.03
938.56	3201.98
940.18	3214.54
941.80	3208.26
943.42	3217.68
945.05	3233.38
946.67	3223.96
948.29	3225.01
949.91	3217.68
951.53	3232.33
953.16	3239.66
954.78	3237.56
956.40	3227.10
958.02	3230.24
959.64	3236.52
961.26	3234.42
962.88	3235.47
964.51	3232.33
966.13	3245.93
967.75	3231.28
969.37	3227.10
970.99	3229.19
972.61	3231.28
974.23	3230.24
975.85	3234.42
977.47	3241.75
979.09	3238.61
980.71	3229.19
982.33	3242.79
983.95	3253.26
985.57	3251.17
987.19	3240.70
988.81	3263.72
990.43	3248.03
992.05	3253.26
993.67	3260.58
995.29	3256.40
996.91	3245.93
998.53	3277.33
1000.15	3277.33
1001.77	3283.60
1003.39	3277.33
1005.01	3282.56
1006.63	3301.39
1008.25	3290.93
1009.86	3296.16
1011.48	3298.25
1013.10	3299.30
1014.72	3315.00
1016.34	3315.00
1017.96	3324.41
1019.58	3317.09
1021.19	3317.09
1022.81	3319.18
1024.43	3333.83
1026.05	3325.46
1027.66	3343.25
1029.28	3339.06
1030.90	3331.74
1032.52	3322.32
1034.13	3340.11
1035.75	3348.48
1037.37	3344.30
1038.98	3352.67
1040.60	3351.62
1042.22	3342.20
1043.83	3348.48
1045.45	3345.34
1047.07	3347.43
1048.68	3356.85
1050.30	3351.62
1051.92	3355.81
1053.53	3350.57
1055.15	3351.62
1056.76	3345.34
1058.38	3349.53
1059.99	3357.90
1061.61	3354.76
1063.22	3349.53
1064.84	3346.39
1066.46	3347.43
1068.07	3342.20
1069.68	3344.30
1071.30	3365.22
1072.91	3349.53
1074.53	3343.25
1076.14	3350.57
1077.76	3343.25
1079.37	3349.53
1080.98	3317.09
1082.60	3335.92
1084.21	3343.25
1085.83	3335.92
1087.44	3333.83
1089.05	3324.41
1090.67	3318.14
1092.28	3323.37
1093.89	3332.78
1095.50	3334.88
1097.12	3328.60
1098.73	3338.02
1100.34	3307.67
1101.95	3327.55
1103.57	3326.51
1105.18	3325.46
1106.79	3319.18
1108.40	3333.83
1110.01	3322.32
1111.63	3321.27
1113.24	3327.55
1114.85	3330.69
1116.46	3326.51
1118.07	3338.02
1119.68	3311.86
1121.29	3345.34
1122.90	3326.51
1124.51	3329.65
1126.12	3336.97
1127.73	3327.55
1129.34	3335.92
1130.95	3346.39
1132.56	3343.25
1134.17	3325.46
1135.78	3325.46
1137.39	3332.78
1139.00	3324.41
1140.61	3325.46
1142.22	3336.97
1143.83	3325.46
1145.44	3331.74
1147.05	3334.88
1148.65	3335.92
1150.26	3325.46
1151.87	3323.37
1153.48	3326.51
1155.09	3341.16
1156.69	3347.43
1158.30	3325.46
1159.91	3334.88
1161.52	3333.83
1163.12	3330.69
1164.73	3317.09
1166.34	3339.06
1167.94	3333.83
1169.55	3344.30
1171.16	3333.83
1172.76	3345.34
1174.37	3342.20
1175.97	3351.62
1177.58	3331.74
1179.19	3347.43
1180.79	3324.41
1182.40	3335.92
1184.00	3335.92
1185.61	3345.34
1187.21	3343.25
1188.82	3338.02
1190.42	3334.88
1192.02	3334.88
1193.63	3325.46
1195.23	3344.30
1196.84	3336.97
1198.44	3346.39
1200.04	3345.34
1201.65	3341.16
1203.25	3329.65
1204.85	3346.39
1206.46	3324.41
1208.06	3334.88
1209.66	3334.88
1211.26	3325.46
1212.87	3330.69
1214.47	3328.60
1216.07	3326.51
1217.67	3333.83
1219.27	3318.14
1220.87	3319.18
1222.48	3317.09
1224.08	3320.23
1225.68	3322.32
1227.28	3318.14
1228.88	3311.86
1230.48	3318.14
1232.08	3302.44
1233.68	3317.09
1235.28	3317.09
1236.88	3307.67
1238.48	3293.02
1240.08	3325.46
1241.68	3287.79
1243.28	3291.98
1244.87	3291.98
1246.47	3294.07
1248.07	3285.70
1249.67	3297.21
1251.27	3308.72
1252.87	3280.46
1254.46	3264.77
1256.06	3278.37
1257.66	3281.51
1259.26	3270.00
1260.85	3277.33
1262.45	3277.33
1264.05	3270.00
1265.64	3272.09
1267.24	3275.23
1268.83	3285.70
1270.43	3260.58
1272.03	3275.23
1273.62	3259.54
1275.22	3256.40
1276.81	3262.68
1278.41	3261.63
1280.00	3259.54
1281.60	3252.21
1283.19	3244.89
1284.79	3254.30
1286.38	3246.98
1287.97	3254.30
1289.57	3249.07
1291.16	3240.70
1292.75	3222.91
1294.35	3239.66
1295.94	3235.47
1297.53	3236.52
1299.12	3228.14
1300.72	3245.93
1302.31	3210.36
1303.90	3241.75
1305.49	3239.66
1307.08	3228.14
1308.68	3210.36
1310.27	3212.45
1311.86	3218.73
1313.45	3216.63
1315.04	3210.36
1316.63	3210.36
1318.22	3218.73
1319.81	3208.26
1321.40	3198.85
1322.99	3213.50
1324.58	3198.85
1326.17	3198.85
1327.75	3184.20
1329.34	3194.66
1330.93	3191.52
1332.52	3181.06
1334.11	3183.15
1335.70	3180.01
1337.28	3172.69
1338.87	3182.10
1340.46	3171.64
1342.05	3170.59
1343.63	3160.13
1345.22	3167.45
1346.81	3167.45
1348.39	3154.90
1349.98	3152.80
1351.56	3151.76
1353.15	3141.29
1354.73	3149.66
1356.32	3122.46
1357.90	3120.37
1359.49	3131.88
1361.07	3117.23
1362.66	3106.76
1364.24	3115.13
1365.82	3114.09
1367.41	3128.74
1368.99	3098.39
1370.57	3083.74
1372.16	3086.88
1373.74	3092.11
1375.32	3091.07
1376.91	3084.79
1378.49	3054.44
1380.07	3034.56
1381.65	3026.19
1383.23	3012.59
1384.81	3018.86
1386.39	3015.73
1387.97	3013.63
1389.55	3001.08
1391.14	3003.17
1392.72	2983.29
1394.29	2982.24
1395.87	2981.19
1397.45	2973.87
1399.03	2977.01
1400.61	2969.68
1402.19	2959.22
1403.77	2953.99
1405.35	2964.45
1406.92	2941.43
1408.50	2952.94
1410.08	2950.85
1411.66	2945.62
1413.23	2946.66
1414.81	2951.90
1416.39	2929.92
1417.96	2947.71
1419.54	2942.48
1421.12	2947.71
1422.69	2948.76
1424.27	2922.60
1425.84	2932.01
1427.42	2933.06
1428.99	2930.97
1430.57	2933.06
1432.14	2919.46
1433.71	2930.97
1435.29	2939.34
1436.86	2939.34
1438.43	2926.78
1440.01	2923.64
1441.58	2797.03
1443.15	2922.60
1444.72	2926.78
1446.30	2914.22
1447.87	2923.64
1449.44	2914.22
1451.01	2904.81
1452.58	2924.69
1454.15	2922.60
1455.72	2916.32
1457.29	2906.90
1458.86	2911.09
1460.43	2904.81
1462.00	2930.97
1463.57	2911.09
1465.14	2912.13
1466.71	2902.71
1468.28	2908.99
1469.85	2915.27
1471.41	2918.41
1472.98	2913.18
1474.55	2916.32
1476.12	2896.44
1477.68	2899.58
1479.25	2918.41
1480.82	2913.18
1482.38	2914.22
1483.95	2902.71
1485.51	2910.04
1487.08	2923.64
1488.64	2916.32
1490.21	2921.55
1491.77	2900.62
1493.34	2922.60
1494.90	2908.99
1496.46	2914.22
1498.03	2904.81
1499.59	2913.18
1501.15	2918.41
1502.72	2911.09
1504.28	2910.04
1505.84	2910.04
1507.40	2905.85
1508.97	2924.69
1510.53	2910.04
1512.09	2920.50
1513.65	2924.69
1515.21	2917.36
1516.77	2900.62
1518.33	2934.11
1519.89	2918.41
1521.45	2911.09
1523.01	2919.46
1524.57	2930.97
1526.13	2916.32
1527.68	2926.78
1529.24	2929.92
1530.80	2922.60
1532.36	2934.11
1533.92	2922.60
1535.47	2899.58
1537.03	2907.95
1538.59	2913.18
1540.14	2912.13
1541.70	2901.67
1543.25	2929.92
1544.81	2920.50
1546.36	2923.64
1547.92	2902.71
1549.47	2910.04
1551.03	2908.99
1552.58	2897.48
1554.13	2901.67
1555.69	2910.04
1557.24	2897.48
1558.79	2906.90
1560.35	2900.62
1561.90	2906.90
1563.45	2896.44
1565.00	2903.76
1566.55	2891.20
1568.10	2891.20
1569.66	2878.65
1571.21	2901.67
1572.76	2904.81
1574.31	2895.39
1575.86	2892.25
1577.40	2880.74
1578.95	2888.06
1580.50	2882.83
1582.05	2872.37
1583.60	2872.37
1585.15	2871.32
1586.69	2875.51
1588.24	2884.93
1589.79	2883.88
1591.34	2855.63
1592.88	2885.97
1594.43	2857.72
1595.97	2877.60
1597.52	2873.42
1599.06	2871.32
1600.61	2864.00
1602.15	2888.06
1603.70	2868.18
1605.24	2878.65
1606.79	2862.95
1608.33	2848.30
1609.87	2851.44
1611.41	2867.14
1612.96	2860.86
1614.50	2854.58
1616.04	2854.58
1617.58	2857.72
1619.12	2847.26
1620.67	2852.49
1622.21	2829.47
1623.75	2845.16
1625.29	2832.61
1626.83	2843.07
1628.37	2851.44
1629.90	2830.51
1631.44	2819.00
1632.98	2826.33
1634.52	2804.35
1636.06	2808.54
1637.59	2811.68
1639.13	2797.03
1640.67	2789.70
1642.21	2769.82
1643.74	2771.91
1645.28	2756.22
1646.81	2747.85
1648.35	2758.31
1649.88	2733.20
1651.42	2733.20
1652.95	2716.45
1654.49	2734.24
1656.02	2712.27
1657.55	2715.41
1659.09	2687.16
1660.62	2708.08
1662.15	2690.29
1663.68	2702.85
1665.22	2688.20
1666.75	2692.39
1668.28	2677.74
1669.81	2703.90
1671.34	2690.29
1672.87	2692.39
1674.40	2692.39
1675.93	2689.25
1677.46	2667.27
1678.99	2668.32
1680.52	2668.32
1682.04	2672.51
1683.57	2671.46
1685.10	2681.92
1686.63	2673.55
1688.15	2675.65
1689.68	2663.09
1691.21	2668.32
1692.73	2668.32
1694.26	2677.74
1695.78	2658.90
1697.31	2663.09
1698.83	2654.72
1700.36	2667.27
1701.88	2655.76
1703.40	2667.27
1704.93	2656.81
1706.45	2662.04
