896.35	3104.67
897.98	3114.09
899.60	3117.23
901.22	3143.39
902.85	3133.97
904.47	3167.45
906.10	3166.41
907.72	3172.69
909.34	3175.82
910.97	3201.98
912.59	3222.91
914.21	3274.19
915.84	3306.62
917.46	3357.90
919.08	3386.15
920.71	3420.68
922.33	3434.29
923.95	3464.63
925.58	3477.19
927.20	3493.93
928.82	3492.88
930.44	3530.55
932.07	3512.77
933.69	3519.04
935.31	3525.32
936.93	3553.58
938.56	3547.30
940.18	3568.22
941.80	3544.16
943.42	3574.50
945.05	3572.41
946.67	3570.32
948.29	3570.32
949.91	3576.60
951.53	3581.83
953.16	3593.34
954.78	3572.41
956.40	3578.69
958.02	3570.32
959.64	3588.11
961.26	3578.69
962.88	3591.25
964.51	3571.36
966.13	3604.85
967.75	3581.83
969.37	3586.01
970.99	3571.36
972.61	3592.29
974.23	3579.74
975.85	3599.62
977.47	3600.66
979.09	3606.94
980.71	3581.83
982.33	3602.76
983.95	3593.34
985.57	3605.90
987.19	3589.15
988.81	3618.45
990.43	3600.66
992.05	3618.45
993.67	3626.82
995.29	3634.15
996.91	3605.90
998.53	3649.84
1000.15	3641.47
1001.77	3660.31
1003.39	3651.94
1005.01	3673.91
1006.63	3667.63
1008.25	3699.02
1009.86	3690.65
1011.48	3705.30
1013.10	3680.19
1014.72	3710.54
1016.34	3709.49
1017.96	3733.56
1019.58	3703.21
1021.19	3727.28
1022.81	3718.91
1024.43	3745.07
1026.05	3722.05
1027.66	3758.67
1029.28	3741.93
1030.90	3747.16
1032.52	3732.51
1034.13	3759.72
1035.75	3751.34
1037.37	3771.23
1038.98	3763.90
1040.60	3774.37
1042.22	3753.44
1043.83	3780.64
1045.45	3762.86
1047.07	3776.46
1048.68	3772.27
1050.30	3791.11
1051.92	3784.83
1053.53	3787.97
1055.15	3759.72
1056.76	3783.78
1058.38	3774.37
1059.99	3789.02
1061.61	3768.09
1063.22	3774.37
1064.84	3760.76
1066.46	3772.27
1068.07	3753.44
1069.68	3770.18
1071.30	3768.09
1072.91	3762.86
1074.53	3749.25
1076.14	3780.64
1077.76	3749.25
1079.37	3768.09
1080.98	3722.05
1082.60	3751.34
1084.21	3738.79
1085.83	3756.58
1087.44	3734.60
1089.05	3746.11
1090.67	3730.42
1092.28	3739.83
1093.89	3735.65
1095.50	3746.11
1097.12	3716.81
1098.73	3738.79
1100.34	3707.40
1101.95	3746.11
1103.57	3733.56
1105.18	3719.95
1106.79	3708.44
1108.40	3733.56
1110.01	3725.18
1111.63	3746.11
1113.24	3729.37
1114.85	3742.97
1116.46	3727.28
1118.07	3746.11
1119.68	3714.72
1121.29	3739.83
1122.90	3710.54
1124.51	3734.60
1126.12	3738.79
1127.73	3758.67
1129.34	3745.07
1130.95	3767.04
1132.56	3746.11
1134.17	3735.65
1135.78	3730.42
1137.39	3737.74
1139.00	3723.09
1140.61	3740.88
1142.22	3730.42
1143.83	3749.25
1145.44	3735.65
1147.05	3747.16
1148.65	3731.46
1150.26	3736.70
1151.87	3722.05
1153.48	3738.79
1155.09	3738.79
1156.69	3749.25
1158.30	3725.18
1159.91	3741.93
1161.52	3739.83
1163.12	3751.34
1164.73	3736.70
1166.34	3761.81
1167.94	3734.60
1169.55	3750.30
1171.16	3738.79
1172.76	3751.34
1174.37	3737.74
1175.97	3761.81
1177.58	3725.18
1179.19	3761.81
1180.79	3745.07
1182.40	3759.72
1184.00	3741.93
1185.61	3763.90
1187.21	3744.02
1188.82	3750.30
1190.42	3738.79
1192.02	3753.44
1193.63	3732.51
1195.23	3758.67
1196.84	3744.02
1198.44	3768.09
1200.04	3761.81
1201.65	3760.76
1203.25	3738.79
1204.85	3749.25
1206.46	3718.91
1208.06	3739.83
1209.66	3726.23
1211.26	3739.83
1212.87	3754.48
1214.47	3751.34
1216.07	3725.18
1217.67	3734.60
1219.27	3715.77
1220.87	3734.60
1222.48	3725.18
1224.08	3721.00
1225.68	3711.58
1227.28	3722.05
1228.88	3699.02
1230.48	3722.05
1232.08	3692.75
1233.68	3718.91
1235.28	3707.40
1236.88	3707.40
1238.48	3682.28
1240.08	3719.95
1241.68	3673.91
1243.28	3676.00
1244.87	3666.59
1246.47	3672.86
1248.07	3655.08
1249.67	3662.40
1251.27	3666.59
1252.87	3651.94
1254.46	3643.57
1256.06	3656.12
1257.66	3637.29
1259.26	3639.38
1260.85	3636.24
1262.45	3639.38
1264.05	3635.19
1265.64	3637.29
1267.24	3622.64
1268.83	3642.52
1270.43	3611.13
1272.03	3635.19
1273.62	3612.17
1275.22	3613.22
1276.81	3613.22
1278.41	3619.50
1280.00	3611.13
1281.60	3611.13
1283.19	3592.29
1284.79	3604.85
1286.38	3590.20
1287.97	3613.22
1289.57	3586.01
1291.16	3593.34
1292.75	3566.13
1294.35	3587.06
1295.94	3570.32
1297.53	3589.15
1299.12	3562.99
1300.72	3589.15
1302.31	3548.34
1303.90	3583.92
1305.49	3566.13
1307.08	3557.76
1308.68	3544.16
1310.27	3554.62
1311.86	3542.06
1313.45	3549.39
1315.04	3537.88
1316.63	3546.25
1318.22	3533.69
1319.81	3533.69
1321.40	3527.42
1322.99	3533.69
1324.58	3510.67
1326.17	3521.14
1327.75	3507.53
1329.34	3506.49
1330.93	3485.56
1332.52	3489.74
1334.11	3481.37
1335.70	3498.12
1337.28	3478.23
1338.87	3489.74
1340.46	3468.82
1342.05	3470.91
1343.63	3451.03
1345.22	3468.82
1346.81	3464.63
1348.39	3461.49
1349.98	3440.56
1351.56	3434.29
1353.15	3417.54
1354.73	3425.91
1356.32	3395.57
1357.90	3402.89
1359.49	3394.52
1361.07	3374.64
1362.66	3354.76
1364.24	3379.87
1365.82	3367.32
1367.41	3383.01
1368.99	3340.11
1370.57	3340.11
1372.16	3338.02
1373.74	3339.06
1375.32	3323.37
1376.91	3307.67
1378.49	3259.54
1380.07	3232.33
1381.65	3215.59
1383.23	3200.94
1384.81	3205.12
1386.39	3196.75
1387.97	3181.06
1389.55	3177.92
1391.14	3159.08
1392.72	3150.71
1394.29	3136.06
1395.87	3123.50
1397.45	3108.86
1399.03	3107.81
1400.61	3091.07
1402.19	3086.88
1403.77	3063.86
1405.35	3077.46
1406.92	3062.81
1408.50	3060.72
1410.08	3054.44
1411.66	3051.30
1413.23	3046.07
1414.81	3054.44
1416.39	3020.96
1417.96	3039.79
1419.54	3029.33
1421.12	3038.75
1422.69	3038.75
1424.27	3010.49
1425.84	3016.77
1427.42	3023.05
1428.99	3017.82
1430.57	3010.49
1432.14	3004.22
1433.71	3011.54
1435.29	3015.73
1436.86	3011.54
1438.43	3004.22
1440.01	3001.08
1441.58	2881.79
1443.15	3007.35
1444.72	3003.17
1446.30	2998.98
1447.87	3010.49
1449.44	3004.22
1451.01	2983.29
1452.58	3005.26
1454.15	2992.70
1455.72	2984.33
1457.29	2984.33
1458.86	2990.61
1460.43	2980.15
1462.00	3007.35
1463.57	2992.70
1465.14	2994.80
1466.71	2979.10
1468.28	2995.84
1469.85	2995.84
1471.41	2995.84
1472.98	2987.47
1474.55	2998.98
1476.12	2978.06
1477.68	2987.47
1479.25	3004.22
1480.82	3002.12
1482.38	2997.94
1483.95	2986.43
1485.51	2995.84
1487.08	3017.82
1488.64	3006.31
1490.21	3010.49
1491.77	2995.84
1493.34	3019.91
1494.90	3006.31
1496.46	3013.63
1498.03	3014.68
1499.59	3019.91
1501.15	3004.22
1502.72	3010.49
1504.28	3015.73
1505.84	3013.63
1507.40	3006.31
1508.97	3028.28
1510.53	3018.86
1512.09	3033.51
1513.65	3028.28
1515.21	3022.00
1516.77	3009.45
1518.33	3047.12
1519.89	3031.42
1521.45	3035.61
1523.01	3033.51
1524.57	3047.12
1526.13	3031.42
1527.68	3041.89
1529.24	3043.98
1530.80	3038.75
1532.36	3048.16
1533.92	3045.02
1535.47	3025.14
1537.03	3036.65
1538.59	3040.84
1540.14	3030.38
1541.70	3025.14
1543.25	3050.26
1544.81	3040.84
1546.36	3042.93
1547.92	3022.00
1549.47	3033.51
1551.03	3031.42
1552.58	3022.00
1554.13	3018.86
1555.69	3033.51
1557.24	3020.96
1558.79	3029.33
1560.35	3012.59
1561.90	3028.28
1563.45	3017.82
1565.00	3018.86
1566.55	3009.45
1568.10	3014.68
1569.66	3009.45
1571.21	3026.19
1572.76	3025.14
1574.31	3007.35
1575.86	3012.59
1577.40	3004.22
1578.95	3010.49
1580.50	3003.17
1582.05	2984.33
1583.60	2997.94
1585.15	2985.38
1586.69	3002.12
1588.24	3001.08
1589.79	3005.26
1591.34	2981.19
1592.88	3003.17
1594.43	2973.87
1595.97	2997.94
1597.52	2987.47
1599.06	2991.66
1600.61	2993.75
1602.15	2995.84
1603.70	2983.29
1605.24	2982.24
1606.79	2974.92
1608.33	2972.82
1609.87	2972.82
1611.41	2990.61
1612.96	2981.19
1614.50	2964.45
1616.04	2962.36
1617.58	2975.96
1619.12	2963.41
1620.67	2978.06
1622.21	2946.66
1623.75	2964.45
1625.29	2950.85
1626.83	2944.57
1628.37	2952.94
1629.90	2938.29
1631.44	2925.74
1632.98	2924.69
1634.52	2907.95
1636.06	2907.95
1637.59	2907.95
1639.13	2883.88
1640.67	2870.28
1642.21	2848.30
1643.74	2840.98
1645.28	2815.86
1646.81	2805.40
1648.35	2812.72
1649.88	2780.29
1651.42	2785.52
1652.95	2758.31
1654.49	2786.56
1656.02	2756.22
1657.55	2760.40
1659.09	2740.52
1660.62	2746.80
1662.15	2722.73
1663.68	2732.15
1665.22	2720.64
1666.75	2718.55
1668.28	2714.36
1669.81	2732.15
1671.34	2720.64
1672.87	2729.01
1674.40	2719.59
1675.93	2704.94
1677.46	2698.67
1678.99	2700.76
1680.52	2698.67
1682.04	2707.04
1683.57	2694.48
1685.10	2699.71
1686.63	2688.20
1688.15	2696.57
1689.68	2682.97
1691.21	2685.06
1692.73	2692.39
1694.26	2697.62
1695.78	2681.92
1697.31	2686.11
1698.83	2678.78
1700.36	2682.97
1701.88	2676.69
1703.40	2686.11
1704.93	2671.46
1706.45	2667.27
