896.35	3073.28
897.98	3090.02
899.60	3090.02
901.22	3121.41
902.85	3104.67
904.47	3116.18
906.10	3122.46
907.72	3132.92
909.34	3149.66
910.97	3170.59
912.59	3184.20
914.21	3223.96
915.84	3248.03
917.46	3299.30
919.08	3321.27
920.71	3348.48
922.33	3379.87
923.95	3394.52
925.58	3425.91
927.20	3419.64
928.82	3420.68
930.44	3448.94
932.07	3437.42
933.69	3438.47
935.31	3452.07
936.93	3466.72
938.56	3469.86
940.18	3486.61
941.80	3475.10
943.42	3492.88
945.05	3494.98
946.67	3488.70
948.29	3496.02
949.91	3492.88
951.53	3502.30
953.16	3508.58
954.78	3506.49
956.40	3498.12
958.02	3489.74
959.64	3499.16
961.26	3494.98
962.88	3506.49
964.51	3486.61
966.13	3518.00
967.75	3493.93
969.37	3486.61
970.99	3480.33
972.61	3496.02
974.23	3496.02
975.85	3507.53
977.47	3505.44
979.09	3512.77
980.71	3488.70
982.33	3516.95
983.95	3505.44
985.57	3524.28
987.19	3513.81
988.81	3532.65
990.43	3511.72
992.05	3529.51
993.67	3534.74
995.29	3536.83
996.91	3528.46
998.53	3556.71
1000.15	3557.76
1001.77	3566.13
1003.39	3566.13
1005.01	3581.83
1006.63	3570.32
1008.25	3580.78
1009.86	3581.83
1011.48	3587.06
1013.10	3590.20
1014.72	3614.27
1016.34	3604.85
1017.96	3632.06
1019.58	3610.08
1021.19	3626.82
1022.81	3610.08
1024.43	3634.15
1026.05	3621.59
1027.66	3652.98
1029.28	3642.52
1030.90	3643.57
1032.52	3627.87
1034.13	3646.70
1035.75	3650.89
1037.37	3652.98
1038.98	3658.22
1040.60	3658.22
1042.22	3633.10
1043.83	3652.98
1045.45	3667.63
1047.07	3667.63
1048.68	3664.49
1050.30	3646.70
1051.92	3657.17
1053.53	3658.22
1055.15	3652.98
1056.76	3662.40
1058.38	3658.22
1059.99	3669.73
1061.61	3649.84
1063.22	3655.08
1064.84	3654.03
1066.46	3647.75
1068.07	3642.52
1069.68	3660.31
1071.30	3658.22
1072.91	3646.70
1074.53	3636.24
1076.14	3656.12
1077.76	3633.10
1079.37	3644.61
1080.98	3601.71
1082.60	3629.96
1084.21	3637.29
1085.83	3639.38
1087.44	3620.54
1089.05	3611.13
1090.67	3600.66
1092.28	3616.36
1093.89	3618.45
1095.50	3619.50
1097.12	3605.90
1098.73	3623.68
1100.34	3594.38
1101.95	3618.45
1103.57	3600.66
1105.18	3602.76
1106.79	3591.25
1108.40	3604.85
1110.01	3609.03
1111.63	3611.13
1113.24	3603.80
1114.85	3614.27
1116.46	3592.29
1118.07	3613.22
1119.68	3593.34
1121.29	3613.22
1122.90	3589.15
1124.51	3607.99
1126.12	3602.76
1127.73	3617.41
1129.34	3609.03
1130.95	3620.54
1132.56	3614.27
1134.17	3595.43
1135.78	3597.52
1137.39	3617.41
1139.00	3606.94
1140.61	3604.85
1142.22	3605.90
1143.83	3599.62
1145.44	3598.57
1147.05	3604.85
1148.65	3603.80
1150.26	3609.03
1151.87	3594.38
1153.48	3613.22
1155.09	3609.03
1156.69	3606.94
1158.30	3589.15
1159.91	3599.62
1161.52	3609.03
1163.12	3621.59
1164.73	3607.99
1166.34	3629.96
1167.94	3605.90
1169.55	3622.64
1171.16	3621.59
1172.76	3625.78
1174.37	3603.80
1175.97	3612.17
1177.58	3594.38
1179.19	3619.50
1180.79	3602.76
1182.40	3612.17
1184.00	3599.62
1185.61	3616.36
1187.21	3610.08
1188.82	3617.41
1190.42	3602.76
1192.02	3594.38
1193.63	3588.11
1195.23	3615.31
1196.84	3606.94
1198.44	3613.22
1200.04	3610.08
1201.65	3617.41
1203.25	3603.80
1204.85	3615.31
1206.46	3576.60
1208.06	3594.38
1209.66	3579.74
1211.26	3583.92
1212.87	3605.90
1214.47	3590.20
1216.07	3583.92
1217.67	3582.87
1219.27	3573.46
1220.87	3580.78
1222.48	3571.36
1224.08	3571.36
1225.68	3573.46
1227.28	3579.74
1228.88	3564.04
1230.48	3579.74
1232.08	3537.88
1233.68	3560.90
1235.28	3555.67
1236.88	3546.25
1238.48	3536.83
1240.08	3562.99
1241.68	3520.09
1243.28	3531.60
1244.87	3516.95
1246.47	3518.00
1248.07	3511.72
1249.67	3525.32
1251.27	3537.88
1252.87	3505.44
1254.46	3496.02
1256.06	3498.12
1257.66	3490.79
1259.26	3494.98
1260.85	3499.16
1262.45	3492.88
1264.05	3494.98
1265.64	3486.61
1267.24	3485.56
1268.83	3484.51
1270.43	3476.14
1272.03	3490.79
1273.62	3471.96
1275.22	3460.45
1276.81	3476.14
1278.41	3469.86
1280.00	3474.05
1281.60	3476.14
1283.19	3457.31
1284.79	3468.82
1286.38	3463.58
1287.97	3468.82
1289.57	3452.07
1291.16	3451.03
1292.75	3439.52
1294.35	3452.07
1295.94	3435.33
1297.53	3440.56
1299.12	3418.59
1300.72	3442.66
1302.31	3412.31
1303.90	3443.70
1305.49	3437.42
1307.08	3419.64
1308.68	3407.08
1310.27	3423.82
1311.86	3409.17
1313.45	3410.22
1315.04	3401.85
1316.63	3404.99
1318.22	3394.52
1319.81	3387.20
1321.40	3381.97
1322.99	3398.71
1324.58	3374.64
1326.17	3379.87
1327.75	3366.27
1329.34	3371.50
1330.93	3356.85
1332.52	3359.99
1334.11	3355.81
1335.70	3352.67
1337.28	3340.11
1338.87	3350.57
1340.46	3342.20
1342.05	3340.11
1343.63	3327.55
1345.22	3330.69
1346.81	3330.69
1348.39	3324.41
1349.98	3307.67
1351.56	3303.49
1353.15	3303.49
1354.73	3297.21
1356.32	3272.09
1357.90	3274.19
1359.49	3277.33
1361.07	3260.58
1362.66	3253.26
1364.24	3261.63
1365.82	3256.40
1367.41	3261.63
1368.99	3232.33
1370.57	3230.24
1372.16	3229.19
1373.74	3228.14
1375.32	3207.22
1376.91	3199.89
1378.49	3165.36
1380.07	3137.11
1381.65	3129.78
1383.23	3120.37
1384.81	3116.18
1386.39	3109.90
1387.97	3104.67
1389.55	3093.16
1391.14	3080.60
1392.72	3075.37
1394.29	3064.91
1395.87	3056.54
1397.45	3050.26
1399.03	3042.93
1400.61	3033.51
1402.19	3025.14
1403.77	3004.22
1405.35	3028.28
1406.92	3003.17
1408.50	3000.03
1410.08	2995.84
1411.66	2990.61
1413.23	2987.47
1414.81	2993.75
1416.39	2975.96
1417.96	2990.61
1419.54	2977.01
1421.12	2981.19
1422.69	2982.24
1424.27	2971.78
1425.84	2970.73
1427.42	2969.68
1428.99	2983.29
1430.57	2974.92
1432.14	2965.50
1433.71	2972.82
1435.29	2972.82
1436.86	2965.50
1438.43	2962.36
1440.01	2961.31
1441.58	2834.70
1443.15	2957.13
1444.72	2950.85
1446.30	2956.08
1447.87	2963.41
1449.44	2960.27
1451.01	2939.34
1452.58	2960.27
1454.15	2958.17
1455.72	2944.57
1457.29	2940.38
1458.86	2945.62
1460.43	2938.29
1462.00	2964.45
1463.57	2945.62
1465.14	2956.08
1466.71	2944.57
1468.28	2948.76
1469.85	2955.03
1471.41	2960.27
1472.98	2945.62
1474.55	2961.31
1476.12	2940.38
1477.68	2945.62
1479.25	2950.85
1480.82	2949.80
1482.38	2964.45
1483.95	2949.80
1485.51	2948.76
1487.08	2962.36
1488.64	2965.50
1490.21	2967.59
1491.77	2953.99
1493.34	2967.59
1494.90	2953.99
1496.46	2958.17
1498.03	2972.82
1499.59	2967.59
1501.15	2955.03
1502.72	2961.31
1504.28	2970.73
1505.84	2959.22
1507.40	2956.08
1508.97	2977.01
1510.53	2970.73
1512.09	2979.10
1513.65	2979.10
1515.21	2985.38
1516.77	2967.59
1518.33	2982.24
1519.89	2973.87
1521.45	2967.59
1523.01	2973.87
1524.57	2979.10
1526.13	2967.59
1527.68	2979.10
1529.24	2983.29
1530.80	2981.19
1532.36	2990.61
1533.92	2984.33
1535.47	2972.82
1537.03	2977.01
1538.59	2985.38
1540.14	2967.59
1541.70	2957.13
1543.25	2989.57
1544.81	2978.06
1546.36	2979.10
1547.92	2964.45
1549.47	2975.96
1551.03	2967.59
1552.58	2968.64
1554.13	2970.73
1555.69	2973.87
1557.24	2953.99
1558.79	2955.03
1560.35	2956.08
1561.90	2968.64
1563.45	2952.94
1565.00	2959.22
1566.55	2947.71
1568.10	2943.52
1569.66	2934.11
1571.21	2960.27
1572.76	2967.59
1574.31	2962.36
1575.86	2945.62
1577.40	2936.20
1578.95	2939.34
1580.50	2945.62
1582.05	2933.06
1583.60	2936.20
1585.15	2929.92
1586.69	2937.25
1588.24	2945.62
1589.79	2946.66
1591.34	2922.60
1592.88	2952.94
1594.43	2920.50
1595.97	2921.55
1597.52	2927.83
1599.06	2929.92
1600.61	2917.36
1602.15	2933.06
1603.70	2916.32
1605.24	2919.46
1606.79	2922.60
1608.33	2906.90
1609.87	2911.09
1611.41	2922.60
1612.96	2914.22
1614.50	2901.67
1616.04	2905.85
1617.58	2917.36
1619.12	2906.90
1620.67	2911.09
1622.21	2879.69
1623.75	2902.71
1625.29	2877.60
1626.83	2882.83
1628.37	2894.34
1629.90	2872.37
1631.44	2870.28
1632.98	2874.46
1634.52	2857.72
1636.06	2848.30
1637.59	2849.35
1639.13	2838.88
1640.67	2834.70
1642.21	2819.00
1643.74	2807.49
1645.28	2789.70
1646.81	2780.29
1648.35	2782.38
1649.88	2754.13
1651.42	2758.31
1652.95	2734.24
1654.49	2758.31
1656.02	2735.29
1657.55	2735.29
1659.09	2717.50
1660.62	2736.34
1662.15	2717.50
1663.68	2724.83
1665.22	2701.81
1666.75	2709.13
1668.28	2699.71
1669.81	2720.64
1671.34	2708.08
1672.87	2713.32
1674.40	2718.55
1675.93	2702.85
1677.46	2690.29
1678.99	2696.57
1680.52	2689.25
1682.04	2697.62
1683.57	2688.20
1685.10	2693.43
1686.63	2694.48
1688.15	2682.97
1689.68	2668.32
1691.21	2681.92
1692.73	2690.29
1694.26	2690.29
1695.78	2673.55
1697.31	2684.02
1698.83	2674.60
1700.36	2675.65
1701.88	2672.51
1703.40	2690.29
1704.93	2673.55
1706.45	2666.23
