896.35	3122.46
897.98	3137.11
899.60	3136.06
901.22	3167.45
902.85	3153.85
904.47	3178.96
906.10	3177.92
907.72	3190.47
909.34	3198.85
910.97	3230.24
912.59	3248.03
914.21	3304.53
915.84	3331.74
917.46	3386.15
919.08	3413.36
920.71	3445.80
922.33	3457.31
923.95	3477.19
925.58	3493.93
927.20	3509.63
928.82	3508.58
930.44	3544.16
932.07	3528.46
933.69	3542.06
935.31	3545.20
936.93	3571.36
938.56	3569.27
940.18	3586.01
941.80	3568.22
943.42	3600.66
945.05	3593.34
946.67	3595.43
948.29	3591.25
949.91	3594.38
951.53	3606.94
953.16	3624.73
954.78	3605.90
956.40	3597.52
958.02	3596.48
959.64	3609.03
961.26	3594.38
962.88	3603.80
964.51	3588.11
966.13	3617.41
967.75	3605.90
969.37	3597.52
970.99	3593.34
972.61	3616.36
974.23	3592.29
975.85	3605.90
977.47	3594.38
979.09	3610.08
980.71	3593.34
982.33	3622.64
983.95	3610.08
985.57	3637.29
987.19	3614.27
988.81	3631.01
990.43	3605.90
992.05	3629.96
993.67	3644.61
995.29	3643.57
996.91	3626.82
998.53	3670.77
1000.15	3663.45
1001.77	3677.05
1003.39	3670.77
1005.01	3681.24
1006.63	3676.00
1008.25	3706.35
1009.86	3695.89
1011.48	3694.84
1013.10	3693.79
1014.72	3725.18
1016.34	3716.81
1017.96	3738.79
1019.58	3714.72
1021.19	3734.60
1022.81	3723.09
1024.43	3752.39
1026.05	3730.42
1027.66	3754.48
1029.28	3749.25
1030.90	3763.90
1032.52	3740.88
1034.13	3765.99
1035.75	3763.90
1037.37	3770.18
1038.98	3774.37
1040.60	3778.55
1042.22	3755.53
1043.83	3772.27
1045.45	3761.81
1047.07	3771.23
1048.68	3777.50
1050.30	3785.88
1051.92	3787.97
1053.53	3784.83
1055.15	3775.41
1056.76	3791.11
1058.38	3770.18
1059.99	3783.78
1061.61	3765.99
1063.22	3770.18
1064.84	3764.95
1066.46	3765.99
1068.07	3767.04
1069.68	3780.64
1071.30	3769.13
1072.91	3764.95
1074.53	3747.16
1076.14	3767.04
1077.76	3750.30
1079.37	3763.90
1080.98	3716.81
1082.60	3749.25
1084.21	3737.74
1085.83	3746.11
1087.44	3730.42
1089.05	3734.60
1090.67	3710.54
1092.28	3721.00
1093.89	3721.00
1095.50	3726.23
1097.12	3714.72
1098.73	3734.60
1100.34	3707.40
1101.95	3731.46
1103.57	3718.91
1105.18	3713.67
1106.79	3701.12
1108.40	3713.67
1110.01	3711.58
1111.63	3719.95
1113.24	3714.72
1114.85	3719.95
1116.46	3707.40
1118.07	3724.14
1119.68	3706.35
1121.29	3727.28
1122.90	3708.44
1124.51	3718.91
1126.12	3718.91
1127.73	3732.51
1129.34	3733.56
1130.95	3737.74
1132.56	3725.18
1134.17	3715.77
1135.78	3717.86
1137.39	3727.28
1139.00	3703.21
1140.61	3716.81
1142.22	3715.77
1143.83	3717.86
1145.44	3706.35
1147.05	3717.86
1148.65	3717.86
1150.26	3716.81
1151.87	3692.75
1153.48	3708.44
1155.09	3705.30
1156.69	3716.81
1158.30	3694.84
1159.91	3712.63
1161.52	3707.40
1163.12	3724.14
1164.73	3702.16
1166.34	3722.05
1167.94	3709.49
1169.55	3721.00
1171.16	3707.40
1172.76	3724.14
1174.37	3715.77
1175.97	3732.51
1177.58	3704.26
1179.19	3724.14
1180.79	3704.26
1182.40	3715.77
1184.00	3703.21
1185.61	3723.09
1187.21	3709.49
1188.82	3718.91
1190.42	3699.02
1192.02	3710.54
1193.63	3693.79
1195.23	3716.81
1196.84	3704.26
1198.44	3713.67
1200.04	3704.26
1201.65	3707.40
1203.25	3695.89
1204.85	3710.54
1206.46	3683.33
1208.06	3689.61
1209.66	3681.24
1211.26	3696.93
1212.87	3700.07
1214.47	3694.84
1216.07	3685.42
1217.67	3694.84
1219.27	3681.24
1220.87	3691.70
1222.48	3670.77
1224.08	3673.91
1225.68	3668.68
1227.28	3673.91
1228.88	3649.84
1230.48	3668.68
1232.08	3642.52
1233.68	3665.54
1235.28	3660.31
1236.88	3652.98
1238.48	3633.10
1240.08	3659.26
1241.68	3611.13
1243.28	3623.68
1244.87	3615.31
1246.47	3616.36
1248.07	3601.71
1249.67	3605.90
1251.27	3607.99
1252.87	3592.29
1254.46	3576.60
1256.06	3594.38
1257.66	3591.25
1259.26	3587.06
1260.85	3586.01
1262.45	3582.87
1264.05	3574.50
1265.64	3577.64
1267.24	3568.22
1268.83	3578.69
1270.43	3561.95
1272.03	3587.06
1273.62	3568.22
1275.22	3552.53
1276.81	3553.58
1278.41	3552.53
1280.00	3550.44
1281.60	3552.53
1283.19	3538.93
1284.79	3546.25
1286.38	3530.55
1287.97	3551.48
1289.57	3541.02
1291.16	3539.97
1292.75	3530.55
1294.35	3535.79
1295.94	3512.77
1297.53	3535.79
1299.12	3509.63
1300.72	3532.65
1302.31	3489.74
1303.90	3520.09
1305.49	3510.67
1307.08	3499.16
1308.68	3488.70
1310.27	3497.07
1311.86	3487.65
1313.45	3488.70
1315.04	3483.47
1316.63	3478.23
1318.22	3463.58
1319.81	3463.58
1321.40	3458.35
1322.99	3463.58
1324.58	3449.98
1326.17	3451.03
1327.75	3426.96
1329.34	3441.61
1330.93	3433.24
1332.52	3433.24
1334.11	3424.87
1335.70	3426.96
1337.28	3406.03
1338.87	3418.59
1340.46	3403.94
1342.05	3402.89
1343.63	3390.34
1345.22	3391.38
1346.81	3392.43
1348.39	3385.10
1349.98	3388.24
1351.56	3383.01
1353.15	3363.13
1354.73	3359.99
1356.32	3340.11
1357.90	3346.39
1359.49	3342.20
1361.07	3316.04
1362.66	3315.00
1364.24	3303.49
1365.82	3300.35
1367.41	3313.95
1368.99	3291.98
1370.57	3277.33
1372.16	3281.51
1373.74	3279.42
1375.32	3275.23
1376.91	3251.17
1378.49	3211.40
1380.07	3187.34
1381.65	3167.45
1383.23	3158.04
1384.81	3161.18
1386.39	3143.39
1387.97	3132.92
1389.55	3124.55
1391.14	3114.09
1392.72	3101.53
1394.29	3090.02
1395.87	3073.28
1397.45	3062.81
1399.03	3054.44
1400.61	3047.12
1402.19	3039.79
1403.77	3019.91
1405.35	3033.51
1406.92	3014.68
1408.50	3018.86
1410.08	3008.40
1411.66	3002.12
1413.23	3006.31
1414.81	3004.22
1416.39	2983.29
1417.96	2998.98
1419.54	2987.47
1421.12	2989.57
1422.69	2995.84
1424.27	2980.15
1425.84	2988.52
1427.42	2978.06
1428.99	2978.06
1430.57	2970.73
1432.14	2965.50
1433.71	2975.96
1435.29	2979.10
1436.86	2972.82
1438.43	2957.13
1440.01	2965.50
1441.58	2837.84
1443.15	2975.96
1444.72	2973.87
1446.30	2958.17
1447.87	2962.36
1449.44	2963.41
1451.01	2946.66
1452.58	2965.50
1454.15	2961.31
1455.72	2958.17
1457.29	2943.52
1458.86	2964.45
1460.43	2943.52
1462.00	2968.64
1463.57	2956.08
1465.14	2964.45
1466.71	2949.80
1468.28	2960.27
1469.85	2955.03
1471.41	2960.27
1472.98	2946.66
1474.55	2968.64
1476.12	2957.13
1477.68	2960.27
1479.25	2957.13
1480.82	2953.99
1482.38	2963.41
1483.95	2953.99
1485.51	2964.45
1487.08	2975.96
1488.64	2975.96
1490.21	2983.29
1491.77	2963.41
1493.34	2977.01
1494.90	2959.22
1496.46	2974.92
1498.03	2987.47
1499.59	2982.24
1501.15	2981.19
1502.72	2983.29
1504.28	2981.19
1505.84	2982.24
1507.40	2975.96
1508.97	2995.84
1510.53	2989.57
1512.09	2994.80
1513.65	2985.38
1515.21	2995.84
1516.77	2975.96
1518.33	3003.17
1519.89	2991.66
1521.45	2993.75
1523.01	2997.94
1524.57	2997.94
1526.13	2989.57
1527.68	2995.84
1529.24	3007.35
1530.80	2996.89
1532.36	2996.89
1533.92	2989.57
1535.47	2979.10
1537.03	2990.61
1538.59	2996.89
1540.14	2991.66
1541.70	2985.38
1543.25	3010.49
1544.81	2995.84
1546.36	3004.22
1547.92	2972.82
1549.47	2993.75
1551.03	2989.57
1552.58	2990.61
1554.13	2983.29
1555.69	2992.70
1557.24	2979.10
1558.79	2978.06
1560.35	2977.01
1561.90	2992.70
1563.45	2982.24
1565.00	2991.66
1566.55	2974.92
1568.10	2975.96
1569.66	2964.45
1571.21	2979.10
1572.76	2977.01
1574.31	2975.96
1575.86	2967.59
1577.40	2956.08
1578.95	2960.27
1580.50	2963.41
1582.05	2955.03
1583.60	2958.17
1585.15	2948.76
1586.69	2950.85
1588.24	2952.94
1589.79	2960.27
1591.34	2937.25
1592.88	2958.17
1594.43	2937.25
1595.97	2947.71
1597.52	2945.62
1599.06	2947.71
1600.61	2942.48
1602.15	2951.90
1603.70	2930.97
1605.24	2941.43
1606.79	2943.52
1608.33	2930.97
1609.87	2928.87
1611.41	2938.29
1612.96	2930.97
1614.50	2928.87
1616.04	2924.69
1617.58	2928.87
1619.12	2921.55
1620.67	2927.83
1622.21	2903.76
1623.75	2923.64
1625.29	2912.13
1626.83	2904.81
1628.37	2914.22
1629.90	2890.16
1631.44	2889.11
1632.98	2888.06
1634.52	2871.32
1636.06	2876.55
1637.59	2875.51
1639.13	2854.58
1640.67	2852.49
1642.21	2834.70
1643.74	2819.00
1645.28	2803.31
1646.81	2794.94
1648.35	2797.03
1649.88	2768.78
1651.42	2776.10
1652.95	2752.03
1654.49	2777.15
1656.02	2749.94
1657.55	2747.85
1659.09	2717.50
1660.62	2738.43
1662.15	2731.10
1663.68	2737.38
1665.22	2720.64
1666.75	2718.55
1668.28	2713.32
1669.81	2735.29
1671.34	2723.78
1672.87	2722.73
1674.40	2715.41
1675.93	2709.13
1677.46	2688.20
1678.99	2692.39
1680.52	2691.34
1682.04	2711.22
1683.57	2707.04
1685.10	2710.18
1686.63	2687.16
1688.15	2700.76
1689.68	2681.92
1691.21	2687.16
1692.73	2686.11
1694.26	2689.25
1695.78	2684.02
1697.31	2688.20
1698.83	2676.69
1700.36	2686.11
1701.88	2676.69
1703.40	2689.25
1704.93	2671.46
1706.45	2678.78
