896.35	3127.69
897.98	3149.66
899.60	3133.97
901.22	3169.55
902.85	3154.90
904.47	3182.10
906.10	3183.15
907.72	3197.80
909.34	3208.26
910.97	3234.42
912.59	3250.12
914.21	3301.39
915.84	3330.69
917.46	3398.71
919.08	3413.36
920.71	3445.80
922.33	3466.72
923.95	3496.02
925.58	3506.49
927.20	3522.18
928.82	3521.14
930.44	3553.58
932.07	3532.65
933.69	3552.53
935.31	3555.67
936.93	3579.74
938.56	3568.22
940.18	3600.66
941.80	3577.64
943.42	3605.90
945.05	3603.80
946.67	3617.41
948.29	3605.90
949.91	3614.27
951.53	3617.41
953.16	3633.10
954.78	3610.08
956.40	3615.31
958.02	3611.13
959.64	3615.31
961.26	3598.57
962.88	3626.82
964.51	3602.76
966.13	3638.33
967.75	3619.50
969.37	3616.36
970.99	3607.99
972.61	3616.36
974.23	3611.13
975.85	3622.64
977.47	3622.64
979.09	3634.15
980.71	3611.13
982.33	3637.29
983.95	3629.96
985.57	3644.61
987.19	3618.45
988.81	3650.89
990.43	3634.15
992.05	3652.98
993.67	3656.12
995.29	3668.68
996.91	3646.70
998.53	3691.70
1000.15	3681.24
1001.77	3695.89
1003.39	3683.33
1005.01	3708.44
1006.63	3705.30
1008.25	3726.23
1009.86	3717.86
1011.48	3728.32
1013.10	3709.49
1014.72	3738.79
1016.34	3734.60
1017.96	3771.23
1019.58	3742.97
1021.19	3767.04
1022.81	3747.16
1024.43	3778.55
1026.05	3761.81
1027.66	3792.15
1029.28	3775.41
1030.90	3798.43
1032.52	3768.09
1034.13	3805.76
1035.75	3793.20
1037.37	3804.71
1038.98	3803.66
1040.60	3813.08
1042.22	3780.64
1043.83	3801.57
1045.45	3800.53
1047.07	3819.36
1048.68	3809.94
1050.30	3815.18
1051.92	3803.66
1053.53	3816.22
1055.15	3798.43
1056.76	3812.04
1058.38	3806.80
1059.99	3835.06
1061.61	3805.76
1063.22	3812.04
1064.84	3803.66
1066.46	3808.90
1068.07	3787.97
1069.68	3815.18
1071.30	3803.66
1072.91	3799.48
1074.53	3784.83
1076.14	3807.85
1077.76	3792.15
1079.37	3804.71
1080.98	3761.81
1082.60	3791.11
1084.21	3776.46
1085.83	3785.88
1087.44	3775.41
1089.05	3774.37
1090.67	3761.81
1092.28	3777.50
1093.89	3763.90
1095.50	3784.83
1097.12	3758.67
1098.73	3778.55
1100.34	3732.51
1101.95	3774.37
1103.57	3765.99
1105.18	3760.76
1106.79	3741.93
1108.40	3771.23
1110.01	3757.62
1111.63	3778.55
1113.24	3761.81
1114.85	3779.60
1116.46	3761.81
1118.07	3777.50
1119.68	3748.21
1121.29	3775.41
1122.90	3755.53
1124.51	3775.41
1126.12	3765.99
1127.73	3780.64
1129.34	3765.99
1130.95	3782.74
1132.56	3773.32
1134.17	3758.67
1135.78	3756.58
1137.39	3778.55
1139.00	3751.34
1140.61	3774.37
1142.22	3762.86
1143.83	3778.55
1145.44	3768.09
1147.05	3776.46
1148.65	3765.99
1150.26	3772.27
1151.87	3753.44
1153.48	3764.95
1155.09	3759.72
1156.69	3775.41
1158.30	3758.67
1159.91	3777.50
1161.52	3783.78
1163.12	3790.06
1164.73	3775.41
1166.34	3800.53
1167.94	3773.32
1169.55	3796.34
1171.16	3780.64
1172.76	3801.57
1174.37	3780.64
1175.97	3799.48
1177.58	3760.76
1179.19	3797.39
1180.79	3765.99
1182.40	3796.34
1184.00	3778.55
1185.61	3793.20
1187.21	3778.55
1188.82	3789.02
1190.42	3778.55
1192.02	3793.20
1193.63	3767.04
1195.23	3791.11
1196.84	3772.27
1198.44	3793.20
1200.04	3787.97
1201.65	3799.48
1203.25	3786.92
1204.85	3785.88
1206.46	3757.62
1208.06	3776.46
1209.66	3757.62
1211.26	3772.27
1212.87	3782.74
1214.47	3778.55
1216.07	3756.58
1217.67	3776.46
1219.27	3757.62
1220.87	3764.95
1222.48	3751.34
1224.08	3751.34
1225.68	3739.83
1227.28	3751.34
1228.88	3733.56
1230.48	3749.25
1232.08	3726.23
1233.68	3744.02
1235.28	3733.56
1236.88	3731.46
1238.48	3719.95
1240.08	3751.34
1241.68	3706.35
1243.28	3705.30
1244.87	3688.56
1246.47	3699.02
1248.07	3677.05
1249.67	3691.70
1251.27	3694.84
1252.87	3690.65
1254.46	3661.35
1256.06	3686.47
1257.66	3665.54
1259.26	3661.35
1260.85	3657.17
1262.45	3670.77
1264.05	3659.26
1265.64	3665.54
1267.24	3661.35
1268.83	3668.68
1270.43	3645.66
1272.03	3673.91
1273.62	3644.61
1275.22	3635.19
1276.81	3626.82
1278.41	3639.38
1280.00	3633.10
1281.60	3635.19
1283.19	3612.17
1284.79	3626.82
1286.38	3609.03
1287.97	3634.15
1289.57	3610.08
1291.16	3617.41
1292.75	3601.71
1294.35	3624.73
1295.94	3602.76
1297.53	3615.31
1299.12	3591.25
1300.72	3619.50
1302.31	3577.64
1303.90	3601.71
1305.49	3590.20
1307.08	3581.83
1308.68	3566.13
1310.27	3578.69
1311.86	3564.04
1313.45	3567.18
1315.04	3566.13
1316.63	3565.09
1318.22	3553.58
1319.81	3566.13
1321.40	3552.53
1322.99	3566.13
1324.58	3533.69
1326.17	3543.11
1327.75	3520.09
1329.34	3534.74
1330.93	3508.58
1332.52	3525.32
1334.11	3511.72
1335.70	3516.95
1337.28	3494.98
1338.87	3516.95
1340.46	3507.53
1342.05	3498.12
1343.63	3482.42
1345.22	3486.61
1346.81	3479.28
1348.39	3479.28
1349.98	3464.63
1351.56	3462.54
1353.15	3443.70
1354.73	3443.70
1356.32	3416.50
1357.90	3422.78
1359.49	3412.31
1361.07	3394.52
1362.66	3388.24
1364.24	3392.43
1365.82	3390.34
1367.41	3395.57
1368.99	3372.55
1370.57	3363.13
1372.16	3357.90
1373.74	3353.71
1375.32	3338.02
1376.91	3330.69
1378.49	3286.74
1380.07	3264.77
1381.65	3233.38
1383.23	3219.77
1384.81	3206.17
1386.39	3214.54
1387.97	3209.31
1389.55	3198.85
1391.14	3186.29
1392.72	3169.55
1394.29	3155.94
1395.87	3145.48
1397.45	3131.88
1399.03	3132.92
1400.61	3104.67
1402.19	3093.16
1403.77	3090.02
1405.35	3100.48
1406.92	3077.46
1408.50	3077.46
1410.08	3073.28
1411.66	3063.86
1413.23	3060.72
1414.81	3071.18
1416.39	3046.07
1417.96	3060.72
1419.54	3050.26
1421.12	3052.35
1422.69	3036.65
1424.27	3037.70
1425.84	3036.65
1427.42	3033.51
1428.99	3035.61
1430.57	3035.61
1432.14	3028.28
1433.71	3028.28
1435.29	3031.42
1436.86	3030.38
1438.43	3028.28
1440.01	3025.14
1441.58	2903.76
1443.15	3014.68
1444.72	3016.77
1446.30	3015.73
1447.87	3019.91
1449.44	3007.35
1451.01	2998.98
1452.58	3010.49
1454.15	3015.73
1455.72	3000.03
1457.29	3003.17
1458.86	3012.59
1460.43	2993.75
1462.00	3016.77
1463.57	3003.17
1465.14	3012.59
1466.71	2998.98
1468.28	3012.59
1469.85	3003.17
1471.41	3012.59
1472.98	3006.31
1474.55	3020.96
1476.12	3003.17
1477.68	2997.94
1479.25	3004.22
1480.82	3009.45
1482.38	3012.59
1483.95	3003.17
1485.51	3014.68
1487.08	3031.42
1488.64	3028.28
1490.21	3033.51
1491.77	3006.31
1493.34	3030.38
1494.90	3019.91
1496.46	3030.38
1498.03	3029.33
1499.59	3031.42
1501.15	3022.00
1502.72	3031.42
1504.28	3026.19
1505.84	3034.56
1507.40	3030.38
1508.97	3043.98
1510.53	3035.61
1512.09	3050.26
1513.65	3042.93
1515.21	3043.98
1516.77	3039.79
1518.33	3059.67
1519.89	3043.98
1521.45	3043.98
1523.01	3034.56
1524.57	3050.26
1526.13	3035.61
1527.68	3052.35
1529.24	3050.26
1530.80	3050.26
1532.36	3048.16
1533.92	3050.26
1535.47	3032.47
1537.03	3043.98
1538.59	3046.07
1540.14	3043.98
1541.70	3034.56
1543.25	3060.72
1544.81	3049.21
1546.36	3050.26
1547.92	3034.56
1549.47	3043.98
1551.03	3036.65
1552.58	3032.47
1554.13	3039.79
1555.69	3050.26
1557.24	3035.61
1558.79	3033.51
1560.35	3032.47
1561.90	3050.26
1563.45	3029.33
1565.00	3036.65
1566.55	3026.19
1568.10	3034.56
1569.66	3017.82
1571.21	3032.47
1572.76	3016.77
1574.31	3026.19
1575.86	3020.96
1577.40	3013.63
1578.95	3002.12
1580.50	3009.45
1582.05	3004.22
1583.60	3012.59
1585.15	2993.75
1586.69	2997.94
1588.24	3005.26
1589.79	3012.59
1591.34	2993.75
1592.88	3017.82
1594.43	2987.47
1595.97	3012.59
1597.52	3000.03
1599.06	3002.12
1600.61	2993.75
1602.15	3008.40
1603.70	2990.61
1605.24	2994.80
1606.79	2988.52
1608.33	2985.38
1609.87	2977.01
1611.41	2988.52
1612.96	2975.96
1614.50	2970.73
1616.04	2967.59
1617.58	2977.01
1619.12	2965.50
1620.67	2977.01
1622.21	2947.71
1623.75	2969.68
1625.29	2949.80
1626.83	2945.62
1628.37	2956.08
1629.90	2942.48
1631.44	2933.06
1632.98	2934.11
1634.52	2907.95
1636.06	2901.67
1637.59	2903.76
1639.13	2887.02
1640.67	2874.46
1642.21	2859.81
1643.74	2845.16
1645.28	2828.42
1646.81	2816.91
1648.35	2821.10
1649.88	2786.56
1651.42	2782.38
1652.95	2757.26
1654.49	2782.38
1656.02	2760.40
1657.55	2757.26
1659.09	2738.43
1660.62	2749.94
1662.15	2737.38
1663.68	2738.43
1665.22	2732.15
1666.75	2733.20
1668.28	2725.87
1669.81	2732.15
1671.34	2711.22
1672.87	2726.92
1674.40	2725.87
1675.93	2720.64
1677.46	2701.81
1678.99	2698.67
1680.52	2694.48
1682.04	2713.32
1683.57	2698.67
1685.10	2704.94
1686.63	2701.81
1688.15	2703.90
1689.68	2679.83
1691.21	2688.20
1692.73	2697.62
1694.26	2704.94
1695.78	2685.06
1697.31	2689.25
1698.83	2678.78
1700.36	2687.16
1701.88	2679.83
1703.40	2695.53
1704.93	2680.88
1706.45	2687.16
