896.35	3190.47
897.98	3209.31
899.60	3206.17
901.22	3235.47
902.85	3223.96
904.47	3255.35
906.10	3256.40
907.72	3265.82
909.34	3276.28
910.97	3309.76
912.59	3329.65
914.21	3389.29
915.84	3425.91
917.46	3486.61
919.08	3507.53
920.71	3552.53
922.33	3574.50
923.95	3610.08
925.58	3621.59
927.20	3634.15
928.82	3631.01
930.44	3683.33
932.07	3655.08
933.69	3674.96
935.31	3680.19
936.93	3712.63
938.56	3690.65
940.18	3719.95
941.80	3706.35
943.42	3738.79
945.05	3734.60
946.67	3740.88
948.29	3728.32
949.91	3739.83
951.53	3738.79
953.16	3749.25
954.78	3730.42
956.40	3746.11
958.02	3716.81
959.64	3741.93
961.26	3726.23
962.88	3742.97
964.51	3708.44
966.13	3751.34
967.75	3732.51
969.37	3740.88
970.99	3721.00
972.61	3741.93
974.23	3727.28
975.85	3750.30
977.47	3747.16
979.09	3752.39
980.71	3729.37
982.33	3759.72
983.95	3745.07
985.57	3779.60
987.19	3751.34
988.81	3784.83
990.43	3749.25
992.05	3772.27
993.67	3778.55
995.29	3786.92
996.91	3763.90
998.53	3814.13
1000.15	3803.66
1001.77	3830.87
1003.39	3807.85
1005.01	3836.10
1006.63	3830.87
1008.25	3857.03
1009.86	3847.61
1011.48	3862.26
1013.10	3843.43
1014.72	3882.14
1016.34	3877.96
1017.96	3905.17
1019.58	3879.01
1021.19	3887.38
1022.81	3884.24
1024.43	3919.82
1026.05	3897.84
1027.66	3928.19
1029.28	3899.93
1030.90	3920.86
1032.52	3895.75
1034.13	3935.51
1035.75	3937.60
1037.37	3952.25
1038.98	3935.51
1040.60	3950.16
1042.22	3910.40
1043.83	3941.79
1045.45	3930.28
1047.07	3951.21
1048.68	3925.05
1050.30	3950.16
1051.92	3951.21
1053.53	3955.39
1055.15	3930.28
1056.76	3948.07
1058.38	3936.56
1059.99	3963.76
1061.61	3928.19
1063.22	3933.42
1064.84	3927.14
1066.46	3944.93
1068.07	3928.19
1069.68	3947.02
1071.30	3924.00
1072.91	3925.05
1074.53	3907.26
1076.14	3938.65
1077.76	3896.79
1079.37	3925.05
1080.98	3881.10
1082.60	3915.63
1084.21	3900.98
1085.83	3909.35
1087.44	3888.42
1089.05	3889.47
1090.67	3883.19
1092.28	3894.70
1093.89	3888.42
1095.50	3899.93
1097.12	3868.54
1098.73	3890.52
1100.34	3854.94
1101.95	3885.28
1103.57	3868.54
1105.18	3875.87
1106.79	3852.85
1108.40	3884.24
1110.01	3866.45
1111.63	3885.28
1113.24	3869.59
1114.85	3886.33
1116.46	3862.26
1118.07	3886.33
1119.68	3858.08
1121.29	3890.52
1122.90	3868.54
1124.51	3883.19
1126.12	3869.59
1127.73	3884.24
1129.34	3865.40
1130.95	3894.70
1132.56	3877.96
1134.17	3861.22
1135.78	3859.12
1137.39	3885.28
1139.00	3853.89
1140.61	3871.68
1142.22	3880.05
1143.83	3887.38
1145.44	3873.77
1147.05	3881.10
1148.65	3864.36
1150.26	3868.54
1151.87	3847.61
1153.48	3873.77
1155.09	3866.45
1156.69	3887.38
1158.30	3867.50
1159.91	3884.24
1161.52	3879.01
1163.12	3880.05
1164.73	3869.59
1166.34	3902.03
1167.94	3869.59
1169.55	3890.52
1171.16	3877.96
1172.76	3890.52
1174.37	3872.73
1175.97	3884.24
1177.58	3847.61
1179.19	3882.14
1180.79	3859.12
1182.40	3887.38
1184.00	3869.59
1185.61	3885.28
1187.21	3865.40
1188.82	3882.14
1190.42	3862.26
1192.02	3871.68
1193.63	3853.89
1195.23	3881.10
1196.84	3859.12
1198.44	3869.59
1200.04	3863.31
1201.65	3868.54
1203.25	3854.94
1204.85	3869.59
1206.46	3840.29
1208.06	3862.26
1209.66	3840.29
1211.26	3857.03
1212.87	3847.61
1214.47	3847.61
1216.07	3832.96
1217.67	3855.98
1219.27	3835.06
1220.87	3851.80
1222.48	3825.64
1224.08	3837.15
1225.68	3825.64
1227.28	3828.78
1228.88	3807.85
1230.48	3822.50
1232.08	3793.20
1233.68	3829.82
1235.28	3821.45
1236.88	3812.04
1238.48	3786.92
1240.08	3825.64
1241.68	3778.55
1243.28	3786.92
1244.87	3754.48
1246.47	3763.90
1248.07	3741.93
1249.67	3765.99
1251.27	3753.44
1252.87	3756.58
1254.46	3731.46
1256.06	3744.02
1257.66	3735.65
1259.26	3733.56
1260.85	3724.14
1262.45	3726.23
1264.05	3717.86
1265.64	3721.00
1267.24	3711.58
1268.83	3716.81
1270.43	3693.79
1272.03	3723.09
1273.62	3694.84
1275.22	3692.75
1276.81	3693.79
1278.41	3696.93
1280.00	3692.75
1281.60	3693.79
1283.19	3671.82
1284.79	3683.33
1286.38	3661.35
1287.97	3676.00
1289.57	3661.35
1291.16	3674.96
1292.75	3652.98
1294.35	3678.10
1295.94	3650.89
1297.53	3656.12
1299.12	3634.15
1300.72	3663.45
1302.31	3623.68
1303.90	3649.84
1305.49	3640.43
1307.08	3632.06
1308.68	3613.22
1310.27	3622.64
1311.86	3616.36
1313.45	3609.03
1315.04	3590.20
1316.63	3605.90
1318.22	3591.25
1319.81	3597.52
1321.40	3591.25
1322.99	3603.80
1324.58	3571.36
1326.17	3583.92
1327.75	3564.04
1329.34	3573.46
1330.93	3558.81
1332.52	3557.76
1334.11	3551.48
1335.70	3554.62
1337.28	3543.11
1338.87	3552.53
1340.46	3533.69
1342.05	3532.65
1343.63	3515.90
1345.22	3505.44
1346.81	3510.67
1348.39	3501.26
1349.98	3496.02
1351.56	3491.84
1353.15	3461.49
1354.73	3465.68
1356.32	3435.33
1357.90	3443.70
1359.49	3435.33
1361.07	3414.40
1362.66	3401.85
1364.24	3413.36
1365.82	3399.75
1367.41	3413.36
1368.99	3384.06
1370.57	3385.10
1372.16	3391.38
1373.74	3387.20
1375.32	3365.22
1376.91	3344.30
1378.49	3294.07
1380.07	3267.91
1381.65	3254.30
1383.23	3236.52
1384.81	3233.38
1386.39	3218.73
1387.97	3206.17
1389.55	3199.89
1391.14	3185.24
1392.72	3171.64
1394.29	3154.90
1395.87	3144.43
1397.45	3119.32
1399.03	3124.55
1400.61	3105.72
1402.19	3100.48
1403.77	3078.51
1405.35	3094.21
1406.92	3080.60
1408.50	3082.70
1410.08	3067.00
1411.66	3056.54
1413.23	3051.30
1414.81	3062.81
1416.39	3041.89
1417.96	3051.30
1419.54	3032.47
1421.12	3038.75
1422.69	3047.12
1424.27	3029.33
1425.84	3035.61
1427.42	3031.42
1428.99	3022.00
1430.57	3022.00
1432.14	3019.91
1433.71	3027.24
1435.29	3025.14
1436.86	3030.38
1438.43	3022.00
1440.01	3023.05
1441.58	2882.83
1443.15	3012.59
1444.72	3007.35
1446.30	3006.31
1447.87	3017.82
1449.44	3003.17
1451.01	2990.61
1452.58	3011.54
1454.15	3014.68
1455.72	3001.08
1457.29	3006.31
1458.86	3013.63
1460.43	2990.61
1462.00	3018.86
1463.57	2992.70
1465.14	2996.89
1466.71	2991.66
1468.28	3006.31
1469.85	3005.26
1471.41	3013.63
1472.98	3007.35
1474.55	3012.59
1476.12	3001.08
1477.68	2995.84
1479.25	3005.26
1480.82	3006.31
1482.38	3010.49
1483.95	2996.89
1485.51	3008.40
1487.08	3025.14
1488.64	3022.00
1490.21	3030.38
1491.77	3012.59
1493.34	3029.33
1494.90	3008.40
1496.46	3016.77
1498.03	3017.82
1499.59	3023.05
1501.15	3027.24
1502.72	3025.14
1504.28	3023.05
1505.84	3030.38
1507.40	3025.14
1508.97	3042.93
1510.53	3032.47
1512.09	3050.26
1513.65	3042.93
1515.21	3049.21
1516.77	3031.42
1518.33	3048.16
1519.89	3040.84
1521.45	3045.02
1523.01	3043.98
1524.57	3050.26
1526.13	3034.56
1527.68	3052.35
1529.24	3054.44
1530.80	3048.16
1532.36	3049.21
1533.92	3053.40
1535.47	3039.79
1537.03	3050.26
1538.59	3049.21
1540.14	3054.44
1541.70	3039.79
1543.25	3056.54
1544.81	3051.30
1546.36	3055.49
1547.92	3028.28
1549.47	3047.12
1551.03	3045.02
1552.58	3041.89
1554.13	3036.65
1555.69	3047.12
1557.24	3040.84
1558.79	3035.61
1560.35	3031.42
1561.90	3045.02
1563.45	3018.86
1565.00	3028.28
1566.55	3022.00
1568.10	3027.24
1569.66	3016.77
1571.21	3039.79
1572.76	3023.05
1574.31	3026.19
1575.86	3018.86
1577.40	3011.54
1578.95	3009.45
1580.50	3018.86
1582.05	3008.40
1583.60	3014.68
1585.15	2998.98
1586.69	3000.03
1588.24	3008.40
1589.79	3012.59
1591.34	2986.43
1592.88	3004.22
1594.43	2981.19
1595.97	3001.08
1597.52	2996.89
1599.06	2994.80
1600.61	2988.52
1602.15	3002.12
1603.70	2983.29
1605.24	2987.47
1606.79	2987.47
1608.33	2981.19
1609.87	2975.96
1611.41	2988.52
1612.96	2983.29
1614.50	2977.01
1616.04	2977.01
1617.58	2983.29
1619.12	2972.82
1620.67	2974.92
1622.21	2950.85
1623.75	2970.73
1625.29	2942.48
1626.83	2941.43
1628.37	2962.36
1629.90	2937.25
1631.44	2927.83
1632.98	2936.20
1634.52	2908.99
1636.06	2905.85
1637.59	2906.90
1639.13	2881.79
1640.67	2873.42
1642.21	2853.53
1643.74	2844.12
1645.28	2822.14
1646.81	2807.49
1648.35	2814.82
1649.88	2781.33
1651.42	2788.66
1652.95	2764.59
1654.49	2779.24
1656.02	2759.36
1657.55	2755.17
1659.09	2735.29
1660.62	2752.03
1662.15	2733.20
1663.68	2740.52
1665.22	2734.24
1666.75	2729.01
1668.28	2723.78
1669.81	2739.48
1671.34	2719.59
1672.87	2722.73
1674.40	2731.10
1675.93	2720.64
1677.46	2708.08
1678.99	2705.99
1680.52	2697.62
1682.04	2719.59
1683.57	2702.85
1685.10	2715.41
1686.63	2700.76
1688.15	2700.76
1689.68	2691.34
1691.21	2688.20
1692.73	2688.20
1694.26	2698.67
1695.78	2696.57
1697.31	2694.48
1698.83	2687.16
1700.36	2692.39
1701.88	2682.97
1703.40	2696.57
1704.93	2681.92
1706.45	2681.92
