896.35	2992.70
897.98	3008.40
899.60	3014.68
901.22	3025.14
902.85	3022.00
904.47	3030.38
906.10	3033.51
907.72	3043.98
909.34	3055.49
910.97	3078.51
912.59	3098.39
914.21	3124.55
915.84	3146.53
917.46	3184.20
919.08	3211.40
920.71	3223.96
922.33	3249.07
923.95	3267.91
925.58	3288.84
927.20	3279.42
928.82	3296.16
930.44	3320.23
932.07	3296.16
933.69	3300.35
935.31	3306.62
936.93	3318.14
938.56	3326.51
940.18	3335.92
941.80	3332.78
943.42	3343.25
945.05	3361.04
946.67	3346.39
948.29	3350.57
949.91	3344.30
951.53	3361.04
953.16	3361.04
954.78	3353.71
956.40	3350.57
958.02	3347.43
959.64	3357.90
961.26	3352.67
962.88	3358.94
964.51	3340.11
966.13	3372.55
967.75	3362.08
969.37	3349.53
970.99	3345.34
972.61	3349.53
974.23	3355.81
975.85	3363.13
977.47	3366.27
979.09	3362.08
980.71	3350.57
982.33	3359.99
983.95	3357.90
985.57	3376.73
987.19	3372.55
988.81	3389.29
990.43	3379.87
992.05	3377.78
993.67	3395.57
995.29	3380.92
996.91	3372.55
998.53	3403.94
1000.15	3407.08
1001.77	3413.36
1003.39	3411.26
1005.01	3420.68
1006.63	3418.59
1008.25	3418.59
1009.86	3434.29
1011.48	3438.47
1013.10	3426.96
1014.72	3446.84
1016.34	3453.12
1017.96	3462.54
1019.58	3445.80
1021.19	3452.07
1022.81	3455.21
1024.43	3475.10
1026.05	3463.58
1027.66	3482.42
1029.28	3463.58
1030.90	3469.86
1032.52	3466.72
1034.13	3486.61
1035.75	3482.42
1037.37	3487.65
1038.98	3493.93
1040.60	3491.84
1042.22	3477.19
1043.83	3491.84
1045.45	3486.61
1047.07	3498.12
1048.68	3497.07
1050.30	3487.65
1051.92	3485.56
1053.53	3493.93
1055.15	3499.16
1056.76	3492.88
1058.38	3496.02
1059.99	3503.35
1061.61	3494.98
1063.22	3491.84
1064.84	3484.51
1066.46	3485.56
1068.07	3480.33
1069.68	3496.02
1071.30	3504.39
1072.91	3485.56
1074.53	3470.91
1076.14	3493.93
1077.76	3478.23
1079.37	3481.37
1080.98	3453.12
1082.60	3474.05
1084.21	3460.45
1085.83	3468.82
1087.44	3466.72
1089.05	3457.31
1090.67	3460.45
1092.28	3464.63
1093.89	3457.31
1095.50	3455.21
1097.12	3454.17
1098.73	3471.96
1100.34	3449.98
1101.95	3456.26
1103.57	3455.21
1105.18	3452.07
1106.79	3441.61
1108.40	3473.00
1110.01	3468.82
1111.63	3461.49
1113.24	3460.45
1114.85	3463.58
1116.46	3456.26
1118.07	3468.82
1119.68	3452.07
1121.29	3464.63
1122.90	3463.58
1124.51	3453.12
1126.12	3456.26
1127.73	3471.96
1129.34	3473.00
1130.95	3473.00
1132.56	3476.14
1134.17	3447.89
1135.78	3459.40
1137.39	3465.68
1139.00	3454.17
1140.61	3457.31
1142.22	3458.35
1143.83	3469.86
1145.44	3468.82
1147.05	3457.31
1148.65	3455.21
1150.26	3453.12
1151.87	3447.89
1153.48	3460.45
1155.09	3460.45
1156.69	3470.91
1158.30	3454.17
1159.91	3465.68
1161.52	3474.05
1163.12	3465.68
1164.73	3460.45
1166.34	3482.42
1167.94	3459.40
1169.55	3467.77
1171.16	3473.00
1172.76	3478.23
1174.37	3468.82
1175.97	3482.42
1177.58	3462.54
1179.19	3481.37
1180.79	3456.26
1182.40	3459.40
1184.00	3458.35
1185.61	3479.28
1187.21	3473.00
1188.82	3467.77
1190.42	3470.91
1192.02	3474.05
1193.63	3451.03
1195.23	3476.14
1196.84	3460.45
1198.44	3453.12
1200.04	3466.72
1201.65	3473.00
1203.25	3471.96
1204.85	3471.96
1206.46	3453.12
1208.06	3459.40
1209.66	3447.89
1211.26	3449.98
1212.87	3461.49
1214.47	3447.89
1216.07	3454.17
1217.67	3466.72
1219.27	3445.80
1220.87	3441.61
1222.48	3445.80
1224.08	3445.80
1225.68	3442.66
1227.28	3443.70
1228.88	3426.96
1230.48	3437.42
1232.08	3421.73
1233.68	3435.33
1235.28	3445.80
1236.88	3426.96
1238.48	3408.13
1240.08	3438.47
1241.68	3407.08
1243.28	3409.17
1244.87	3403.94
1246.47	3401.85
1248.07	3391.38
1249.67	3402.89
1251.27	3406.03
1252.87	3392.43
1254.46	3375.69
1256.06	3381.97
1257.66	3377.78
1259.26	3375.69
1260.85	3391.38
1262.45	3376.73
1264.05	3374.64
1265.64	3379.87
1267.24	3370.46
1268.83	3383.01
1270.43	3363.13
1272.03	3383.01
1273.62	3358.94
1275.22	3353.71
1276.81	3368.36
1278.41	3365.22
1280.00	3364.18
1281.60	3355.81
1283.19	3356.85
1284.79	3359.99
1286.38	3349.53
1287.97	3355.81
1289.57	3342.20
1291.16	3348.48
1292.75	3331.74
1294.35	3348.48
1295.94	3342.20
1297.53	3353.71
1299.12	3321.27
1300.72	3348.48
1302.31	3323.37
1303.90	3338.02
1305.49	3339.06
1307.08	3323.37
1308.68	3310.81
1310.27	3320.23
1311.86	3315.00
1313.45	3305.58
1315.04	3306.62
1316.63	3305.58
1318.22	3309.76
1319.81	3294.07
1321.40	3300.35
1322.99	3309.76
1324.58	3280.46
1326.17	3286.74
1327.75	3280.46
1329.34	3290.93
1330.93	3274.19
1332.52	3270.00
1334.11	3268.95
1335.70	3276.28
1337.28	3254.30
1338.87	3259.54
1340.46	3256.40
1342.05	3250.12
1343.63	3249.07
1345.22	3245.93
1346.81	3248.03
1348.39	3241.75
1349.98	3241.75
1351.56	3226.05
1353.15	3227.10
1354.73	3222.91
1356.32	3201.98
1357.90	3207.22
1359.49	3205.12
1361.07	3189.43
1362.66	3184.20
1364.24	3184.20
1365.82	3188.38
1367.41	3190.47
1368.99	3166.41
1370.57	3170.59
1372.16	3168.50
1373.74	3158.04
1375.32	3149.66
1376.91	3132.92
1378.49	3104.67
1380.07	3090.02
1381.65	3086.88
1383.23	3059.67
1384.81	3061.77
1386.39	3055.49
1387.97	3048.16
1389.55	3048.16
1391.14	3046.07
1392.72	3022.00
1394.29	3018.86
1395.87	3007.35
1397.45	2997.94
1399.03	3001.08
1400.61	2992.70
1402.19	2977.01
1403.77	2964.45
1405.35	2985.38
1406.92	2963.41
1408.50	2963.41
1410.08	2960.27
1411.66	2950.85
1413.23	2953.99
1414.81	2959.22
1416.39	2938.29
1417.96	2957.13
1419.54	2947.71
1421.12	2946.66
1422.69	2952.94
1424.27	2941.43
1425.84	2944.57
1427.42	2935.15
1428.99	2938.29
1430.57	2934.11
1432.14	2922.60
1433.71	2932.01
1435.29	2944.57
1436.86	2933.06
1438.43	2921.55
1440.01	2919.46
1441.58	2800.17
1443.15	2934.11
1444.72	2935.15
1446.30	2934.11
1447.87	2935.15
1449.44	2914.22
1451.01	2905.85
1452.58	2926.78
1454.15	2922.60
1455.72	2910.04
1457.29	2915.27
1458.86	2924.69
1460.43	2919.46
1462.00	2932.01
1463.57	2915.27
1465.14	2918.41
1466.71	2914.22
1468.28	2919.46
1469.85	2914.22
1471.41	2919.46
1472.98	2918.41
1474.55	2926.78
1476.12	2907.95
1477.68	2914.22
1479.25	2925.74
1480.82	2925.74
1482.38	2923.64
1483.95	2914.22
1485.51	2929.92
1487.08	2936.20
1488.64	2925.74
1490.21	2934.11
1491.77	2919.46
1493.34	2939.34
1494.90	2917.36
1496.46	2930.97
1498.03	2933.06
1499.59	2939.34
1501.15	2936.20
1502.72	2927.83
1504.28	2927.83
1505.84	2928.87
1507.40	2929.92
1508.97	2939.34
1510.53	2935.15
1512.09	2948.76
1513.65	2943.52
1515.21	2944.57
1516.77	2928.87
1518.33	2950.85
1519.89	2945.62
1521.45	2942.48
1523.01	2941.43
1524.57	2956.08
1526.13	2939.34
1527.68	2947.71
1529.24	2956.08
1530.80	2946.66
1532.36	2953.99
1533.92	2945.62
1535.47	2930.97
1537.03	2938.29
1538.59	2945.62
1540.14	2945.62
1541.70	2942.48
1543.25	2953.99
1544.81	2941.43
1546.36	2949.80
1547.92	2930.97
1549.47	2941.43
1551.03	2942.48
1552.58	2936.20
1554.13	2929.92
1555.69	2941.43
1557.24	2927.83
1558.79	2925.74
1560.35	2919.46
1561.90	2938.29
1563.45	2914.22
1565.00	2922.60
1566.55	2918.41
1568.10	2916.32
1569.66	2910.04
1571.21	2928.87
1572.76	2926.78
1574.31	2922.60
1575.86	2921.55
1577.40	2907.95
1578.95	2903.76
1580.50	2905.85
1582.05	2900.62
1583.60	2911.09
1585.15	2898.53
1586.69	2908.99
1588.24	2906.90
1589.79	2915.27
1591.34	2890.16
1592.88	2908.99
1594.43	2884.93
1595.97	2901.67
1597.52	2897.48
1599.06	2900.62
1600.61	2894.34
1602.15	2903.76
1603.70	2895.39
1605.24	2895.39
1606.79	2896.44
1608.33	2880.74
1609.87	2880.74
1611.41	2891.20
1612.96	2880.74
1614.50	2873.42
1616.04	2877.60
1617.58	2880.74
1619.12	2869.23
1620.67	2883.88
1622.21	2858.77
1623.75	2873.42
1625.29	2856.67
1626.83	2858.77
1628.37	2876.55
1629.90	2850.39
1631.44	2853.53
1632.98	2846.21
1634.52	2822.14
1636.06	2830.51
1637.59	2828.42
1639.13	2815.86
1640.67	2805.40
1642.21	2797.03
1643.74	2792.84
1645.28	2775.05
1646.81	2763.54
1648.35	2765.64
1649.88	2752.03
1651.42	2743.66
1652.95	2724.83
1654.49	2749.94
1656.02	2722.73
1657.55	2727.97
1659.09	2695.53
1660.62	2719.59
1662.15	2708.08
1663.68	2712.27
1665.22	2698.67
1666.75	2700.76
1668.28	2692.39
1669.81	2716.45
1671.34	2701.81
1672.87	2703.90
1674.40	2705.99
1675.93	2693.43
1677.46	2673.55
1678.99	2668.32
1680.52	2677.74
1682.04	2687.16
1683.57	2673.55
1685.10	2677.74
1686.63	2673.55
1688.15	2680.88
1689.68	2666.23
1691.21	2678.78
1692.73	2672.51
1694.26	2672.51
1695.78	2667.27
1697.31	2665.18
1698.83	2661.00
1700.36	2666.23
1701.88	2655.76
1703.40	2672.51
1704.93	2663.09
1706.45	2663.09
