896.35	2969.68
897.98	2979.10
899.60	2982.24
901.22	3008.40
902.85	2996.89
904.47	3011.54
906.10	3007.35
907.72	3012.59
909.34	3031.42
910.97	3042.93
912.59	3074.32
914.21	3086.88
915.84	3119.32
917.46	3156.99
919.08	3168.50
920.71	3188.38
922.33	3209.31
923.95	3225.01
925.58	3250.12
927.20	3237.56
928.82	3240.70
930.44	3263.72
932.07	3256.40
933.69	3255.35
935.31	3261.63
936.93	3272.09
938.56	3276.28
940.18	3286.74
941.80	3280.46
943.42	3297.21
945.05	3306.62
946.67	3294.07
948.29	3313.95
949.91	3303.49
951.53	3311.86
953.16	3317.09
954.78	3311.86
956.40	3298.25
958.02	3300.35
959.64	3304.53
961.26	3302.44
962.88	3303.49
964.51	3293.02
966.13	3320.23
967.75	3318.14
969.37	3304.53
970.99	3302.44
972.61	3304.53
974.23	3299.30
975.85	3309.76
977.47	3311.86
979.09	3310.81
980.71	3297.21
982.33	3306.62
983.95	3327.55
985.57	3326.51
987.19	3322.32
988.81	3330.69
990.43	3327.55
992.05	3324.41
993.67	3342.20
995.29	3340.11
996.91	3331.74
998.53	3357.90
1000.15	3350.57
1001.77	3357.90
1003.39	3359.99
1005.01	3357.90
1006.63	3361.04
1008.25	3376.73
1009.86	3377.78
1011.48	3376.73
1013.10	3376.73
1014.72	3387.20
1016.34	3393.48
1017.96	3412.31
1019.58	3393.48
1021.19	3399.75
1022.81	3403.94
1024.43	3424.87
1026.05	3416.50
1027.66	3424.87
1029.28	3424.87
1030.90	3424.87
1032.52	3414.40
1034.13	3433.24
1035.75	3439.52
1037.37	3439.52
1038.98	3441.61
1040.60	3434.29
1042.22	3417.54
1043.83	3431.15
1045.45	3432.19
1047.07	3442.66
1048.68	3451.03
1050.30	3443.70
1051.92	3439.52
1053.53	3434.29
1055.15	3444.75
1056.76	3437.42
1058.38	3435.33
1059.99	3444.75
1061.61	3430.10
1063.22	3432.19
1064.84	3436.38
1066.46	3435.33
1068.07	3434.29
1069.68	3446.84
1071.30	3441.61
1072.91	3428.01
1074.53	3420.68
1076.14	3440.56
1077.76	3430.10
1079.37	3435.33
1080.98	3404.99
1082.60	3420.68
1084.21	3424.87
1085.83	3428.01
1087.44	3426.96
1089.05	3409.17
1090.67	3398.71
1092.28	3407.08
1093.89	3420.68
1095.50	3418.59
1097.12	3404.99
1098.73	3418.59
1100.34	3395.57
1101.95	3419.64
1103.57	3418.59
1105.18	3408.13
1106.79	3393.48
1108.40	3401.85
1110.01	3396.62
1111.63	3414.40
1113.24	3408.13
1114.85	3415.45
1116.46	3408.13
1118.07	3420.68
1119.68	3404.99
1121.29	3413.36
1122.90	3401.85
1124.51	3409.17
1126.12	3422.78
1127.73	3425.91
1129.34	3425.91
1130.95	3429.05
1132.56	3421.73
1134.17	3397.66
1135.78	3406.03
1137.39	3421.73
1139.00	3408.13
1140.61	3410.22
1142.22	3418.59
1143.83	3412.31
1145.44	3409.17
1147.05	3409.17
1148.65	3409.17
1150.26	3404.99
1151.87	3406.03
1153.48	3415.45
1155.09	3423.82
1156.69	3414.40
1158.30	3404.99
1159.91	3414.40
1161.52	3418.59
1163.12	3420.68
1164.73	3407.08
1166.34	3420.68
1167.94	3412.31
1169.55	3410.22
1171.16	3418.59
1172.76	3421.73
1174.37	3412.31
1175.97	3424.87
1177.58	3401.85
1179.19	3431.15
1180.79	3412.31
1182.40	3419.64
1184.00	3407.08
1185.61	3429.05
1187.21	3420.68
1188.82	3418.59
1190.42	3418.59
1192.02	3416.50
1193.63	3402.89
1195.23	3419.64
1196.84	3418.59
1198.44	3423.82
1200.04	3420.68
1201.65	3422.78
1203.25	3417.54
1204.85	3431.15
1206.46	3403.94
1208.06	3412.31
1209.66	3398.71
1211.26	3408.13
1212.87	3426.96
1214.47	3406.03
1216.07	3410.22
1217.67	3406.03
1219.27	3392.43
1220.87	3408.13
1222.48	3406.03
1224.08	3398.71
1225.68	3395.57
1227.28	3396.62
1228.88	3384.06
1230.48	3394.52
1232.08	3374.64
1233.68	3402.89
1235.28	3402.89
1236.88	3388.24
1238.48	3384.06
1240.08	3403.94
1241.68	3362.08
1243.28	3362.08
1244.87	3365.22
1246.47	3363.13
1248.07	3349.53
1249.67	3355.81
1251.27	3365.22
1252.87	3346.39
1254.46	3342.20
1256.06	3348.48
1257.66	3349.53
1259.26	3345.34
1260.85	3341.16
1262.45	3339.06
1264.05	3340.11
1265.64	3338.02
1267.24	3340.11
1268.83	3342.20
1270.43	3331.74
1272.03	3354.76
1273.62	3333.83
1275.22	3315.00
1276.81	3321.27
1278.41	3326.51
1280.00	3331.74
1281.60	3317.09
1283.19	3313.95
1284.79	3324.41
1286.38	3310.81
1287.97	3324.41
1289.57	3300.35
1291.16	3303.49
1292.75	3290.93
1294.35	3313.95
1295.94	3299.30
1297.53	3305.58
1299.12	3293.02
1300.72	3310.81
1302.31	3277.33
1303.90	3303.49
1305.49	3302.44
1307.08	3291.98
1308.68	3278.37
1310.27	3283.60
1311.86	3275.23
1313.45	3270.00
1315.04	3265.82
1316.63	3274.19
1318.22	3265.82
1319.81	3262.68
1321.40	3262.68
1322.99	3267.91
1324.58	3250.12
1326.17	3254.30
1327.75	3238.61
1329.34	3252.21
1330.93	3241.75
1332.52	3240.70
1334.11	3239.66
1335.70	3234.42
1337.28	3218.73
1338.87	3222.91
1340.46	3226.05
1342.05	3220.82
1343.63	3213.50
1345.22	3216.63
1346.81	3221.87
1348.39	3220.82
1349.98	3216.63
1351.56	3192.57
1353.15	3184.20
1354.73	3190.47
1356.32	3171.64
1357.90	3180.01
1359.49	3180.01
1361.07	3161.18
1362.66	3153.85
1364.24	3161.18
1365.82	3159.08
1367.41	3161.18
1368.99	3149.66
1370.57	3137.11
1372.16	3135.02
1373.74	3130.83
1375.32	3122.46
1376.91	3117.23
1378.49	3079.56
1380.07	3064.91
1381.65	3059.67
1383.23	3047.12
1384.81	3046.07
1386.39	3023.05
1387.97	3027.24
1389.55	3030.38
1391.14	3020.96
1392.72	3002.12
1394.29	2993.75
1395.87	2988.52
1397.45	2972.82
1399.03	2978.06
1400.61	2963.41
1402.19	2952.94
1403.77	2936.20
1405.35	2962.36
1406.92	2956.08
1408.50	2947.71
1410.08	2932.01
1411.66	2928.87
1413.23	2936.20
1414.81	2935.15
1416.39	2912.13
1417.96	2926.78
1419.54	2913.18
1421.12	2920.50
1422.69	2928.87
1424.27	2919.46
1425.84	2924.69
1427.42	2900.62
1428.99	2905.85
1430.57	2910.04
1432.14	2911.09
1433.71	2908.99
1435.29	2918.41
1436.86	2912.13
1438.43	2908.99
1440.01	2898.53
1441.58	2780.29
1443.15	2905.85
1444.72	2900.62
1446.30	2904.81
1447.87	2911.09
1449.44	2899.58
1451.01	2885.97
1452.58	2897.48
1454.15	2898.53
1455.72	2887.02
1457.29	2894.34
1458.86	2902.71
1460.43	2889.11
1462.00	2912.13
1463.57	2898.53
1465.14	2904.81
1466.71	2883.88
1468.28	2887.02
1469.85	2895.39
1471.41	2905.85
1472.98	2892.25
1474.55	2906.90
1476.12	2890.16
1477.68	2893.30
1479.25	2899.58
1480.82	2900.62
1482.38	2904.81
1483.95	2899.58
1485.51	2897.48
1487.08	2912.13
1488.64	2900.62
1490.21	2907.95
1491.77	2896.44
1493.34	2912.13
1494.90	2898.53
1496.46	2906.90
1498.03	2912.13
1499.59	2919.46
1501.15	2903.76
1502.72	2903.76
1504.28	2915.27
1505.84	2912.13
1507.40	2905.85
1508.97	2922.60
1510.53	2916.32
1512.09	2934.11
1513.65	2927.83
1515.21	2927.83
1516.77	2914.22
1518.33	2927.83
1519.89	2918.41
1521.45	2921.55
1523.01	2922.60
1524.57	2928.87
1526.13	2920.50
1527.68	2924.69
1529.24	2932.01
1530.80	2925.74
1532.36	2933.06
1533.92	2923.64
1535.47	2906.90
1537.03	2919.46
1538.59	2924.69
1540.14	2911.09
1541.70	2907.95
1543.25	2934.11
1544.81	2923.64
1546.36	2934.11
1547.92	2917.36
1549.47	2924.69
1551.03	2917.36
1552.58	2914.22
1554.13	2911.09
1555.69	2915.27
1557.24	2913.18
1558.79	2912.13
1560.35	2908.99
1561.90	2918.41
1563.45	2905.85
1565.00	2912.13
1566.55	2905.85
1568.10	2902.71
1569.66	2901.67
1571.21	2918.41
1572.76	2916.32
1574.31	2910.04
1575.86	2907.95
1577.40	2888.06
1578.95	2892.25
1580.50	2899.58
1582.05	2895.39
1583.60	2897.48
1585.15	2884.93
1586.69	2884.93
1588.24	2894.34
1589.79	2899.58
1591.34	2869.23
1592.88	2897.48
1594.43	2884.93
1595.97	2891.20
1597.52	2893.30
1599.06	2885.97
1600.61	2881.79
1602.15	2897.48
1603.70	2880.74
1605.24	2889.11
1606.79	2884.93
1608.33	2879.69
1609.87	2870.28
1611.41	2877.60
1612.96	2869.23
1614.50	2869.23
1616.04	2866.09
1617.58	2873.42
1619.12	2861.90
1620.67	2871.32
1622.21	2843.07
1623.75	2874.46
1625.29	2852.49
1626.83	2854.58
1628.37	2851.44
1629.90	2835.74
1631.44	2834.70
1632.98	2834.70
1634.52	2820.05
1636.06	2821.10
1637.59	2825.28
1639.13	2809.58
1640.67	2803.31
1642.21	2788.66
1643.74	2781.33
1645.28	2768.78
1646.81	2762.50
1648.35	2762.50
1649.88	2729.01
1651.42	2740.52
1652.95	2719.59
1654.49	2740.52
1656.02	2718.55
1657.55	2726.92
1659.09	2709.13
1660.62	2722.73
1662.15	2704.94
1663.68	2716.45
1665.22	2700.76
1666.75	2701.81
1668.28	2698.67
1669.81	2716.45
1671.34	2690.29
1672.87	2694.48
1674.40	2707.04
1675.93	2691.34
1677.46	2672.51
1678.99	2672.51
1680.52	2673.55
1682.04	2687.16
1683.57	2675.65
1685.10	2687.16
1686.63	2675.65
1688.15	2677.74
1689.68	2666.23
1691.21	2668.32
1692.73	2669.37
1694.26	2671.46
1695.78	2665.18
1697.31	2669.37
1698.83	2665.18
1700.36	2669.37
1701.88	2663.09
1703.40	2670.41
1704.93	2649.49
1706.45	2650.53
