896.35	2888.06
897.98	2888.06
899.60	2892.25
901.22	2917.36
902.85	2905.85
904.47	2916.32
906.10	2927.83
907.72	2924.69
909.34	2942.48
910.97	2956.08
912.59	2969.68
914.21	2983.29
915.84	2996.89
917.46	3028.28
919.08	3045.02
920.71	3056.54
922.33	3090.02
923.95	3086.88
925.58	3108.86
927.20	3099.44
928.82	3107.81
930.44	3123.50
932.07	3113.04
933.69	3102.58
935.31	3119.32
936.93	3129.78
938.56	3139.20
940.18	3139.20
941.80	3130.83
943.42	3146.53
945.05	3166.41
946.67	3143.39
948.29	3153.85
949.91	3145.48
951.53	3158.04
953.16	3152.80
954.78	3159.08
956.40	3149.66
958.02	3156.99
959.64	3163.27
961.26	3155.94
962.88	3146.53
964.51	3142.34
966.13	3169.55
967.75	3166.41
969.37	3148.62
970.99	3152.80
972.61	3153.85
974.23	3166.41
975.85	3159.08
977.47	3155.94
979.09	3161.18
980.71	3160.13
982.33	3161.18
983.95	3168.50
985.57	3171.64
987.19	3156.99
988.81	3172.69
990.43	3161.18
992.05	3167.45
993.67	3183.15
995.29	3182.10
996.91	3173.73
998.53	3195.71
1000.15	3189.43
1001.77	3196.75
1003.39	3200.94
1005.01	3199.89
1006.63	3208.26
1008.25	3210.36
1009.86	3222.91
1011.48	3210.36
1013.10	3217.68
1014.72	3225.01
1016.34	3222.91
1017.96	3229.19
1019.58	3218.73
1021.19	3222.91
1022.81	3235.47
1024.43	3241.75
1026.05	3239.66
1027.66	3239.66
1029.28	3241.75
1030.90	3238.61
1032.52	3228.14
1034.13	3242.79
1035.75	3267.91
1037.37	3259.54
1038.98	3264.77
1040.60	3252.21
1042.22	3240.70
1043.83	3245.93
1045.45	3250.12
1047.07	3255.35
1048.68	3255.35
1050.30	3248.03
1051.92	3254.30
1053.53	3245.93
1055.15	3256.40
1056.76	3250.12
1058.38	3256.40
1059.99	3265.82
1061.61	3255.35
1063.22	3245.93
1064.84	3251.17
1066.46	3256.40
1068.07	3243.84
1069.68	3248.03
1071.30	3259.54
1072.91	3244.89
1074.53	3238.61
1076.14	3253.26
1077.76	3242.79
1079.37	3239.66
1080.98	3218.73
1082.60	3240.70
1084.21	3239.66
1085.83	3246.98
1087.44	3240.70
1089.05	3219.77
1090.67	3216.63
1092.28	3223.96
1093.89	3234.42
1095.50	3232.33
1097.12	3223.96
1098.73	3230.24
1100.34	3214.54
1101.95	3223.96
1103.57	3228.14
1105.18	3216.63
1106.79	3217.68
1108.40	3231.28
1110.01	3218.73
1111.63	3218.73
1113.24	3226.05
1114.85	3226.05
1116.46	3219.77
1118.07	3230.24
1119.68	3223.96
1121.29	3234.42
1122.90	3231.28
1124.51	3220.82
1126.12	3235.47
1127.73	3234.42
1129.34	3238.61
1130.95	3234.42
1132.56	3236.52
1134.17	3209.31
1135.78	3218.73
1137.39	3225.01
1139.00	3220.82
1140.61	3222.91
1142.22	3236.52
1143.83	3217.68
1145.44	3221.87
1147.05	3217.68
1148.65	3225.01
1150.26	3209.31
1151.87	3210.36
1153.48	3215.59
1155.09	3235.47
1156.69	3219.77
1158.30	3208.26
1159.91	3214.54
1161.52	3223.96
1163.12	3221.87
1164.73	3213.50
1166.34	3223.96
1167.94	3214.54
1169.55	3221.87
1171.16	3221.87
1172.76	3225.01
1174.37	3227.10
1175.97	3229.19
1177.58	3210.36
1179.19	3231.28
1180.79	3216.63
1182.40	3218.73
1184.00	3215.59
1185.61	3226.05
1187.21	3220.82
1188.82	3214.54
1190.42	3213.50
1192.02	3211.40
1193.63	3205.12
1195.23	3221.87
1196.84	3216.63
1198.44	3213.50
1200.04	3230.24
1201.65	3222.91
1203.25	3227.10
1204.85	3219.77
1206.46	3206.17
1208.06	3212.45
1209.66	3206.17
1211.26	3203.03
1212.87	3222.91
1214.47	3205.12
1216.07	3207.22
1217.67	3205.12
1219.27	3205.12
1220.87	3210.36
1222.48	3207.22
1224.08	3200.94
1225.68	3208.26
1227.28	3199.89
1228.88	3194.66
1230.48	3196.75
1232.08	3186.29
1233.68	3191.52
1235.28	3205.12
1236.88	3185.24
1238.48	3182.10
1240.08	3203.03
1241.68	3167.45
1243.28	3178.96
1244.87	3185.24
1246.47	3168.50
1248.07	3165.36
1249.67	3169.55
1251.27	3177.92
1252.87	3160.13
1254.46	3150.71
1256.06	3158.04
1257.66	3160.13
1259.26	3137.11
1260.85	3148.62
1262.45	3153.85
1264.05	3167.45
1265.64	3146.53
1267.24	3149.66
1268.83	3156.99
1270.43	3150.71
1272.03	3159.08
1273.62	3143.39
1275.22	3132.92
1276.81	3143.39
1278.41	3139.20
1280.00	3148.62
1281.60	3140.25
1283.19	3127.69
1284.79	3132.92
1286.38	3128.74
1287.97	3128.74
1289.57	3127.69
1291.16	3128.74
1292.75	3118.27
1294.35	3126.64
1295.94	3120.37
1297.53	3125.60
1299.12	3119.32
1300.72	3127.69
1302.31	3092.11
1303.90	3124.55
1305.49	3124.55
1307.08	3109.90
1308.68	3105.72
1310.27	3102.58
1311.86	3101.53
1313.45	3097.34
1315.04	3101.53
1316.63	3096.30
1318.22	3091.07
1319.81	3077.46
1321.40	3090.02
1322.99	3099.44
1324.58	3082.70
1326.17	3081.65
1327.75	3074.32
1329.34	3074.32
1330.93	3069.09
1332.52	3062.81
1334.11	3058.63
1335.70	3061.77
1337.28	3057.58
1338.87	3064.91
1340.46	3065.95
1342.05	3049.21
1343.63	3057.58
1345.22	3052.35
1346.81	3054.44
1348.39	3043.98
1349.98	3040.84
1351.56	3036.65
1353.15	3031.42
1354.73	3036.65
1356.32	3017.82
1357.90	3012.59
1359.49	3017.82
1361.07	3005.26
1362.66	3007.35
1364.24	3000.03
1365.82	3004.22
1367.41	3008.40
1368.99	2989.57
1370.57	2990.61
1372.16	2995.84
1373.74	2982.24
1375.32	2977.01
1376.91	2974.92
1378.49	2956.08
1380.07	2940.38
1381.65	2941.43
1383.23	2922.60
1384.81	2920.50
1386.39	2914.22
1387.97	2920.50
1389.55	2908.99
1391.14	2903.76
1392.72	2895.39
1394.29	2897.48
1395.87	2891.20
1397.45	2876.55
1399.03	2877.60
1400.61	2876.55
1402.19	2866.09
1403.77	2855.63
1405.35	2876.55
1406.92	2857.72
1408.50	2861.90
1410.08	2860.86
1411.66	2842.02
1413.23	2846.21
1414.81	2847.26
1416.39	2833.65
1417.96	2843.07
1419.54	2840.98
1421.12	2844.12
1422.69	2850.39
1424.27	2842.02
1425.84	2853.53
1427.42	2844.12
1428.99	2830.51
1430.57	2833.65
1432.14	2829.47
1433.71	2836.79
1435.29	2843.07
1436.86	2835.74
1438.43	2831.56
1440.01	2825.28
1441.58	2710.18
1443.15	2832.61
1444.72	2834.70
1446.30	2834.70
1447.87	2840.98
1449.44	2824.23
1451.01	2809.58
1452.58	2825.28
1454.15	2824.23
1455.72	2817.96
1457.29	2819.00
1458.86	2833.65
1460.43	2822.14
1462.00	2839.93
1463.57	2820.05
1465.14	2827.37
1466.71	2824.23
1468.28	2829.47
1469.85	2830.51
1471.41	2832.61
1472.98	2819.00
1474.55	2840.98
1476.12	2822.14
1477.68	2819.00
1479.25	2833.65
1480.82	2830.51
1482.38	2835.74
1483.95	2820.05
1485.51	2825.28
1487.08	2837.84
1488.64	2829.47
1490.21	2836.79
1491.77	2823.19
1493.34	2844.12
1494.90	2829.47
1496.46	2829.47
1498.03	2838.88
1499.59	2838.88
1501.15	2835.74
1502.72	2832.61
1504.28	2830.51
1505.84	2830.51
1507.40	2826.33
1508.97	2845.16
1510.53	2834.70
1512.09	2846.21
1513.65	2847.26
1515.21	2844.12
1516.77	2838.88
1518.33	2853.53
1519.89	2843.07
1521.45	2834.70
1523.01	2837.84
1524.57	2846.21
1526.13	2845.16
1527.68	2851.44
1529.24	2853.53
1530.80	2851.44
1532.36	2855.63
1533.92	2847.26
1535.47	2833.65
1537.03	2839.93
1538.59	2850.39
1540.14	2846.21
1541.70	2829.47
1543.25	2845.16
1544.81	2840.98
1546.36	2843.07
1547.92	2829.47
1549.47	2840.98
1551.03	2839.93
1552.58	2831.56
1554.13	2819.00
1555.69	2835.74
1557.24	2823.19
1558.79	2825.28
1560.35	2828.42
1561.90	2831.56
1563.45	2826.33
1565.00	2834.70
1566.55	2827.37
1568.10	2819.00
1569.66	2815.86
1571.21	2825.28
1572.76	2829.47
1574.31	2827.37
1575.86	2822.14
1577.40	2815.86
1578.95	2821.10
1580.50	2823.19
1582.05	2808.54
1583.60	2815.86
1585.15	2803.31
1586.69	2807.49
1588.24	2811.68
1589.79	2814.82
1591.34	2802.26
1592.88	2821.10
1594.43	2795.98
1595.97	2805.40
1597.52	2807.49
1599.06	2805.40
1600.61	2797.03
1602.15	2816.91
1603.70	2800.17
1605.24	2803.31
1606.79	2805.40
1608.33	2799.12
1609.87	2795.98
1611.41	2811.68
1612.96	2799.12
1614.50	2793.89
1616.04	2800.17
1617.58	2802.26
1619.12	2785.52
1620.67	2791.80
1622.21	2770.87
1623.75	2789.70
1625.29	2778.19
1626.83	2783.42
1628.37	2807.49
1629.90	2774.01
1631.44	2771.91
1632.98	2771.91
1634.52	2752.03
1636.06	2761.45
1637.59	2767.73
1639.13	2760.40
1640.67	2758.31
1642.21	2739.48
1643.74	2739.48
1645.28	2725.87
1646.81	2715.41
1648.35	2730.06
1649.88	2705.99
1651.42	2718.55
1652.95	2702.85
1654.49	2722.73
1656.02	2701.81
1657.55	2701.81
1659.09	2677.74
1660.62	2695.53
1662.15	2682.97
1663.68	2694.48
1665.22	2687.16
1666.75	2691.34
1668.28	2680.88
1669.81	2688.20
1671.34	2675.65
1672.87	2681.92
1674.40	2689.25
1675.93	2678.78
1677.46	2666.23
1678.99	2665.18
1680.52	2665.18
1682.04	2681.92
1683.57	2666.23
1685.10	2666.23
1686.63	2659.95
1688.15	2668.32
1689.68	2652.62
1691.21	2663.09
1692.73	2665.18
1694.26	2673.55
1695.78	2661.00
1697.31	2659.95
1698.83	2650.53
1700.36	2654.72
1701.88	2650.53
1703.40	2666.23
1704.93	2640.07
1706.45	2648.44
