896.35	3010.49
897.98	3024.10
899.60	3026.19
901.22	3050.26
902.85	3038.75
904.47	3057.58
906.10	3063.86
907.72	3077.46
909.34	3082.70
910.97	3098.39
912.59	3121.41
914.21	3158.04
915.84	3177.92
917.46	3220.82
919.08	3237.56
920.71	3254.30
922.33	3278.37
923.95	3294.07
925.58	3309.76
927.20	3312.90
928.82	3320.23
930.44	3347.43
932.07	3332.78
933.69	3334.88
935.31	3338.02
936.93	3352.67
938.56	3357.90
940.18	3375.69
941.80	3356.85
943.42	3383.01
945.05	3387.20
946.67	3376.73
948.29	3381.97
949.91	3376.73
951.53	3391.38
953.16	3400.80
954.78	3384.06
956.40	3381.97
958.02	3380.92
959.64	3389.29
961.26	3378.83
962.88	3391.38
964.51	3374.64
966.13	3400.80
967.75	3393.48
969.37	3380.92
970.99	3379.87
972.61	3387.20
974.23	3387.20
975.85	3384.06
977.47	3385.10
979.09	3391.38
980.71	3378.83
982.33	3399.75
983.95	3390.34
985.57	3414.40
987.19	3401.85
988.81	3417.54
990.43	3407.08
992.05	3404.99
993.67	3417.54
995.29	3420.68
996.91	3414.40
998.53	3437.42
1000.15	3434.29
1001.77	3457.31
1003.39	3453.12
1005.01	3457.31
1006.63	3456.26
1008.25	3463.58
1009.86	3467.77
1011.48	3462.54
1013.10	3463.58
1014.72	3481.37
1016.34	3481.37
1017.96	3491.84
1019.58	3489.74
1021.19	3493.93
1022.81	3491.84
1024.43	3506.49
1026.05	3498.12
1027.66	3518.00
1029.28	3508.58
1030.90	3521.14
1032.52	3501.26
1034.13	3525.32
1035.75	3518.00
1037.37	3524.28
1038.98	3533.69
1040.60	3524.28
1042.22	3507.53
1043.83	3528.46
1045.45	3518.00
1047.07	3525.32
1048.68	3531.60
1050.30	3525.32
1051.92	3531.60
1053.53	3526.37
1055.15	3532.65
1056.76	3529.51
1058.38	3526.37
1059.99	3537.88
1061.61	3520.09
1063.22	3521.14
1064.84	3520.09
1066.46	3523.23
1068.07	3514.86
1069.68	3529.51
1071.30	3536.83
1072.91	3527.42
1074.53	3512.77
1076.14	3527.42
1077.76	3520.09
1079.37	3514.86
1080.98	3487.65
1082.60	3505.44
1084.21	3502.30
1085.83	3501.26
1087.44	3508.58
1089.05	3501.26
1090.67	3485.56
1092.28	3486.61
1093.89	3498.12
1095.50	3493.93
1097.12	3488.70
1098.73	3499.16
1100.34	3474.05
1101.95	3494.98
1103.57	3488.70
1105.18	3485.56
1106.79	3476.14
1108.40	3489.74
1110.01	3482.42
1111.63	3492.88
1113.24	3491.84
1114.85	3491.84
1116.46	3481.37
1118.07	3497.07
1119.68	3467.77
1121.29	3488.70
1122.90	3487.65
1124.51	3487.65
1126.12	3494.98
1127.73	3496.02
1129.34	3497.07
1130.95	3500.21
1132.56	3494.98
1134.17	3478.23
1135.78	3481.37
1137.39	3491.84
1139.00	3475.10
1140.61	3485.56
1142.22	3488.70
1143.83	3487.65
1145.44	3479.28
1147.05	3487.65
1148.65	3481.37
1150.26	3473.00
1151.87	3468.82
1153.48	3481.37
1155.09	3484.51
1156.69	3486.61
1158.30	3475.10
1159.91	3481.37
1161.52	3477.19
1163.12	3479.28
1164.73	3478.23
1166.34	3499.16
1167.94	3476.14
1169.55	3483.47
1171.16	3480.33
1172.76	3489.74
1174.37	3480.33
1175.97	3492.88
1177.58	3463.58
1179.19	3500.21
1180.79	3477.19
1182.40	3496.02
1184.00	3476.14
1185.61	3489.74
1187.21	3486.61
1188.82	3479.28
1190.42	3474.05
1192.02	3479.28
1193.63	3467.77
1195.23	3483.47
1196.84	3473.00
1198.44	3477.19
1200.04	3482.42
1201.65	3481.37
1203.25	3481.37
1204.85	3477.19
1206.46	3461.49
1208.06	3468.82
1209.66	3454.17
1211.26	3458.35
1212.87	3476.14
1214.47	3464.63
1216.07	3460.45
1217.67	3465.68
1219.27	3458.35
1220.87	3456.26
1222.48	3451.03
1224.08	3446.84
1225.68	3449.98
1227.28	3449.98
1228.88	3438.47
1230.48	3452.07
1232.08	3432.19
1233.68	3443.70
1235.28	3442.66
1236.88	3426.96
1238.48	3414.40
1240.08	3438.47
1241.68	3407.08
1243.28	3421.73
1244.87	3404.99
1246.47	3401.85
1248.07	3394.52
1249.67	3406.03
1251.27	3409.17
1252.87	3401.85
1254.46	3385.10
1256.06	3379.87
1257.66	3377.78
1259.26	3378.83
1260.85	3381.97
1262.45	3379.87
1264.05	3369.41
1265.64	3371.50
1267.24	3376.73
1268.83	3377.78
1270.43	3370.46
1272.03	3379.87
1273.62	3366.27
1275.22	3357.90
1276.81	3368.36
1278.41	3369.41
1280.00	3363.13
1281.60	3365.22
1283.19	3352.67
1284.79	3359.99
1286.38	3344.30
1287.97	3355.81
1289.57	3340.11
1291.16	3356.85
1292.75	3326.51
1294.35	3332.78
1295.94	3328.60
1297.53	3342.20
1299.12	3324.41
1300.72	3342.20
1302.31	3310.81
1303.90	3339.06
1305.49	3341.16
1307.08	3316.04
1308.68	3301.39
1310.27	3308.72
1311.86	3313.95
1313.45	3301.39
1315.04	3296.16
1316.63	3308.72
1318.22	3296.16
1319.81	3286.74
1321.40	3276.28
1322.99	3285.70
1324.58	3262.68
1326.17	3272.09
1327.75	3254.30
1329.34	3265.82
1330.93	3268.95
1332.52	3264.77
1334.11	3254.30
1335.70	3252.21
1337.28	3241.75
1338.87	3257.44
1340.46	3246.98
1342.05	3246.98
1343.63	3240.70
1345.22	3238.61
1346.81	3236.52
1348.39	3229.19
1349.98	3228.14
1351.56	3213.50
1353.15	3210.36
1354.73	3216.63
1356.32	3190.47
1357.90	3190.47
1359.49	3192.57
1361.07	3172.69
1362.66	3174.78
1364.24	3181.06
1365.82	3182.10
1367.41	3172.69
1368.99	3148.62
1370.57	3141.29
1372.16	3145.48
1373.74	3142.34
1375.32	3137.11
1376.91	3125.60
1378.49	3094.21
1380.07	3076.42
1381.65	3071.18
1383.23	3052.35
1384.81	3049.21
1386.39	3041.89
1387.97	3043.98
1389.55	3035.61
1391.14	3020.96
1392.72	3009.45
1394.29	3002.12
1395.87	2995.84
1397.45	2978.06
1399.03	2988.52
1400.61	2982.24
1402.19	2964.45
1403.77	2952.94
1405.35	2974.92
1406.92	2960.27
1408.50	2951.90
1410.08	2949.80
1411.66	2941.43
1413.23	2943.52
1414.81	2939.34
1416.39	2933.06
1417.96	2928.87
1419.54	2917.36
1421.12	2930.97
1422.69	2930.97
1424.27	2920.50
1425.84	2924.69
1427.42	2920.50
1428.99	2914.22
1430.57	2922.60
1432.14	2910.04
1433.71	2920.50
1435.29	2922.60
1436.86	2918.41
1438.43	2904.81
1440.01	2907.95
1441.58	2785.52
1443.15	2911.09
1444.72	2914.22
1446.30	2902.71
1447.87	2910.04
1449.44	2905.85
1451.01	2892.25
1452.58	2908.99
1454.15	2904.81
1455.72	2893.30
1457.29	2888.06
1458.86	2905.85
1460.43	2895.39
1462.00	2914.22
1463.57	2900.62
1465.14	2912.13
1466.71	2893.30
1468.28	2903.76
1469.85	2897.48
1471.41	2906.90
1472.98	2898.53
1474.55	2908.99
1476.12	2887.02
1477.68	2891.20
1479.25	2895.39
1480.82	2903.76
1482.38	2903.76
1483.95	2893.30
1485.51	2907.95
1487.08	2916.32
1488.64	2911.09
1490.21	2910.04
1491.77	2900.62
1493.34	2911.09
1494.90	2900.62
1496.46	2910.04
1498.03	2916.32
1499.59	2914.22
1501.15	2912.13
1502.72	2914.22
1504.28	2918.41
1505.84	2917.36
1507.40	2911.09
1508.97	2922.60
1510.53	2913.18
1512.09	2930.97
1513.65	2922.60
1515.21	2929.92
1516.77	2922.60
1518.33	2937.25
1519.89	2929.92
1521.45	2927.83
1523.01	2934.11
1524.57	2935.15
1526.13	2923.64
1527.68	2923.64
1529.24	2935.15
1530.80	2934.11
1532.36	2938.29
1533.92	2934.11
1535.47	2913.18
1537.03	2924.69
1538.59	2927.83
1540.14	2923.64
1541.70	2918.41
1543.25	2939.34
1544.81	2933.06
1546.36	2927.83
1547.92	2910.04
1549.47	2918.41
1551.03	2922.60
1552.58	2919.46
1554.13	2915.27
1555.69	2919.46
1557.24	2914.22
1558.79	2918.41
1560.35	2912.13
1561.90	2920.50
1563.45	2903.76
1565.00	2914.22
1566.55	2908.99
1568.10	2907.95
1569.66	2897.48
1571.21	2914.22
1572.76	2910.04
1574.31	2916.32
1575.86	2911.09
1577.40	2898.53
1578.95	2901.67
1580.50	2902.71
1582.05	2885.97
1583.60	2889.11
1585.15	2881.79
1586.69	2883.88
1588.24	2885.97
1589.79	2895.39
1591.34	2874.46
1592.88	2893.30
1594.43	2878.65
1595.97	2887.02
1597.52	2878.65
1599.06	2884.93
1600.61	2881.79
1602.15	2901.67
1603.70	2887.02
1605.24	2888.06
1606.79	2875.51
1608.33	2865.04
1609.87	2869.23
1611.41	2885.97
1612.96	2881.79
1614.50	2857.72
1616.04	2861.90
1617.58	2866.09
1619.12	2860.86
1620.67	2866.09
1622.21	2850.39
1623.75	2868.18
1625.29	2854.58
1626.83	2845.16
1628.37	2855.63
1629.90	2833.65
1631.44	2828.42
1632.98	2840.98
1634.52	2823.19
1636.06	2826.33
1637.59	2834.70
1639.13	2813.77
1640.67	2808.54
1642.21	2794.94
1643.74	2786.56
1645.28	2765.64
1646.81	2762.50
1648.35	2771.91
1649.88	2741.57
1651.42	2748.89
1652.95	2726.92
1654.49	2744.71
1656.02	2724.83
1657.55	2724.83
1659.09	2699.71
1660.62	2714.36
1662.15	2703.90
1663.68	2713.32
1665.22	2707.04
1666.75	2707.04
1668.28	2700.76
1669.81	2714.36
1671.34	2701.81
1672.87	2702.85
1674.40	2705.99
1675.93	2696.57
1677.46	2690.29
1678.99	2684.02
1680.52	2685.06
1682.04	2691.34
1683.57	2674.60
1685.10	2681.92
1686.63	2677.74
1688.15	2682.97
1689.68	2672.51
1691.21	2676.69
1692.73	2675.65
1694.26	2680.88
1695.78	2669.37
1697.31	2673.55
1698.83	2662.04
1700.36	2675.65
1701.88	2667.27
1703.40	2675.65
1704.93	2662.04
1706.45	2665.18
