896.35	2884.93
897.98	2880.74
899.60	2885.27
901.22	2889.81
902.85	2892.60
904.47	2896.44
906.10	2896.78
907.72	2905.50
909.34	2910.39
910.97	2925.04
912.59	2928.53
914.21	2934.11
915.84	2942.83
917.46	2960.27
919.08	2969.34
920.71	2980.50
922.33	2983.98
923.95	3002.12
925.58	3001.08
927.20	3006.31
928.82	3005.61
930.44	3013.98
932.07	3010.84
933.69	3009.10
935.31	3011.19
936.93	3022.35
938.56	3025.49
940.18	3030.38
941.80	3031.07
943.42	3042.23
945.05	3038.40
946.67	3047.12
948.29	3035.26
949.91	3045.37
951.53	3043.28
953.16	3053.05
954.78	3044.33
956.40	3041.54
958.02	3036.30
959.64	3043.28
961.26	3041.89
962.88	3041.89
964.51	3039.79
966.13	3047.12
967.75	3045.37
969.37	3050.26
970.99	3041.89
972.61	3051.30
974.23	3045.72
975.85	3054.79
977.47	3050.26
979.09	3052.70
980.71	3047.12
982.33	3052.70
983.95	3057.23
985.57	3062.81
987.19	3064.91
988.81	3063.16
990.43	3059.67
992.05	3062.12
993.67	3063.86
995.29	3063.51
996.91	3064.21
998.53	3070.84
1000.15	3080.95
1001.77	3081.30
1003.39	3076.77
1005.01	3080.95
1006.63	3083.04
1008.25	3093.51
1009.86	3089.67
1011.48	3090.72
1013.10	3088.62
1014.72	3097.00
1016.34	3105.02
1017.96	3109.20
1019.58	3102.93
1021.19	3099.09
1022.81	3100.14
1024.43	3105.72
1026.05	3108.86
1027.66	3110.60
1029.28	3110.60
1030.90	3107.46
1032.52	3103.27
1034.13	3108.51
1035.75	3112.34
1037.37	3122.81
1038.98	3116.88
1040.60	3115.48
1042.22	3103.97
1043.83	3107.81
1045.45	3106.76
1047.07	3115.83
1048.68	3111.30
1050.30	3116.18
1051.92	3112.34
1053.53	3118.97
1055.15	3115.48
1056.76	3120.02
1058.38	3118.97
1059.99	3122.11
1061.61	3112.69
1063.22	3115.48
1064.84	3111.99
1066.46	3117.58
1068.07	3115.13
1069.68	3123.50
1071.30	3123.16
1072.91	3124.90
1074.53	3122.46
1076.14	3124.55
1077.76	3125.25
1079.37	3117.23
1080.98	3115.13
1082.60	3112.69
1084.21	3115.48
1085.83	3117.92
1087.44	3111.65
1089.05	3111.99
1090.67	3106.76
1092.28	3114.09
1093.89	3114.44
1095.50	3115.48
1097.12	3115.13
1098.73	3109.20
1100.34	3110.60
1101.95	3112.34
1103.57	3115.48
1105.18	3113.74
1106.79	3108.86
1108.40	3113.04
1110.01	3117.92
1111.63	3125.25
1113.24	3125.25
1114.85	3123.85
1116.46	3118.27
1118.07	3116.88
1119.68	3116.88
1121.29	3117.92
1122.90	3118.62
1124.51	3122.46
1126.12	3124.20
1127.73	3131.53
1129.34	3132.22
1130.95	3135.02
1132.56	3122.46
1134.17	3118.62
1135.78	3114.78
1137.39	3121.41
1139.00	3118.27
1140.61	3122.46
1142.22	3120.02
1143.83	3125.25
1145.44	3118.62
1147.05	3126.99
1148.65	3121.76
1150.26	3123.50
1151.87	3117.92
1153.48	3123.50
1155.09	3124.55
1156.69	3123.85
1158.30	3120.02
1159.91	3123.16
1161.52	3124.55
1163.12	3126.30
1164.73	3127.69
1166.34	3132.57
1167.94	3134.67
1169.55	3136.76
1171.16	3135.36
1172.76	3136.41
1174.37	3131.88
1175.97	3125.25
1177.58	3128.39
1179.19	3128.39
1180.79	3132.57
1182.40	3129.78
1184.00	3134.67
1185.61	3142.34
1187.21	3141.29
1188.82	3138.85
1190.42	3132.57
1192.02	3132.22
1193.63	3132.57
1195.23	3135.36
1196.84	3136.06
1198.44	3139.20
1200.04	3138.50
1201.65	3140.94
1203.25	3141.64
1204.85	3136.76
1206.46	3132.22
1208.06	3125.60
1209.66	3127.34
1211.26	3138.15
1212.87	3138.50
1214.47	3143.04
1216.07	3137.46
1217.67	3141.64
1219.27	3139.55
1220.87	3140.60
1222.48	3134.67
1224.08	3138.85
1225.68	3137.46
1227.28	3140.94
1228.88	3141.99
1230.48	3143.39
1232.08	3144.78
1233.68	3145.48
1235.28	3140.60
1236.88	3137.81
1238.48	3135.71
1240.08	3132.57
1241.68	3133.27
1243.28	3128.04
1244.87	3129.09
1246.47	3128.39
1248.07	3127.34
1249.67	3136.41
1251.27	3134.32
1252.87	3135.02
1254.46	3123.85
1256.06	3123.16
1257.66	3118.62
1259.26	3121.41
1260.85	3119.67
1262.45	3122.81
1264.05	3118.27
1265.64	3121.06
1267.24	3119.32
1268.83	3123.85
1270.43	3128.04
1272.03	3130.83
1273.62	3122.46
1275.22	3119.32
1276.81	3115.13
1278.41	3124.90
1280.00	3121.06
1281.60	3122.11
1283.19	3121.41
1284.79	3123.50
1286.38	3126.64
1287.97	3122.81
1289.57	3118.62
1291.16	3115.83
1292.75	3118.97
1294.35	3123.85
1295.94	3123.85
1297.53	3119.67
1299.12	3119.67
1300.72	3113.39
1302.31	3116.18
1303.90	3118.62
1305.49	3123.85
1307.08	3120.37
1308.68	3114.44
1310.27	3114.78
1311.86	3114.78
1313.45	3113.74
1315.04	3110.25
1316.63	3110.25
1318.22	3104.67
1319.81	3106.76
1321.40	3108.16
1322.99	3109.20
1324.58	3106.76
1326.17	3103.97
1327.75	3101.88
1329.34	3098.39
1330.93	3094.90
1332.52	3095.25
1334.11	3094.55
1335.70	3091.07
1337.28	3091.42
1338.87	3093.51
1340.46	3094.55
1342.05	3092.81
1343.63	3085.49
1345.22	3088.62
1346.81	3086.18
1348.39	3091.42
1349.98	3085.14
1351.56	3084.09
1353.15	3083.39
1354.73	3077.81
1356.32	3070.84
1357.90	3064.56
1359.49	3063.51
1361.07	3062.46
1362.66	3055.14
1364.24	3056.19
1365.82	3060.02
1367.41	3059.67
1368.99	3051.65
1370.57	3046.42
1372.16	3047.12
1373.74	3052.35
1375.32	3050.61
1376.91	3043.28
1378.49	3031.42
1380.07	3022.00
1381.65	3013.63
1383.23	3012.94
1384.81	3009.80
1386.39	3013.98
1387.97	3009.10
1389.55	3004.91
1391.14	2996.89
1392.72	2994.80
1394.29	2994.10
1395.87	2989.57
1397.45	2985.38
1399.03	2981.54
1400.61	2979.80
1402.19	2972.82
1403.77	2975.61
1405.35	2975.26
1406.92	2978.75
1408.50	2972.47
1410.08	2967.94
1411.66	2965.85
1413.23	2966.89
1414.81	2963.75
1416.39	2964.45
1417.96	2960.27
1419.54	2964.45
1421.12	2964.10
1422.69	2958.52
1424.27	2956.08
1425.84	2952.24
1427.42	2957.82
1428.99	2960.27
1430.57	2960.62
1432.14	2959.92
1433.71	2961.31
1435.29	2964.10
1436.86	2962.01
1438.43	2957.48
1440.01	2894.69
1441.58	2896.09
1443.15	2899.23
1444.72	2959.22
1446.30	2965.15
1447.87	2963.06
1449.44	2957.13
1451.01	2952.59
1452.58	2955.73
1454.15	2960.62
1455.72	2958.52
1457.29	2958.87
1458.86	2957.82
1460.43	2964.80
1462.00	2963.41
1463.57	2966.54
1465.14	2958.52
1466.71	2955.03
1468.28	2955.73
1469.85	2963.06
1471.41	2967.94
1472.98	2971.43
1474.55	2967.24
1476.12	2965.15
1477.68	2963.75
1479.25	2963.75
1480.82	2966.20
1482.38	2962.01
1483.95	2964.45
1485.51	2969.34
1487.08	2978.06
1488.64	2982.94
1490.21	2978.06
1491.77	2976.31
1493.34	2968.99
1494.90	2967.94
1496.46	2970.73
1498.03	2976.31
1499.59	2982.59
1501.15	2981.54
1502.72	2982.94
1504.28	2980.50
1505.84	2975.61
1507.40	2979.80
1508.97	2982.59
1510.53	2989.22
1512.09	2988.17
1513.65	2987.12
1515.21	2982.24
1516.77	2981.89
1518.33	2982.59
1519.89	2984.68
1521.45	2984.68
1523.01	2989.91
1524.57	2994.10
1526.13	2995.15
1527.68	2997.24
1529.24	2997.59
1530.80	3001.08
1532.36	2994.80
1533.92	2989.57
1535.47	2980.85
1537.03	2981.89
1538.59	2984.68
1540.14	2984.68
1541.70	2989.57
1543.25	2992.70
1544.81	3002.12
1546.36	2996.19
1547.92	2995.15
1549.47	2987.82
1551.03	2983.64
1552.58	2981.19
1554.13	2982.59
1555.69	2986.78
1557.24	2986.43
1558.79	2985.03
1560.35	2988.17
1561.90	2987.47
1563.45	2986.78
1565.00	2980.50
1566.55	2979.80
1568.10	2978.40
1569.66	2983.29
1571.21	2986.43
1572.76	2988.87
1574.31	2987.47
1575.86	2981.54
1577.40	2980.15
1578.95	2977.01
1580.50	2971.78
1582.05	2970.03
1583.60	2966.54
1585.15	2973.52
1586.69	2974.22
1588.24	2978.75
1589.79	2972.47
1591.34	2971.78
1592.88	2962.71
1594.43	2967.24
1595.97	2964.10
1597.52	2969.34
1599.06	2968.64
1600.61	2973.87
1602.15	2975.26
1603.70	2973.17
1605.24	2966.20
1606.79	2959.92
1608.33	2959.92
1609.87	2963.06
1611.41	2970.38
1612.96	2965.50
1614.50	2961.66
1616.04	2958.17
1617.58	2958.52
1619.12	2956.78
1620.67	2943.52
1622.21	2945.97
1623.75	2941.43
1625.29	2947.01
1626.83	2945.62
1628.37	2944.57
1629.90	2940.73
1631.44	2934.46
1632.98	2927.83
1634.52	2923.99
1636.06	2922.60
1637.59	2921.20
1639.13	2919.46
1640.67	2909.69
1642.21	2903.41
1643.74	2890.86
1645.28	2877.60
1646.81	2871.67
1648.35	2858.77
1649.88	2855.63
1651.42	2840.98
1652.95	2844.12
1654.49	2833.30
1656.02	2830.51
1657.55	2817.26
1659.09	2818.30
1660.62	2812.38
1662.15	2814.82
1663.68	2807.49
1665.22	2804.35
1666.75	2796.68
1668.28	2800.52
1669.81	2795.63
1671.34	2794.24
1672.87	2790.40
1674.40	2791.80
1675.93	2787.61
1677.46	2778.89
1678.99	2774.01
1680.52	2774.70
1682.04	2771.57
1683.57	2772.26
1685.10	2767.38
1686.63	2771.91
1688.15	2766.68
1689.68	2764.24
1691.21	2758.31
1692.73	2761.10
1694.26	2762.85
1695.78	2760.40
1697.31	2755.17
1698.83	2750.29
1700.36	2746.80
1701.88	2749.94
1703.40	2749.24
1704.93	2751.68
1706.45	2748.89
