896.35	2768.78
897.98	2759.71
899.60	2763.19
901.22	2771.57
902.85	2771.57
904.47	2775.05
906.10	2770.87
907.72	2777.84
909.34	2775.05
910.97	2785.52
912.59	2782.38
914.21	2783.77
915.84	2780.98
917.46	2792.14
919.08	2791.45
920.71	2798.77
922.33	2791.10
923.95	2803.31
925.58	2795.63
927.20	2799.47
928.82	2793.54
930.44	2799.82
932.07	2792.14
933.69	2789.70
935.31	2785.17
936.93	2795.63
938.56	2797.03
940.18	2804.70
941.80	2806.10
943.42	2814.82
945.05	2806.79
946.67	2811.68
948.29	2800.17
949.91	2813.07
951.53	2811.33
953.16	2823.89
954.78	2816.21
956.40	2817.96
958.02	2810.98
959.64	2820.05
961.26	2815.86
962.88	2819.00
964.51	2816.56
966.13	2827.72
967.75	2825.28
969.37	2829.12
970.99	2818.65
972.61	2824.93
974.23	2819.00
975.85	2829.12
977.47	2822.49
979.09	2824.23
980.71	2815.86
982.33	2828.42
983.95	2833.30
985.57	2840.98
987.19	2837.49
988.81	2836.79
990.43	2828.42
992.05	2830.51
993.67	2826.33
995.29	2828.77
996.91	2825.63
998.53	2832.61
1000.15	2836.44
1001.77	2839.23
1003.39	2835.40
1005.01	2841.33
1006.63	2838.19
1008.25	2846.91
1009.86	2839.23
1011.48	2841.67
1013.10	2836.44
1014.72	2843.42
1016.34	2852.84
1017.96	2853.18
1019.58	2845.51
1021.19	2838.88
1022.81	2838.54
1024.43	2845.16
1026.05	2843.42
1027.66	2847.26
1029.28	2844.81
1030.90	2842.72
1032.52	2835.05
1034.13	2842.72
1035.75	2842.72
1037.37	2853.18
1038.98	2843.07
1040.60	2845.16
1042.22	2834.00
1043.83	2842.02
1045.45	2840.98
1047.07	2850.74
1048.68	2841.67
1050.30	2847.60
1051.92	2843.42
1053.53	2855.63
1055.15	2849.35
1056.76	2853.88
1058.38	2849.35
1059.99	2854.58
1061.61	2846.56
1063.22	2849.70
1064.84	2846.21
1066.46	2850.74
1068.07	2844.12
1069.68	2852.49
1071.30	2850.39
1072.91	2853.18
1074.53	2847.60
1076.14	2850.74
1077.76	2850.05
1079.37	2842.37
1080.98	2838.19
1082.60	2841.67
1084.21	2848.30
1085.83	2855.63
1087.44	2847.60
1089.05	2849.35
1090.67	2842.37
1092.28	2852.84
1093.89	2852.84
1095.50	2857.37
1097.12	2855.98
1098.73	2852.49
1100.34	2852.49
1101.95	2852.84
1103.57	2852.14
1105.18	2852.14
1106.79	2846.21
1108.40	2851.09
1110.01	2851.44
1111.63	2858.77
1113.24	2856.67
1114.85	2856.32
1116.46	2854.58
1118.07	2855.28
1119.68	2854.58
1121.29	2850.74
1122.90	2846.91
1124.51	2853.53
1126.12	2856.67
1127.73	2864.70
1129.34	2861.56
1130.95	2863.65
1132.56	2850.05
1134.17	2846.21
1135.78	2841.33
1137.39	2850.39
1139.00	2846.21
1140.61	2850.05
1142.22	2847.60
1143.83	2855.63
1145.44	2851.44
1147.05	2858.42
1148.65	2852.84
1150.26	2853.88
1151.87	2846.91
1153.48	2854.23
1155.09	2852.84
1156.69	2855.98
1158.30	2847.26
1159.91	2851.79
1161.52	2850.39
1163.12	2852.84
1164.73	2852.14
1166.34	2853.18
1167.94	2852.84
1169.55	2849.70
1171.16	2847.60
1172.76	2849.35
1174.37	2847.60
1175.97	2846.56
1177.58	2849.35
1179.19	2852.84
1180.79	2853.88
1182.40	2847.95
1184.00	2848.65
1185.61	2854.23
1187.21	2854.93
1188.82	2855.98
1190.42	2850.39
1192.02	2849.35
1193.63	2846.21
1195.23	2852.84
1196.84	2854.93
1198.44	2859.11
1200.04	2854.23
1201.65	2857.72
1203.25	2855.28
1204.85	2853.53
1206.46	2851.44
1208.06	2851.09
1209.66	2852.84
1211.26	2860.16
1212.87	2855.28
1214.47	2860.51
1216.07	2852.84
1217.67	2859.11
1219.27	2854.23
1220.87	2859.81
1222.48	2854.93
1224.08	2860.51
1225.68	2856.32
1227.28	2860.16
1228.88	2857.72
1230.48	2855.98
1232.08	2856.32
1233.68	2861.56
1235.28	2863.30
1236.88	2863.30
1238.48	2864.00
1240.08	2860.86
1241.68	2860.51
1243.28	2855.63
1244.87	2854.93
1246.47	2854.58
1248.07	2851.44
1249.67	2862.25
1251.27	2860.16
1252.87	2862.60
1254.46	2853.53
1256.06	2857.02
1257.66	2850.74
1259.26	2854.23
1260.85	2851.09
1262.45	2856.67
1264.05	2851.79
1265.64	2854.58
1267.24	2852.84
1268.83	2855.98
1270.43	2859.46
1272.03	2861.90
1273.62	2857.72
1275.22	2856.67
1276.81	2851.09
1278.41	2858.42
1280.00	2852.49
1281.60	2856.32
1283.19	2851.09
1284.79	2853.18
1286.38	2852.84
1287.97	2855.98
1289.57	2855.63
1291.16	2855.28
1292.75	2854.23
1294.35	2854.23
1295.94	2855.63
1297.53	2857.37
1299.12	2860.51
1300.72	2855.98
1302.31	2856.67
1303.90	2860.51
1305.49	2860.16
1307.08	2856.67
1308.68	2849.70
1310.27	2855.28
1311.86	2855.63
1313.45	2855.98
1315.04	2850.39
1316.63	2852.14
1318.22	2847.26
1319.81	2850.74
1321.40	2851.79
1322.99	2854.58
1324.58	2850.74
1326.17	2845.51
1327.75	2841.33
1329.34	2843.07
1330.93	2840.28
1332.52	2843.42
1334.11	2842.37
1335.70	2840.98
1337.28	2837.14
1338.87	2837.84
1340.46	2838.54
1342.05	2838.88
1343.63	2834.00
1345.22	2842.37
1346.81	2844.12
1348.39	2848.65
1349.98	2841.33
1351.56	2841.33
1353.15	2840.98
1354.73	2839.23
1356.32	2835.40
1357.90	2833.30
1359.49	2833.65
1361.07	2839.23
1362.66	2839.58
1364.24	2842.72
1365.82	2844.46
1367.41	2842.72
1368.99	2834.00
1370.57	2830.51
1372.16	2829.47
1373.74	2840.28
1375.32	2841.33
1376.91	2843.07
1378.49	2835.74
1380.07	2835.40
1381.65	2831.91
1383.23	2832.95
1384.81	2828.07
1386.39	2835.74
1387.97	2837.14
1389.55	2839.23
1391.14	2831.91
1392.72	2830.51
1394.29	2830.16
1395.87	2830.16
1397.45	2830.86
1399.03	2834.00
1400.61	2836.09
1402.19	2831.56
1403.77	2834.00
1405.35	2836.44
1406.92	2843.77
1408.50	2840.28
1410.08	2838.19
1411.66	2837.84
1413.23	2840.63
1414.81	2834.70
1416.39	2834.35
1417.96	2829.82
1419.54	2836.44
1421.12	2837.49
1422.69	2833.65
1424.27	2834.70
1425.84	2832.61
1427.42	2838.88
1428.99	2838.54
1430.57	2838.54
1432.14	2836.09
1433.71	2838.19
1435.29	2838.54
1436.86	2841.33
1438.43	2835.05
1440.01	2775.05
1441.58	2772.61
1443.15	2778.54
1444.72	2839.93
1446.30	2844.81
1447.87	2841.33
1449.44	2834.70
1451.01	2831.21
1452.58	2837.14
1454.15	2839.23
1455.72	2838.54
1457.29	2835.74
1458.86	2836.44
1460.43	2841.33
1462.00	2838.88
1463.57	2839.58
1465.14	2833.65
1466.71	2832.61
1468.28	2834.70
1469.85	2836.44
1471.41	2835.05
1472.98	2838.88
1474.55	2836.09
1476.12	2837.84
1477.68	2836.44
1479.25	2838.19
1480.82	2843.07
1482.38	2836.09
1483.95	2834.70
1485.51	2836.09
1487.08	2839.23
1488.64	2843.42
1490.21	2836.44
1491.77	2840.28
1493.34	2834.00
1494.90	2829.12
1496.46	2825.63
1498.03	2824.58
1499.59	2831.21
1501.15	2830.51
1502.72	2835.05
1504.28	2832.95
1505.84	2829.82
1507.40	2830.51
1508.97	2831.21
1510.53	2837.49
1512.09	2839.93
1513.65	2842.37
1515.21	2837.84
1516.77	2835.74
1518.33	2834.00
1519.89	2835.74
1521.45	2834.35
1523.01	2834.35
1524.57	2831.91
1526.13	2830.51
1527.68	2834.70
1529.24	2835.05
1530.80	2840.63
1532.36	2834.70
1533.92	2832.61
1535.47	2823.89
1537.03	2824.93
1538.59	2823.54
1540.14	2822.49
1541.70	2824.93
1543.25	2829.47
1544.81	2834.35
1546.36	2825.98
1547.92	2823.54
1549.47	2819.70
1551.03	2818.30
1552.58	2814.82
1554.13	2814.47
1555.69	2815.17
1557.24	2812.38
1558.79	2809.24
1560.35	2811.68
1561.90	2815.51
1563.45	2819.00
1565.00	2816.21
1566.55	2812.72
1568.10	2805.05
1569.66	2805.75
1571.21	2807.14
1572.76	2810.98
1574.31	2811.68
1575.86	2808.19
1577.40	2806.45
1578.95	2802.96
1580.50	2800.17
1582.05	2799.82
1583.60	2795.98
1585.15	2797.38
1586.69	2799.47
1588.24	2806.79
1589.79	2805.40
1591.34	2805.40
1592.88	2796.68
1594.43	2799.47
1595.97	2794.59
1597.52	2796.33
1599.06	2791.80
1600.61	2796.33
1602.15	2796.33
1603.70	2799.47
1605.24	2796.68
1606.79	2794.24
1608.33	2792.49
1609.87	2792.49
1611.41	2796.68
1612.96	2792.84
1614.50	2786.56
1616.04	2783.77
1617.58	2786.91
1619.12	2791.10
1620.67	2783.08
1622.21	2783.42
1623.75	2780.29
1625.29	2785.17
1626.83	2789.01
1628.37	2789.01
1629.90	2786.91
1631.44	2783.08
1632.98	2779.24
1634.52	2778.89
1636.06	2779.59
1637.59	2783.77
1639.13	2789.01
1640.67	2785.87
1642.21	2786.22
1643.74	2777.84
1645.28	2773.66
1646.81	2775.05
1648.35	2773.66
1649.88	2775.75
1651.42	2766.33
1652.95	2774.70
1654.49	2771.57
1656.02	2775.75
1657.55	2766.33
1659.09	2770.52
1660.62	2764.59
1662.15	2768.78
1663.68	2760.40
1665.22	2759.71
1666.75	2755.17
1668.28	2761.80
1669.81	2761.80
1671.34	2764.59
1672.87	2764.59
1674.40	2765.98
1675.93	2758.31
1677.46	2748.89
1678.99	2744.01
1680.52	2748.20
1682.04	2748.20
1683.57	2748.20
1685.10	2742.96
1686.63	2745.06
1688.15	2742.27
1689.68	2742.27
1691.21	2740.17
1692.73	2742.62
1694.26	2742.96
1695.78	2739.48
1697.31	2734.24
1698.83	2733.20
1700.36	2730.41
1701.88	2735.99
1703.40	2732.85
1704.93	2735.99
1706.45	2735.29
