896.35	2908.99
897.98	2907.60
899.60	2912.83
901.22	2917.36
902.85	2919.81
904.47	2923.29
906.10	2926.43
907.72	2934.80
909.34	2939.34
910.97	2949.10
912.59	2957.48
914.21	2968.29
915.84	2981.89
917.46	2998.98
919.08	3008.40
920.71	3022.00
922.33	3025.14
923.95	3041.19
925.58	3041.89
927.20	3049.91
928.82	3052.70
930.44	3061.07
932.07	3059.67
933.69	3058.28
935.31	3059.67
936.93	3070.49
938.56	3075.37
940.18	3078.16
941.80	3079.90
943.42	3092.11
945.05	3092.11
946.67	3099.44
948.29	3087.58
949.91	3097.34
951.53	3095.60
953.16	3104.67
954.78	3094.90
956.40	3092.46
958.02	3085.49
959.64	3094.90
961.26	3095.95
962.88	3098.04
964.51	3097.00
966.13	3102.58
967.75	3102.93
969.37	3104.32
970.99	3097.69
972.61	3100.83
974.23	3099.09
975.85	3108.51
977.47	3109.55
979.09	3113.74
980.71	3108.86
982.33	3114.78
983.95	3116.53
985.57	3118.27
987.19	3118.27
988.81	3118.62
990.43	3117.58
992.05	3120.37
993.67	3119.67
995.29	3121.76
996.91	3124.90
998.53	3132.22
1000.15	3140.60
1001.77	3141.99
1003.39	3140.60
1005.01	3145.13
1006.63	3146.18
1008.25	3154.55
1009.86	3152.80
1011.48	3155.25
1013.10	3154.90
1014.72	3159.43
1016.34	3166.76
1017.96	3167.10
1019.58	3163.62
1021.19	3160.13
1022.81	3163.97
1024.43	3169.90
1026.05	3172.69
1027.66	3173.73
1029.28	3174.78
1030.90	3173.03
1032.52	3167.10
1034.13	3175.13
1035.75	3177.22
1037.37	3188.03
1038.98	3178.62
1040.60	3176.52
1042.22	3168.50
1043.83	3176.17
1045.45	3178.96
1047.07	3187.68
1048.68	3181.06
1050.30	3187.68
1051.92	3182.80
1053.53	3193.61
1055.15	3187.34
1056.76	3195.71
1058.38	3192.22
1059.99	3196.40
1061.61	3185.59
1063.22	3188.03
1064.84	3183.85
1066.46	3189.78
1068.07	3184.20
1069.68	3190.13
1071.30	3185.24
1072.91	3185.59
1074.53	3181.41
1076.14	3185.94
1077.76	3187.68
1079.37	3183.15
1080.98	3180.01
1082.60	3177.22
1084.21	3182.10
1085.83	3187.68
1087.44	3184.20
1089.05	3180.71
1090.67	3171.64
1092.28	3176.87
1093.89	3181.41
1095.50	3183.85
1097.12	3180.36
1098.73	3177.22
1100.34	3180.71
1101.95	3185.94
1103.57	3181.41
1105.18	3177.57
1106.79	3172.69
1108.40	3179.66
1110.01	3184.54
1111.63	3190.82
1113.24	3191.87
1114.85	3190.47
1116.46	3186.99
1118.07	3183.15
1119.68	3184.54
1121.29	3182.45
1122.90	3180.71
1124.51	3182.10
1126.12	3186.29
1127.73	3194.31
1129.34	3196.75
1130.95	3202.33
1132.56	3192.22
1134.17	3188.38
1135.78	3185.24
1137.39	3195.01
1139.00	3194.31
1140.61	3197.45
1142.22	3196.75
1143.83	3204.08
1145.44	3200.94
1147.05	3206.17
1148.65	3200.24
1150.26	3195.71
1151.87	3189.78
1153.48	3195.36
1155.09	3199.54
1156.69	3199.89
1158.30	3192.22
1159.91	3196.75
1161.52	3201.64
1163.12	3205.47
1164.73	3207.91
1166.34	3207.91
1167.94	3208.96
1169.55	3204.78
1171.16	3206.52
1172.76	3209.66
1174.37	3212.80
1175.97	3212.80
1177.58	3216.63
1179.19	3212.45
1180.79	3209.66
1182.40	3204.08
1184.00	3209.31
1185.61	3217.68
1187.21	3220.47
1188.82	3223.61
1190.42	3219.77
1192.02	3218.73
1193.63	3216.29
1195.23	3220.47
1196.84	3225.01
1198.44	3228.84
1200.04	3223.61
1201.65	3220.12
1203.25	3216.63
1204.85	3213.84
1206.46	3212.80
1208.06	3211.40
1209.66	3214.19
1211.26	3221.17
1212.87	3217.33
1214.47	3219.08
1216.07	3218.38
1217.67	3225.70
1219.27	3228.49
1220.87	3227.80
1222.48	3220.47
1224.08	3217.33
1225.68	3212.10
1227.28	3214.19
1228.88	3215.94
1230.48	3215.94
1232.08	3216.29
1233.68	3216.98
1235.28	3218.03
1236.88	3217.68
1238.48	3219.42
1240.08	3218.03
1241.68	3216.29
1243.28	3207.91
1244.87	3202.68
1246.47	3200.94
1248.07	3200.94
1249.67	3211.40
1251.27	3209.31
1252.87	3207.57
1254.46	3198.15
1256.06	3203.73
1257.66	3202.33
1259.26	3204.43
1260.85	3198.50
1262.45	3202.68
1264.05	3202.68
1265.64	3210.01
1267.24	3210.36
1268.83	3210.01
1270.43	3209.66
1272.03	3210.70
1273.62	3203.73
1275.22	3201.98
1276.81	3196.06
1278.41	3205.47
1280.00	3200.59
1281.60	3202.68
1283.19	3199.89
1284.79	3199.89
1286.38	3199.54
1287.97	3196.75
1289.57	3196.06
1291.16	3195.01
1292.75	3199.19
1294.35	3201.98
1295.94	3203.38
1297.53	3197.45
1299.12	3199.19
1300.72	3195.01
1302.31	3201.29
1303.90	3201.98
1305.49	3204.78
1307.08	3197.80
1308.68	3191.87
1310.27	3192.57
1311.86	3194.66
1313.45	3191.87
1315.04	3185.94
1316.63	3183.50
1318.22	3181.41
1319.81	3182.80
1321.40	3185.24
1322.99	3185.59
1324.58	3182.45
1326.17	3178.27
1327.75	3175.13
1329.34	3177.92
1330.93	3174.43
1332.52	3173.38
1334.11	3168.85
1335.70	3168.15
1337.28	3169.90
1338.87	3173.03
1340.46	3174.08
1342.05	3173.73
1343.63	3168.85
1345.22	3173.03
1346.81	3170.59
1348.39	3170.59
1349.98	3159.78
1351.56	3155.59
1353.15	3150.01
1354.73	3146.87
1356.32	3140.25
1357.90	3137.46
1359.49	3132.22
1361.07	3131.88
1362.66	3129.09
1364.24	3131.88
1365.82	3138.15
1367.41	3136.76
1368.99	3129.78
1370.57	3124.20
1372.16	3125.95
1373.74	3132.57
1375.32	3131.53
1376.91	3122.81
1378.49	3106.76
1380.07	3092.81
1381.65	3081.30
1383.23	3080.95
1384.81	3079.56
1386.39	3083.39
1387.97	3081.30
1389.55	3077.81
1391.14	3070.84
1392.72	3068.74
1394.29	3065.60
1395.87	3062.12
1397.45	3055.14
1399.03	3049.56
1400.61	3047.47
1402.19	3042.23
1403.77	3045.02
1405.35	3045.02
1406.92	3048.16
1408.50	3044.33
1410.08	3043.63
1411.66	3042.23
1413.23	3045.72
1414.81	3040.49
1416.39	3040.49
1417.96	3033.51
1419.54	3035.26
1421.12	3037.35
1422.69	3035.96
1424.27	3037.00
1425.84	3033.51
1427.42	3035.61
1428.99	3037.00
1430.57	3034.91
1432.14	3033.17
1433.71	3038.05
1435.29	3043.63
1436.86	3047.47
1438.43	3038.75
1440.01	2977.01
1441.58	2974.57
1443.15	2977.71
1444.72	3031.77
1446.30	3034.91
1447.87	3032.82
1449.44	3031.77
1451.01	3028.98
1452.58	3032.47
1454.15	3034.91
1455.72	3034.91
1457.29	3035.96
1458.86	3035.61
1460.43	3043.28
1462.00	3040.84
1463.57	3044.68
1465.14	3037.00
1466.71	3036.65
1468.28	3035.61
1469.85	3038.05
1471.41	3038.75
1472.98	3041.54
1474.55	3036.30
1476.12	3032.82
1477.68	3032.12
1479.25	3033.17
1480.82	3035.96
1482.38	3030.72
1483.95	3032.47
1485.51	3037.35
1487.08	3042.93
1488.64	3051.30
1490.21	3044.33
1491.77	3047.47
1493.34	3040.84
1494.90	3043.63
1496.46	3045.02
1498.03	3048.16
1499.59	3050.26
1501.15	3047.12
1502.72	3048.16
1504.28	3050.26
1505.84	3050.26
1507.40	3051.30
1508.97	3053.05
1510.53	3058.63
1512.09	3062.12
1513.65	3062.12
1515.21	3057.58
1516.77	3056.54
1518.33	3055.14
1519.89	3056.19
1521.45	3053.74
1523.01	3056.19
1524.57	3058.63
1526.13	3062.12
1527.68	3067.70
1529.24	3066.65
1530.80	3068.05
1532.36	3062.12
1533.92	3060.02
1535.47	3056.54
1537.03	3056.88
1538.59	3058.28
1540.14	3055.84
1541.70	3056.19
1543.25	3056.19
1544.81	3061.07
1546.36	3058.63
1547.92	3060.37
1549.47	3058.98
1551.03	3058.98
1552.58	3057.23
1554.13	3057.23
1555.69	3056.54
1557.24	3055.14
1558.79	3051.65
1560.35	3055.14
1561.90	3053.74
1563.45	3055.84
1565.00	3052.35
1566.55	3054.44
1568.10	3052.00
1569.66	3055.14
1571.21	3057.23
1572.76	3058.98
1574.31	3056.88
1575.86	3052.00
1577.40	3047.82
1578.95	3046.07
1580.50	3041.19
1582.05	3039.44
1583.60	3031.42
1585.15	3034.91
1586.69	3038.05
1588.24	3047.82
1589.79	3042.93
1591.34	3043.28
1592.88	3034.21
1594.43	3038.75
1595.97	3036.30
1597.52	3038.75
1599.06	3034.21
1600.61	3038.75
1602.15	3036.65
1603.70	3038.75
1605.24	3031.42
1606.79	3028.98
1608.33	3025.84
1609.87	3025.14
1611.41	3028.98
1612.96	3028.28
1614.50	3025.84
1616.04	3024.10
1617.58	3023.75
1619.12	3024.10
1620.67	3011.54
1622.21	3010.49
1623.75	3005.26
1625.29	3007.70
1626.83	3011.19
1628.37	3007.70
1629.90	3005.61
1631.44	2993.05
1632.98	2986.08
1634.52	2980.50
1636.06	2977.36
1637.59	2973.87
1639.13	2968.29
1640.67	2954.69
1642.21	2944.57
1643.74	2929.22
1645.28	2912.83
1646.81	2901.32
1648.35	2884.23
1649.88	2877.60
1651.42	2862.60
1652.95	2864.35
1654.49	2853.88
1656.02	2849.35
1657.55	2832.61
1659.09	2830.51
1660.62	2822.49
1662.15	2826.33
1663.68	2817.61
1665.22	2813.42
1666.75	2804.00
1668.28	2806.79
1669.81	2803.66
1671.34	2803.66
1672.87	2804.70
1674.40	2801.56
1675.93	2795.98
1677.46	2785.17
1678.99	2782.38
1680.52	2786.22
1682.04	2781.33
1683.57	2782.03
1685.10	2772.26
1686.63	2775.05
1688.15	2768.08
1689.68	2767.03
1691.21	2763.19
1692.73	2766.68
1694.26	2769.12
1695.78	2769.12
1697.31	2762.15
1698.83	2760.40
1700.36	2754.47
1701.88	2762.50
1703.40	2757.61
1704.93	2760.06
1706.45	2756.22
