896.35	2944.57
897.98	2945.27
899.60	2953.99
901.22	2960.96
902.85	2966.54
904.47	2971.78
906.10	2978.40
907.72	2986.08
909.34	2989.91
910.97	3000.73
912.59	3009.45
914.21	3025.49
915.84	3041.54
917.46	3063.86
919.08	3073.63
920.71	3087.23
922.33	3094.21
923.95	3113.39
925.58	3116.88
927.20	3123.85
928.82	3125.60
930.44	3135.36
932.07	3136.06
933.69	3136.06
935.31	3136.76
936.93	3146.18
938.56	3153.15
940.18	3160.83
941.80	3164.66
943.42	3174.78
945.05	3172.69
946.67	3178.62
948.29	3170.59
949.91	3178.96
951.53	3178.27
953.16	3184.54
954.78	3178.96
956.40	3177.22
958.02	3173.73
959.64	3180.36
961.26	3181.06
962.88	3182.45
964.51	3183.85
966.13	3189.08
967.75	3189.08
969.37	3189.08
970.99	3183.15
972.61	3185.94
974.23	3181.41
975.85	3185.94
977.47	3182.80
979.09	3183.50
980.71	3180.36
982.33	3188.73
983.95	3195.71
985.57	3200.59
987.19	3204.43
988.81	3205.12
990.43	3205.12
992.05	3207.22
993.67	3208.96
995.29	3211.40
996.91	3213.84
998.53	3216.29
1000.15	3222.91
1001.77	3223.96
1003.39	3222.56
1005.01	3229.89
1006.63	3230.59
1008.25	3239.66
1009.86	3235.82
1011.48	3237.56
1013.10	3241.05
1014.72	3246.63
1016.34	3257.79
1017.96	3258.14
1019.58	3256.75
1021.19	3252.21
1022.81	3258.14
1024.43	3263.72
1026.05	3268.61
1027.66	3271.05
1029.28	3272.44
1030.90	3268.61
1032.52	3265.47
1034.13	3271.40
1035.75	3275.93
1037.37	3286.39
1038.98	3283.95
1040.60	3282.91
1042.22	3273.84
1043.83	3275.23
1045.45	3277.67
1047.07	3282.91
1048.68	3278.37
1050.30	3281.51
1051.92	3279.77
1053.53	3289.88
1055.15	3288.14
1056.76	3291.28
1058.38	3286.39
1059.99	3285.00
1061.61	3277.67
1063.22	3279.77
1064.84	3280.81
1066.46	3285.00
1068.07	3281.51
1069.68	3286.74
1071.30	3286.74
1072.91	3285.35
1074.53	3282.21
1076.14	3282.21
1077.76	3286.05
1079.37	3276.98
1080.98	3274.19
1082.60	3272.79
1084.21	3277.67
1085.83	3283.60
1087.44	3277.67
1089.05	3278.02
1090.67	3270.70
1092.28	3272.79
1093.89	3274.19
1095.50	3276.28
1097.12	3281.16
1098.73	3275.58
1100.34	3276.98
1101.95	3276.63
1103.57	3280.46
1105.18	3276.63
1106.79	3270.35
1108.40	3271.74
1110.01	3275.58
1111.63	3284.30
1113.24	3286.05
1114.85	3284.65
1116.46	3281.86
1118.07	3280.81
1119.68	3283.26
1121.29	3277.33
1122.90	3274.54
1124.51	3274.88
1126.12	3282.91
1127.73	3288.14
1129.34	3291.98
1130.95	3296.51
1132.56	3288.14
1134.17	3286.39
1135.78	3282.21
1137.39	3287.79
1139.00	3283.95
1140.61	3286.39
1142.22	3288.49
1143.83	3291.28
1145.44	3288.14
1147.05	3289.18
1148.65	3285.00
1150.26	3281.16
1151.87	3278.72
1153.48	3282.21
1155.09	3283.60
1156.69	3284.30
1158.30	3285.35
1159.91	3293.37
1161.52	3298.95
1163.12	3300.00
1164.73	3301.39
1166.34	3300.00
1167.94	3303.83
1169.55	3302.79
1171.16	3307.67
1172.76	3307.32
1174.37	3308.72
1175.97	3305.58
1177.58	3310.81
1179.19	3310.46
1180.79	3312.21
1182.40	3305.23
1184.00	3304.53
1185.61	3308.02
1187.21	3311.16
1188.82	3314.30
1190.42	3312.90
1192.02	3313.25
1193.63	3311.86
1195.23	3311.51
1196.84	3312.21
1198.44	3316.04
1200.04	3316.39
1201.65	3317.79
1203.25	3316.04
1204.85	3310.81
1206.46	3308.72
1208.06	3302.09
1209.66	3307.32
1211.26	3316.04
1212.87	3318.83
1214.47	3320.23
1216.07	3313.60
1217.67	3314.30
1219.27	3312.90
1220.87	3315.00
1222.48	3311.51
1224.08	3312.90
1225.68	3310.81
1227.28	3313.60
1228.88	3311.51
1230.48	3305.58
1232.08	3305.58
1233.68	3307.32
1235.28	3311.51
1236.88	3310.11
1238.48	3313.60
1240.08	3309.42
1241.68	3308.37
1243.28	3298.25
1244.87	3297.56
1246.47	3296.51
1248.07	3298.25
1249.67	3303.83
1251.27	3299.30
1252.87	3294.07
1254.46	3284.65
1256.06	3289.53
1257.66	3290.58
1259.26	3294.07
1260.85	3291.98
1262.45	3296.16
1264.05	3294.77
1265.64	3296.86
1267.24	3295.11
1268.83	3295.46
1270.43	3298.95
1272.03	3295.46
1273.62	3289.18
1275.22	3287.09
1276.81	3286.05
1278.41	3294.42
1280.00	3288.14
1281.60	3286.39
1283.19	3284.30
1284.79	3286.74
1286.38	3288.49
1287.97	3285.00
1289.57	3279.42
1291.16	3275.23
1292.75	3281.16
1294.35	3284.30
1295.94	3289.53
1297.53	3280.12
1299.12	3280.12
1300.72	3272.44
1302.31	3280.46
1303.90	3284.30
1305.49	3289.18
1307.08	3282.91
1308.68	3275.58
1310.27	3273.84
1311.86	3272.09
1313.45	3270.70
1315.04	3271.40
1316.63	3270.70
1318.22	3265.82
1319.81	3264.42
1321.40	3267.56
1322.99	3268.61
1324.58	3267.21
1326.17	3261.98
1327.75	3261.28
1329.34	3255.70
1330.93	3250.12
1332.52	3246.63
1334.11	3246.98
1335.70	3244.89
1337.28	3242.79
1338.87	3241.40
1340.46	3243.84
1342.05	3241.75
1343.63	3236.17
1345.22	3233.38
1346.81	3231.98
1348.39	3236.86
1349.98	3229.89
1351.56	3223.96
1353.15	3214.19
1354.73	3206.17
1356.32	3201.98
1357.90	3199.19
1359.49	3198.85
1361.07	3194.31
1362.66	3190.82
1364.24	3189.78
1365.82	3194.66
1367.41	3189.08
1368.99	3186.29
1370.57	3185.24
1372.16	3186.29
1373.74	3190.47
1375.32	3186.29
1376.91	3177.57
1378.49	3158.38
1380.07	3138.50
1381.65	3123.85
1383.23	3116.88
1384.81	3111.65
1386.39	3113.04
1387.97	3108.51
1389.55	3104.32
1391.14	3094.55
1392.72	3089.32
1394.29	3079.90
1395.87	3070.84
1397.45	3063.16
1399.03	3057.93
1400.61	3054.79
1402.19	3047.47
1403.77	3047.82
1405.35	3043.98
1406.92	3043.63
1408.50	3038.75
1410.08	3032.47
1411.66	3025.84
1413.23	3022.70
1414.81	3017.12
1416.39	3017.47
1417.96	3011.54
1419.54	3015.38
1421.12	3018.52
1422.69	3016.07
1424.27	3014.33
1425.84	3006.31
1427.42	3008.75
1428.99	3010.84
1430.57	3012.24
1432.14	3011.54
1433.71	3010.49
1435.29	3010.49
1436.86	3008.75
1438.43	3004.91
1440.01	2943.18
1441.58	2944.22
1443.15	2947.36
1444.72	3007.01
1446.30	3007.35
1447.87	3005.26
1449.44	3003.17
1451.01	3006.31
1452.58	3008.40
1454.15	3010.14
1455.72	3006.31
1457.29	3009.80
1458.86	3011.54
1460.43	3020.96
1462.00	3017.12
1463.57	3017.82
1465.14	3008.05
1466.71	3006.66
1468.28	3008.75
1469.85	3016.07
1471.41	3018.17
1472.98	3023.05
1474.55	3017.47
1476.12	3015.38
1477.68	3014.33
1479.25	3017.82
1480.82	3022.00
1482.38	3017.82
1483.95	3019.21
1485.51	3026.54
1487.08	3032.82
1488.64	3039.44
1490.21	3031.77
1491.77	3036.30
1493.34	3031.07
1494.90	3036.65
1496.46	3036.30
1498.03	3040.49
1499.59	3046.42
1501.15	3046.77
1502.72	3047.47
1504.28	3045.02
1505.84	3042.93
1507.40	3048.51
1508.97	3050.95
1510.53	3058.63
1512.09	3062.12
1513.65	3069.09
1515.21	3067.00
1516.77	3067.70
1518.33	3063.51
1519.89	3065.60
1521.45	3063.16
1523.01	3065.95
1524.57	3065.95
1526.13	3065.95
1527.68	3073.63
1529.24	3076.42
1530.80	3081.65
1532.36	3075.37
1533.92	3073.98
1535.47	3070.84
1537.03	3072.93
1538.59	3075.37
1540.14	3072.23
1541.70	3076.07
1543.25	3077.81
1544.81	3086.88
1546.36	3078.51
1547.92	3077.11
1549.47	3070.49
1551.03	3074.32
1552.58	3072.93
1554.13	3078.16
1555.69	3080.60
1557.24	3084.09
1558.79	3080.25
1560.35	3081.30
1561.90	3077.81
1563.45	3078.16
1565.00	3073.63
1566.55	3075.72
1568.10	3076.42
1569.66	3084.09
1571.21	3087.93
1572.76	3090.37
1574.31	3088.28
1575.86	3085.49
1577.40	3083.04
1578.95	3079.21
1580.50	3074.32
1582.05	3075.02
1583.60	3071.18
1585.15	3074.32
1586.69	3075.37
1588.24	3083.04
1589.79	3079.90
1591.34	3079.90
1592.88	3069.79
1594.43	3073.63
1595.97	3069.44
1597.52	3073.63
1599.06	3068.05
1600.61	3072.93
1602.15	3071.18
1603.70	3070.14
1605.24	3062.81
1606.79	3058.28
1608.33	3058.28
1609.87	3060.02
1611.41	3064.91
1612.96	3064.21
1614.50	3058.63
1616.04	3055.84
1617.58	3054.79
1619.12	3057.23
1620.67	3045.37
1622.21	3045.72
1623.75	3038.75
1625.29	3042.23
1626.83	3043.28
1628.37	3041.19
1629.90	3039.79
1631.44	3030.72
1632.98	3021.66
1634.52	3014.68
1636.06	3011.54
1637.59	3008.75
1639.13	2999.68
1640.67	2981.54
1642.21	2969.34
1643.74	2954.69
1645.28	2936.90
1646.81	2925.04
1648.35	2905.50
1649.88	2899.92
1651.42	2883.18
1652.95	2883.88
1654.49	2870.97
1656.02	2867.14
1657.55	2850.39
1659.09	2850.05
1660.62	2840.63
1662.15	2844.12
1663.68	2831.91
1665.22	2824.93
1666.75	2813.07
1668.28	2817.96
1669.81	2817.61
1671.34	2819.00
1672.87	2812.03
1674.40	2808.19
1675.93	2798.77
1677.46	2790.40
1678.99	2785.17
1680.52	2788.31
1682.04	2785.17
1683.57	2788.66
1685.10	2783.77
1686.63	2783.77
1688.15	2776.45
1689.68	2772.26
1691.21	2770.17
1692.73	2772.61
1694.26	2773.31
1695.78	2771.57
1697.31	2764.94
1698.83	2763.19
1700.36	2755.87
1701.88	2759.01
1703.40	2758.31
1704.93	2765.98
1706.45	2767.73
