896.35	2866.09
897.98	2868.53
899.60	2877.60
901.22	2884.58
902.85	2886.32
904.47	2886.67
906.10	2887.37
907.72	2892.60
909.34	2898.18
910.97	2908.64
912.59	2917.02
914.21	2925.04
915.84	2934.11
917.46	2948.76
919.08	2957.13
920.71	2970.73
922.33	2973.17
923.95	2988.87
925.58	2989.22
927.20	2996.19
928.82	2996.54
930.44	3002.47
932.07	2998.63
933.69	2997.94
935.31	2997.59
936.93	3007.70
938.56	3010.49
940.18	3014.68
941.80	3016.42
943.42	3025.14
945.05	3024.45
946.67	3032.12
948.29	3022.70
949.91	3032.47
951.53	3032.82
953.16	3043.28
954.78	3035.61
956.40	3032.12
958.02	3025.14
959.64	3033.17
961.26	3031.77
962.88	3032.82
964.51	3031.77
966.13	3039.79
967.75	3039.79
969.37	3039.79
970.99	3030.03
972.61	3035.61
974.23	3034.91
975.85	3044.68
977.47	3039.79
979.09	3038.05
980.71	3033.51
982.33	3042.58
983.95	3049.21
985.57	3051.30
987.19	3052.35
988.81	3052.70
990.43	3051.65
992.05	3054.79
993.67	3052.35
995.29	3052.70
996.91	3053.74
998.53	3063.16
1000.15	3071.88
1001.77	3072.23
1003.39	3068.39
1005.01	3070.84
1006.63	3071.18
1008.25	3078.86
1009.86	3076.77
1011.48	3077.81
1013.10	3076.77
1014.72	3080.95
1016.34	3087.23
1017.96	3088.97
1019.58	3087.58
1021.19	3088.62
1022.81	3092.81
1024.43	3098.39
1026.05	3097.34
1027.66	3099.09
1029.28	3100.14
1030.90	3101.18
1032.52	3096.65
1034.13	3101.18
1035.75	3102.23
1037.37	3114.09
1038.98	3107.81
1040.60	3105.72
1042.22	3095.60
1043.83	3103.27
1045.45	3107.11
1047.07	3115.83
1048.68	3108.86
1050.30	3109.55
1051.92	3103.27
1053.53	3109.55
1055.15	3107.11
1056.76	3112.34
1058.38	3112.69
1059.99	3117.92
1061.61	3108.51
1063.22	3108.86
1064.84	3101.88
1066.46	3104.67
1068.07	3098.74
1069.68	3106.76
1071.30	3108.51
1072.91	3110.95
1074.53	3107.81
1076.14	3109.55
1077.76	3112.34
1079.37	3104.67
1080.98	3100.48
1082.60	3099.79
1084.21	3103.27
1085.83	3108.16
1087.44	3102.23
1089.05	3101.88
1090.67	3096.30
1092.28	3101.88
1093.89	3105.72
1095.50	3106.41
1097.12	3105.02
1098.73	3098.74
1100.34	3103.27
1101.95	3105.72
1103.57	3107.81
1105.18	3104.32
1106.79	3099.09
1108.40	3103.27
1110.01	3107.81
1111.63	3113.74
1113.24	3110.60
1114.85	3108.51
1116.46	3109.55
1118.07	3113.39
1119.68	3116.18
1121.29	3110.95
1122.90	3107.81
1124.51	3109.90
1126.12	3115.83
1127.73	3124.90
1129.34	3124.20
1130.95	3126.64
1132.56	3111.30
1134.17	3106.41
1135.78	3102.23
1137.39	3113.39
1139.00	3112.69
1140.61	3114.78
1142.22	3113.04
1143.83	3118.62
1145.44	3115.13
1147.05	3120.37
1148.65	3114.44
1150.26	3116.18
1151.87	3110.60
1153.48	3117.23
1155.09	3115.83
1156.69	3115.48
1158.30	3111.65
1159.91	3116.18
1161.52	3118.27
1163.12	3118.27
1164.73	3118.62
1166.34	3119.32
1167.94	3119.67
1169.55	3120.02
1171.16	3123.85
1172.76	3126.99
1174.37	3123.50
1175.97	3118.97
1177.58	3121.06
1179.19	3119.67
1180.79	3119.67
1182.40	3116.18
1184.00	3122.81
1185.61	3129.09
1187.21	3131.18
1188.82	3130.48
1190.42	3125.25
1192.02	3123.16
1193.63	3120.71
1195.23	3124.20
1196.84	3127.34
1198.44	3133.27
1200.04	3133.62
1201.65	3135.02
1203.25	3132.22
1204.85	3129.43
1206.46	3127.34
1208.06	3125.60
1209.66	3125.25
1211.26	3128.74
1212.87	3124.90
1214.47	3130.48
1216.07	3132.22
1217.67	3138.85
1219.27	3137.46
1220.87	3133.62
1222.48	3125.25
1224.08	3125.60
1225.68	3126.30
1227.28	3131.88
1228.88	3132.22
1230.48	3128.74
1232.08	3128.04
1233.68	3131.18
1235.28	3131.88
1236.88	3133.27
1238.48	3133.97
1240.08	3133.27
1241.68	3130.13
1243.28	3123.16
1244.87	3122.11
1246.47	3122.81
1248.07	3122.11
1249.67	3131.18
1251.27	3127.69
1252.87	3124.90
1254.46	3111.99
1256.06	3113.04
1257.66	3108.86
1259.26	3115.13
1260.85	3116.88
1262.45	3127.34
1264.05	3124.55
1265.64	3124.90
1267.24	3120.37
1268.83	3122.46
1270.43	3126.64
1272.03	3129.78
1273.62	3122.11
1275.22	3116.88
1276.81	3108.86
1278.41	3115.83
1280.00	3113.39
1281.60	3116.53
1283.19	3114.44
1284.79	3115.83
1286.38	3118.97
1287.97	3117.92
1289.57	3114.09
1291.16	3105.72
1292.75	3108.16
1294.35	3109.20
1295.94	3112.69
1297.53	3108.16
1299.12	3114.78
1300.72	3113.04
1302.31	3120.02
1303.90	3120.37
1305.49	3120.37
1307.08	3113.04
1308.68	3107.81
1310.27	3110.25
1311.86	3108.86
1313.45	3104.32
1315.04	3098.74
1316.63	3098.74
1318.22	3096.65
1319.81	3099.44
1321.40	3102.23
1322.99	3101.53
1324.58	3097.34
1326.17	3092.11
1327.75	3089.67
1329.34	3090.02
1330.93	3086.88
1332.52	3087.58
1334.11	3087.58
1335.70	3086.88
1337.28	3085.83
1338.87	3084.79
1340.46	3083.39
1342.05	3082.00
1343.63	3077.11
1345.22	3080.25
1346.81	3079.56
1348.39	3081.30
1349.98	3076.42
1351.56	3071.53
1353.15	3068.05
1354.73	3063.16
1356.32	3060.72
1357.90	3059.67
1359.49	3055.84
1361.07	3052.70
1362.66	3045.37
1364.24	3046.42
1365.82	3051.30
1367.41	3049.91
1368.99	3044.33
1370.57	3039.44
1372.16	3041.19
1373.74	3046.77
1375.32	3045.02
1376.91	3039.44
1378.49	3025.14
1380.07	3012.94
1381.65	3000.73
1383.23	2998.29
1384.81	2993.75
1386.39	2996.54
1387.97	2992.01
1389.55	2990.26
1391.14	2983.29
1392.72	2981.19
1394.29	2979.10
1395.87	2974.92
1397.45	2971.43
1399.03	2966.89
1400.61	2961.31
1402.19	2953.64
1403.77	2955.03
1405.35	2956.78
1406.92	2957.82
1408.50	2952.24
1410.08	2947.36
1411.66	2944.57
1413.23	2943.52
1414.81	2938.64
1416.39	2939.69
1417.96	2934.11
1419.54	2937.94
1421.12	2938.64
1422.69	2937.25
1424.27	2936.90
1425.84	2932.36
1427.42	2934.11
1428.99	2934.46
1430.57	2933.41
1432.14	2933.41
1433.71	2936.20
1435.29	2939.69
1436.86	2939.69
1438.43	2932.71
1440.01	2870.62
1441.58	2870.62
1443.15	2872.02
1444.72	2930.27
1446.30	2932.01
1447.87	2931.32
1449.44	2926.08
1451.01	2923.99
1452.58	2927.48
1454.15	2929.57
1455.72	2928.18
1457.29	2930.97
1458.86	2933.41
1460.43	2940.38
1462.00	2937.94
1463.57	2943.87
1465.14	2936.90
1466.71	2934.46
1468.28	2934.11
1469.85	2938.64
1471.41	2940.73
1472.98	2942.83
1474.55	2939.69
1476.12	2938.29
1477.68	2939.34
1479.25	2943.52
1480.82	2951.20
1482.38	2943.52
1483.95	2941.43
1485.51	2944.22
1487.08	2953.64
1488.64	2959.92
1490.21	2952.24
1491.77	2953.99
1493.34	2948.41
1494.90	2952.59
1496.46	2950.85
1498.03	2956.08
1499.59	2956.08
1501.15	2956.78
1502.72	2955.73
1504.28	2954.69
1505.84	2953.29
1507.40	2957.48
1508.97	2962.01
1510.53	2967.24
1512.09	2968.64
1513.65	2967.94
1515.21	2961.66
1516.77	2962.36
1518.33	2963.75
1519.89	2967.24
1521.45	2966.89
1523.01	2971.08
1524.57	2975.26
1526.13	2977.01
1527.68	2980.15
1529.24	2979.10
1530.80	2979.80
1532.36	2973.52
1533.92	2970.38
1535.47	2966.89
1537.03	2967.24
1538.59	2970.38
1540.14	2968.29
1541.70	2972.82
1543.25	2973.87
1544.81	2980.15
1546.36	2974.57
1547.92	2973.52
1549.47	2971.43
1551.03	2971.78
1552.58	2971.43
1554.13	2972.82
1555.69	2975.61
1557.24	2976.66
1558.79	2973.87
1560.35	2974.57
1561.90	2974.57
1563.45	2976.31
1565.00	2974.57
1566.55	2972.13
1568.10	2964.80
1569.66	2964.10
1571.21	2967.24
1572.76	2974.92
1574.31	2975.26
1575.86	2970.73
1577.40	2966.89
1578.95	2966.20
1580.50	2960.62
1582.05	2958.17
1583.60	2949.45
1585.15	2954.69
1586.69	2957.82
1588.24	2966.20
1589.79	2962.71
1591.34	2965.15
1592.88	2958.17
1594.43	2962.71
1595.97	2957.82
1597.52	2961.66
1599.06	2958.52
1600.61	2961.31
1602.15	2959.57
1603.70	2962.01
1605.24	2957.48
1606.79	2956.08
1608.33	2950.15
1609.87	2952.59
1611.41	2955.38
1612.96	2952.59
1614.50	2945.97
1616.04	2943.87
1617.58	2949.45
1619.12	2953.64
1620.67	2944.92
1622.21	2942.48
1623.75	2936.90
1625.29	2937.59
1626.83	2938.64
1628.37	2937.25
1629.90	2936.20
1631.44	2930.27
1632.98	2922.60
1634.52	2918.06
1636.06	2915.97
1637.59	2912.83
1639.13	2909.69
1640.67	2897.13
1642.21	2892.95
1643.74	2879.34
1645.28	2870.97
1646.81	2865.39
1648.35	2856.32
1649.88	2850.05
1651.42	2836.09
1652.95	2839.23
1654.49	2829.47
1656.02	2825.98
1657.55	2812.03
1659.09	2811.33
1660.62	2802.96
1662.15	2804.00
1663.68	2796.68
1665.22	2795.63
1666.75	2788.31
1668.28	2792.49
1669.81	2790.05
1671.34	2791.45
1672.87	2788.66
1674.40	2787.61
1675.93	2778.89
1677.46	2769.82
1678.99	2764.94
1680.52	2770.52
1682.04	2772.96
1683.57	2775.75
1685.10	2770.17
1686.63	2769.12
1688.15	2762.15
1689.68	2758.31
1691.21	2752.03
1692.73	2755.17
1694.26	2759.36
1695.78	2761.10
1697.31	2755.87
1698.83	2753.08
1700.36	2746.80
1701.88	2749.94
1703.40	2746.80
1704.93	2750.29
1706.45	2748.89
