896.35	2977.01
897.98	2975.96
899.60	2983.64
901.22	2988.52
902.85	2990.61
904.47	2992.36
906.10	2993.75
907.72	3001.77
909.34	3008.75
910.97	3025.14
912.59	3036.30
914.21	3050.61
915.84	3066.65
917.46	3092.11
919.08	3107.46
920.71	3123.85
922.33	3131.88
923.95	3150.71
925.58	3156.64
927.20	3165.36
928.82	3170.59
930.44	3180.71
932.07	3178.27
933.69	3175.82
935.31	3178.27
936.93	3188.73
938.56	3195.01
940.18	3197.10
941.80	3201.64
943.42	3212.10
945.05	3212.80
946.67	3219.42
948.29	3211.05
949.91	3220.82
951.53	3221.52
953.16	3229.89
954.78	3220.82
956.40	3216.63
958.02	3212.10
959.64	3221.17
961.26	3222.22
962.88	3219.77
964.51	3216.98
966.13	3219.77
967.75	3220.47
969.37	3225.01
970.99	3221.87
972.61	3228.14
974.23	3226.05
975.85	3234.77
977.47	3231.98
979.09	3232.33
980.71	3230.24
982.33	3238.61
983.95	3244.89
985.57	3246.28
987.19	3246.28
988.81	3242.45
990.43	3240.35
992.05	3244.19
993.67	3247.33
995.29	3246.63
996.91	3248.38
998.53	3255.70
1000.15	3267.56
1001.77	3268.61
1003.39	3268.61
1005.01	3273.84
1006.63	3276.63
1008.25	3285.00
1009.86	3284.65
1011.48	3287.79
1013.10	3285.35
1014.72	3292.67
1016.34	3302.44
1017.96	3306.97
1019.58	3303.14
1021.19	3300.35
1022.81	3303.49
1024.43	3311.16
1026.05	3313.95
1027.66	3316.04
1029.28	3315.69
1030.90	3315.69
1032.52	3312.90
1034.13	3317.09
1035.75	3318.83
1037.37	3331.74
1038.98	3326.51
1040.60	3326.51
1042.22	3318.48
1043.83	3324.06
1045.45	3328.95
1047.07	3332.44
1048.68	3328.25
1050.30	3330.69
1051.92	3329.99
1053.53	3340.46
1055.15	3334.88
1056.76	3339.76
1058.38	3337.32
1059.99	3341.16
1061.61	3334.18
1063.22	3334.53
1064.84	3332.78
1066.46	3333.48
1068.07	3328.95
1069.68	3333.48
1071.30	3334.88
1072.91	3333.83
1074.53	3330.69
1076.14	3331.39
1077.76	3333.13
1079.37	3324.06
1080.98	3319.53
1082.60	3319.18
1084.21	3324.06
1085.83	3331.04
1087.44	3326.86
1089.05	3326.86
1090.67	3320.93
1092.28	3324.76
1093.89	3327.20
1095.50	3324.41
1097.12	3324.76
1098.73	3318.83
1100.34	3324.41
1101.95	3324.41
1103.57	3324.41
1105.18	3318.83
1106.79	3317.79
1108.40	3326.16
1110.01	3332.78
1111.63	3333.48
1113.24	3328.25
1114.85	3322.67
1116.46	3321.97
1118.07	3323.02
1119.68	3328.25
1121.29	3326.86
1122.90	3326.51
1124.51	3329.99
1126.12	3333.83
1127.73	3339.06
1129.34	3339.76
1130.95	3342.90
1132.56	3332.44
1134.17	3324.41
1135.78	3319.88
1137.39	3327.55
1139.00	3330.69
1140.61	3335.58
1142.22	3333.13
1143.83	3334.53
1145.44	3329.65
1147.05	3336.62
1148.65	3335.23
1150.26	3336.27
1151.87	3331.74
1153.48	3338.71
1155.09	3340.81
1156.69	3340.81
1158.30	3333.83
1159.91	3338.02
1161.52	3340.46
1163.12	3341.50
1164.73	3340.81
1166.34	3341.50
1167.94	3344.64
1169.55	3346.39
1171.16	3352.32
1172.76	3356.85
1174.37	3356.15
1175.97	3348.48
1177.58	3349.88
1179.19	3348.48
1180.79	3353.71
1182.40	3350.92
1184.00	3356.85
1185.61	3361.04
1187.21	3360.69
1188.82	3359.29
1190.42	3355.46
1192.02	3354.06
1193.63	3353.02
1195.23	3358.60
1196.84	3362.08
1198.44	3365.92
1200.04	3366.97
1201.65	3370.46
1203.25	3369.41
1204.85	3364.53
1206.46	3360.69
1208.06	3355.81
1209.66	3354.76
1211.26	3362.08
1212.87	3364.18
1214.47	3369.41
1216.07	3363.13
1217.67	3364.87
1219.27	3361.04
1220.87	3362.43
1222.48	3356.50
1224.08	3356.85
1225.68	3356.15
1227.28	3359.64
1228.88	3361.04
1230.48	3356.15
1232.08	3356.50
1233.68	3359.29
1235.28	3361.74
1236.88	3362.08
1238.48	3364.18
1240.08	3361.74
1241.68	3358.60
1243.28	3348.48
1244.87	3350.22
1246.47	3350.57
1248.07	3350.22
1249.67	3356.50
1251.27	3351.97
1252.87	3351.27
1254.46	3341.50
1256.06	3345.69
1257.66	3342.90
1259.26	3342.20
1260.85	3339.76
1262.45	3343.60
1264.05	3342.90
1265.64	3343.95
1267.24	3342.20
1268.83	3343.25
1270.43	3346.04
1272.03	3346.39
1273.62	3341.50
1275.22	3340.46
1276.81	3337.67
1278.41	3345.34
1280.00	3338.37
1281.60	3340.46
1283.19	3337.67
1284.79	3340.81
1286.38	3341.16
1287.97	3337.32
1289.57	3335.23
1291.16	3329.99
1292.75	3332.09
1294.35	3334.18
1295.94	3337.32
1297.53	3336.62
1299.12	3336.97
1300.72	3330.69
1302.31	3333.48
1303.90	3331.04
1305.49	3332.78
1307.08	3325.81
1308.68	3321.62
1310.27	3318.83
1311.86	3317.09
1313.45	3317.44
1315.04	3319.53
1316.63	3318.83
1318.22	3314.65
1319.81	3317.44
1321.40	3321.62
1322.99	3320.58
1324.58	3312.55
1326.17	3302.79
1327.75	3304.53
1329.34	3305.93
1330.93	3305.23
1332.52	3299.30
1334.11	3294.77
1335.70	3293.02
1337.28	3291.63
1338.87	3291.28
1340.46	3288.14
1342.05	3283.60
1343.63	3277.33
1345.22	3283.95
1346.81	3288.14
1348.39	3289.53
1349.98	3280.12
1351.56	3272.44
1353.15	3270.35
1354.73	3260.93
1356.32	3251.51
1357.90	3243.84
1359.49	3239.31
1361.07	3236.17
1362.66	3228.84
1364.24	3228.84
1365.82	3234.42
1367.41	3231.98
1368.99	3226.05
1370.57	3220.12
1372.16	3222.22
1373.74	3227.45
1375.32	3221.87
1376.91	3209.66
1378.49	3188.03
1380.07	3172.69
1381.65	3157.34
1383.23	3154.55
1384.81	3151.41
1386.39	3157.34
1387.97	3155.25
1389.55	3150.71
1391.14	3138.15
1392.72	3130.13
1394.29	3121.41
1395.87	3115.83
1397.45	3109.90
1399.03	3102.93
1400.61	3096.65
1402.19	3087.58
1403.77	3089.32
1405.35	3086.18
1406.92	3085.83
1408.50	3076.77
1410.08	3074.67
1411.66	3070.84
1413.23	3071.88
1414.81	3062.12
1416.39	3064.21
1417.96	3058.63
1419.54	3064.91
1421.12	3063.16
1422.69	3063.16
1424.27	3063.16
1425.84	3057.23
1427.42	3058.28
1428.99	3057.58
1430.57	3057.93
1432.14	3054.79
1433.71	3056.54
1435.29	3058.28
1436.86	3057.23
1438.43	3052.35
1440.01	2991.66
1441.58	2990.61
1443.15	2988.87
1444.72	3043.98
1446.30	3049.21
1447.87	3046.77
1449.44	3043.28
1451.01	3041.89
1452.58	3046.07
1454.15	3050.95
1455.72	3049.21
1457.29	3051.65
1458.86	3049.56
1460.43	3055.14
1462.00	3053.05
1463.57	3060.02
1465.14	3054.79
1466.71	3058.28
1468.28	3057.23
1469.85	3060.02
1471.41	3058.28
1472.98	3064.91
1474.55	3063.86
1476.12	3064.21
1477.68	3063.16
1479.25	3064.56
1480.82	3069.44
1482.38	3066.30
1483.95	3069.44
1485.51	3074.67
1487.08	3081.65
1488.64	3088.97
1490.21	3083.39
1491.77	3086.88
1493.34	3080.25
1494.90	3082.70
1496.46	3081.65
1498.03	3085.83
1499.59	3087.23
1501.15	3085.83
1502.72	3085.83
1504.28	3087.23
1505.84	3083.74
1507.40	3087.23
1508.97	3090.02
1510.53	3099.79
1512.09	3104.32
1513.65	3107.11
1515.21	3105.02
1516.77	3101.88
1518.33	3100.48
1519.89	3102.23
1521.45	3106.76
1523.01	3115.48
1524.57	3120.71
1526.13	3121.76
1527.68	3121.06
1529.24	3119.32
1530.80	3122.81
1532.36	3117.23
1533.92	3112.69
1535.47	3105.02
1537.03	3106.41
1538.59	3108.16
1540.14	3107.81
1541.70	3113.74
1543.25	3117.23
1544.81	3125.60
1546.36	3117.92
1547.92	3118.97
1549.47	3114.78
1551.03	3117.23
1552.58	3116.88
1554.13	3120.02
1555.69	3122.46
1557.24	3121.06
1558.79	3115.83
1560.35	3117.58
1561.90	3117.92
1563.45	3122.81
1565.00	3119.67
1566.55	3121.06
1568.10	3115.83
1569.66	3118.27
1571.21	3117.23
1572.76	3121.06
1574.31	3116.88
1575.86	3112.34
1577.40	3108.51
1578.95	3110.25
1580.50	3110.60
1582.05	3110.95
1583.60	3105.02
1585.15	3107.11
1586.69	3107.46
1588.24	3114.09
1589.79	3110.95
1591.34	3114.44
1592.88	3107.81
1594.43	3111.30
1595.97	3107.81
1597.52	3112.34
1599.06	3106.06
1600.61	3110.25
1602.15	3108.16
1603.70	3111.30
1605.24	3103.27
1606.79	3099.79
1608.33	3097.00
1609.87	3096.30
1611.41	3097.34
1612.96	3093.16
1614.50	3089.67
1616.04	3087.93
1617.58	3090.72
1619.12	3091.76
1620.67	3081.30
1622.21	3082.00
1623.75	3075.72
1625.29	3078.51
1626.83	3076.77
1628.37	3074.67
1629.90	3069.79
1631.44	3060.37
1632.98	3050.26
1634.52	3042.93
1636.06	3037.70
1637.59	3028.98
1639.13	3018.52
1640.67	3000.38
1642.21	2989.91
1643.74	2974.57
1645.28	2956.78
1646.81	2945.97
1648.35	2927.13
1649.88	2916.67
1651.42	2898.18
1652.95	2898.53
1654.49	2887.72
1656.02	2883.88
1657.55	2864.70
1659.09	2862.60
1660.62	2850.39
1662.15	2852.49
1663.68	2840.98
1665.22	2836.09
1666.75	2825.28
1668.28	2829.47
1669.81	2828.77
1671.34	2829.47
1672.87	2824.23
1674.40	2816.91
1675.93	2808.54
1677.46	2798.07
1678.99	2794.24
1680.52	2795.98
1682.04	2794.59
1683.57	2795.63
1685.10	2790.05
1686.63	2789.01
1688.15	2781.33
1689.68	2778.19
1691.21	2774.70
1692.73	2777.50
1694.26	2776.45
1695.78	2774.01
1697.31	2769.12
1698.83	2767.73
1700.36	2765.64
1701.88	2770.87
1703.40	2768.08
1704.93	2766.68
1706.45	2760.40
