896.35	2766.68
897.98	2759.71
899.60	2762.15
901.22	2767.73
902.85	2768.78
904.47	2770.17
906.10	2769.12
907.72	2771.91
909.34	2772.61
910.97	2779.24
912.59	2777.15
914.21	2776.45
915.84	2775.40
917.46	2783.08
919.08	2781.68
920.71	2789.35
922.33	2786.22
923.95	2800.52
925.58	2795.98
927.20	2799.82
928.82	2795.98
930.44	2800.17
932.07	2794.24
933.69	2788.31
935.31	2784.47
936.93	2793.19
938.56	2795.63
940.18	2800.86
941.80	2801.56
943.42	2811.68
945.05	2809.58
946.67	2814.82
948.29	2802.26
949.91	2809.93
951.53	2808.89
953.16	2822.49
954.78	2815.51
956.40	2816.91
958.02	2810.63
959.64	2821.10
961.26	2820.05
962.88	2822.14
964.51	2819.00
966.13	2825.98
967.75	2821.44
969.37	2823.54
970.99	2814.12
972.61	2822.49
974.23	2817.61
975.85	2827.02
977.47	2821.79
979.09	2824.58
980.71	2815.51
982.33	2823.89
983.95	2824.58
985.57	2829.47
987.19	2827.72
988.81	2831.21
990.43	2825.98
992.05	2830.16
993.67	2824.93
995.29	2825.28
996.91	2821.44
998.53	2827.72
1000.15	2833.65
1001.77	2834.70
1003.39	2829.82
1005.01	2835.40
1006.63	2831.91
1008.25	2840.28
1009.86	2835.05
1011.48	2840.63
1013.10	2836.79
1014.72	2841.33
1016.34	2843.77
1017.96	2845.51
1019.58	2838.19
1021.19	2837.49
1022.81	2840.98
1024.43	2847.26
1026.05	2844.81
1027.66	2845.86
1029.28	2845.51
1030.90	2846.21
1032.52	2840.28
1034.13	2847.95
1035.75	2846.91
1037.37	2854.58
1038.98	2843.77
1040.60	2844.46
1042.22	2833.65
1043.83	2838.88
1045.45	2837.49
1047.07	2847.95
1048.68	2843.07
1050.30	2848.65
1051.92	2840.98
1053.53	2850.05
1055.15	2844.81
1056.76	2852.14
1058.38	2848.65
1059.99	2855.28
1061.61	2847.60
1063.22	2850.74
1064.84	2843.07
1066.46	2846.91
1068.07	2839.93
1069.68	2851.44
1071.30	2850.39
1072.91	2854.23
1074.53	2847.95
1076.14	2851.09
1077.76	2851.09
1079.37	2843.42
1080.98	2838.19
1082.60	2839.58
1084.21	2843.77
1085.83	2852.49
1087.44	2845.51
1089.05	2848.65
1090.67	2840.63
1092.28	2850.39
1093.89	2850.74
1095.50	2854.93
1097.12	2852.49
1098.73	2850.74
1100.34	2851.79
1101.95	2854.23
1103.57	2852.84
1105.18	2850.39
1106.79	2846.21
1108.40	2850.74
1110.01	2852.14
1111.63	2858.77
1113.24	2855.63
1114.85	2857.02
1116.46	2851.79
1118.07	2854.23
1119.68	2853.53
1121.29	2854.58
1122.90	2851.44
1124.51	2855.98
1126.12	2857.72
1127.73	2867.14
1129.34	2865.04
1130.95	2867.83
1132.56	2853.18
1134.17	2849.35
1135.78	2843.77
1137.39	2853.18
1139.00	2850.05
1140.61	2854.23
1142.22	2850.74
1143.83	2851.79
1145.44	2844.12
1147.05	2849.35
1148.65	2846.91
1150.26	2846.91
1151.87	2839.93
1153.48	2847.60
1155.09	2849.70
1156.69	2852.14
1158.30	2844.46
1159.91	2846.91
1161.52	2846.91
1163.12	2850.39
1164.73	2849.70
1166.34	2849.70
1167.94	2849.00
1169.55	2850.05
1171.16	2852.49
1172.76	2856.32
1174.37	2854.58
1175.97	2850.05
1177.58	2851.44
1179.19	2850.39
1180.79	2851.09
1182.40	2850.05
1184.00	2851.79
1185.61	2860.16
1187.21	2857.02
1188.82	2858.42
1190.42	2851.79
1192.02	2851.09
1193.63	2849.70
1195.23	2855.28
1196.84	2858.42
1198.44	2862.25
1200.04	2857.02
1201.65	2858.07
1203.25	2855.98
1204.85	2854.93
1206.46	2849.70
1208.06	2845.51
1209.66	2843.07
1211.26	2851.79
1212.87	2851.09
1214.47	2858.07
1216.07	2853.88
1217.67	2859.46
1219.27	2856.67
1220.87	2859.46
1222.48	2852.84
1224.08	2855.63
1225.68	2853.18
1227.28	2859.46
1228.88	2860.16
1230.48	2860.51
1232.08	2858.77
1233.68	2861.90
1235.28	2860.51
1236.88	2859.11
1238.48	2860.16
1240.08	2860.51
1241.68	2861.56
1243.28	2857.37
1244.87	2855.28
1246.47	2858.77
1248.07	2857.02
1249.67	2866.79
1251.27	2861.90
1252.87	2861.90
1254.46	2853.53
1256.06	2857.02
1257.66	2853.18
1259.26	2857.02
1260.85	2854.58
1262.45	2860.16
1264.05	2852.84
1265.64	2859.11
1267.24	2857.37
1268.83	2861.56
1270.43	2860.16
1272.03	2862.60
1273.62	2857.72
1275.22	2859.11
1276.81	2854.23
1278.41	2861.90
1280.00	2854.93
1281.60	2857.72
1283.19	2856.32
1284.79	2858.77
1286.38	2859.11
1287.97	2859.81
1289.57	2854.93
1291.16	2850.39
1292.75	2848.30
1294.35	2851.79
1295.94	2852.49
1297.53	2849.70
1299.12	2851.44
1300.72	2849.70
1302.31	2853.18
1303.90	2854.58
1305.49	2856.67
1307.08	2853.53
1308.68	2848.30
1310.27	2851.44
1311.86	2851.09
1313.45	2852.84
1315.04	2847.95
1316.63	2848.30
1318.22	2841.67
1319.81	2842.37
1321.40	2843.07
1322.99	2842.72
1324.58	2841.33
1326.17	2835.40
1327.75	2836.79
1329.34	2837.14
1330.93	2835.05
1332.52	2835.40
1334.11	2834.70
1335.70	2836.79
1337.28	2835.74
1338.87	2835.74
1340.46	2834.70
1342.05	2835.05
1343.63	2830.51
1345.22	2836.79
1346.81	2837.49
1348.39	2844.46
1349.98	2837.49
1351.56	2838.54
1353.15	2837.14
1354.73	2839.58
1356.32	2837.14
1357.90	2838.88
1359.49	2841.67
1361.07	2846.91
1362.66	2844.46
1364.24	2845.51
1365.82	2844.12
1367.41	2840.98
1368.99	2832.61
1370.57	2830.86
1372.16	2830.86
1373.74	2839.23
1375.32	2840.63
1376.91	2842.72
1378.49	2835.74
1380.07	2834.35
1381.65	2831.21
1383.23	2832.26
1384.81	2825.63
1386.39	2828.07
1387.97	2827.72
1389.55	2831.56
1391.14	2827.72
1392.72	2828.07
1394.29	2828.42
1395.87	2829.12
1397.45	2830.86
1399.03	2835.74
1400.61	2834.35
1402.19	2829.12
1403.77	2825.63
1405.35	2827.37
1406.92	2830.86
1408.50	2834.35
1410.08	2835.74
1411.66	2837.49
1413.23	2836.79
1414.81	2833.30
1416.39	2834.70
1417.96	2830.51
1419.54	2832.95
1421.12	2835.05
1422.69	2831.91
1424.27	2832.61
1425.84	2827.72
1427.42	2832.61
1428.99	2836.09
1430.57	2837.49
1432.14	2836.09
1433.71	2839.58
1435.29	2842.72
1436.86	2845.51
1438.43	2836.79
1440.01	2774.01
1441.58	2771.22
1443.15	2775.75
1444.72	2833.65
1446.30	2836.44
1447.87	2832.95
1449.44	2829.12
1451.01	2825.63
1452.58	2829.12
1454.15	2830.51
1455.72	2830.16
1457.29	2830.86
1458.86	2832.95
1460.43	2840.63
1462.00	2840.28
1463.57	2844.12
1465.14	2838.19
1466.71	2836.44
1468.28	2838.54
1469.85	2843.07
1471.41	2842.02
1472.98	2843.07
1474.55	2836.79
1476.12	2834.35
1477.68	2834.00
1479.25	2836.79
1480.82	2843.77
1482.38	2835.74
1483.95	2831.56
1485.51	2832.95
1487.08	2838.54
1488.64	2844.46
1490.21	2834.70
1491.77	2834.00
1493.34	2825.63
1494.90	2828.42
1496.46	2828.77
1498.03	2834.35
1499.59	2837.49
1501.15	2835.74
1502.72	2834.00
1504.28	2832.61
1505.84	2828.77
1507.40	2831.56
1508.97	2829.82
1510.53	2834.35
1512.09	2835.05
1513.65	2837.84
1515.21	2833.65
1516.77	2829.82
1518.33	2825.63
1519.89	2826.33
1521.45	2826.68
1523.01	2832.26
1524.57	2834.35
1526.13	2833.65
1527.68	2836.09
1529.24	2835.05
1530.80	2837.84
1532.36	2830.16
1533.92	2826.33
1535.47	2821.44
1537.03	2822.84
1538.59	2822.84
1540.14	2820.40
1541.70	2823.89
1543.25	2828.07
1544.81	2831.21
1546.36	2822.49
1547.92	2819.70
1549.47	2817.96
1551.03	2817.96
1552.58	2815.51
1554.13	2816.56
1555.69	2817.96
1557.24	2818.65
1558.79	2815.86
1560.35	2817.61
1561.90	2816.91
1563.45	2818.65
1565.00	2816.21
1566.55	2814.12
1568.10	2811.68
1569.66	2811.68
1571.21	2814.82
1572.76	2816.21
1574.31	2814.47
1575.86	2807.14
1577.40	2804.35
1578.95	2807.14
1580.50	2807.14
1582.05	2804.70
1583.60	2798.42
1585.15	2798.42
1586.69	2801.56
1588.24	2805.05
1589.79	2805.05
1591.34	2805.05
1592.88	2797.03
1594.43	2798.42
1595.97	2792.49
1597.52	2795.28
1599.06	2791.45
1600.61	2798.07
1602.15	2798.07
1603.70	2798.77
1605.24	2792.49
1606.79	2788.66
1608.33	2786.91
1609.87	2786.22
1611.41	2789.70
1612.96	2786.56
1614.50	2785.17
1616.04	2785.52
1617.58	2789.01
1619.12	2790.75
1620.67	2781.33
1622.21	2783.77
1623.75	2779.24
1625.29	2780.63
1626.83	2781.33
1628.37	2781.33
1629.90	2783.08
1631.44	2777.50
1632.98	2773.66
1634.52	2771.57
1636.06	2775.05
1637.59	2780.29
1639.13	2784.82
1640.67	2780.98
1642.21	2784.82
1643.74	2780.29
1645.28	2780.29
1646.81	2779.24
1648.35	2776.10
1649.88	2774.70
1651.42	2764.24
1652.95	2771.57
1654.49	2768.78
1656.02	2775.05
1657.55	2767.38
1659.09	2771.91
1660.62	2765.98
1662.15	2767.73
1663.68	2759.71
1665.22	2759.01
1666.75	2756.92
1668.28	2764.94
1669.81	2767.03
1671.34	2768.78
1672.87	2763.89
1674.40	2760.40
1675.93	2753.43
1677.46	2748.20
1678.99	2744.71
1680.52	2750.29
1682.04	2748.20
1683.57	2751.34
1685.10	2745.06
1686.63	2746.10
1688.15	2741.57
1689.68	2739.48
1691.21	2738.08
1692.73	2740.52
1694.26	2745.75
1695.78	2744.36
1697.31	2738.08
1698.83	2732.50
1700.36	2726.92
1701.88	2733.20
1703.40	2731.10
1704.93	2734.94
1706.45	2731.10
