896.35	2992.70
897.98	3005.26
899.60	3003.17
901.22	3028.28
902.85	3022.00
904.47	3042.93
906.10	3047.12
907.72	3051.30
909.34	3062.81
910.97	3081.65
912.59	3093.16
914.21	3122.46
915.84	3148.62
917.46	3189.43
919.08	3207.22
920.71	3225.01
922.33	3249.07
923.95	3260.58
925.58	3275.23
927.20	3281.51
928.82	3291.98
930.44	3316.04
932.07	3305.58
933.69	3299.30
935.31	3319.18
936.93	3328.60
938.56	3327.55
940.18	3333.83
941.80	3329.65
943.42	3343.25
945.05	3359.99
946.67	3338.02
948.29	3350.57
949.91	3356.85
951.53	3367.32
953.16	3366.27
954.78	3354.76
956.40	3343.25
958.02	3350.57
959.64	3350.57
961.26	3341.16
962.88	3351.62
964.51	3334.88
966.13	3365.22
967.75	3358.94
969.37	3354.76
970.99	3359.99
972.61	3356.85
974.23	3357.90
975.85	3354.76
977.47	3362.08
979.09	3357.90
980.71	3350.57
982.33	3356.85
983.95	3364.18
985.57	3371.50
987.19	3362.08
988.81	3377.78
990.43	3365.22
992.05	3370.46
993.67	3389.29
995.29	3385.10
996.91	3374.64
998.53	3406.03
1000.15	3399.75
1001.77	3408.13
1003.39	3400.80
1005.01	3409.17
1006.63	3415.45
1008.25	3428.01
1009.86	3431.15
1011.48	3424.87
1013.10	3430.10
1014.72	3445.80
1016.34	3449.98
1017.96	3455.21
1019.58	3442.66
1021.19	3453.12
1022.81	3452.07
1024.43	3453.12
1026.05	3455.21
1027.66	3476.14
1029.28	3466.72
1030.90	3479.28
1032.52	3455.21
1034.13	3468.82
1035.75	3479.28
1037.37	3477.19
1038.98	3489.74
1040.60	3483.47
1042.22	3464.63
1043.83	3476.14
1045.45	3471.96
1047.07	3485.56
1048.68	3485.56
1050.30	3477.19
1051.92	3490.79
1053.53	3486.61
1055.15	3489.74
1056.76	3489.74
1058.38	3492.88
1059.99	3487.65
1061.61	3471.96
1063.22	3480.33
1064.84	3490.79
1066.46	3484.51
1068.07	3470.91
1069.68	3478.23
1071.30	3484.51
1072.91	3480.33
1074.53	3469.86
1076.14	3475.10
1077.76	3466.72
1079.37	3471.96
1080.98	3439.52
1082.60	3462.54
1084.21	3464.63
1085.83	3462.54
1087.44	3459.40
1089.05	3437.42
1090.67	3440.56
1092.28	3448.94
1093.89	3459.40
1095.50	3455.21
1097.12	3448.94
1098.73	3449.98
1100.34	3426.96
1101.95	3445.80
1103.57	3445.80
1105.18	3437.42
1106.79	3433.24
1108.40	3448.94
1110.01	3443.70
1111.63	3456.26
1113.24	3443.70
1114.85	3436.38
1116.46	3442.66
1118.07	3462.54
1119.68	3443.70
1121.29	3449.98
1122.90	3444.75
1124.51	3441.61
1126.12	3448.94
1127.73	3449.98
1129.34	3443.70
1130.95	3449.98
1132.56	3458.35
1134.17	3435.33
1135.78	3430.10
1137.39	3445.80
1139.00	3438.47
1140.61	3447.89
1142.22	3448.94
1143.83	3445.80
1145.44	3433.24
1147.05	3436.38
1148.65	3445.80
1150.26	3441.61
1151.87	3423.82
1153.48	3437.42
1155.09	3443.70
1156.69	3448.94
1158.30	3431.15
1159.91	3431.15
1161.52	3440.56
1163.12	3442.66
1164.73	3433.24
1166.34	3444.75
1167.94	3439.52
1169.55	3452.07
1171.16	3448.94
1172.76	3445.80
1174.37	3446.84
1175.97	3458.35
1177.58	3429.05
1179.19	3451.03
1180.79	3441.61
1182.40	3444.75
1184.00	3438.47
1185.61	3461.49
1187.21	3452.07
1188.82	3439.52
1190.42	3439.52
1192.02	3440.56
1193.63	3431.15
1195.23	3442.66
1196.84	3435.33
1198.44	3440.56
1200.04	3448.94
1201.65	3445.80
1203.25	3440.56
1204.85	3445.80
1206.46	3421.73
1208.06	3431.15
1209.66	3428.01
1211.26	3431.15
1212.87	3443.70
1214.47	3432.19
1216.07	3420.68
1217.67	3429.05
1219.27	3422.78
1220.87	3424.87
1222.48	3420.68
1224.08	3418.59
1225.68	3418.59
1227.28	3422.78
1228.88	3403.94
1230.48	3412.31
1232.08	3392.43
1233.68	3408.13
1235.28	3417.54
1236.88	3392.43
1238.48	3388.24
1240.08	3408.13
1241.68	3368.36
1243.28	3378.83
1244.87	3381.97
1246.47	3376.73
1248.07	3355.81
1249.67	3363.13
1251.27	3373.59
1252.87	3353.71
1254.46	3346.39
1256.06	3353.71
1257.66	3352.67
1259.26	3345.34
1260.85	3353.71
1262.45	3338.02
1264.05	3339.06
1265.64	3348.48
1267.24	3343.25
1268.83	3335.92
1270.43	3331.74
1272.03	3347.43
1273.62	3332.78
1275.22	3312.90
1276.81	3325.46
1278.41	3325.46
1280.00	3334.88
1281.60	3323.37
1283.19	3315.00
1284.79	3320.23
1286.38	3317.09
1287.97	3329.65
1289.57	3311.86
1291.16	3311.86
1292.75	3297.21
1294.35	3312.90
1295.94	3304.53
1297.53	3305.58
1299.12	3294.07
1300.72	3308.72
1302.31	3289.88
1303.90	3308.72
1305.49	3295.11
1307.08	3273.14
1308.68	3278.37
1310.27	3281.51
1311.86	3279.42
1313.45	3278.37
1315.04	3273.14
1316.63	3272.09
1318.22	3275.23
1319.81	3259.54
1321.40	3264.77
1322.99	3258.49
1324.58	3236.52
1326.17	3256.40
1327.75	3248.03
1329.34	3244.89
1330.93	3241.75
1332.52	3231.28
1334.11	3232.33
1335.70	3233.38
1337.28	3214.54
1338.87	3225.01
1340.46	3225.01
1342.05	3221.87
1343.63	3213.50
1345.22	3206.17
1346.81	3211.40
1348.39	3211.40
1349.98	3209.31
1351.56	3198.85
1353.15	3194.66
1354.73	3194.66
1356.32	3174.78
1357.90	3167.45
1359.49	3172.69
1361.07	3165.36
1362.66	3152.80
1364.24	3152.80
1365.82	3154.90
1367.41	3154.90
1368.99	3137.11
1370.57	3129.78
1372.16	3138.15
1373.74	3132.92
1375.32	3123.50
1376.91	3114.09
1378.49	3074.32
1380.07	3057.58
1381.65	3049.21
1383.23	3046.07
1384.81	3040.84
1386.39	3036.65
1387.97	3037.70
1389.55	3027.24
1391.14	3020.96
1392.72	3003.17
1394.29	3001.08
1395.87	3003.17
1397.45	2983.29
1399.03	2987.47
1400.61	2982.24
1402.19	2981.19
1403.77	2966.54
1405.35	2979.10
1406.92	2975.96
1408.50	2966.54
1410.08	2963.41
1411.66	2944.57
1413.23	2948.76
1414.81	2958.17
1416.39	2946.66
1417.96	2953.99
1419.54	2945.62
1421.12	2949.80
1422.69	2958.17
1424.27	2941.43
1425.84	2949.80
1427.42	2937.25
1428.99	2936.20
1430.57	2939.34
1432.14	2938.29
1433.71	2941.43
1435.29	2948.76
1436.86	2940.38
1438.43	2936.20
1440.01	2933.06
1441.58	2802.26
1443.15	2935.15
1444.72	2938.29
1446.30	2928.87
1447.87	2938.29
1449.44	2926.78
1451.01	2915.27
1452.58	2922.60
1454.15	2918.41
1455.72	2920.50
1457.29	2917.36
1458.86	2922.60
1460.43	2916.32
1462.00	2937.25
1463.57	2920.50
1465.14	2927.83
1466.71	2910.04
1468.28	2914.22
1469.85	2917.36
1471.41	2921.55
1472.98	2911.09
1474.55	2919.46
1476.12	2907.95
1477.68	2916.32
1479.25	2926.78
1480.82	2919.46
1482.38	2925.74
1483.95	2904.81
1485.51	2928.87
1487.08	2933.06
1488.64	2923.64
1490.21	2928.87
1491.77	2918.41
1493.34	2922.60
1494.90	2908.99
1496.46	2911.09
1498.03	2918.41
1499.59	2930.97
1501.15	2925.74
1502.72	2927.83
1504.28	2921.55
1505.84	2913.18
1507.40	2914.22
1508.97	2933.06
1510.53	2924.69
1512.09	2938.29
1513.65	2930.97
1515.21	2937.25
1516.77	2923.64
1518.33	2941.43
1519.89	2930.97
1521.45	2917.36
1523.01	2928.87
1524.57	2934.11
1526.13	2928.87
1527.68	2928.87
1529.24	2940.38
1530.80	2936.20
1532.36	2937.25
1533.92	2930.97
1535.47	2922.60
1537.03	2926.78
1538.59	2929.92
1540.14	2915.27
1541.70	2915.27
1543.25	2943.52
1544.81	2930.97
1546.36	2928.87
1547.92	2906.90
1549.47	2927.83
1551.03	2913.18
1552.58	2902.71
1554.13	2912.13
1555.69	2916.32
1557.24	2913.18
1558.79	2907.95
1560.35	2906.90
1561.90	2916.32
1563.45	2910.04
1565.00	2912.13
1566.55	2907.95
1568.10	2902.71
1569.66	2902.71
1571.21	2908.99
1572.76	2902.71
1574.31	2910.04
1575.86	2907.95
1577.40	2899.58
1578.95	2895.39
1580.50	2894.34
1582.05	2880.74
1583.60	2888.06
1585.15	2871.32
1586.69	2881.79
1588.24	2880.74
1589.79	2888.06
1591.34	2868.18
1592.88	2889.11
1594.43	2869.23
1595.97	2887.02
1597.52	2888.06
1599.06	2885.97
1600.61	2872.37
1602.15	2885.97
1603.70	2877.60
1605.24	2880.74
1606.79	2878.65
1608.33	2875.51
1609.87	2865.04
1611.41	2874.46
1612.96	2876.55
1614.50	2860.86
1616.04	2856.67
1617.58	2860.86
1619.12	2857.72
1620.67	2868.18
1622.21	2846.21
1623.75	2859.81
1625.29	2842.02
1626.83	2842.02
1628.37	2864.00
1629.90	2832.61
1631.44	2832.61
1632.98	2832.61
1634.52	2810.63
1636.06	2808.54
1637.59	2817.96
1639.13	2801.21
1640.67	2804.35
1642.21	2784.47
1643.74	2787.61
1645.28	2766.68
1646.81	2755.17
1648.35	2766.68
1649.88	2740.52
1651.42	2743.66
1652.95	2727.97
1654.49	2737.38
1656.02	2715.41
1657.55	2732.15
1659.09	2703.90
1660.62	2719.59
1662.15	2704.94
1663.68	2711.22
1665.22	2696.57
1666.75	2701.81
1668.28	2696.57
1669.81	2713.32
1671.34	2698.67
1672.87	2694.48
1674.40	2698.67
1675.93	2690.29
1677.46	2681.92
1678.99	2679.83
1680.52	2677.74
1682.04	2690.29
1683.57	2685.06
1685.10	2677.74
1686.63	2677.74
1688.15	2684.02
1689.68	2665.18
1691.21	2671.46
1692.73	2671.46
1694.26	2676.69
1695.78	2662.04
1697.31	2675.65
1698.83	2665.18
1700.36	2667.27
1701.88	2658.90
1703.40	2673.55
1704.93	2663.09
1706.45	2669.37
