896.35	3030.38
897.98	3038.75
899.60	3042.93
901.22	3074.32
902.85	3063.86
904.47	3077.46
906.10	3075.37
907.72	3084.79
909.34	3104.67
910.97	3125.60
912.59	3139.20
914.21	3167.45
915.84	3198.85
917.46	3252.21
919.08	3268.95
920.71	3293.02
922.33	3309.76
923.95	3327.55
925.58	3344.30
927.20	3342.20
928.82	3355.81
930.44	3379.87
932.07	3368.36
933.69	3372.55
935.31	3378.83
936.93	3399.75
938.56	3407.08
940.18	3413.36
941.80	3406.03
943.42	3418.59
945.05	3425.91
946.67	3418.59
948.29	3424.87
949.91	3423.82
951.53	3426.96
953.16	3436.38
954.78	3428.01
956.40	3422.78
958.02	3420.68
959.64	3434.29
961.26	3431.15
962.88	3429.05
964.51	3413.36
966.13	3443.70
967.75	3432.19
969.37	3425.91
970.99	3432.19
972.61	3425.91
974.23	3418.59
975.85	3432.19
977.47	3435.33
979.09	3433.24
980.71	3426.96
982.33	3439.52
983.95	3445.80
985.57	3461.49
987.19	3443.70
988.81	3460.45
990.43	3443.70
992.05	3453.12
993.67	3470.91
995.29	3469.86
996.91	3461.49
998.53	3491.84
1000.15	3483.47
1001.77	3493.93
1003.39	3488.70
1005.01	3489.74
1006.63	3500.21
1008.25	3508.58
1009.86	3512.77
1011.48	3508.58
1013.10	3520.09
1014.72	3535.79
1016.34	3532.65
1017.96	3553.58
1019.58	3531.60
1021.19	3537.88
1022.81	3532.65
1024.43	3554.62
1026.05	3545.20
1027.66	3557.76
1029.28	3545.20
1030.90	3555.67
1032.52	3546.25
1034.13	3559.85
1035.75	3560.90
1037.37	3565.09
1038.98	3576.60
1040.60	3568.22
1042.22	3556.71
1043.83	3570.32
1045.45	3562.99
1047.07	3578.69
1048.68	3581.83
1050.30	3570.32
1051.92	3578.69
1053.53	3588.11
1055.15	3578.69
1056.76	3568.22
1058.38	3570.32
1059.99	3588.11
1061.61	3575.55
1063.22	3571.36
1064.84	3571.36
1066.46	3570.32
1068.07	3553.58
1069.68	3562.99
1071.30	3571.36
1072.91	3567.18
1074.53	3553.58
1076.14	3570.32
1077.76	3552.53
1079.37	3561.95
1080.98	3523.23
1082.60	3550.44
1084.21	3541.02
1085.83	3549.39
1087.44	3547.30
1089.05	3530.55
1090.67	3522.18
1092.28	3528.46
1093.89	3531.60
1095.50	3529.51
1097.12	3526.37
1098.73	3535.79
1100.34	3511.72
1101.95	3533.69
1103.57	3529.51
1105.18	3516.95
1106.79	3518.00
1108.40	3538.93
1110.01	3524.28
1111.63	3536.83
1113.24	3524.28
1114.85	3528.46
1116.46	3530.55
1118.07	3541.02
1119.68	3516.95
1121.29	3528.46
1122.90	3518.00
1124.51	3522.18
1126.12	3533.69
1127.73	3543.11
1129.34	3550.44
1130.95	3544.16
1132.56	3541.02
1134.17	3513.81
1135.78	3519.04
1137.39	3523.23
1139.00	3523.23
1140.61	3525.32
1142.22	3522.18
1143.83	3526.37
1145.44	3534.74
1147.05	3529.51
1148.65	3523.23
1150.26	3512.77
1151.87	3506.49
1153.48	3522.18
1155.09	3527.42
1156.69	3530.55
1158.30	3520.09
1159.91	3521.14
1161.52	3529.51
1163.12	3533.69
1164.73	3512.77
1166.34	3536.83
1167.94	3522.18
1169.55	3535.79
1171.16	3527.42
1172.76	3544.16
1174.37	3543.11
1175.97	3539.97
1177.58	3515.90
1179.19	3542.06
1180.79	3523.23
1182.40	3535.79
1184.00	3520.09
1185.61	3537.88
1187.21	3534.74
1188.82	3535.79
1190.42	3535.79
1192.02	3531.60
1193.63	3522.18
1195.23	3538.93
1196.84	3524.28
1198.44	3527.42
1200.04	3534.74
1201.65	3526.37
1203.25	3512.77
1204.85	3533.69
1206.46	3525.32
1208.06	3519.04
1209.66	3508.58
1211.26	3515.90
1212.87	3533.69
1214.47	3510.67
1216.07	3511.72
1217.67	3512.77
1219.27	3497.07
1220.87	3505.44
1222.48	3502.30
1224.08	3497.07
1225.68	3488.70
1227.28	3492.88
1228.88	3485.56
1230.48	3494.98
1232.08	3474.05
1233.68	3488.70
1235.28	3496.02
1236.88	3470.91
1238.48	3460.45
1240.08	3496.02
1241.68	3460.45
1243.28	3462.54
1244.87	3456.26
1246.47	3451.03
1248.07	3443.70
1249.67	3448.94
1251.27	3452.07
1252.87	3445.80
1254.46	3428.01
1256.06	3430.10
1257.66	3421.73
1259.26	3423.82
1260.85	3426.96
1262.45	3426.96
1264.05	3421.73
1265.64	3418.59
1267.24	3418.59
1268.83	3425.91
1270.43	3413.36
1272.03	3418.59
1273.62	3403.94
1275.22	3396.62
1276.81	3409.17
1278.41	3401.85
1280.00	3407.08
1281.60	3396.62
1283.19	3391.38
1284.79	3388.24
1286.38	3379.87
1287.97	3390.34
1289.57	3379.87
1291.16	3388.24
1292.75	3369.41
1294.35	3385.10
1295.94	3378.83
1297.53	3376.73
1299.12	3355.81
1300.72	3384.06
1302.31	3342.20
1303.90	3374.64
1305.49	3370.46
1307.08	3356.85
1308.68	3339.06
1310.27	3346.39
1311.86	3345.34
1313.45	3347.43
1315.04	3347.43
1316.63	3348.48
1318.22	3343.25
1319.81	3327.55
1321.40	3327.55
1322.99	3339.06
1324.58	3315.00
1326.17	3323.37
1327.75	3316.04
1329.34	3319.18
1330.93	3306.62
1332.52	3308.72
1334.11	3295.11
1335.70	3294.07
1337.28	3285.70
1338.87	3291.98
1340.46	3286.74
1342.05	3282.56
1343.63	3279.42
1345.22	3278.37
1346.81	3287.79
1348.39	3275.23
1349.98	3267.91
1351.56	3251.17
1353.15	3244.89
1354.73	3259.54
1356.32	3240.70
1357.90	3235.47
1359.49	3235.47
1361.07	3216.63
1362.66	3215.59
1364.24	3211.40
1365.82	3215.59
1367.41	3217.68
1368.99	3197.80
1370.57	3185.24
1372.16	3182.10
1373.74	3177.92
1375.32	3181.06
1376.91	3169.55
1378.49	3129.78
1380.07	3103.62
1381.65	3099.44
1383.23	3083.74
1384.81	3084.79
1386.39	3080.60
1387.97	3086.88
1389.55	3083.74
1391.14	3071.18
1392.72	3045.02
1394.29	3041.89
1395.87	3043.98
1397.45	3032.47
1399.03	3030.38
1400.61	3019.91
1402.19	3012.59
1403.77	3001.08
1405.35	3023.05
1406.92	3005.26
1408.50	3008.40
1410.08	3004.22
1411.66	2992.70
1413.23	2996.89
1414.81	3000.03
1416.39	2980.15
1417.96	2995.84
1419.54	2980.15
1421.12	2983.29
1422.69	2985.38
1424.27	2975.96
1425.84	2985.38
1427.42	2980.15
1428.99	2986.43
1430.57	2980.15
1432.14	2969.68
1433.71	2972.82
1435.29	2981.19
1436.86	2975.96
1438.43	2966.54
1440.01	2968.64
1441.58	2847.26
1443.15	2972.82
1444.72	2972.82
1446.30	2965.50
1447.87	2973.87
1449.44	2963.41
1451.01	2948.76
1452.58	2962.36
1454.15	2960.27
1455.72	2955.03
1457.29	2955.03
1458.86	2963.41
1460.43	2941.43
1462.00	2965.50
1463.57	2951.90
1465.14	2962.36
1466.71	2952.94
1468.28	2949.80
1469.85	2955.03
1471.41	2961.31
1472.98	2946.66
1474.55	2966.54
1476.12	2948.76
1477.68	2952.94
1479.25	2960.27
1480.82	2943.52
1482.38	2953.99
1483.95	2946.66
1485.51	2951.90
1487.08	2967.59
1488.64	2956.08
1490.21	2960.27
1491.77	2943.52
1493.34	2961.31
1494.90	2939.34
1496.46	2943.52
1498.03	2955.03
1499.59	2959.22
1501.15	2961.31
1502.72	2953.99
1504.28	2957.13
1505.84	2953.99
1507.40	2948.76
1508.97	2965.50
1510.53	2951.90
1512.09	2971.78
1513.65	2969.68
1515.21	2968.64
1516.77	2945.62
1518.33	2961.31
1519.89	2960.27
1521.45	2958.17
1523.01	2968.64
1524.57	2970.73
1526.13	2958.17
1527.68	2968.64
1529.24	2969.68
1530.80	2964.45
1532.36	2968.64
1533.92	2967.59
1535.47	2959.22
1537.03	2953.99
1538.59	2951.90
1540.14	2948.76
1541.70	2949.80
1543.25	2966.54
1544.81	2963.41
1546.36	2963.41
1547.92	2945.62
1549.47	2952.94
1551.03	2950.85
1552.58	2948.76
1554.13	2941.43
1555.69	2952.94
1557.24	2948.76
1558.79	2945.62
1560.35	2927.83
1561.90	2945.62
1563.45	2939.34
1565.00	2941.43
1566.55	2938.29
1568.10	2934.11
1569.66	2924.69
1571.21	2939.34
1572.76	2944.57
1574.31	2932.01
1575.86	2923.64
1577.40	2922.60
1578.95	2930.97
1580.50	2925.74
1582.05	2915.27
1583.60	2920.50
1585.15	2907.95
1586.69	2914.22
1588.24	2918.41
1589.79	2926.78
1591.34	2904.81
1592.88	2925.74
1594.43	2902.71
1595.97	2916.32
1597.52	2916.32
1599.06	2912.13
1600.61	2898.53
1602.15	2920.50
1603.70	2902.71
1605.24	2902.71
1606.79	2907.95
1608.33	2894.34
1609.87	2882.83
1611.41	2893.30
1612.96	2899.58
1614.50	2891.20
1616.04	2885.97
1617.58	2893.30
1619.12	2881.79
1620.67	2892.25
1622.21	2861.90
1623.75	2885.97
1625.29	2870.28
1626.83	2871.32
1628.37	2878.65
1629.90	2846.21
1631.44	2854.58
1632.98	2860.86
1634.52	2840.98
1636.06	2833.65
1637.59	2842.02
1639.13	2823.19
1640.67	2813.77
1642.21	2801.21
1643.74	2803.31
1645.28	2781.33
1646.81	2774.01
1648.35	2764.59
1649.88	2738.43
1651.42	2762.50
1652.95	2736.34
1654.49	2753.08
1656.02	2726.92
1657.55	2738.43
1659.09	2713.32
1660.62	2727.97
1662.15	2709.13
1663.68	2718.55
1665.22	2712.27
1666.75	2710.18
1668.28	2698.67
1669.81	2707.04
1671.34	2696.57
1672.87	2702.85
1674.40	2705.99
1675.93	2697.62
1677.46	2682.97
1678.99	2684.02
1680.52	2682.97
1682.04	2693.43
1683.57	2678.78
1685.10	2689.25
1686.63	2689.25
1688.15	2686.11
1689.68	2667.27
1691.21	2672.51
1692.73	2676.69
1694.26	2679.83
1695.78	2674.60
1697.31	2677.74
1698.83	2665.18
1700.36	2672.51
1701.88	2668.32
1703.40	2672.51
1704.93	2657.86
1706.45	2668.32
