896.35	3081.65
897.98	3091.07
899.60	3086.88
901.22	3118.27
902.85	3105.72
904.47	3137.11
906.10	3141.29
907.72	3141.29
909.34	3154.90
910.97	3178.96
912.59	3203.03
914.21	3241.75
915.84	3264.77
917.46	3321.27
919.08	3354.76
920.71	3379.87
922.33	3401.85
923.95	3424.87
925.58	3433.24
927.20	3442.66
928.82	3443.70
930.44	3483.47
932.07	3465.68
933.69	3471.96
935.31	3482.42
936.93	3496.02
938.56	3490.79
940.18	3516.95
941.80	3504.39
943.42	3516.95
945.05	3525.32
946.67	3521.14
948.29	3523.23
949.91	3529.51
951.53	3529.51
953.16	3543.11
954.78	3523.23
956.40	3533.69
958.02	3526.37
959.64	3535.79
961.26	3532.65
962.88	3538.93
964.51	3514.86
966.13	3552.53
967.75	3535.79
969.37	3533.69
970.99	3530.55
972.61	3541.02
974.23	3531.60
975.85	3547.30
977.47	3536.83
979.09	3542.06
980.71	3524.28
982.33	3552.53
983.95	3553.58
985.57	3572.41
987.19	3550.44
988.81	3572.41
990.43	3549.39
992.05	3561.95
993.67	3568.22
995.29	3583.92
996.91	3556.71
998.53	3599.62
1000.15	3590.20
1001.77	3603.80
1003.39	3594.38
1005.01	3611.13
1006.63	3612.17
1008.25	3629.96
1009.86	3627.87
1011.48	3644.61
1013.10	3627.87
1014.72	3651.94
1016.34	3646.70
1017.96	3678.10
1019.58	3645.66
1021.19	3663.45
1022.81	3668.68
1024.43	3690.65
1026.05	3662.40
1027.66	3686.47
1029.28	3673.91
1030.90	3696.93
1032.52	3674.96
1034.13	3701.12
1035.75	3696.93
1037.37	3709.49
1038.98	3714.72
1040.60	3717.86
1042.22	3684.38
1043.83	3710.54
1045.45	3711.58
1047.07	3726.23
1048.68	3719.95
1050.30	3717.86
1051.92	3710.54
1053.53	3718.91
1055.15	3708.44
1056.76	3724.14
1058.38	3711.58
1059.99	3733.56
1061.61	3721.00
1063.22	3714.72
1064.84	3703.21
1066.46	3727.28
1068.07	3708.44
1069.68	3724.14
1071.30	3713.67
1072.91	3713.67
1074.53	3691.70
1076.14	3714.72
1077.76	3699.02
1079.37	3705.30
1080.98	3663.45
1082.60	3701.12
1084.21	3693.79
1085.83	3688.56
1087.44	3679.14
1089.05	3686.47
1090.67	3671.82
1092.28	3682.28
1093.89	3670.77
1095.50	3681.24
1097.12	3666.59
1098.73	3688.56
1100.34	3657.17
1101.95	3687.51
1103.57	3676.00
1105.18	3678.10
1106.79	3652.98
1108.40	3678.10
1110.01	3670.77
1111.63	3688.56
1113.24	3672.86
1114.85	3680.19
1116.46	3667.63
1118.07	3683.33
1119.68	3664.49
1121.29	3683.33
1122.90	3662.40
1124.51	3682.28
1126.12	3676.00
1127.73	3692.75
1129.34	3688.56
1130.95	3700.07
1132.56	3680.19
1134.17	3669.73
1135.78	3672.86
1137.39	3701.12
1139.00	3684.38
1140.61	3690.65
1142.22	3679.14
1143.83	3678.10
1145.44	3667.63
1147.05	3679.14
1148.65	3680.19
1150.26	3674.96
1151.87	3650.89
1153.48	3672.86
1155.09	3680.19
1156.69	3686.47
1158.30	3664.49
1159.91	3674.96
1161.52	3679.14
1163.12	3690.65
1164.73	3676.00
1166.34	3697.98
1167.94	3673.91
1169.55	3689.61
1171.16	3691.70
1172.76	3701.12
1174.37	3686.47
1175.97	3708.44
1177.58	3672.86
1179.19	3700.07
1180.79	3678.10
1182.40	3686.47
1184.00	3671.82
1185.61	3699.02
1187.21	3690.65
1188.82	3696.93
1190.42	3680.19
1192.02	3686.47
1193.63	3668.68
1195.23	3690.65
1196.84	3672.86
1198.44	3696.93
1200.04	3687.51
1201.65	3695.89
1203.25	3679.14
1204.85	3704.26
1206.46	3667.63
1208.06	3687.51
1209.66	3670.77
1211.26	3669.73
1212.87	3685.42
1214.47	3677.05
1216.07	3658.22
1217.67	3666.59
1219.27	3655.08
1220.87	3672.86
1222.48	3662.40
1224.08	3659.26
1225.68	3652.98
1227.28	3663.45
1228.88	3639.38
1230.48	3655.08
1232.08	3621.59
1233.68	3649.84
1235.28	3652.98
1236.88	3645.66
1238.48	3627.87
1240.08	3665.54
1241.68	3618.45
1243.28	3626.82
1244.87	3612.17
1246.47	3612.17
1248.07	3602.76
1249.67	3609.03
1251.27	3605.90
1252.87	3594.38
1254.46	3577.64
1256.06	3587.06
1257.66	3584.97
1259.26	3574.50
1260.85	3576.60
1262.45	3583.92
1264.05	3576.60
1265.64	3577.64
1267.24	3573.46
1268.83	3575.55
1270.43	3560.90
1272.03	3577.64
1273.62	3554.62
1275.22	3555.67
1276.81	3560.90
1278.41	3560.90
1280.00	3556.71
1281.60	3557.76
1283.19	3544.16
1284.79	3559.85
1286.38	3545.20
1287.97	3552.53
1289.57	3532.65
1291.16	3542.06
1292.75	3520.09
1294.35	3531.60
1295.94	3511.72
1297.53	3535.79
1299.12	3510.67
1300.72	3530.55
1302.31	3500.21
1303.90	3524.28
1305.49	3512.77
1307.08	3500.21
1308.68	3498.12
1310.27	3508.58
1311.86	3488.70
1313.45	3486.61
1315.04	3474.05
1316.63	3487.65
1318.22	3476.14
1319.81	3478.23
1321.40	3466.72
1322.99	3478.23
1324.58	3447.89
1326.17	3457.31
1327.75	3440.56
1329.34	3454.17
1330.93	3436.38
1332.52	3437.42
1334.11	3432.19
1335.70	3435.33
1337.28	3415.45
1338.87	3423.82
1340.46	3422.78
1342.05	3425.91
1343.63	3408.13
1345.22	3416.50
1346.81	3415.45
1348.39	3416.50
1349.98	3395.57
1351.56	3388.24
1353.15	3368.36
1354.73	3371.50
1356.32	3338.02
1357.90	3344.30
1359.49	3342.20
1361.07	3321.27
1362.66	3309.76
1364.24	3312.90
1365.82	3305.58
1367.41	3317.09
1368.99	3287.79
1370.57	3287.79
1372.16	3301.39
1373.74	3291.98
1375.32	3270.00
1376.91	3256.40
1378.49	3217.68
1380.07	3186.29
1381.65	3171.64
1383.23	3156.99
1384.81	3155.94
1386.39	3153.85
1387.97	3137.11
1389.55	3135.02
1391.14	3123.50
1392.72	3105.72
1394.29	3098.39
1395.87	3080.60
1397.45	3059.67
1399.03	3067.00
1400.61	3050.26
1402.19	3040.84
1403.77	3024.10
1405.35	3033.51
1406.92	3009.45
1408.50	3015.73
1410.08	3014.68
1411.66	3002.12
1413.23	3000.03
1414.81	3001.08
1416.39	2981.19
1417.96	3004.22
1419.54	2978.06
1421.12	2991.66
1422.69	2993.75
1424.27	2972.82
1425.84	2980.15
1427.42	2975.96
1428.99	2968.64
1430.57	2975.96
1432.14	2966.54
1433.71	2963.41
1435.29	2974.92
1436.86	2970.73
1438.43	2967.59
1440.01	2961.31
1441.58	2832.61
1443.15	2956.08
1444.72	2960.27
1446.30	2960.27
1447.87	2969.68
1449.44	2958.17
1451.01	2946.66
1452.58	2962.36
1454.15	2953.99
1455.72	2943.52
1457.29	2938.29
1458.86	2951.90
1460.43	2944.57
1462.00	2963.41
1463.57	2945.62
1465.14	2959.22
1466.71	2942.48
1468.28	2948.76
1469.85	2956.08
1471.41	2959.22
1472.98	2953.99
1474.55	2968.64
1476.12	2943.52
1477.68	2932.01
1479.25	2950.85
1480.82	2955.03
1482.38	2960.27
1483.95	2947.71
1485.51	2960.27
1487.08	2975.96
1488.64	2968.64
1490.21	2979.10
1491.77	2959.22
1493.34	2977.01
1494.90	2970.73
1496.46	2971.78
1498.03	2979.10
1499.59	2979.10
1501.15	2984.33
1502.72	2983.29
1504.28	2988.52
1505.84	2980.15
1507.40	2972.82
1508.97	2992.70
1510.53	2984.33
1512.09	2990.61
1513.65	2992.70
1515.21	2994.80
1516.77	2985.38
1518.33	3007.35
1519.89	2996.89
1521.45	3000.03
1523.01	3000.03
1524.57	3015.73
1526.13	2991.66
1527.68	2993.75
1529.24	3010.49
1530.80	3010.49
1532.36	3011.54
1533.92	3001.08
1535.47	2991.66
1537.03	3005.26
1538.59	3008.40
1540.14	2998.98
1541.70	2992.70
1543.25	3014.68
1544.81	3006.31
1546.36	3006.31
1547.92	2991.66
1549.47	3008.40
1551.03	2998.98
1552.58	2992.70
1554.13	2993.75
1555.69	2996.89
1557.24	2987.47
1558.79	2994.80
1560.35	2981.19
1561.90	2994.80
1563.45	2975.96
1565.00	2992.70
1566.55	2981.19
1568.10	2985.38
1569.66	2971.78
1571.21	2988.52
1572.76	2984.33
1574.31	2985.38
1575.86	2984.33
1577.40	2977.01
1578.95	2984.33
1580.50	2971.78
1582.05	2959.22
1583.60	2968.64
1585.15	2956.08
1586.69	2963.41
1588.24	2968.64
1589.79	2973.87
1591.34	2955.03
1592.88	2973.87
1594.43	2948.76
1595.97	2966.54
1597.52	2966.54
1599.06	2970.73
1600.61	2956.08
1602.15	2983.29
1603.70	2952.94
1605.24	2951.90
1606.79	2946.66
1608.33	2943.52
1609.87	2947.71
1611.41	2958.17
1612.96	2956.08
1614.50	2941.43
1616.04	2939.34
1617.58	2943.52
1619.12	2935.15
1620.67	2944.57
1622.21	2916.32
1623.75	2945.62
1625.29	2918.41
1626.83	2917.36
1628.37	2933.06
1629.90	2917.36
1631.44	2902.71
1632.98	2914.22
1634.52	2878.65
1636.06	2881.79
1637.59	2882.83
1639.13	2867.14
1640.67	2852.49
1642.21	2838.88
1643.74	2834.70
1645.28	2812.72
1646.81	2798.07
1648.35	2803.31
1649.88	2774.01
1651.42	2777.15
1652.95	2760.40
1654.49	2770.87
1656.02	2749.94
1657.55	2750.99
1659.09	2733.20
1660.62	2735.29
1662.15	2719.59
1663.68	2736.34
1665.22	2722.73
1666.75	2724.83
1668.28	2704.94
1669.81	2729.01
1671.34	2716.45
1672.87	2716.45
1674.40	2718.55
1675.93	2712.27
1677.46	2699.71
1678.99	2696.57
1680.52	2697.62
1682.04	2698.67
1683.57	2691.34
1685.10	2696.57
1686.63	2686.11
1688.15	2690.29
1689.68	2681.92
1691.21	2684.02
1692.73	2684.02
1694.26	2692.39
1695.78	2684.02
1697.31	2691.34
1698.83	2674.60
1700.36	2688.20
1701.88	2677.74
1703.40	2687.16
1704.93	2672.51
1706.45	2676.69
