896.35	2983.29
897.98	2992.70
899.60	2993.75
901.22	3018.86
902.85	3003.17
904.47	3027.24
906.10	3031.42
907.72	3034.56
909.34	3047.12
910.97	3074.32
912.59	3081.65
914.21	3114.09
915.84	3130.83
917.46	3172.69
919.08	3200.94
920.71	3213.50
922.33	3239.66
923.95	3239.66
925.58	3261.63
927.20	3264.77
928.82	3275.23
930.44	3295.11
932.07	3287.79
933.69	3279.42
935.31	3289.88
936.93	3306.62
938.56	3301.39
940.18	3322.32
941.80	3324.41
943.42	3333.83
945.05	3332.78
946.67	3326.51
948.29	3332.78
949.91	3334.88
951.53	3346.39
953.16	3351.62
954.78	3346.39
956.40	3332.78
958.02	3334.88
959.64	3343.25
961.26	3338.02
962.88	3334.88
964.51	3319.18
966.13	3353.71
967.75	3353.71
969.37	3335.92
970.99	3328.60
972.61	3338.02
974.23	3345.34
975.85	3343.25
977.47	3340.11
979.09	3346.39
980.71	3345.34
982.33	3349.53
983.95	3352.67
985.57	3374.64
987.19	3355.81
988.81	3369.41
990.43	3357.90
992.05	3368.36
993.67	3377.78
995.29	3371.50
996.91	3361.04
998.53	3385.10
1000.15	3378.83
1001.77	3396.62
1003.39	3395.57
1005.01	3394.52
1006.63	3403.94
1008.25	3413.36
1009.86	3417.54
1011.48	3417.54
1013.10	3419.64
1014.72	3425.91
1016.34	3431.15
1017.96	3452.07
1019.58	3431.15
1021.19	3439.52
1022.81	3432.19
1024.43	3453.12
1026.05	3448.94
1027.66	3464.63
1029.28	3458.35
1030.90	3469.86
1032.52	3453.12
1034.13	3470.91
1035.75	3469.86
1037.37	3471.96
1038.98	3484.51
1040.60	3485.56
1042.22	3466.72
1043.83	3473.00
1045.45	3473.00
1047.07	3482.42
1048.68	3485.56
1050.30	3481.37
1051.92	3488.70
1053.53	3485.56
1055.15	3477.19
1056.76	3470.91
1058.38	3481.37
1059.99	3492.88
1061.61	3473.00
1063.22	3473.00
1064.84	3481.37
1066.46	3475.10
1068.07	3469.86
1069.68	3475.10
1071.30	3487.65
1072.91	3480.33
1074.53	3459.40
1076.14	3470.91
1077.76	3457.31
1079.37	3477.19
1080.98	3442.66
1082.60	3466.72
1084.21	3457.31
1085.83	3459.40
1087.44	3447.89
1089.05	3440.56
1090.67	3437.42
1092.28	3452.07
1093.89	3451.03
1095.50	3454.17
1097.12	3440.56
1098.73	3451.03
1100.34	3426.96
1101.95	3451.03
1103.57	3442.66
1105.18	3436.38
1106.79	3432.19
1108.40	3437.42
1110.01	3435.33
1111.63	3442.66
1113.24	3448.94
1114.85	3455.21
1116.46	3447.89
1118.07	3455.21
1119.68	3432.19
1121.29	3446.84
1122.90	3437.42
1124.51	3436.38
1126.12	3442.66
1127.73	3447.89
1129.34	3445.80
1130.95	3457.31
1132.56	3462.54
1134.17	3435.33
1135.78	3439.52
1137.39	3447.89
1139.00	3428.01
1140.61	3439.52
1142.22	3444.75
1143.83	3440.56
1145.44	3435.33
1147.05	3447.89
1148.65	3453.12
1150.26	3445.80
1151.87	3435.33
1153.48	3444.75
1155.09	3444.75
1156.69	3448.94
1158.30	3430.10
1159.91	3448.94
1161.52	3452.07
1163.12	3452.07
1164.73	3445.80
1166.34	3458.35
1167.94	3435.33
1169.55	3456.26
1171.16	3449.98
1172.76	3464.63
1174.37	3453.12
1175.97	3459.40
1177.58	3440.56
1179.19	3460.45
1180.79	3443.70
1182.40	3447.89
1184.00	3437.42
1185.61	3460.45
1187.21	3459.40
1188.82	3451.03
1190.42	3448.94
1192.02	3451.03
1193.63	3439.52
1195.23	3457.31
1196.84	3444.75
1198.44	3447.89
1200.04	3446.84
1201.65	3456.26
1203.25	3452.07
1204.85	3458.35
1206.46	3431.15
1208.06	3448.94
1209.66	3434.29
1211.26	3428.01
1212.87	3454.17
1214.47	3436.38
1216.07	3436.38
1217.67	3446.84
1219.27	3437.42
1220.87	3433.24
1222.48	3419.64
1224.08	3424.87
1225.68	3422.78
1227.28	3422.78
1228.88	3415.45
1230.48	3428.01
1232.08	3403.94
1233.68	3424.87
1235.28	3421.73
1236.88	3411.26
1238.48	3404.99
1240.08	3435.33
1241.68	3385.10
1243.28	3400.80
1244.87	3395.57
1246.47	3389.29
1248.07	3380.92
1249.67	3397.66
1251.27	3394.52
1252.87	3378.83
1254.46	3365.22
1256.06	3370.46
1257.66	3361.04
1259.26	3370.46
1260.85	3373.59
1262.45	3363.13
1264.05	3362.08
1265.64	3361.04
1267.24	3362.08
1268.83	3367.32
1270.43	3351.62
1272.03	3369.41
1273.62	3359.99
1275.22	3350.57
1276.81	3344.30
1278.41	3348.48
1280.00	3347.43
1281.60	3344.30
1283.19	3338.02
1284.79	3344.30
1286.38	3336.97
1287.97	3351.62
1289.57	3333.83
1291.16	3334.88
1292.75	3321.27
1294.35	3339.06
1295.94	3322.32
1297.53	3318.14
1299.12	3313.95
1300.72	3341.16
1302.31	3299.30
1303.90	3326.51
1305.49	3325.46
1307.08	3313.95
1308.68	3298.25
1310.27	3311.86
1311.86	3297.21
1313.45	3296.16
1315.04	3297.21
1316.63	3299.30
1318.22	3290.93
1319.81	3286.74
1321.40	3284.65
1322.99	3289.88
1324.58	3268.95
1326.17	3274.19
1327.75	3265.82
1329.34	3277.33
1330.93	3273.14
1332.52	3258.49
1334.11	3242.79
1335.70	3256.40
1337.28	3237.56
1338.87	3243.84
1340.46	3244.89
1342.05	3238.61
1343.63	3226.05
1345.22	3225.01
1346.81	3234.42
1348.39	3227.10
1349.98	3222.91
1351.56	3213.50
1353.15	3211.40
1354.73	3198.85
1356.32	3191.52
1357.90	3189.43
1359.49	3187.34
1361.07	3169.55
1362.66	3163.27
1364.24	3173.73
1365.82	3176.87
1367.41	3175.82
1368.99	3145.48
1370.57	3138.15
1372.16	3142.34
1373.74	3148.62
1375.32	3140.25
1376.91	3130.83
1378.49	3094.21
1380.07	3069.09
1381.65	3056.54
1383.23	3039.79
1384.81	3047.12
1386.39	3045.02
1387.97	3037.70
1389.55	3025.14
1391.14	3014.68
1392.72	3001.08
1394.29	2998.98
1395.87	2985.38
1397.45	2973.87
1399.03	2970.73
1400.61	2959.22
1402.19	2962.36
1403.77	2948.76
1405.35	2963.41
1406.92	2939.34
1408.50	2944.57
1410.08	2937.25
1411.66	2932.01
1413.23	2926.78
1414.81	2930.97
1416.39	2910.04
1417.96	2932.01
1419.54	2915.27
1421.12	2926.78
1422.69	2930.97
1424.27	2910.04
1425.84	2911.09
1427.42	2905.85
1428.99	2910.04
1430.57	2905.85
1432.14	2903.76
1433.71	2906.90
1435.29	2918.41
1436.86	2908.99
1438.43	2904.81
1440.01	2895.39
1441.58	2780.29
1443.15	2901.67
1444.72	2902.71
1446.30	2903.76
1447.87	2906.90
1449.44	2891.20
1451.01	2884.93
1452.58	2907.95
1454.15	2903.76
1455.72	2878.65
1457.29	2885.97
1458.86	2897.48
1460.43	2887.02
1462.00	2912.13
1463.57	2900.62
1465.14	2897.48
1466.71	2892.25
1468.28	2885.97
1469.85	2890.16
1471.41	2908.99
1472.98	2900.62
1474.55	2901.67
1476.12	2895.39
1477.68	2890.16
1479.25	2903.76
1480.82	2896.44
1482.38	2902.71
1483.95	2901.67
1485.51	2904.81
1487.08	2916.32
1488.64	2903.76
1490.21	2919.46
1491.77	2901.67
1493.34	2918.41
1494.90	2899.58
1496.46	2899.58
1498.03	2907.95
1499.59	2911.09
1501.15	2912.13
1502.72	2915.27
1504.28	2912.13
1505.84	2913.18
1507.40	2910.04
1508.97	2930.97
1510.53	2922.60
1512.09	2926.78
1513.65	2922.60
1515.21	2926.78
1516.77	2913.18
1518.33	2936.20
1519.89	2932.01
1521.45	2924.69
1523.01	2925.74
1524.57	2929.92
1526.13	2923.64
1527.68	2939.34
1529.24	2942.48
1530.80	2939.34
1532.36	2933.06
1533.92	2923.64
1535.47	2924.69
1537.03	2932.01
1538.59	2933.06
1540.14	2923.64
1541.70	2920.50
1543.25	2941.43
1544.81	2942.48
1546.36	2929.92
1547.92	2912.13
1549.47	2927.83
1551.03	2929.92
1552.58	2927.83
1554.13	2921.55
1555.69	2924.69
1557.24	2913.18
1558.79	2914.22
1560.35	2915.27
1561.90	2933.06
1563.45	2918.41
1565.00	2914.22
1566.55	2906.90
1568.10	2907.95
1569.66	2899.58
1571.21	2916.32
1572.76	2912.13
1574.31	2912.13
1575.86	2912.13
1577.40	2901.67
1578.95	2893.30
1580.50	2906.90
1582.05	2897.48
1583.60	2901.67
1585.15	2885.97
1586.69	2899.58
1588.24	2896.44
1589.79	2907.95
1591.34	2882.83
1592.88	2901.67
1594.43	2873.42
1595.97	2888.06
1597.52	2878.65
1599.06	2890.16
1600.61	2887.02
1602.15	2901.67
1603.70	2884.93
1605.24	2885.97
1606.79	2889.11
1608.33	2880.74
1609.87	2872.37
1611.41	2883.88
1612.96	2880.74
1614.50	2867.14
1616.04	2860.86
1617.58	2875.51
1619.12	2866.09
1620.67	2877.60
1622.21	2844.12
1623.75	2869.23
1625.29	2857.72
1626.83	2853.53
1628.37	2870.28
1629.90	2838.88
1631.44	2832.61
1632.98	2847.26
1634.52	2832.61
1636.06	2815.86
1637.59	2827.37
1639.13	2809.58
1640.67	2809.58
1642.21	2789.70
1643.74	2788.66
1645.28	2768.78
1646.81	2754.13
1648.35	2760.40
1649.88	2743.66
1651.42	2752.03
1652.95	2727.97
1654.49	2743.66
1656.02	2720.64
1657.55	2730.06
1659.09	2701.81
1660.62	2719.59
1662.15	2705.99
1663.68	2717.50
1665.22	2700.76
1666.75	2707.04
1668.28	2700.76
1669.81	2708.08
1671.34	2694.48
1672.87	2707.04
1674.40	2707.04
1675.93	2690.29
1677.46	2676.69
1678.99	2673.55
1680.52	2676.69
1682.04	2692.39
1683.57	2678.78
1685.10	2686.11
1686.63	2681.92
1688.15	2687.16
1689.68	2673.55
1691.21	2667.27
1692.73	2672.51
1694.26	2678.78
1695.78	2670.41
1697.31	2680.88
1698.83	2663.09
1700.36	2671.46
1701.88	2658.90
1703.40	2667.27
1704.93	2658.90
1706.45	2664.13
