896.35	2797.03
897.98	2793.89
899.60	2806.45
901.22	2814.82
902.85	2804.35
904.47	2816.91
906.10	2825.28
907.72	2823.19
909.34	2842.02
910.97	2839.93
912.59	2842.02
914.21	2854.58
915.84	2873.42
917.46	2888.06
919.08	2905.85
920.71	2900.62
922.33	2919.46
923.95	2916.32
925.58	2938.29
927.20	2923.64
928.82	2935.15
930.44	2951.90
932.07	2945.62
933.69	2932.01
935.31	2942.48
936.93	2944.57
938.56	2950.85
940.18	2956.08
941.80	2961.31
943.42	2963.41
945.05	2982.24
946.67	2959.22
948.29	2966.54
949.91	2966.54
951.53	2980.15
953.16	2983.29
954.78	2985.38
956.40	2964.45
958.02	2972.82
959.64	2974.92
961.26	2978.06
962.88	2964.45
964.51	2960.27
966.13	2986.43
967.75	2990.61
969.37	2967.59
970.99	2972.82
972.61	2967.59
974.23	2974.92
975.85	2971.78
977.47	2991.66
979.09	2974.92
980.71	2974.92
982.33	2985.38
983.95	2988.52
985.57	2995.84
987.19	2982.24
988.81	2990.61
990.43	2984.33
992.05	2982.24
993.67	3000.03
995.29	2994.80
996.91	2991.66
998.53	3008.40
1000.15	3011.54
1001.77	3014.68
1003.39	3013.63
1005.01	3004.22
1006.63	3017.82
1008.25	3009.45
1009.86	3024.10
1011.48	3007.35
1013.10	3018.86
1014.72	3027.24
1016.34	3031.42
1017.96	3037.70
1019.58	3023.05
1021.19	3016.77
1022.81	3026.19
1024.43	3040.84
1026.05	3035.61
1027.66	3037.70
1029.28	3046.07
1030.90	3038.75
1032.52	3028.28
1034.13	3036.65
1035.75	3054.44
1037.37	3048.16
1038.98	3054.44
1040.60	3037.70
1042.22	3038.75
1043.83	3043.98
1045.45	3054.44
1047.07	3049.21
1048.68	3061.77
1050.30	3038.75
1051.92	3050.26
1053.53	3045.02
1055.15	3049.21
1056.76	3050.26
1058.38	3050.26
1059.99	3053.40
1061.61	3055.49
1063.22	3035.61
1064.84	3047.12
1066.46	3038.75
1068.07	3047.12
1069.68	3041.89
1071.30	3058.63
1072.91	3043.98
1074.53	3041.89
1076.14	3053.40
1077.76	3054.44
1079.37	3051.30
1080.98	3024.10
1082.60	3034.56
1084.21	3050.26
1085.83	3048.16
1087.44	3047.12
1089.05	3033.51
1090.67	3037.70
1092.28	3032.47
1093.89	3049.21
1095.50	3036.65
1097.12	3032.47
1098.73	3036.65
1100.34	3019.91
1101.95	3041.89
1103.57	3049.21
1105.18	3032.47
1106.79	3028.28
1108.40	3033.51
1110.01	3033.51
1111.63	3042.93
1113.24	3045.02
1114.85	3038.75
1116.46	3041.89
1118.07	3053.40
1119.68	3036.65
1121.29	3032.47
1122.90	3038.75
1124.51	3041.89
1126.12	3051.30
1127.73	3041.89
1129.34	3049.21
1130.95	3046.07
1132.56	3055.49
1134.17	3029.33
1135.78	3047.12
1137.39	3049.21
1139.00	3039.79
1140.61	3035.61
1142.22	3043.98
1143.83	3035.61
1145.44	3041.89
1147.05	3034.56
1148.65	3048.16
1150.26	3034.56
1151.87	3029.33
1153.48	3033.51
1155.09	3047.12
1156.69	3038.75
1158.30	3033.51
1159.91	3028.28
1161.52	3037.70
1163.12	3037.70
1164.73	3037.70
1166.34	3039.79
1167.94	3035.61
1169.55	3041.89
1171.16	3038.75
1172.76	3040.84
1174.37	3045.02
1175.97	3045.02
1177.58	3036.65
1179.19	3054.44
1180.79	3045.02
1182.40	3046.07
1184.00	3038.75
1185.61	3049.21
1187.21	3052.35
1188.82	3040.84
1190.42	3055.49
1192.02	3040.84
1193.63	3030.38
1195.23	3041.89
1196.84	3050.26
1198.44	3048.16
1200.04	3056.54
1201.65	3052.35
1203.25	3043.98
1204.85	3049.21
1206.46	3035.61
1208.06	3043.98
1209.66	3033.51
1211.26	3028.28
1212.87	3057.58
1214.47	3038.75
1216.07	3038.75
1217.67	3035.61
1219.27	3035.61
1220.87	3039.79
1222.48	3039.79
1224.08	3029.33
1225.68	3041.89
1227.28	3035.61
1228.88	3032.47
1230.48	3038.75
1232.08	3023.05
1233.68	3039.79
1235.28	3046.07
1236.88	3024.10
1238.48	3026.19
1240.08	3046.07
1241.68	3019.91
1243.28	3024.10
1244.87	3024.10
1246.47	3017.82
1248.07	3018.86
1249.67	3026.19
1251.27	3033.51
1252.87	3011.54
1254.46	2996.89
1256.06	3007.35
1257.66	3012.59
1259.26	3001.08
1260.85	3010.49
1262.45	3003.17
1264.05	3014.68
1265.64	3012.59
1267.24	3008.40
1268.83	3014.68
1270.43	3014.68
1272.03	3027.24
1273.62	3022.00
1275.22	2996.89
1276.81	3011.54
1278.41	3009.45
1280.00	3011.54
1281.60	3001.08
1283.19	3000.03
1284.79	3006.31
1286.38	3003.17
1287.97	3000.03
1289.57	2991.66
1291.16	3001.08
1292.75	2986.43
1294.35	2989.57
1295.94	2993.75
1297.53	2996.89
1299.12	2980.15
1300.72	2993.75
1302.31	2977.01
1303.90	2995.84
1305.49	2998.98
1307.08	2979.10
1308.68	2984.33
1310.27	2979.10
1311.86	2978.06
1313.45	2977.01
1315.04	2973.87
1316.63	2981.19
1318.22	2983.29
1319.81	2970.73
1321.40	2978.06
1322.99	2981.19
1324.58	2957.13
1326.17	2965.50
1327.75	2959.22
1329.34	2963.41
1330.93	2959.22
1332.52	2952.94
1334.11	2959.22
1335.70	2958.17
1337.28	2950.85
1338.87	2958.17
1340.46	2952.94
1342.05	2936.20
1343.63	2942.48
1345.22	2947.71
1346.81	2960.27
1348.39	2948.76
1349.98	2940.38
1351.56	2933.06
1353.15	2933.06
1354.73	2936.20
1356.32	2925.74
1357.90	2922.60
1359.49	2938.29
1361.07	2923.64
1362.66	2907.95
1364.24	2917.36
1365.82	2917.36
1367.41	2920.50
1368.99	2902.71
1370.57	2903.76
1372.16	2912.13
1373.74	2906.90
1375.32	2914.22
1376.91	2900.62
1378.49	2877.60
1380.07	2864.00
1381.65	2872.37
1383.23	2860.86
1384.81	2865.04
1386.39	2850.39
1387.97	2857.72
1389.55	2852.49
1391.14	2845.16
1392.72	2832.61
1394.29	2827.37
1395.87	2830.51
1397.45	2821.10
1399.03	2824.23
1400.61	2817.96
1402.19	2811.68
1403.77	2813.77
1405.35	2828.42
1406.92	2816.91
1408.50	2809.58
1410.08	2812.72
1411.66	2804.35
1413.23	2807.49
1414.81	2813.77
1416.39	2786.56
1417.96	2791.80
1419.54	2790.75
1421.12	2810.63
1422.69	2814.82
1424.27	2794.94
1425.84	2801.21
1427.42	2793.89
1428.99	2798.07
1430.57	2799.12
1432.14	2795.98
1433.71	2789.70
1435.29	2794.94
1436.86	2801.21
1438.43	2795.98
1440.01	2791.80
1441.58	2671.46
1443.15	2793.89
1444.72	2793.89
1446.30	2785.52
1447.87	2793.89
1449.44	2784.47
1451.01	2768.78
1452.58	2789.70
1454.15	2797.03
1455.72	2783.42
1457.29	2778.19
1458.86	2783.42
1460.43	2782.38
1462.00	2803.31
1463.57	2787.61
1465.14	2790.75
1466.71	2782.38
1468.28	2783.42
1469.85	2788.66
1471.41	2800.17
1472.98	2787.61
1474.55	2805.40
1476.12	2787.61
1477.68	2779.24
1479.25	2785.52
1480.82	2786.56
1482.38	2800.17
1483.95	2787.61
1485.51	2794.94
1487.08	2804.35
1488.64	2797.03
1490.21	2799.12
1491.77	2785.52
1493.34	2790.75
1494.90	2782.38
1496.46	2792.84
1498.03	2799.12
1499.59	2802.26
1501.15	2800.17
1502.72	2799.12
1504.28	2797.03
1505.84	2794.94
1507.40	2794.94
1508.97	2808.54
1510.53	2805.40
1512.09	2804.35
1513.65	2801.21
1515.21	2803.31
1516.77	2800.17
1518.33	2803.31
1519.89	2804.35
1521.45	2801.21
1523.01	2801.21
1524.57	2808.54
1526.13	2799.12
1527.68	2806.45
1529.24	2812.72
1530.80	2800.17
1532.36	2804.35
1533.92	2802.26
1535.47	2781.33
1537.03	2789.70
1538.59	2795.98
1540.14	2800.17
1541.70	2783.42
1543.25	2809.58
1544.81	2799.12
1546.36	2803.31
1547.92	2784.47
1549.47	2791.80
1551.03	2795.98
1552.58	2801.21
1554.13	2798.07
1555.69	2808.54
1557.24	2787.61
1558.79	2792.84
1560.35	2787.61
1561.90	2801.21
1563.45	2793.89
1565.00	2792.84
1566.55	2789.70
1568.10	2793.89
1569.66	2781.33
1571.21	2801.21
1572.76	2790.75
1574.31	2791.80
1575.86	2784.47
1577.40	2782.38
1578.95	2786.56
1580.50	2785.52
1582.05	2781.33
1583.60	2774.01
1585.15	2765.64
1586.69	2774.01
1588.24	2780.29
1589.79	2779.24
1591.34	2764.59
1592.88	2790.75
1594.43	2765.64
1595.97	2779.24
1597.52	2778.19
1599.06	2776.10
1600.61	2777.15
1602.15	2782.38
1603.70	2765.64
1605.24	2768.78
1606.79	2764.59
1608.33	2763.54
1609.87	2758.31
1611.41	2776.10
1612.96	2766.68
1614.50	2756.22
1616.04	2762.50
1617.58	2766.68
1619.12	2763.54
1620.67	2769.82
1622.21	2745.75
1623.75	2762.50
1625.29	2744.71
1626.83	2744.71
1628.37	2762.50
1629.90	2746.80
1631.44	2748.89
1632.98	2745.75
1634.52	2729.01
1636.06	2737.38
1637.59	2747.85
1639.13	2735.29
1640.67	2731.10
1642.21	2723.78
1643.74	2722.73
1645.28	2709.13
1646.81	2702.85
1648.35	2718.55
1649.88	2690.29
1651.42	2704.94
1652.95	2687.16
1654.49	2697.62
1656.02	2678.78
1657.55	2691.34
1659.09	2673.55
1660.62	2693.43
1662.15	2678.78
1663.68	2681.92
1665.22	2670.41
1666.75	2671.46
1668.28	2672.51
1669.81	2694.48
1671.34	2665.18
1672.87	2666.23
1674.40	2681.92
1675.93	2673.55
1677.46	2657.86
1678.99	2652.62
1680.52	2652.62
1682.04	2658.90
1683.57	2654.72
1685.10	2655.76
1686.63	2647.39
1688.15	2654.72
1689.68	2653.67
1691.21	2644.25
1692.73	2647.39
1694.26	2654.72
1695.78	2652.62
1697.31	2652.62
1698.83	2641.11
1700.36	2646.35
1701.88	2637.97
1703.40	2648.44
1704.93	2630.65
1706.45	2640.07
