896.35	2924.69
897.98	2928.87
899.60	2934.11
901.22	2958.17
902.85	2943.52
904.47	2960.27
906.10	2966.54
907.72	2965.50
909.34	2980.15
910.97	2992.70
912.59	3006.31
914.21	3028.28
915.84	3055.49
917.46	3085.83
919.08	3102.58
920.71	3115.13
922.33	3140.25
923.95	3147.57
925.58	3174.78
927.20	3159.08
928.82	3162.22
930.44	3180.01
932.07	3173.73
933.69	3169.55
935.31	3180.01
936.93	3191.52
938.56	3193.61
940.18	3199.89
941.80	3197.80
943.42	3217.68
945.05	3236.52
946.67	3209.31
948.29	3212.45
949.91	3209.31
951.53	3227.10
953.16	3227.10
954.78	3220.82
956.40	3210.36
958.02	3217.68
959.64	3217.68
961.26	3222.91
962.88	3228.14
964.51	3210.36
966.13	3229.19
967.75	3222.91
969.37	3212.45
970.99	3220.82
972.61	3216.63
974.23	3220.82
975.85	3219.77
977.47	3232.33
979.09	3221.87
980.71	3223.96
982.33	3229.19
983.95	3231.28
985.57	3238.61
987.19	3229.19
988.81	3238.61
990.43	3233.38
992.05	3233.38
993.67	3254.30
995.29	3245.93
996.91	3238.61
998.53	3268.95
1000.15	3264.77
1001.77	3281.51
1003.39	3271.05
1005.01	3270.00
1006.63	3270.00
1008.25	3278.37
1009.86	3283.60
1011.48	3280.46
1013.10	3287.79
1014.72	3294.07
1016.34	3300.35
1017.96	3313.95
1019.58	3298.25
1021.19	3302.44
1022.81	3303.49
1024.43	3312.90
1026.05	3311.86
1027.66	3323.37
1029.28	3316.04
1030.90	3321.27
1032.52	3312.90
1034.13	3321.27
1035.75	3331.74
1037.37	3331.74
1038.98	3336.97
1040.60	3334.88
1042.22	3326.51
1043.83	3332.78
1045.45	3346.39
1047.07	3343.25
1048.68	3344.30
1050.30	3334.88
1051.92	3351.62
1053.53	3342.20
1055.15	3345.34
1056.76	3341.16
1058.38	3342.20
1059.99	3349.53
1061.61	3334.88
1063.22	3328.60
1064.84	3339.06
1066.46	3335.92
1068.07	3335.92
1069.68	3340.11
1071.30	3344.30
1072.91	3333.83
1074.53	3329.65
1076.14	3330.69
1077.76	3325.46
1079.37	3326.51
1080.98	3307.67
1082.60	3323.37
1084.21	3325.46
1085.83	3320.23
1087.44	3323.37
1089.05	3302.44
1090.67	3304.53
1092.28	3305.58
1093.89	3319.18
1095.50	3318.14
1097.12	3318.14
1098.73	3324.41
1100.34	3298.25
1101.95	3317.09
1103.57	3311.86
1105.18	3309.76
1106.79	3302.44
1108.40	3309.76
1110.01	3307.67
1111.63	3319.18
1113.24	3319.18
1114.85	3317.09
1116.46	3318.14
1118.07	3323.37
1119.68	3299.30
1121.29	3316.04
1122.90	3304.53
1124.51	3311.86
1126.12	3318.14
1127.73	3322.32
1129.34	3323.37
1130.95	3319.18
1132.56	3324.41
1134.17	3299.30
1135.78	3315.00
1137.39	3317.09
1139.00	3309.76
1140.61	3319.18
1142.22	3319.18
1143.83	3307.67
1145.44	3305.58
1147.05	3316.04
1148.65	3313.95
1150.26	3305.58
1151.87	3299.30
1153.48	3311.86
1155.09	3319.18
1156.69	3308.72
1158.30	3311.86
1159.91	3311.86
1161.52	3316.04
1163.12	3307.67
1164.73	3301.39
1166.34	3318.14
1167.94	3317.09
1169.55	3323.37
1171.16	3324.41
1172.76	3320.23
1174.37	3315.00
1175.97	3327.55
1177.58	3318.14
1179.19	3326.51
1180.79	3306.62
1182.40	3309.76
1184.00	3310.81
1185.61	3329.65
1187.21	3320.23
1188.82	3317.09
1190.42	3322.32
1192.02	3316.04
1193.63	3308.72
1195.23	3321.27
1196.84	3310.81
1198.44	3320.23
1200.04	3327.55
1201.65	3323.37
1203.25	3311.86
1204.85	3321.27
1206.46	3305.58
1208.06	3311.86
1209.66	3305.58
1211.26	3311.86
1212.87	3322.32
1214.47	3301.39
1216.07	3304.53
1217.67	3310.81
1219.27	3304.53
1220.87	3299.30
1222.48	3298.25
1224.08	3293.02
1225.68	3301.39
1227.28	3297.21
1228.88	3288.84
1230.48	3293.02
1232.08	3279.42
1233.68	3291.98
1235.28	3306.62
1236.88	3287.79
1238.48	3275.23
1240.08	3301.39
1241.68	3267.91
1243.28	3275.23
1244.87	3271.05
1246.47	3263.72
1248.07	3256.40
1249.67	3260.58
1251.27	3266.86
1252.87	3264.77
1254.46	3259.54
1256.06	3246.98
1257.66	3244.89
1259.26	3242.79
1260.85	3248.03
1262.45	3239.66
1264.05	3243.84
1265.64	3242.79
1267.24	3243.84
1268.83	3238.61
1270.43	3237.56
1272.03	3255.35
1273.62	3241.75
1275.22	3231.28
1276.81	3226.05
1278.41	3225.01
1280.00	3235.47
1281.60	3232.33
1283.19	3225.01
1284.79	3230.24
1286.38	3222.91
1287.97	3229.19
1289.57	3215.59
1291.16	3222.91
1292.75	3206.17
1294.35	3213.50
1295.94	3215.59
1297.53	3221.87
1299.12	3193.61
1300.72	3221.87
1302.31	3189.43
1303.90	3219.77
1305.49	3216.63
1307.08	3200.94
1308.68	3195.71
1310.27	3198.85
1311.86	3198.85
1313.45	3190.47
1315.04	3187.34
1316.63	3188.38
1318.22	3189.43
1319.81	3181.06
1321.40	3175.82
1322.99	3177.92
1324.58	3163.27
1326.17	3172.69
1327.75	3160.13
1329.34	3163.27
1330.93	3158.04
1332.52	3147.57
1334.11	3148.62
1335.70	3152.80
1337.28	3142.34
1338.87	3143.39
1340.46	3144.43
1342.05	3142.34
1343.63	3137.11
1345.22	3128.74
1346.81	3132.92
1348.39	3129.78
1349.98	3123.50
1351.56	3117.23
1353.15	3107.81
1354.73	3106.76
1356.32	3091.07
1357.90	3088.97
1359.49	3100.48
1361.07	3087.93
1362.66	3075.37
1364.24	3071.18
1365.82	3078.51
1367.41	3080.60
1368.99	3055.49
1370.57	3058.63
1372.16	3063.86
1373.74	3067.00
1375.32	3064.91
1376.91	3047.12
1378.49	3012.59
1380.07	2989.57
1381.65	2984.33
1383.23	2978.06
1384.81	2975.96
1386.39	2967.59
1387.97	2972.82
1389.55	2957.13
1391.14	2945.62
1392.72	2930.97
1394.29	2933.06
1395.87	2924.69
1397.45	2913.18
1399.03	2907.95
1400.61	2903.76
1402.19	2898.53
1403.77	2888.06
1405.35	2906.90
1406.92	2884.93
1408.50	2889.11
1410.08	2884.93
1411.66	2876.55
1413.23	2882.83
1414.81	2878.65
1416.39	2869.23
1417.96	2877.60
1419.54	2870.28
1421.12	2871.32
1422.69	2873.42
1424.27	2858.77
1425.84	2860.86
1427.42	2849.35
1428.99	2855.63
1430.57	2856.67
1432.14	2851.44
1433.71	2850.39
1435.29	2865.04
1436.86	2859.81
1438.43	2857.72
1440.01	2849.35
1441.58	2725.87
1443.15	2855.63
1444.72	2851.44
1446.30	2848.30
1447.87	2856.67
1449.44	2848.30
1451.01	2836.79
1452.58	2855.63
1454.15	2856.67
1455.72	2846.21
1457.29	2848.30
1458.86	2851.44
1460.43	2840.98
1462.00	2858.77
1463.57	2848.30
1465.14	2854.58
1466.71	2843.07
1468.28	2847.26
1469.85	2846.21
1471.41	2849.35
1472.98	2843.07
1474.55	2860.86
1476.12	2840.98
1477.68	2846.21
1479.25	2847.26
1480.82	2839.93
1482.38	2850.39
1483.95	2837.84
1485.51	2851.44
1487.08	2858.77
1488.64	2854.58
1490.21	2855.63
1491.77	2848.30
1493.34	2864.00
1494.90	2853.53
1496.46	2853.53
1498.03	2860.86
1499.59	2867.14
1501.15	2870.28
1502.72	2870.28
1504.28	2866.09
1505.84	2869.23
1507.40	2865.04
1508.97	2881.79
1510.53	2874.46
1512.09	2877.60
1513.65	2875.51
1515.21	2873.42
1516.77	2859.81
1518.33	2874.46
1519.89	2864.00
1521.45	2870.28
1523.01	2871.32
1524.57	2887.02
1526.13	2881.79
1527.68	2880.74
1529.24	2876.55
1530.80	2878.65
1532.36	2879.69
1533.92	2875.51
1535.47	2873.42
1537.03	2878.65
1538.59	2876.55
1540.14	2869.23
1541.70	2866.09
1543.25	2882.83
1544.81	2878.65
1546.36	2890.16
1547.92	2865.04
1549.47	2884.93
1551.03	2880.74
1552.58	2869.23
1554.13	2873.42
1555.69	2879.69
1557.24	2872.37
1558.79	2872.37
1560.35	2865.04
1561.90	2861.90
1563.45	2866.09
1565.00	2868.18
1566.55	2864.00
1568.10	2864.00
1569.66	2857.72
1571.21	2870.28
1572.76	2864.00
1574.31	2864.00
1575.86	2852.49
1577.40	2849.35
1578.95	2851.44
1580.50	2851.44
1582.05	2840.98
1583.60	2851.44
1585.15	2835.74
1586.69	2848.30
1588.24	2849.35
1589.79	2857.72
1591.34	2838.88
1592.88	2859.81
1594.43	2839.93
1595.97	2847.26
1597.52	2845.16
1599.06	2847.26
1600.61	2842.02
1602.15	2857.72
1603.70	2848.30
1605.24	2847.26
1606.79	2847.26
1608.33	2827.37
1609.87	2826.33
1611.41	2844.12
1612.96	2831.56
1614.50	2824.23
1616.04	2822.14
1617.58	2835.74
1619.12	2834.70
1620.67	2844.12
1622.21	2813.77
1623.75	2828.42
1625.29	2810.63
1626.83	2819.00
1628.37	2831.56
1629.90	2806.45
1631.44	2806.45
1632.98	2801.21
1634.52	2792.84
1636.06	2787.61
1637.59	2797.03
1639.13	2777.15
1640.67	2775.05
1642.21	2769.82
1643.74	2763.54
1645.28	2749.94
1646.81	2734.24
1648.35	2742.62
1649.88	2724.83
1651.42	2734.24
1652.95	2712.27
1654.49	2726.92
1656.02	2710.18
1657.55	2710.18
1659.09	2695.53
1660.62	2707.04
1662.15	2699.71
1663.68	2704.94
1665.22	2690.29
1666.75	2688.20
1668.28	2688.20
1669.81	2697.62
1671.34	2690.29
1672.87	2692.39
1674.40	2693.43
1675.93	2684.02
1677.46	2665.18
1678.99	2663.09
1680.52	2661.00
1682.04	2679.83
1683.57	2668.32
1685.10	2677.74
1686.63	2668.32
1688.15	2666.23
1689.68	2663.09
1691.21	2653.67
1692.73	2663.09
1694.26	2670.41
1695.78	2661.00
1697.31	2663.09
1698.83	2652.62
1700.36	2659.95
1701.88	2653.67
1703.40	2667.27
1704.93	2646.35
1706.45	2649.49
