896.35	2960.27
897.98	2968.64
899.60	2972.82
901.22	2996.89
902.85	2988.52
904.47	2996.89
906.10	3008.40
907.72	3005.26
909.34	3022.00
910.97	3047.12
912.59	3060.72
914.21	3080.60
915.84	3092.11
917.46	3130.83
919.08	3155.94
920.71	3172.69
922.33	3193.61
923.95	3206.17
925.58	3231.28
927.20	3221.87
928.82	3229.19
930.44	3244.89
932.07	3240.70
933.69	3236.52
935.31	3258.49
936.93	3267.91
938.56	3264.77
940.18	3284.65
941.80	3277.33
943.42	3285.70
945.05	3295.11
946.67	3294.07
948.29	3289.88
949.91	3296.16
951.53	3303.49
953.16	3302.44
954.78	3298.25
956.40	3290.93
958.02	3294.07
959.64	3293.02
961.26	3296.16
962.88	3300.35
964.51	3293.02
966.13	3308.72
967.75	3304.53
969.37	3294.07
970.99	3299.30
972.61	3297.21
974.23	3295.11
975.85	3299.30
977.47	3306.62
979.09	3306.62
980.71	3294.07
982.33	3305.58
983.95	3303.49
985.57	3321.27
987.19	3316.04
988.81	3326.51
990.43	3307.67
992.05	3316.04
993.67	3336.97
995.29	3327.55
996.91	3319.18
998.53	3355.81
1000.15	3350.57
1001.77	3363.13
1003.39	3359.99
1005.01	3363.13
1006.63	3361.04
1008.25	3369.41
1009.86	3377.78
1011.48	3372.55
1013.10	3370.46
1014.72	3388.24
1016.34	3391.38
1017.96	3408.13
1019.58	3389.29
1021.19	3395.57
1022.81	3397.66
1024.43	3410.22
1026.05	3402.89
1027.66	3409.17
1029.28	3397.66
1030.90	3411.26
1032.52	3398.71
1034.13	3409.17
1035.75	3418.59
1037.37	3426.96
1038.98	3436.38
1040.60	3424.87
1042.22	3406.03
1043.83	3418.59
1045.45	3420.68
1047.07	3435.33
1048.68	3432.19
1050.30	3436.38
1051.92	3431.15
1053.53	3435.33
1055.15	3424.87
1056.76	3429.05
1058.38	3428.01
1059.99	3441.61
1061.61	3431.15
1063.22	3421.73
1064.84	3432.19
1066.46	3425.91
1068.07	3424.87
1069.68	3432.19
1071.30	3443.70
1072.91	3421.73
1074.53	3408.13
1076.14	3426.96
1077.76	3421.73
1079.37	3410.22
1080.98	3390.34
1082.60	3417.54
1084.21	3414.40
1085.83	3415.45
1087.44	3413.36
1089.05	3398.71
1090.67	3392.43
1092.28	3395.57
1093.89	3399.75
1095.50	3408.13
1097.12	3401.85
1098.73	3410.22
1100.34	3379.87
1101.95	3404.99
1103.57	3401.85
1105.18	3395.57
1106.79	3393.48
1108.40	3403.94
1110.01	3406.03
1111.63	3410.22
1113.24	3411.26
1114.85	3407.08
1116.46	3400.80
1118.07	3408.13
1119.68	3392.43
1121.29	3416.50
1122.90	3400.80
1124.51	3411.26
1126.12	3419.64
1127.73	3419.64
1129.34	3415.45
1130.95	3419.64
1132.56	3415.45
1134.17	3399.75
1135.78	3407.08
1137.39	3414.40
1139.00	3397.66
1140.61	3402.89
1142.22	3404.99
1143.83	3411.26
1145.44	3416.50
1147.05	3414.40
1148.65	3402.89
1150.26	3403.94
1151.87	3409.17
1153.48	3422.78
1155.09	3420.68
1156.69	3424.87
1158.30	3408.13
1159.91	3412.31
1161.52	3417.54
1163.12	3422.78
1164.73	3418.59
1166.34	3426.96
1167.94	3415.45
1169.55	3428.01
1171.16	3424.87
1172.76	3431.15
1174.37	3423.82
1175.97	3435.33
1177.58	3409.17
1179.19	3426.96
1180.79	3423.82
1182.40	3437.42
1184.00	3420.68
1185.61	3428.01
1187.21	3423.82
1188.82	3424.87
1190.42	3418.59
1192.02	3418.59
1193.63	3406.03
1195.23	3428.01
1196.84	3423.82
1198.44	3425.91
1200.04	3429.05
1201.65	3420.68
1203.25	3419.64
1204.85	3425.91
1206.46	3403.94
1208.06	3420.68
1209.66	3406.03
1211.26	3411.26
1212.87	3425.91
1214.47	3408.13
1216.07	3403.94
1217.67	3412.31
1219.27	3397.66
1220.87	3412.31
1222.48	3411.26
1224.08	3401.85
1225.68	3395.57
1227.28	3409.17
1228.88	3388.24
1230.48	3404.99
1232.08	3387.20
1233.68	3412.31
1235.28	3399.75
1236.88	3387.20
1238.48	3379.87
1240.08	3408.13
1241.68	3370.46
1243.28	3374.64
1244.87	3369.41
1246.47	3365.22
1248.07	3359.99
1249.67	3365.22
1251.27	3373.59
1252.87	3365.22
1254.46	3346.39
1256.06	3349.53
1257.66	3353.71
1259.26	3355.81
1260.85	3343.25
1262.45	3345.34
1264.05	3346.39
1265.64	3340.11
1267.24	3332.78
1268.83	3338.02
1270.43	3331.74
1272.03	3357.90
1273.62	3345.34
1275.22	3328.60
1276.81	3333.83
1278.41	3332.78
1280.00	3330.69
1281.60	3328.60
1283.19	3312.90
1284.79	3320.23
1286.38	3303.49
1287.97	3330.69
1289.57	3316.04
1291.16	3312.90
1292.75	3301.39
1294.35	3311.86
1295.94	3307.67
1297.53	3318.14
1299.12	3308.72
1300.72	3321.27
1302.31	3289.88
1303.90	3320.23
1305.49	3312.90
1307.08	3303.49
1308.68	3290.93
1310.27	3294.07
1311.86	3296.16
1313.45	3293.02
1315.04	3298.25
1316.63	3294.07
1318.22	3277.33
1319.81	3281.51
1321.40	3283.60
1322.99	3296.16
1324.58	3265.82
1326.17	3278.37
1327.75	3260.58
1329.34	3271.05
1330.93	3258.49
1332.52	3265.82
1334.11	3243.84
1335.70	3251.17
1337.28	3250.12
1338.87	3256.40
1340.46	3243.84
1342.05	3239.66
1343.63	3232.33
1345.22	3231.28
1346.81	3241.75
1348.39	3237.56
1349.98	3225.01
1351.56	3219.77
1353.15	3215.59
1354.73	3215.59
1356.32	3194.66
1357.90	3189.43
1359.49	3196.75
1361.07	3183.15
1362.66	3166.41
1364.24	3181.06
1365.82	3180.01
1367.41	3188.38
1368.99	3160.13
1370.57	3152.80
1372.16	3158.04
1373.74	3165.36
1375.32	3164.31
1376.91	3146.53
1378.49	3115.13
1380.07	3091.07
1381.65	3094.21
1383.23	3077.46
1384.81	3076.42
1386.39	3064.91
1387.97	3064.91
1389.55	3072.23
1391.14	3069.09
1392.72	3047.12
1394.29	3037.70
1395.87	3038.75
1397.45	3030.38
1399.03	3034.56
1400.61	3020.96
1402.19	3022.00
1403.77	3009.45
1405.35	3031.42
1406.92	3012.59
1408.50	3014.68
1410.08	3012.59
1411.66	3013.63
1413.23	3002.12
1414.81	3008.40
1416.39	2989.57
1417.96	3003.17
1419.54	2990.61
1421.12	3002.12
1422.69	3016.77
1424.27	2995.84
1425.84	2995.84
1427.42	2995.84
1428.99	2986.43
1430.57	2986.43
1432.14	2983.29
1433.71	2988.52
1435.29	3001.08
1436.86	2992.70
1438.43	2986.43
1440.01	2975.96
1441.58	2855.63
1443.15	2980.15
1444.72	2982.24
1446.30	2980.15
1447.87	2982.24
1449.44	2978.06
1451.01	2959.22
1452.58	2983.29
1454.15	2971.78
1455.72	2961.31
1457.29	2958.17
1458.86	2974.92
1460.43	2959.22
1462.00	2983.29
1463.57	2964.45
1465.14	2967.59
1466.71	2961.31
1468.28	2963.41
1469.85	2957.13
1471.41	2970.73
1472.98	2952.94
1474.55	2968.64
1476.12	2949.80
1477.68	2959.22
1479.25	2968.64
1480.82	2963.41
1482.38	2961.31
1483.95	2952.94
1485.51	2962.36
1487.08	2969.68
1488.64	2957.13
1490.21	2968.64
1491.77	2956.08
1493.34	2973.87
1494.90	2956.08
1496.46	2962.36
1498.03	2964.45
1499.59	2968.64
1501.15	2955.03
1502.72	2958.17
1504.28	2953.99
1505.84	2957.13
1507.40	2948.76
1508.97	2964.45
1510.53	2952.94
1512.09	2975.96
1513.65	2979.10
1515.21	2970.73
1516.77	2959.22
1518.33	2972.82
1519.89	2962.36
1521.45	2970.73
1523.01	2978.06
1524.57	2974.92
1526.13	2957.13
1527.68	2965.50
1529.24	2979.10
1530.80	2974.92
1532.36	2980.15
1533.92	2968.64
1535.47	2950.85
1537.03	2959.22
1538.59	2962.36
1540.14	2963.41
1541.70	2945.62
1543.25	2962.36
1544.81	2958.17
1546.36	2958.17
1547.92	2938.29
1549.47	2952.94
1551.03	2958.17
1552.58	2946.66
1554.13	2943.52
1555.69	2952.94
1557.24	2939.34
1558.79	2936.20
1560.35	2936.20
1561.90	2955.03
1563.45	2935.15
1565.00	2942.48
1566.55	2939.34
1568.10	2935.15
1569.66	2928.87
1571.21	2948.76
1572.76	2937.25
1574.31	2938.29
1575.86	2934.11
1577.40	2923.64
1578.95	2922.60
1580.50	2918.41
1582.05	2901.67
1583.60	2910.04
1585.15	2901.67
1586.69	2908.99
1588.24	2918.41
1589.79	2920.50
1591.34	2898.53
1592.88	2919.46
1594.43	2898.53
1595.97	2914.22
1597.52	2913.18
1599.06	2915.27
1600.61	2904.81
1602.15	2918.41
1603.70	2898.53
1605.24	2900.62
1606.79	2899.58
1608.33	2891.20
1609.87	2889.11
1611.41	2899.58
1612.96	2899.58
1614.50	2877.60
1616.04	2884.93
1617.58	2893.30
1619.12	2887.02
1620.67	2887.02
1622.21	2852.49
1623.75	2881.79
1625.29	2862.95
1626.83	2864.00
1628.37	2880.74
1629.90	2859.81
1631.44	2856.67
1632.98	2857.72
1634.52	2830.51
1636.06	2834.70
1637.59	2844.12
1639.13	2821.10
1640.67	2815.86
1642.21	2805.40
1643.74	2792.84
1645.28	2776.10
1646.81	2760.40
1648.35	2767.73
1649.88	2737.38
1651.42	2745.75
1652.95	2733.20
1654.49	2752.03
1656.02	2732.15
1657.55	2725.87
1659.09	2700.76
1660.62	2721.69
1662.15	2707.04
1663.68	2711.22
1665.22	2701.81
1666.75	2709.13
1668.28	2697.62
1669.81	2714.36
1671.34	2699.71
1672.87	2707.04
1674.40	2707.04
1675.93	2699.71
1677.46	2684.02
1678.99	2677.74
1680.52	2680.88
1682.04	2689.25
1683.57	2682.97
1685.10	2682.97
1686.63	2684.02
1688.15	2678.78
1689.68	2664.13
1691.21	2667.27
1692.73	2664.13
1694.26	2675.65
1695.78	2667.27
1697.31	2672.51
1698.83	2663.09
1700.36	2665.18
1701.88	2651.58
1703.40	2668.32
1704.93	2650.53
1706.45	2662.04
