896.35	2967.59
897.98	2969.68
899.60	2974.92
901.22	3000.03
902.85	2983.29
904.47	2994.80
906.10	3003.17
907.72	3013.63
909.34	3030.38
910.97	3038.75
912.59	3050.26
914.21	3077.46
915.84	3110.95
917.46	3139.20
919.08	3159.08
920.71	3176.87
922.33	3204.08
923.95	3206.17
925.58	3230.24
927.20	3218.73
928.82	3229.19
930.44	3257.44
932.07	3248.03
933.69	3237.56
935.31	3248.03
936.93	3265.82
938.56	3262.68
940.18	3274.19
941.80	3270.00
943.42	3290.93
945.05	3305.58
946.67	3291.98
948.29	3286.74
949.91	3282.56
951.53	3304.53
953.16	3313.95
954.78	3304.53
956.40	3286.74
958.02	3294.07
959.64	3304.53
961.26	3291.98
962.88	3297.21
964.51	3277.33
966.13	3309.76
967.75	3310.81
969.37	3299.30
970.99	3288.84
972.61	3294.07
974.23	3294.07
975.85	3297.21
977.47	3303.49
979.09	3307.67
980.71	3301.39
982.33	3305.58
983.95	3309.76
985.57	3327.55
987.19	3319.18
988.81	3322.32
990.43	3312.90
992.05	3320.23
993.67	3333.83
995.29	3330.69
996.91	3311.86
998.53	3345.34
1000.15	3344.30
1001.77	3349.53
1003.39	3355.81
1005.01	3361.04
1006.63	3352.67
1008.25	3361.04
1009.86	3371.50
1011.48	3367.32
1013.10	3367.32
1014.72	3376.73
1016.34	3387.20
1017.96	3398.71
1019.58	3383.01
1021.19	3390.34
1022.81	3397.66
1024.43	3407.08
1026.05	3403.94
1027.66	3411.26
1029.28	3407.08
1030.90	3408.13
1032.52	3392.43
1034.13	3414.40
1035.75	3426.96
1037.37	3423.82
1038.98	3436.38
1040.60	3421.73
1042.22	3414.40
1043.83	3423.82
1045.45	3424.87
1047.07	3424.87
1048.68	3433.24
1050.30	3429.05
1051.92	3437.42
1053.53	3419.64
1055.15	3417.54
1056.76	3421.73
1058.38	3429.05
1059.99	3436.38
1061.61	3424.87
1063.22	3425.91
1064.84	3424.87
1066.46	3422.78
1068.07	3418.59
1069.68	3429.05
1071.30	3431.15
1072.91	3423.82
1074.53	3419.64
1076.14	3435.33
1077.76	3406.03
1079.37	3414.40
1080.98	3383.01
1082.60	3407.08
1084.21	3411.26
1085.83	3414.40
1087.44	3414.40
1089.05	3398.71
1090.67	3392.43
1092.28	3395.57
1093.89	3411.26
1095.50	3409.17
1097.12	3400.80
1098.73	3404.99
1100.34	3389.29
1101.95	3402.89
1103.57	3396.62
1105.18	3379.87
1106.79	3378.83
1108.40	3400.80
1110.01	3390.34
1111.63	3397.66
1113.24	3403.94
1114.85	3414.40
1116.46	3407.08
1118.07	3403.94
1119.68	3389.29
1121.29	3407.08
1122.90	3396.62
1124.51	3400.80
1126.12	3408.13
1127.73	3410.22
1129.34	3401.85
1130.95	3408.13
1132.56	3414.40
1134.17	3392.43
1135.78	3395.57
1137.39	3401.85
1139.00	3392.43
1140.61	3406.03
1142.22	3409.17
1143.83	3404.99
1145.44	3397.66
1147.05	3398.71
1148.65	3403.94
1150.26	3396.62
1151.87	3391.38
1153.48	3401.85
1155.09	3415.45
1156.69	3413.36
1158.30	3395.57
1159.91	3404.99
1161.52	3408.13
1163.12	3408.13
1164.73	3396.62
1166.34	3407.08
1167.94	3407.08
1169.55	3421.73
1171.16	3410.22
1172.76	3410.22
1174.37	3403.94
1175.97	3418.59
1177.58	3397.66
1179.19	3417.54
1180.79	3404.99
1182.40	3407.08
1184.00	3406.03
1185.61	3425.91
1187.21	3403.94
1188.82	3401.85
1190.42	3414.40
1192.02	3404.99
1193.63	3389.29
1195.23	3408.13
1196.84	3404.99
1198.44	3413.36
1200.04	3416.50
1201.65	3408.13
1203.25	3415.45
1204.85	3415.45
1206.46	3381.97
1208.06	3396.62
1209.66	3402.89
1211.26	3397.66
1212.87	3414.40
1214.47	3397.66
1216.07	3394.52
1217.67	3396.62
1219.27	3394.52
1220.87	3394.52
1222.48	3393.48
1224.08	3386.15
1225.68	3390.34
1227.28	3395.57
1228.88	3377.78
1230.48	3384.06
1232.08	3376.73
1233.68	3386.15
1235.28	3392.43
1236.88	3370.46
1238.48	3358.94
1240.08	3386.15
1241.68	3354.76
1243.28	3369.41
1244.87	3366.27
1246.47	3354.76
1248.07	3339.06
1249.67	3349.53
1251.27	3357.90
1252.87	3346.39
1254.46	3338.02
1256.06	3334.88
1257.66	3328.60
1259.26	3331.74
1260.85	3335.92
1262.45	3332.78
1264.05	3328.60
1265.64	3321.27
1267.24	3320.23
1268.83	3327.55
1270.43	3324.41
1272.03	3344.30
1273.62	3322.32
1275.22	3312.90
1276.81	3316.04
1278.41	3313.95
1280.00	3315.00
1281.60	3310.81
1283.19	3299.30
1284.79	3305.58
1286.38	3295.11
1287.97	3313.95
1289.57	3313.95
1291.16	3305.58
1292.75	3287.79
1294.35	3298.25
1295.94	3296.16
1297.53	3303.49
1299.12	3288.84
1300.72	3295.11
1302.31	3265.82
1303.90	3295.11
1305.49	3299.30
1307.08	3279.42
1308.68	3265.82
1310.27	3268.95
1311.86	3263.72
1313.45	3267.91
1315.04	3264.77
1316.63	3261.63
1318.22	3262.68
1319.81	3256.40
1321.40	3261.63
1322.99	3268.95
1324.58	3234.42
1326.17	3246.98
1327.75	3242.79
1329.34	3240.70
1330.93	3232.33
1332.52	3229.19
1334.11	3230.24
1335.70	3230.24
1337.28	3219.77
1338.87	3225.01
1340.46	3219.77
1342.05	3215.59
1343.63	3203.03
1345.22	3205.12
1346.81	3211.40
1348.39	3207.22
1349.98	3203.03
1351.56	3205.12
1353.15	3191.52
1354.73	3187.34
1356.32	3169.55
1357.90	3169.55
1359.49	3171.64
1361.07	3161.18
1362.66	3143.39
1364.24	3156.99
1365.82	3161.18
1367.41	3158.04
1368.99	3130.83
1370.57	3121.41
1372.16	3136.06
1373.74	3133.97
1375.32	3126.64
1376.91	3116.18
1378.49	3091.07
1380.07	3072.23
1381.65	3070.14
1383.23	3052.35
1384.81	3031.42
1386.39	3030.38
1387.97	3039.79
1389.55	3035.61
1391.14	3019.91
1392.72	3006.31
1394.29	3010.49
1395.87	3000.03
1397.45	2990.61
1399.03	2985.38
1400.61	2974.92
1402.19	2962.36
1403.77	2951.90
1405.35	2969.68
1406.92	2957.13
1408.50	2953.99
1410.08	2953.99
1411.66	2944.57
1413.23	2945.62
1414.81	2944.57
1416.39	2924.69
1417.96	2942.48
1419.54	2926.78
1421.12	2933.06
1422.69	2936.20
1424.27	2927.83
1425.84	2926.78
1427.42	2928.87
1428.99	2922.60
1430.57	2933.06
1432.14	2915.27
1433.71	2918.41
1435.29	2921.55
1436.86	2913.18
1438.43	2914.22
1440.01	2920.50
1441.58	2799.12
1443.15	2917.36
1444.72	2917.36
1446.30	2911.09
1447.87	2918.41
1449.44	2906.90
1451.01	2897.48
1452.58	2920.50
1454.15	2916.32
1455.72	2907.95
1457.29	2906.90
1458.86	2916.32
1460.43	2890.16
1462.00	2921.55
1463.57	2912.13
1465.14	2924.69
1466.71	2904.81
1468.28	2910.04
1469.85	2910.04
1471.41	2908.99
1472.98	2903.76
1474.55	2913.18
1476.12	2899.58
1477.68	2902.71
1479.25	2903.76
1480.82	2901.67
1482.38	2912.13
1483.95	2901.67
1485.51	2912.13
1487.08	2928.87
1488.64	2912.13
1490.21	2919.46
1491.77	2906.90
1493.34	2928.87
1494.90	2912.13
1496.46	2919.46
1498.03	2914.22
1499.59	2919.46
1501.15	2916.32
1502.72	2919.46
1504.28	2919.46
1505.84	2921.55
1507.40	2918.41
1508.97	2922.60
1510.53	2922.60
1512.09	2929.92
1513.65	2933.06
1515.21	2930.97
1516.77	2913.18
1518.33	2935.15
1519.89	2927.83
1521.45	2932.01
1523.01	2929.92
1524.57	2928.87
1526.13	2917.36
1527.68	2932.01
1529.24	2933.06
1530.80	2939.34
1532.36	2945.62
1533.92	2935.15
1535.47	2919.46
1537.03	2916.32
1538.59	2922.60
1540.14	2922.60
1541.70	2919.46
1543.25	2939.34
1544.81	2926.78
1546.36	2926.78
1547.92	2912.13
1549.47	2920.50
1551.03	2920.50
1552.58	2914.22
1554.13	2914.22
1555.69	2919.46
1557.24	2915.27
1558.79	2919.46
1560.35	2914.22
1561.90	2915.27
1563.45	2905.85
1565.00	2916.32
1566.55	2910.04
1568.10	2910.04
1569.66	2902.71
1571.21	2920.50
1572.76	2917.36
1574.31	2917.36
1575.86	2902.71
1577.40	2892.25
1578.95	2900.62
1580.50	2900.62
1582.05	2891.20
1583.60	2893.30
1585.15	2883.88
1586.69	2889.11
1588.24	2897.48
1589.79	2897.48
1591.34	2868.18
1592.88	2901.67
1594.43	2880.74
1595.97	2887.02
1597.52	2878.65
1599.06	2880.74
1600.61	2874.46
1602.15	2894.34
1603.70	2873.42
1605.24	2876.55
1606.79	2877.60
1608.33	2869.23
1609.87	2871.32
1611.41	2877.60
1612.96	2873.42
1614.50	2854.58
1616.04	2859.81
1617.58	2869.23
1619.12	2859.81
1620.67	2868.18
1622.21	2842.02
1623.75	2860.86
1625.29	2845.16
1626.83	2847.26
1628.37	2862.95
1629.90	2846.21
1631.44	2843.07
1632.98	2843.07
1634.52	2817.96
1636.06	2820.05
1637.59	2820.05
1639.13	2801.21
1640.67	2804.35
1642.21	2793.89
1643.74	2787.61
1645.28	2765.64
1646.81	2757.26
1648.35	2767.73
1649.88	2739.48
1651.42	2736.34
1652.95	2717.50
1654.49	2743.66
1656.02	2724.83
1657.55	2727.97
1659.09	2699.71
1660.62	2720.64
1662.15	2707.04
1663.68	2722.73
1665.22	2703.90
1666.75	2701.81
1668.28	2699.71
1669.81	2708.08
1671.34	2681.92
1672.87	2694.48
1674.40	2701.81
1675.93	2690.29
1677.46	2676.69
1678.99	2678.78
1680.52	2675.65
1682.04	2694.48
1683.57	2669.37
1685.10	2675.65
1686.63	2676.69
1688.15	2680.88
1689.68	2666.23
1691.21	2668.32
1692.73	2670.41
1694.26	2680.88
1695.78	2671.46
1697.31	2673.55
1698.83	2651.58
1700.36	2670.41
1701.88	2658.90
1703.40	2669.37
1704.93	2661.00
1706.45	2662.04
