896.35	3013.63
897.98	3024.10
899.60	3020.96
901.22	3051.30
902.85	3037.70
904.47	3054.44
906.10	3063.86
907.72	3073.28
909.34	3094.21
910.97	3107.81
912.59	3119.32
914.21	3148.62
915.84	3169.55
917.46	3222.91
919.08	3242.79
920.71	3265.82
922.33	3289.88
923.95	3303.49
925.58	3319.18
927.20	3322.32
928.82	3329.65
930.44	3358.94
932.07	3336.97
933.69	3332.78
935.31	3353.71
936.93	3369.41
938.56	3367.32
940.18	3380.92
941.80	3370.46
943.42	3395.57
945.05	3395.57
946.67	3387.20
948.29	3389.29
949.91	3395.57
951.53	3402.89
953.16	3412.31
954.78	3407.08
956.40	3396.62
958.02	3392.43
959.64	3406.03
961.26	3398.71
962.88	3408.13
964.51	3389.29
966.13	3412.31
967.75	3406.03
969.37	3395.57
970.99	3394.52
972.61	3404.99
974.23	3398.71
975.85	3400.80
977.47	3400.80
979.09	3401.85
980.71	3402.89
982.33	3416.50
983.95	3416.50
985.57	3435.33
987.19	3411.26
988.81	3424.87
990.43	3415.45
992.05	3430.10
993.67	3441.61
995.29	3446.84
996.91	3419.64
998.53	3460.45
1000.15	3459.40
1001.77	3460.45
1003.39	3460.45
1005.01	3464.63
1006.63	3468.82
1008.25	3481.37
1009.86	3488.70
1011.48	3490.79
1013.10	3482.42
1014.72	3499.16
1016.34	3492.88
1017.96	3522.18
1019.58	3499.16
1021.19	3510.67
1022.81	3511.72
1024.43	3533.69
1026.05	3518.00
1027.66	3534.74
1029.28	3529.51
1030.90	3529.51
1032.52	3512.77
1034.13	3538.93
1035.75	3552.53
1037.37	3549.39
1038.98	3554.62
1040.60	3547.30
1042.22	3530.55
1043.83	3555.67
1045.45	3545.20
1047.07	3554.62
1048.68	3556.71
1050.30	3550.44
1051.92	3548.34
1053.53	3548.34
1055.15	3549.39
1056.76	3555.67
1058.38	3553.58
1059.99	3573.46
1061.61	3547.30
1063.22	3547.30
1064.84	3547.30
1066.46	3551.48
1068.07	3537.88
1069.68	3548.34
1071.30	3557.76
1072.91	3544.16
1074.53	3532.65
1076.14	3558.81
1077.76	3535.79
1079.37	3545.20
1080.98	3509.63
1082.60	3530.55
1084.21	3530.55
1085.83	3537.88
1087.44	3532.65
1089.05	3524.28
1090.67	3512.77
1092.28	3520.09
1093.89	3525.32
1095.50	3535.79
1097.12	3525.32
1098.73	3526.37
1100.34	3500.21
1101.95	3525.32
1103.57	3516.95
1105.18	3512.77
1106.79	3504.39
1108.40	3519.04
1110.01	3518.00
1111.63	3523.23
1113.24	3516.95
1114.85	3522.18
1116.46	3509.63
1118.07	3531.60
1119.68	3516.95
1121.29	3538.93
1122.90	3513.81
1124.51	3526.37
1126.12	3527.42
1127.73	3538.93
1129.34	3538.93
1130.95	3539.97
1132.56	3533.69
1134.17	3518.00
1135.78	3531.60
1137.39	3542.06
1139.00	3513.81
1140.61	3531.60
1142.22	3539.97
1143.83	3533.69
1145.44	3530.55
1147.05	3535.79
1148.65	3537.88
1150.26	3531.60
1151.87	3523.23
1153.48	3533.69
1155.09	3545.20
1156.69	3546.25
1158.30	3527.42
1159.91	3536.83
1161.52	3529.51
1163.12	3539.97
1164.73	3528.46
1166.34	3549.39
1167.94	3535.79
1169.55	3545.20
1171.16	3547.30
1172.76	3555.67
1174.37	3546.25
1175.97	3553.58
1177.58	3524.28
1179.19	3544.16
1180.79	3533.69
1182.40	3543.11
1184.00	3533.69
1185.61	3552.53
1187.21	3545.20
1188.82	3541.02
1190.42	3538.93
1192.02	3543.11
1193.63	3524.28
1195.23	3546.25
1196.84	3531.60
1198.44	3543.11
1200.04	3547.30
1201.65	3552.53
1203.25	3545.20
1204.85	3551.48
1206.46	3528.46
1208.06	3541.02
1209.66	3526.37
1211.26	3531.60
1212.87	3544.16
1214.47	3532.65
1216.07	3529.51
1217.67	3535.79
1219.27	3523.23
1220.87	3528.46
1222.48	3514.86
1224.08	3520.09
1225.68	3516.95
1227.28	3516.95
1228.88	3504.39
1230.48	3521.14
1232.08	3491.84
1233.68	3516.95
1235.28	3510.67
1236.88	3500.21
1238.48	3492.88
1240.08	3519.04
1241.68	3471.96
1243.28	3485.56
1244.87	3475.10
1246.47	3481.37
1248.07	3466.72
1249.67	3471.96
1251.27	3480.33
1252.87	3464.63
1254.46	3452.07
1256.06	3459.40
1257.66	3460.45
1259.26	3456.26
1260.85	3439.52
1262.45	3439.52
1264.05	3444.75
1265.64	3443.70
1267.24	3443.70
1268.83	3445.80
1270.43	3443.70
1272.03	3470.91
1273.62	3451.03
1275.22	3435.33
1276.81	3445.80
1278.41	3438.47
1280.00	3431.15
1281.60	3426.96
1283.19	3423.82
1284.79	3437.42
1286.38	3428.01
1287.97	3435.33
1289.57	3413.36
1291.16	3412.31
1292.75	3403.94
1294.35	3421.73
1295.94	3404.99
1297.53	3417.54
1299.12	3400.80
1300.72	3424.87
1302.31	3381.97
1303.90	3412.31
1305.49	3402.89
1307.08	3389.29
1308.68	3380.92
1310.27	3390.34
1311.86	3389.29
1313.45	3383.01
1315.04	3370.46
1316.63	3380.92
1318.22	3373.59
1319.81	3377.78
1321.40	3375.69
1322.99	3384.06
1324.58	3361.04
1326.17	3366.27
1327.75	3353.71
1329.34	3365.22
1330.93	3349.53
1332.52	3341.16
1334.11	3334.88
1335.70	3343.25
1337.28	3316.04
1338.87	3328.60
1340.46	3328.60
1342.05	3325.46
1343.63	3312.90
1345.22	3319.18
1346.81	3328.60
1348.39	3318.14
1349.98	3318.14
1351.56	3302.44
1353.15	3289.88
1354.73	3294.07
1356.32	3282.56
1357.90	3275.23
1359.49	3268.95
1361.07	3251.17
1362.66	3243.84
1364.24	3248.03
1365.82	3244.89
1367.41	3256.40
1368.99	3228.14
1370.57	3231.28
1372.16	3226.05
1373.74	3229.19
1375.32	3214.54
1376.91	3200.94
1378.49	3170.59
1380.07	3144.43
1381.65	3140.25
1383.23	3129.78
1384.81	3125.60
1386.39	3122.46
1387.97	3118.27
1389.55	3116.18
1391.14	3104.67
1392.72	3090.02
1394.29	3084.79
1395.87	3067.00
1397.45	3063.86
1399.03	3079.56
1400.61	3062.81
1402.19	3056.54
1403.77	3038.75
1405.35	3054.44
1406.92	3039.79
1408.50	3034.56
1410.08	3036.65
1411.66	3025.14
1413.23	3020.96
1414.81	3036.65
1416.39	3015.73
1417.96	3031.42
1419.54	3009.45
1421.12	3019.91
1422.69	3019.91
1424.27	3010.49
1425.84	3018.86
1427.42	3009.45
1428.99	3007.35
1430.57	3004.22
1432.14	3001.08
1433.71	3005.26
1435.29	3003.17
1436.86	3003.17
1438.43	3005.26
1440.01	3007.35
1441.58	2868.18
1443.15	2996.89
1444.72	3000.03
1446.30	2987.47
1447.87	2997.94
1449.44	2985.38
1451.01	2977.01
1452.58	2994.80
1454.15	2993.75
1455.72	2981.19
1457.29	2985.38
1458.86	2989.57
1460.43	2977.01
1462.00	2995.84
1463.57	2982.24
1465.14	2984.33
1466.71	2972.82
1468.28	2983.29
1469.85	2984.33
1471.41	2992.70
1472.98	2981.19
1474.55	2991.66
1476.12	2960.27
1477.68	2977.01
1479.25	2986.43
1480.82	2986.43
1482.38	2980.15
1483.95	2973.87
1485.51	2984.33
1487.08	2995.84
1488.64	2989.57
1490.21	2987.47
1491.77	2968.64
1493.34	2994.80
1494.90	2985.38
1496.46	2989.57
1498.03	2993.75
1499.59	2982.24
1501.15	2981.19
1502.72	2983.29
1504.28	2984.33
1505.84	2984.33
1507.40	2984.33
1508.97	3006.31
1510.53	2993.75
1512.09	3001.08
1513.65	3000.03
1515.21	2996.89
1516.77	2977.01
1518.33	2993.75
1519.89	2996.89
1521.45	2995.84
1523.01	2996.89
1524.57	3001.08
1526.13	2989.57
1527.68	2998.98
1529.24	3001.08
1530.80	2996.89
1532.36	3002.12
1533.92	2997.94
1535.47	2977.01
1537.03	2988.52
1538.59	2993.75
1540.14	2987.47
1541.70	2984.33
1543.25	3009.45
1544.81	2995.84
1546.36	3000.03
1547.92	2977.01
1549.47	2993.75
1551.03	2993.75
1552.58	2982.24
1554.13	2980.15
1555.69	2984.33
1557.24	2971.78
1558.79	2974.92
1560.35	2968.64
1561.90	2974.92
1563.45	2966.54
1565.00	2971.78
1566.55	2961.31
1568.10	2965.50
1569.66	2963.41
1571.21	2981.19
1572.76	2973.87
1574.31	2970.73
1575.86	2965.50
1577.40	2956.08
1578.95	2956.08
1580.50	2958.17
1582.05	2952.94
1583.60	2948.76
1585.15	2935.15
1586.69	2939.34
1588.24	2939.34
1589.79	2947.71
1591.34	2928.87
1592.88	2951.90
1594.43	2926.78
1595.97	2945.62
1597.52	2936.20
1599.06	2932.01
1600.61	2928.87
1602.15	2945.62
1603.70	2924.69
1605.24	2937.25
1606.79	2934.11
1608.33	2920.50
1609.87	2914.22
1611.41	2928.87
1612.96	2924.69
1614.50	2914.22
1616.04	2913.18
1617.58	2923.64
1619.12	2911.09
1620.67	2919.46
1622.21	2890.16
1623.75	2907.95
1625.29	2888.06
1626.83	2899.58
1628.37	2910.04
1629.90	2882.83
1631.44	2875.51
1632.98	2882.83
1634.52	2852.49
1636.06	2865.04
1637.59	2862.95
1639.13	2846.21
1640.67	2834.70
1642.21	2823.19
1643.74	2817.96
1645.28	2793.89
1646.81	2778.19
1648.35	2783.42
1649.88	2752.03
1651.42	2760.40
1652.95	2743.66
1654.49	2766.68
1656.02	2739.48
1657.55	2740.52
1659.09	2717.50
1660.62	2734.24
1662.15	2723.78
1663.68	2726.92
1665.22	2710.18
1666.75	2707.04
1668.28	2701.81
1669.81	2723.78
1671.34	2700.76
1672.87	2705.99
1674.40	2704.94
1675.93	2697.62
1677.46	2690.29
1678.99	2689.25
1680.52	2680.88
1682.04	2690.29
1683.57	2680.88
1685.10	2687.16
1686.63	2684.02
1688.15	2689.25
1689.68	2677.74
1691.21	2670.41
1692.73	2676.69
1694.26	2686.11
1695.78	2671.46
1697.31	2675.65
1698.83	2663.09
1700.36	2677.74
1701.88	2670.41
1703.40	2677.74
1704.93	2667.27
1706.45	2668.32
