896.35	2957.13
897.98	2961.31
899.60	2970.73
901.22	2992.70
902.85	2986.43
904.47	3005.26
906.10	3005.26
907.72	3012.59
909.34	3012.59
910.97	3037.70
912.59	3053.40
914.21	3078.51
915.84	3093.16
917.46	3133.97
919.08	3153.85
920.71	3171.64
922.33	3198.85
923.95	3204.08
925.58	3227.10
927.20	3218.73
928.82	3226.05
930.44	3255.35
932.07	3246.98
933.69	3230.24
935.31	3237.56
936.93	3262.68
938.56	3271.05
940.18	3275.23
941.80	3271.05
943.42	3281.51
945.05	3296.16
946.67	3284.65
948.29	3283.60
949.91	3282.56
951.53	3298.25
953.16	3303.49
954.78	3290.93
956.40	3284.65
958.02	3295.11
959.64	3294.07
961.26	3293.02
962.88	3294.07
964.51	3283.60
966.13	3306.62
967.75	3296.16
969.37	3288.84
970.99	3298.25
972.61	3296.16
974.23	3297.21
975.85	3304.53
977.47	3303.49
979.09	3302.44
980.71	3296.16
982.33	3307.67
983.95	3308.72
985.57	3319.18
987.19	3309.76
988.81	3328.60
990.43	3318.14
992.05	3316.04
993.67	3320.23
995.29	3324.41
996.91	3319.18
998.53	3341.16
1000.15	3336.97
1001.77	3342.20
1003.39	3350.57
1005.01	3349.53
1006.63	3352.67
1008.25	3361.04
1009.86	3369.41
1011.48	3362.08
1013.10	3359.99
1014.72	3381.97
1016.34	3376.73
1017.96	3396.62
1019.58	3381.97
1021.19	3389.29
1022.81	3394.52
1024.43	3404.99
1026.05	3388.24
1027.66	3409.17
1029.28	3410.22
1030.90	3406.03
1032.52	3406.03
1034.13	3415.45
1035.75	3418.59
1037.37	3423.82
1038.98	3435.33
1040.60	3422.78
1042.22	3411.26
1043.83	3420.68
1045.45	3418.59
1047.07	3423.82
1048.68	3426.96
1050.30	3418.59
1051.92	3424.87
1053.53	3428.01
1055.15	3425.91
1056.76	3426.96
1058.38	3423.82
1059.99	3430.10
1061.61	3415.45
1063.22	3416.50
1064.84	3433.24
1066.46	3423.82
1068.07	3412.31
1069.68	3418.59
1071.30	3432.19
1072.91	3417.54
1074.53	3415.45
1076.14	3418.59
1077.76	3413.36
1079.37	3415.45
1080.98	3385.10
1082.60	3401.85
1084.21	3415.45
1085.83	3416.50
1087.44	3409.17
1089.05	3401.85
1090.67	3395.57
1092.28	3393.48
1093.89	3399.75
1095.50	3401.85
1097.12	3388.24
1098.73	3404.99
1100.34	3373.59
1101.95	3396.62
1103.57	3398.71
1105.18	3390.34
1106.79	3394.52
1108.40	3396.62
1110.01	3391.38
1111.63	3406.03
1113.24	3403.94
1114.85	3400.80
1116.46	3399.75
1118.07	3407.08
1119.68	3392.43
1121.29	3399.75
1122.90	3384.06
1124.51	3401.85
1126.12	3412.31
1127.73	3418.59
1129.34	3410.22
1130.95	3408.13
1132.56	3404.99
1134.17	3392.43
1135.78	3392.43
1137.39	3407.08
1139.00	3396.62
1140.61	3401.85
1142.22	3403.94
1143.83	3395.57
1145.44	3390.34
1147.05	3397.66
1148.65	3400.80
1150.26	3388.24
1151.87	3395.57
1153.48	3407.08
1155.09	3412.31
1156.69	3410.22
1158.30	3395.57
1159.91	3407.08
1161.52	3408.13
1163.12	3411.26
1164.73	3397.66
1166.34	3416.50
1167.94	3408.13
1169.55	3415.45
1171.16	3407.08
1172.76	3418.59
1174.37	3412.31
1175.97	3422.78
1177.58	3398.71
1179.19	3414.40
1180.79	3406.03
1182.40	3416.50
1184.00	3410.22
1185.61	3424.87
1187.21	3415.45
1188.82	3419.64
1190.42	3414.40
1192.02	3417.54
1193.63	3390.34
1195.23	3415.45
1196.84	3416.50
1198.44	3422.78
1200.04	3414.40
1201.65	3410.22
1203.25	3411.26
1204.85	3414.40
1206.46	3396.62
1208.06	3399.75
1209.66	3392.43
1211.26	3395.57
1212.87	3413.36
1214.47	3407.08
1216.07	3409.17
1217.67	3400.80
1219.27	3389.29
1220.87	3396.62
1222.48	3396.62
1224.08	3392.43
1225.68	3400.80
1227.28	3395.57
1228.88	3385.10
1230.48	3408.13
1232.08	3383.01
1233.68	3395.57
1235.28	3391.38
1236.88	3375.69
1238.48	3361.04
1240.08	3394.52
1241.68	3362.08
1243.28	3374.64
1244.87	3355.81
1246.47	3354.76
1248.07	3350.57
1249.67	3361.04
1251.27	3369.41
1252.87	3353.71
1254.46	3340.11
1256.06	3343.25
1257.66	3335.92
1259.26	3331.74
1260.85	3336.97
1262.45	3327.55
1264.05	3338.02
1265.64	3342.20
1267.24	3327.55
1268.83	3331.74
1270.43	3324.41
1272.03	3340.11
1273.62	3326.51
1275.22	3316.04
1276.81	3324.41
1278.41	3327.55
1280.00	3318.14
1281.60	3320.23
1283.19	3319.18
1284.79	3328.60
1286.38	3305.58
1287.97	3315.00
1289.57	3302.44
1291.16	3303.49
1292.75	3290.93
1294.35	3309.76
1295.94	3295.11
1297.53	3300.35
1299.12	3293.02
1300.72	3316.04
1302.31	3288.84
1303.90	3309.76
1305.49	3304.53
1307.08	3284.65
1308.68	3276.28
1310.27	3281.51
1311.86	3276.28
1313.45	3276.28
1315.04	3273.14
1316.63	3270.00
1318.22	3275.23
1319.81	3263.72
1321.40	3265.82
1322.99	3268.95
1324.58	3241.75
1326.17	3249.07
1327.75	3243.84
1329.34	3248.03
1330.93	3241.75
1332.52	3235.47
1334.11	3232.33
1335.70	3235.47
1337.28	3219.77
1338.87	3222.91
1340.46	3216.63
1342.05	3223.96
1343.63	3219.77
1345.22	3218.73
1346.81	3222.91
1348.39	3212.45
1349.98	3203.03
1351.56	3197.80
1353.15	3186.29
1354.73	3193.61
1356.32	3185.24
1357.90	3167.45
1359.49	3168.50
1361.07	3159.08
1362.66	3162.22
1364.24	3164.31
1365.82	3156.99
1367.41	3162.22
1368.99	3138.15
1370.57	3133.97
1372.16	3133.97
1373.74	3140.25
1375.32	3133.97
1376.91	3121.41
1378.49	3080.60
1380.07	3067.00
1381.65	3060.72
1383.23	3052.35
1384.81	3047.12
1386.39	3042.93
1387.97	3045.02
1389.55	3034.56
1391.14	3032.47
1392.72	3013.63
1394.29	3010.49
1395.87	3000.03
1397.45	2989.57
1399.03	3000.03
1400.61	2984.33
1402.19	2973.87
1403.77	2951.90
1405.35	2971.78
1406.92	2958.17
1408.50	2964.45
1410.08	2955.03
1411.66	2956.08
1413.23	2956.08
1414.81	2952.94
1416.39	2933.06
1417.96	2947.71
1419.54	2932.01
1421.12	2928.87
1422.69	2943.52
1424.27	2926.78
1425.84	2929.92
1427.42	2927.83
1428.99	2928.87
1430.57	2924.69
1432.14	2923.64
1433.71	2927.83
1435.29	2930.97
1436.86	2920.50
1438.43	2911.09
1440.01	2913.18
1441.58	2788.66
1443.15	2920.50
1444.72	2919.46
1446.30	2919.46
1447.87	2922.60
1449.44	2905.85
1451.01	2894.34
1452.58	2917.36
1454.15	2913.18
1455.72	2908.99
1457.29	2906.90
1458.86	2916.32
1460.43	2901.67
1462.00	2923.64
1463.57	2912.13
1465.14	2921.55
1466.71	2896.44
1468.28	2911.09
1469.85	2907.95
1471.41	2914.22
1472.98	2907.95
1474.55	2919.46
1476.12	2906.90
1477.68	2904.81
1479.25	2915.27
1480.82	2910.04
1482.38	2916.32
1483.95	2898.53
1485.51	2912.13
1487.08	2924.69
1488.64	2920.50
1490.21	2923.64
1491.77	2911.09
1493.34	2923.64
1494.90	2906.90
1496.46	2912.13
1498.03	2915.27
1499.59	2918.41
1501.15	2913.18
1502.72	2918.41
1504.28	2916.32
1505.84	2914.22
1507.40	2912.13
1508.97	2928.87
1510.53	2915.27
1512.09	2933.06
1513.65	2943.52
1515.21	2933.06
1516.77	2912.13
1518.33	2937.25
1519.89	2926.78
1521.45	2925.74
1523.01	2934.11
1524.57	2934.11
1526.13	2929.92
1527.68	2937.25
1529.24	2941.43
1530.80	2934.11
1532.36	2937.25
1533.92	2932.01
1535.47	2918.41
1537.03	2934.11
1538.59	2929.92
1540.14	2919.46
1541.70	2914.22
1543.25	2942.48
1544.81	2933.06
1546.36	2923.64
1547.92	2914.22
1549.47	2929.92
1551.03	2927.83
1552.58	2919.46
1554.13	2916.32
1555.69	2933.06
1557.24	2917.36
1558.79	2916.32
1560.35	2915.27
1561.90	2919.46
1563.45	2910.04
1565.00	2916.32
1566.55	2918.41
1568.10	2908.99
1569.66	2891.20
1571.21	2914.22
1572.76	2914.22
1574.31	2918.41
1575.86	2910.04
1577.40	2899.58
1578.95	2897.48
1580.50	2901.67
1582.05	2892.25
1583.60	2898.53
1585.15	2883.88
1586.69	2896.44
1588.24	2898.53
1589.79	2897.48
1591.34	2875.51
1592.88	2898.53
1594.43	2869.23
1595.97	2889.11
1597.52	2889.11
1599.06	2887.02
1600.61	2880.74
1602.15	2905.85
1603.70	2884.93
1605.24	2883.88
1606.79	2883.88
1608.33	2872.37
1609.87	2872.37
1611.41	2876.55
1612.96	2873.42
1614.50	2869.23
1616.04	2868.18
1617.58	2882.83
1619.12	2862.95
1620.67	2880.74
1622.21	2846.21
1623.75	2871.32
1625.29	2861.90
1626.83	2850.39
1628.37	2861.90
1629.90	2836.79
1631.44	2835.74
1632.98	2838.88
1634.52	2820.05
1636.06	2821.10
1637.59	2834.70
1639.13	2816.91
1640.67	2804.35
1642.21	2801.21
1643.74	2790.75
1645.28	2760.40
1646.81	2759.36
1648.35	2768.78
1649.88	2737.38
1651.42	2748.89
1652.95	2727.97
1654.49	2742.62
1656.02	2723.78
1657.55	2727.97
1659.09	2700.76
1660.62	2717.50
1662.15	2713.32
1663.68	2716.45
1665.22	2700.76
1666.75	2704.94
1668.28	2693.43
1669.81	2714.36
1671.34	2697.62
1672.87	2700.76
1674.40	2700.76
1675.93	2696.57
1677.46	2679.83
1678.99	2678.78
1680.52	2666.23
1682.04	2689.25
1683.57	2677.74
1685.10	2688.20
1686.63	2675.65
1688.15	2676.69
1689.68	2663.09
1691.21	2672.51
1692.73	2672.51
1694.26	2670.41
1695.78	2670.41
1697.31	2670.41
1698.83	2667.27
1700.36	2670.41
1701.88	2663.09
1703.40	2676.69
1704.93	2656.81
1706.45	2663.09
