896.35	2892.25
897.98	2898.53
899.60	2905.85
901.22	2923.64
902.85	2916.32
904.47	2920.50
906.10	2922.60
907.72	2924.69
909.34	2946.66
910.97	2960.27
912.59	2970.73
914.21	2988.52
915.84	3009.45
917.46	3040.84
919.08	3045.02
920.71	3063.86
922.33	3085.83
923.95	3094.21
925.58	3117.23
927.20	3098.39
928.82	3107.81
930.44	3128.74
932.07	3119.32
933.69	3108.86
935.31	3124.55
936.93	3136.06
938.56	3138.15
940.18	3142.34
941.80	3146.53
943.42	3155.94
945.05	3164.31
946.67	3150.71
948.29	3161.18
949.91	3142.34
951.53	3164.31
953.16	3162.22
954.78	3166.41
956.40	3156.99
958.02	3160.13
959.64	3154.90
961.26	3152.80
962.88	3161.18
964.51	3156.99
966.13	3175.82
967.75	3173.73
969.37	3156.99
970.99	3164.31
972.61	3159.08
974.23	3163.27
975.85	3168.50
977.47	3174.78
979.09	3164.31
980.71	3158.04
982.33	3169.55
983.95	3171.64
985.57	3181.06
987.19	3174.78
988.81	3184.20
990.43	3175.82
992.05	3174.78
993.67	3191.52
995.29	3190.47
996.91	3183.15
998.53	3208.26
1000.15	3214.54
1001.77	3216.63
1003.39	3208.26
1005.01	3205.12
1006.63	3207.22
1008.25	3217.68
1009.86	3228.14
1011.48	3215.59
1013.10	3225.01
1014.72	3231.28
1016.34	3232.33
1017.96	3245.93
1019.58	3241.75
1021.19	3237.56
1022.81	3243.84
1024.43	3248.03
1026.05	3250.12
1027.66	3261.63
1029.28	3262.68
1030.90	3260.58
1032.52	3255.35
1034.13	3264.77
1035.75	3275.23
1037.37	3274.19
1038.98	3281.51
1040.60	3258.49
1042.22	3251.17
1043.83	3267.91
1045.45	3264.77
1047.07	3268.95
1048.68	3274.19
1050.30	3263.72
1051.92	3273.14
1053.53	3273.14
1055.15	3285.70
1056.76	3272.09
1058.38	3270.00
1059.99	3279.42
1061.61	3280.46
1063.22	3267.91
1064.84	3273.14
1066.46	3263.72
1068.07	3273.14
1069.68	3278.37
1071.30	3284.65
1072.91	3267.91
1074.53	3259.54
1076.14	3277.33
1077.76	3268.95
1079.37	3266.86
1080.98	3248.03
1082.60	3259.54
1084.21	3259.54
1085.83	3253.26
1087.44	3264.77
1089.05	3245.93
1090.67	3257.44
1092.28	3258.49
1093.89	3255.35
1095.50	3251.17
1097.12	3249.07
1098.73	3256.40
1100.34	3243.84
1101.95	3258.49
1103.57	3255.35
1105.18	3243.84
1106.79	3242.79
1108.40	3252.21
1110.01	3251.17
1111.63	3254.30
1113.24	3261.63
1114.85	3261.63
1116.46	3244.89
1118.07	3257.44
1119.68	3243.84
1121.29	3256.40
1122.90	3251.17
1124.51	3246.98
1126.12	3270.00
1127.73	3275.23
1129.34	3278.37
1130.95	3259.54
1132.56	3261.63
1134.17	3243.84
1135.78	3252.21
1137.39	3255.35
1139.00	3254.30
1140.61	3256.40
1142.22	3260.58
1143.83	3252.21
1145.44	3253.26
1147.05	3250.12
1148.65	3258.49
1150.26	3251.17
1151.87	3242.79
1153.48	3244.89
1155.09	3256.40
1156.69	3251.17
1158.30	3240.70
1159.91	3238.61
1161.52	3249.07
1163.12	3252.21
1164.73	3252.21
1166.34	3262.68
1167.94	3263.72
1169.55	3258.49
1171.16	3258.49
1172.76	3255.35
1174.37	3253.26
1175.97	3259.54
1177.58	3240.70
1179.19	3264.77
1180.79	3255.35
1182.40	3253.26
1184.00	3243.84
1185.61	3260.58
1187.21	3260.58
1188.82	3252.21
1190.42	3255.35
1192.02	3252.21
1193.63	3237.56
1195.23	3257.44
1196.84	3257.44
1198.44	3259.54
1200.04	3263.72
1201.65	3255.35
1203.25	3255.35
1204.85	3262.68
1206.46	3245.93
1208.06	3256.40
1209.66	3245.93
1211.26	3244.89
1212.87	3265.82
1214.47	3237.56
1216.07	3243.84
1217.67	3253.26
1219.27	3245.93
1220.87	3246.98
1222.48	3244.89
1224.08	3239.66
1225.68	3244.89
1227.28	3239.66
1228.88	3238.61
1230.48	3240.70
1232.08	3228.14
1233.68	3246.98
1235.28	3243.84
1236.88	3227.10
1238.48	3215.59
1240.08	3246.98
1241.68	3212.45
1243.28	3220.82
1244.87	3221.87
1246.47	3213.50
1248.07	3216.63
1249.67	3217.68
1251.27	3226.05
1252.87	3206.17
1254.46	3192.57
1256.06	3200.94
1257.66	3205.12
1259.26	3198.85
1260.85	3212.45
1262.45	3197.80
1264.05	3200.94
1265.64	3194.66
1267.24	3200.94
1268.83	3195.71
1270.43	3184.20
1272.03	3204.08
1273.62	3194.66
1275.22	3174.78
1276.81	3191.52
1278.41	3190.47
1280.00	3191.52
1281.60	3190.47
1283.19	3193.61
1284.79	3191.52
1286.38	3190.47
1287.97	3190.47
1289.57	3166.41
1291.16	3161.18
1292.75	3173.73
1294.35	3181.06
1295.94	3178.96
1297.53	3178.96
1299.12	3166.41
1300.72	3178.96
1302.31	3150.71
1303.90	3177.92
1305.49	3180.01
1307.08	3147.57
1308.68	3147.57
1310.27	3158.04
1311.86	3148.62
1313.45	3146.53
1315.04	3143.39
1316.63	3142.34
1318.22	3141.29
1319.81	3131.88
1321.40	3136.06
1322.99	3136.06
1324.58	3113.04
1326.17	3124.55
1327.75	3126.64
1329.34	3120.37
1330.93	3108.86
1332.52	3102.58
1334.11	3108.86
1335.70	3107.81
1337.28	3103.62
1338.87	3103.62
1340.46	3106.76
1342.05	3107.81
1343.63	3094.21
1345.22	3088.97
1346.81	3088.97
1348.39	3085.83
1349.98	3085.83
1351.56	3079.56
1353.15	3070.14
1354.73	3070.14
1356.32	3056.54
1357.90	3058.63
1359.49	3059.67
1361.07	3038.75
1362.66	3047.12
1364.24	3043.98
1365.82	3037.70
1367.41	3037.70
1368.99	3028.28
1370.57	3014.68
1372.16	3022.00
1373.74	3020.96
1375.32	3018.86
1376.91	3002.12
1378.49	2989.57
1380.07	2962.36
1381.65	2957.13
1383.23	2942.48
1384.81	2942.48
1386.39	2928.87
1387.97	2936.20
1389.55	2928.87
1391.14	2919.46
1392.72	2898.53
1394.29	2900.62
1395.87	2888.06
1397.45	2877.60
1399.03	2878.65
1400.61	2870.28
1402.19	2864.00
1403.77	2856.67
1405.35	2876.55
1406.92	2859.81
1408.50	2846.21
1410.08	2845.16
1411.66	2839.93
1413.23	2845.16
1414.81	2850.39
1416.39	2825.28
1417.96	2832.61
1419.54	2827.37
1421.12	2829.47
1422.69	2840.98
1424.27	2819.00
1425.84	2830.51
1427.42	2817.96
1428.99	2824.23
1430.57	2826.33
1432.14	2817.96
1433.71	2822.14
1435.29	2838.88
1436.86	2830.51
1438.43	2814.82
1440.01	2810.63
1441.58	2694.48
1443.15	2817.96
1444.72	2815.86
1446.30	2810.63
1447.87	2815.86
1449.44	2807.49
1451.01	2802.26
1452.58	2815.86
1454.15	2811.68
1455.72	2811.68
1457.29	2811.68
1458.86	2823.19
1460.43	2807.49
1462.00	2828.42
1463.57	2809.58
1465.14	2817.96
1466.71	2810.63
1468.28	2817.96
1469.85	2820.05
1471.41	2821.10
1472.98	2814.82
1474.55	2817.96
1476.12	2812.72
1477.68	2811.68
1479.25	2830.51
1480.82	2821.10
1482.38	2827.37
1483.95	2809.58
1485.51	2815.86
1487.08	2836.79
1488.64	2831.56
1490.21	2842.02
1491.77	2820.05
1493.34	2833.65
1494.90	2824.23
1496.46	2825.28
1498.03	2830.51
1499.59	2833.65
1501.15	2838.88
1502.72	2839.93
1504.28	2838.88
1505.84	2836.79
1507.40	2831.56
1508.97	2839.93
1510.53	2835.74
1512.09	2846.21
1513.65	2845.16
1515.21	2840.98
1516.77	2827.37
1518.33	2847.26
1519.89	2845.16
1521.45	2848.30
1523.01	2859.81
1524.57	2852.49
1526.13	2842.02
1527.68	2850.39
1529.24	2850.39
1530.80	2849.35
1532.36	2852.49
1533.92	2851.44
1535.47	2844.12
1537.03	2853.53
1538.59	2853.53
1540.14	2845.16
1541.70	2834.70
1543.25	2857.72
1544.81	2848.30
1546.36	2856.67
1547.92	2843.07
1549.47	2845.16
1551.03	2847.26
1552.58	2840.98
1554.13	2848.30
1555.69	2858.77
1557.24	2839.93
1558.79	2838.88
1560.35	2837.84
1561.90	2849.35
1563.45	2835.74
1565.00	2844.12
1566.55	2836.79
1568.10	2837.84
1569.66	2833.65
1571.21	2852.49
1572.76	2840.98
1574.31	2838.88
1575.86	2836.79
1577.40	2831.56
1578.95	2836.79
1580.50	2838.88
1582.05	2825.28
1583.60	2832.61
1585.15	2821.10
1586.69	2836.79
1588.24	2835.74
1589.79	2833.65
1591.34	2824.23
1592.88	2838.88
1594.43	2810.63
1595.97	2823.19
1597.52	2826.33
1599.06	2826.33
1600.61	2820.05
1602.15	2843.07
1603.70	2823.19
1605.24	2825.28
1606.79	2824.23
1608.33	2823.19
1609.87	2819.00
1611.41	2815.86
1612.96	2821.10
1614.50	2817.96
1616.04	2822.14
1617.58	2824.23
1619.12	2813.77
1620.67	2824.23
1622.21	2797.03
1623.75	2812.72
1625.29	2797.03
1626.83	2799.12
1628.37	2809.58
1629.90	2789.70
1631.44	2786.56
1632.98	2794.94
1634.52	2779.24
1636.06	2777.15
1637.59	2788.66
1639.13	2768.78
1640.67	2766.68
1642.21	2758.31
1643.74	2748.89
1645.28	2733.20
1646.81	2731.10
1648.35	2742.62
1649.88	2715.41
1651.42	2721.69
1652.95	2705.99
1654.49	2722.73
1656.02	2701.81
1657.55	2705.99
1659.09	2679.83
1660.62	2696.57
1662.15	2686.11
1663.68	2692.39
1665.22	2684.02
1666.75	2687.16
1668.28	2686.11
1669.81	2695.53
1671.34	2678.78
1672.87	2680.88
1674.40	2679.83
1675.93	2674.60
1677.46	2669.37
1678.99	2667.27
1680.52	2656.81
1682.04	2677.74
1683.57	2659.95
1685.10	2666.23
1686.63	2652.62
1688.15	2665.18
1689.68	2654.72
1691.21	2666.23
1692.73	2661.00
1694.26	2665.18
1695.78	2649.49
1697.31	2657.86
1698.83	2646.35
1700.36	2653.67
1701.88	2646.35
1703.40	2665.18
1704.93	2651.58
1706.45	2653.67
