896.35	2661.00
897.98	2652.62
899.60	2658.90
901.22	2667.27
902.85	2662.04
904.47	2659.95
906.10	2659.95
907.72	2655.76
909.34	2677.74
910.97	2670.41
912.59	2678.78
914.21	2662.04
915.84	2676.69
917.46	2673.55
919.08	2688.20
920.71	2678.78
922.33	2692.39
923.95	2675.65
925.58	2705.99
927.20	2672.51
928.82	2692.39
930.44	2693.43
932.07	2686.11
933.69	2667.27
935.31	2690.29
936.93	2677.74
938.56	2694.48
940.18	2685.06
941.80	2681.92
943.42	2688.20
945.05	2708.08
946.67	2685.06
948.29	2703.90
949.91	2687.16
951.53	2709.13
953.16	2698.67
954.78	2704.94
956.40	2684.02
958.02	2699.71
959.64	2690.29
961.26	2704.94
962.88	2697.62
964.51	2700.76
966.13	2705.99
967.75	2719.59
969.37	2688.20
970.99	2707.04
972.61	2692.39
974.23	2707.04
975.85	2693.43
977.47	2711.22
979.09	2701.81
980.71	2707.04
982.33	2693.43
983.95	2709.13
985.57	2708.08
987.19	2705.99
988.81	2701.81
990.43	2707.04
992.05	2694.48
993.67	2716.45
995.29	2696.57
996.91	2699.71
998.53	2711.22
1000.15	2713.32
1001.77	2698.67
1003.39	2715.41
1005.01	2703.90
1006.63	2719.59
1008.25	2707.04
1009.86	2721.69
1011.48	2704.94
1013.10	2718.55
1014.72	2713.32
1016.34	2726.92
1017.96	2725.87
1019.58	2715.41
1021.19	2698.67
1022.81	2716.45
1024.43	2715.41
1026.05	2723.78
1027.66	2719.59
1029.28	2716.45
1030.90	2703.90
1032.52	2709.13
1034.13	2710.18
1035.75	2721.69
1037.37	2712.27
1038.98	2732.15
1040.60	2709.13
1042.22	2714.36
1043.83	2698.67
1045.45	2723.78
1047.07	2704.94
1048.68	2732.15
1050.30	2703.90
1051.92	2727.97
1053.53	2713.32
1055.15	2730.06
1056.76	2713.32
1058.38	2726.92
1059.99	2718.55
1061.61	2721.69
1063.22	2701.81
1064.84	2717.50
1066.46	2705.99
1068.07	2721.69
1069.68	2722.73
1071.30	2738.43
1072.91	2713.32
1074.53	2729.01
1076.14	2723.78
1077.76	2727.97
1079.37	2715.41
1080.98	2708.08
1082.60	2707.04
1084.21	2732.15
1085.83	2719.59
1087.44	2736.34
1089.05	2693.43
1090.67	2714.36
1092.28	2717.50
1093.89	2736.34
1095.50	2720.64
1097.12	2723.78
1098.73	2721.69
1100.34	2714.36
1101.95	2715.41
1103.57	2721.69
1105.18	2701.81
1106.79	2712.27
1108.40	2718.55
1110.01	2724.83
1111.63	2721.69
1113.24	2735.29
1114.85	2721.69
1116.46	2732.15
1118.07	2716.45
1119.68	2718.55
1121.29	2717.50
1122.90	2720.64
1124.51	2721.69
1126.12	2734.24
1127.73	2725.87
1129.34	2738.43
1130.95	2724.83
1132.56	2735.29
1134.17	2701.81
1135.78	2719.59
1137.39	2713.32
1139.00	2711.22
1140.61	2709.13
1142.22	2727.97
1143.83	2707.04
1145.44	2718.55
1147.05	2718.55
1148.65	2733.20
1150.26	2705.99
1151.87	2711.22
1153.48	2708.08
1155.09	2719.59
1156.69	2712.27
1158.30	2715.41
1159.91	2707.04
1161.52	2733.20
1163.12	2721.69
1164.73	2719.59
1166.34	2719.59
1167.94	2724.83
1169.55	2714.36
1171.16	2723.78
1172.76	2716.45
1174.37	2720.64
1175.97	2721.69
1177.58	2718.55
1179.19	2723.78
1180.79	2713.32
1182.40	2712.27
1184.00	2710.18
1185.61	2721.69
1187.21	2729.01
1188.82	2715.41
1190.42	2725.87
1192.02	2709.13
1193.63	2702.85
1195.23	2723.78
1196.84	2731.10
1198.44	2717.50
1200.04	2738.43
1201.65	2719.59
1203.25	2729.01
1204.85	2720.64
1206.46	2714.36
1208.06	2717.50
1209.66	2723.78
1211.26	2711.22
1212.87	2735.29
1214.47	2707.04
1216.07	2725.87
1217.67	2721.69
1219.27	2726.92
1220.87	2715.41
1222.48	2726.92
1224.08	2718.55
1225.68	2734.24
1227.28	2723.78
1228.88	2718.55
1230.48	2715.41
1232.08	2715.41
1233.68	2716.45
1235.28	2736.34
1236.88	2720.64
1238.48	2720.64
1240.08	2734.24
1241.68	2710.18
1243.28	2707.04
1244.87	2726.92
1246.47	2723.78
1248.07	2724.83
1249.67	2715.41
1251.27	2739.48
1252.87	2720.64
1254.46	2716.45
1256.06	2714.36
1257.66	2721.69
1259.26	2710.18
1260.85	2727.97
1262.45	2716.45
1264.05	2731.10
1265.64	2709.13
1267.24	2715.41
1268.83	2713.32
1270.43	2715.41
1272.03	2725.87
1273.62	2727.97
1275.22	2708.08
1276.81	2724.83
1278.41	2713.32
1280.00	2727.97
1281.60	2718.55
1283.19	2716.45
1284.79	2713.32
1286.38	2723.78
1287.97	2721.69
1289.57	2722.73
1291.16	2714.36
1292.75	2713.32
1294.35	2712.27
1295.94	2720.64
1297.53	2715.41
1299.12	2707.04
1300.72	2721.69
1302.31	2719.59
1303.90	2726.92
1305.49	2736.34
1307.08	2709.13
1308.68	2712.27
1310.27	2713.32
1311.86	2722.73
1313.45	2713.32
1315.04	2722.73
1316.63	2714.36
1318.22	2729.01
1319.81	2701.81
1321.40	2709.13
1322.99	2714.36
1324.58	2701.81
1326.17	2699.71
1327.75	2705.99
1329.34	2714.36
1330.93	2712.27
1332.52	2701.81
1334.11	2704.94
1335.70	2697.62
1337.28	2707.04
1338.87	2707.04
1340.46	2714.36
1342.05	2699.71
1343.63	2703.90
1345.22	2693.43
1346.81	2715.41
1348.39	2704.94
1349.98	2713.32
1351.56	2702.85
1353.15	2707.04
1354.73	2722.73
1356.32	2711.22
1357.90	2703.90
1359.49	2715.41
1361.07	2696.57
1362.66	2703.90
1364.24	2710.18
1365.82	2712.27
1367.41	2709.13
1368.99	2696.57
1370.57	2696.57
1372.16	2708.08
1373.74	2707.04
1375.32	2709.13
1376.91	2713.32
1378.49	2711.22
1380.07	2695.53
1381.65	2699.71
1383.23	2698.67
1384.81	2704.94
1386.39	2696.57
1387.97	2714.36
1389.55	2704.94
1391.14	2700.76
1392.72	2691.34
1394.29	2707.04
1395.87	2705.99
1397.45	2697.62
1399.03	2702.85
1400.61	2712.27
1402.19	2703.90
1403.77	2701.81
1405.35	2718.55
1406.92	2699.71
1408.50	2709.13
1410.08	2710.18
1411.66	2695.53
1413.23	2703.90
1414.81	2702.85
1416.39	2690.29
1417.96	2711.22
1419.54	2698.67
1421.12	2695.53
1422.69	2714.36
1424.27	2696.57
1425.84	2709.13
1427.42	2695.53
1428.99	2704.94
1430.57	2705.99
1432.14	2699.71
1433.71	2701.81
1435.29	2710.18
1436.86	2704.94
1438.43	2712.27
1440.01	2705.99
1441.58	2576.24
1443.15	2699.71
1444.72	2709.13
1446.30	2697.62
1447.87	2710.18
1449.44	2696.57
1451.01	2691.34
1452.58	2703.90
1454.15	2699.71
1455.72	2701.81
1457.29	2705.99
1458.86	2714.36
1460.43	2703.90
1462.00	2719.59
1463.57	2713.32
1465.14	2705.99
1466.71	2697.62
1468.28	2699.71
1469.85	2707.04
1471.41	2709.13
1472.98	2705.99
1474.55	2717.50
1476.12	2701.81
1477.68	2696.57
1479.25	2707.04
1480.82	2693.43
1482.38	2704.94
1483.95	2700.76
1485.51	2713.32
1487.08	2710.18
1488.64	2710.18
1490.21	2704.94
1491.77	2698.67
1493.34	2715.41
1494.90	2694.48
1496.46	2696.57
1498.03	2700.76
1499.59	2700.76
1501.15	2703.90
1502.72	2694.48
1504.28	2702.85
1505.84	2696.57
1507.40	2690.29
1508.97	2708.08
1510.53	2705.99
1512.09	2711.22
1513.65	2699.71
1515.21	2700.76
1516.77	2690.29
1518.33	2702.85
1519.89	2698.67
1521.45	2697.62
1523.01	2695.53
1524.57	2701.81
1526.13	2693.43
1527.68	2699.71
1529.24	2719.59
1530.80	2704.94
1532.36	2712.27
1533.92	2697.62
1535.47	2689.25
1537.03	2693.43
1538.59	2699.71
1540.14	2690.29
1541.70	2691.34
1543.25	2705.99
1544.81	2700.76
1546.36	2695.53
1547.92	2688.20
1549.47	2700.76
1551.03	2700.76
1552.58	2687.16
1554.13	2685.06
1555.69	2697.62
1557.24	2687.16
1558.79	2689.25
1560.35	2690.29
1561.90	2698.67
1563.45	2686.11
1565.00	2696.57
1566.55	2685.06
1568.10	2684.02
1569.66	2677.74
1571.21	2696.57
1572.76	2691.34
1574.31	2695.53
1575.86	2682.97
1577.40	2679.83
1578.95	2690.29
1580.50	2688.20
1582.05	2676.69
1583.60	2674.60
1585.15	2675.65
1586.69	2680.88
1588.24	2689.25
1589.79	2689.25
1591.34	2667.27
1592.88	2682.97
1594.43	2663.09
1595.97	2673.55
1597.52	2667.27
1599.06	2675.65
1600.61	2679.83
1602.15	2689.25
1603.70	2675.65
1605.24	2670.41
1606.79	2673.55
1608.33	2665.18
1609.87	2668.32
1611.41	2673.55
1612.96	2673.55
1614.50	2659.95
1616.04	2670.41
1617.58	2664.13
1619.12	2665.18
1620.67	2664.13
1622.21	2644.25
1623.75	2668.32
1625.29	2653.67
1626.83	2656.81
1628.37	2676.69
1629.90	2655.76
1631.44	2659.95
1632.98	2666.23
1634.52	2661.00
1636.06	2662.04
1637.59	2666.23
1639.13	2661.00
1640.67	2671.46
1642.21	2658.90
1643.74	2669.37
1645.28	2652.62
1646.81	2662.04
1648.35	2672.51
1649.88	2651.58
1651.42	2657.86
1652.95	2649.49
1654.49	2675.65
1656.02	2655.76
1657.55	2650.53
1659.09	2629.60
1660.62	2652.62
1662.15	2644.25
1663.68	2651.58
1665.22	2647.39
1666.75	2645.30
1668.28	2641.11
1669.81	2665.18
1671.34	2644.25
1672.87	2649.49
1674.40	2650.53
1675.93	2650.53
1677.46	2641.11
1678.99	2630.65
1680.52	2628.56
1682.04	2650.53
1683.57	2634.84
1685.10	2637.97
1686.63	2633.79
1688.15	2633.79
1689.68	2626.46
1691.21	2625.42
1692.73	2633.79
1694.26	2639.02
1695.78	2629.60
1697.31	2637.97
1698.83	2627.51
1700.36	2631.70
1701.88	2622.28
1703.40	2636.93
1704.93	2614.95
1706.45	2616.00
