896.35	2858.77
897.98	2853.18
899.60	2858.77
901.22	2865.39
902.85	2865.74
904.47	2868.18
906.10	2868.53
907.72	2877.95
909.34	2877.95
910.97	2886.32
912.59	2886.67
914.21	2895.04
915.84	2903.41
917.46	2918.41
919.08	2921.90
920.71	2933.76
922.33	2937.94
923.95	2957.13
925.58	2957.13
927.20	2961.66
928.82	2959.92
930.44	2963.41
932.07	2958.52
933.69	2957.13
935.31	2958.87
936.93	2967.94
938.56	2968.99
940.18	2971.43
941.80	2972.82
943.42	2980.85
945.05	2980.50
946.67	2988.87
948.29	2980.15
949.91	2987.12
951.53	2985.73
953.16	2997.24
954.78	2992.36
956.40	2990.96
958.02	2983.98
959.64	2989.57
961.26	2987.47
962.88	2988.17
964.51	2990.26
966.13	2997.94
967.75	2997.94
969.37	2997.24
970.99	2987.47
972.61	2994.10
974.23	2990.96
975.85	3000.38
977.47	2996.19
979.09	3000.73
980.71	2996.54
982.33	3004.91
983.95	3007.70
985.57	3013.28
987.19	3012.24
988.81	3013.28
990.43	3011.19
992.05	3016.77
993.67	3016.77
995.29	3017.82
996.91	3017.47
998.53	3021.31
1000.15	3026.89
1001.77	3027.24
1003.39	3025.14
1005.01	3030.72
1006.63	3030.72
1008.25	3039.10
1009.86	3033.86
1011.48	3037.00
1013.10	3034.91
1014.72	3042.58
1016.34	3049.21
1017.96	3053.74
1019.58	3048.86
1021.19	3047.47
1022.81	3047.12
1024.43	3053.40
1026.05	3054.44
1027.66	3054.44
1029.28	3053.05
1030.90	3050.95
1032.52	3050.26
1034.13	3058.28
1035.75	3056.54
1037.37	3067.00
1038.98	3058.98
1040.60	3062.46
1042.22	3052.00
1043.83	3059.67
1045.45	3057.93
1047.07	3067.70
1048.68	3060.37
1050.30	3065.95
1051.92	3057.58
1053.53	3064.56
1055.15	3056.54
1056.76	3064.56
1058.38	3063.16
1059.99	3069.44
1061.61	3060.72
1063.22	3062.46
1064.84	3059.67
1066.46	3062.81
1068.07	3056.88
1069.68	3062.46
1071.30	3060.72
1072.91	3064.56
1074.53	3063.16
1076.14	3065.26
1077.76	3064.21
1079.37	3056.19
1080.98	3052.00
1082.60	3054.44
1084.21	3058.63
1085.83	3065.95
1087.44	3057.58
1089.05	3057.93
1090.67	3050.61
1092.28	3058.63
1093.89	3060.02
1095.50	3060.37
1097.12	3057.58
1098.73	3052.35
1100.34	3055.49
1101.95	3056.19
1103.57	3055.49
1105.18	3056.19
1106.79	3052.70
1108.40	3060.72
1110.01	3060.72
1111.63	3066.65
1113.24	3063.86
1114.85	3062.46
1116.46	3060.02
1118.07	3060.37
1119.68	3064.91
1121.29	3064.91
1122.90	3063.86
1124.51	3064.21
1126.12	3065.95
1127.73	3072.93
1129.34	3071.53
1130.95	3074.32
1132.56	3059.67
1134.17	3055.84
1135.78	3050.61
1137.39	3059.67
1139.00	3058.63
1140.61	3059.33
1142.22	3057.93
1143.83	3060.72
1145.44	3060.72
1147.05	3065.26
1148.65	3059.67
1150.26	3058.63
1151.87	3053.40
1153.48	3058.63
1155.09	3058.28
1156.69	3060.02
1158.30	3057.58
1159.91	3060.72
1161.52	3060.72
1163.12	3060.02
1164.73	3060.02
1166.34	3060.02
1167.94	3063.51
1169.55	3064.21
1171.16	3068.05
1172.76	3073.63
1174.37	3075.37
1175.97	3072.58
1177.58	3074.67
1179.19	3070.49
1180.79	3070.14
1182.40	3062.46
1184.00	3067.70
1185.61	3071.18
1187.21	3071.88
1188.82	3072.93
1190.42	3071.53
1192.02	3070.14
1193.63	3063.86
1195.23	3067.70
1196.84	3071.18
1198.44	3077.46
1200.04	3075.72
1201.65	3079.21
1203.25	3081.30
1204.85	3079.21
1206.46	3074.32
1208.06	3068.74
1209.66	3069.44
1211.26	3078.16
1212.87	3075.37
1214.47	3079.21
1216.07	3073.28
1217.67	3080.60
1219.27	3078.51
1220.87	3082.00
1222.48	3076.42
1224.08	3078.51
1225.68	3074.32
1227.28	3075.02
1228.88	3076.07
1230.48	3075.02
1232.08	3076.07
1233.68	3079.90
1235.28	3083.04
1236.88	3085.14
1238.48	3083.74
1240.08	3080.60
1241.68	3077.11
1243.28	3074.32
1244.87	3075.02
1246.47	3077.46
1248.07	3074.32
1249.67	3080.25
1251.27	3075.72
1252.87	3073.63
1254.46	3064.56
1256.06	3070.14
1257.66	3067.70
1259.26	3071.53
1260.85	3067.00
1262.45	3070.84
1264.05	3067.35
1265.64	3073.28
1267.24	3073.63
1268.83	3076.77
1270.43	3076.42
1272.03	3075.02
1273.62	3068.39
1275.22	3068.05
1276.81	3064.21
1278.41	3069.79
1280.00	3063.51
1281.60	3067.00
1283.19	3064.56
1284.79	3065.95
1286.38	3066.30
1287.97	3066.30
1289.57	3063.51
1291.16	3059.33
1292.75	3060.37
1294.35	3063.51
1295.94	3066.65
1297.53	3063.51
1299.12	3063.51
1300.72	3056.88
1302.31	3060.72
1303.90	3063.86
1305.49	3067.00
1307.08	3061.77
1308.68	3053.74
1310.27	3055.84
1311.86	3055.49
1313.45	3055.14
1315.04	3049.91
1316.63	3048.16
1318.22	3044.33
1319.81	3045.72
1321.40	3050.61
1322.99	3052.35
1324.58	3048.51
1326.17	3042.23
1327.75	3039.10
1329.34	3038.75
1330.93	3034.21
1332.52	3033.51
1334.11	3033.51
1335.70	3030.38
1337.28	3032.12
1338.87	3032.82
1340.46	3035.96
1342.05	3030.38
1343.63	3024.45
1345.22	3027.58
1346.81	3029.33
1348.39	3028.98
1349.98	3022.35
1351.56	3020.26
1353.15	3023.05
1354.73	3020.96
1356.32	3016.77
1357.90	3013.63
1359.49	3012.24
1361.07	3011.19
1362.66	3007.35
1364.24	3009.45
1365.82	3010.84
1367.41	3008.75
1368.99	3000.38
1370.57	3000.38
1372.16	3001.08
1373.74	3006.31
1375.32	3000.73
1376.91	2994.45
1378.49	2981.89
1380.07	2972.47
1381.65	2962.36
1383.23	2960.62
1384.81	2958.17
1386.39	2962.71
1387.97	2959.92
1389.55	2957.48
1391.14	2945.62
1392.72	2941.08
1394.29	2934.46
1395.87	2932.36
1397.45	2930.27
1399.03	2930.27
1400.61	2929.22
1402.19	2922.25
1403.77	2924.69
1405.35	2922.60
1406.92	2925.04
1408.50	2920.15
1410.08	2917.02
1411.66	2912.48
1413.23	2911.09
1414.81	2905.85
1416.39	2908.99
1417.96	2903.41
1419.54	2907.95
1421.12	2906.55
1422.69	2905.50
1424.27	2906.20
1425.84	2902.71
1427.42	2905.50
1428.99	2906.20
1430.57	2907.25
1432.14	2903.06
1433.71	2903.76
1435.29	2906.90
1436.86	2911.78
1438.43	2907.60
1440.01	2845.16
1441.58	2842.37
1443.15	2845.51
1444.72	2904.46
1446.30	2906.55
1447.87	2903.06
1449.44	2899.92
1451.01	2899.92
1452.58	2905.16
1454.15	2906.55
1455.72	2903.76
1457.29	2905.16
1458.86	2906.20
1460.43	2915.97
1462.00	2911.78
1463.57	2915.62
1465.14	2905.85
1466.71	2904.46
1468.28	2902.02
1469.85	2907.95
1471.41	2910.04
1472.98	2913.88
1474.55	2907.95
1476.12	2907.25
1477.68	2910.74
1479.25	2913.53
1480.82	2917.71
1482.38	2911.09
1483.95	2915.62
1485.51	2922.60
1487.08	2929.57
1488.64	2932.71
1490.21	2922.94
1491.77	2924.34
1493.34	2918.76
1494.90	2919.46
1496.46	2921.20
1498.03	2926.08
1499.59	2932.71
1501.15	2929.57
1502.72	2928.87
1504.28	2925.74
1505.84	2921.90
1507.40	2924.69
1508.97	2927.83
1510.53	2937.59
1512.09	2937.94
1513.65	2940.73
1515.21	2933.41
1516.77	2934.80
1518.33	2934.11
1519.89	2936.90
1521.45	2937.94
1523.01	2941.08
1524.57	2943.18
1526.13	2943.87
1527.68	2947.36
1529.24	2946.66
1530.80	2947.36
1532.36	2941.43
1533.92	2938.29
1535.47	2933.41
1537.03	2933.06
1538.59	2934.80
1540.14	2930.97
1541.70	2932.36
1543.25	2935.85
1544.81	2943.87
1546.36	2938.99
1547.92	2938.29
1549.47	2937.25
1551.03	2936.90
1552.58	2936.55
1554.13	2936.90
1555.69	2939.34
1557.24	2936.20
1558.79	2930.27
1560.35	2929.92
1561.90	2930.27
1563.45	2933.41
1565.00	2933.76
1566.55	2932.71
1568.10	2930.62
1569.66	2932.71
1571.21	2937.59
1572.76	2940.38
1574.31	2937.59
1575.86	2932.71
1577.40	2929.57
1578.95	2929.92
1580.50	2925.74
1582.05	2924.34
1583.60	2920.50
1585.15	2921.90
1586.69	2925.04
1588.24	2931.66
1589.79	2932.36
1591.34	2934.80
1592.88	2924.69
1594.43	2925.39
1595.97	2921.20
1597.52	2925.74
1599.06	2921.90
1600.61	2927.48
1602.15	2925.39
1603.70	2928.18
1605.24	2919.46
1606.79	2918.06
1608.33	2914.22
1609.87	2914.92
1611.41	2918.06
1612.96	2919.11
1614.50	2917.02
1616.04	2915.97
1617.58	2915.27
1619.12	2917.02
1620.67	2908.30
1622.21	2908.30
1623.75	2903.06
1625.29	2906.55
1626.83	2910.39
1628.37	2908.99
1629.90	2905.16
1631.44	2897.48
1632.98	2892.60
1634.52	2891.90
1636.06	2892.60
1637.59	2892.25
1639.13	2889.81
1640.67	2878.30
1642.21	2873.42
1643.74	2861.56
1645.28	2853.53
1646.81	2850.39
1648.35	2840.28
1649.88	2837.84
1651.42	2825.28
1652.95	2831.56
1654.49	2822.49
1656.02	2821.44
1657.55	2807.14
1659.09	2811.33
1660.62	2803.31
1662.15	2809.24
1663.68	2800.52
1665.22	2798.77
1666.75	2789.70
1668.28	2791.10
1669.81	2789.01
1671.34	2788.31
1672.87	2784.47
1674.40	2780.63
1675.93	2772.61
1677.46	2764.24
1678.99	2760.40
1680.52	2764.59
1682.04	2764.24
1683.57	2768.43
1685.10	2765.98
1686.63	2768.43
1688.15	2760.75
1689.68	2756.57
1691.21	2751.34
1692.73	2754.13
1694.26	2753.78
1695.78	2753.43
1697.31	2749.59
1698.83	2749.59
1700.36	2744.71
1701.88	2746.80
1703.40	2742.27
1704.93	2745.75
1706.45	2746.80
