896.35	2900.62
897.98	2897.83
899.60	2903.41
901.22	2911.09
902.85	2912.83
904.47	2918.41
906.10	2920.50
907.72	2926.43
909.34	2928.53
910.97	2940.38
912.59	2946.31
914.21	2954.69
915.84	2962.01
917.46	2980.15
919.08	2989.91
920.71	3004.91
922.33	3008.75
923.95	3025.84
925.58	3028.98
927.20	3037.35
928.82	3039.79
930.44	3045.72
932.07	3042.93
933.69	3040.49
935.31	3041.54
936.93	3052.70
938.56	3055.49
940.18	3058.63
941.80	3057.58
943.42	3070.84
945.05	3071.88
946.67	3080.60
948.29	3069.44
949.91	3077.11
951.53	3077.11
953.16	3085.83
954.78	3079.90
956.40	3076.42
958.02	3068.39
959.64	3071.88
961.26	3069.79
962.88	3071.53
964.51	3074.67
966.13	3083.04
967.75	3083.04
969.37	3084.79
970.99	3079.21
972.61	3086.88
974.23	3081.65
975.85	3086.18
977.47	3081.30
979.09	3084.44
980.71	3081.65
982.33	3089.32
983.95	3090.72
985.57	3094.21
987.19	3095.95
988.81	3099.09
990.43	3094.55
992.05	3096.65
993.67	3096.65
995.29	3099.44
996.91	3100.83
998.53	3107.46
1000.15	3116.88
1001.77	3116.53
1003.39	3111.30
1005.01	3115.13
1006.63	3115.83
1008.25	3124.90
1009.86	3121.41
1011.48	3123.85
1013.10	3124.20
1014.72	3133.97
1016.34	3143.39
1017.96	3145.83
1019.58	3138.15
1021.19	3135.36
1022.81	3137.11
1024.43	3146.53
1026.05	3145.83
1027.66	3148.27
1029.28	3143.04
1030.90	3143.74
1032.52	3141.99
1034.13	3151.06
1035.75	3152.11
1037.37	3162.92
1038.98	3158.73
1040.60	3160.83
1042.22	3148.62
1043.83	3152.11
1045.45	3150.01
1047.07	3159.78
1048.68	3155.94
1050.30	3165.01
1051.92	3160.48
1053.53	3169.20
1055.15	3164.66
1056.76	3171.29
1058.38	3168.50
1059.99	3171.99
1061.61	3163.27
1063.22	3165.01
1064.84	3160.13
1066.46	3162.92
1068.07	3157.34
1069.68	3163.62
1071.30	3163.27
1072.91	3168.15
1074.53	3168.85
1076.14	3169.20
1077.76	3166.76
1079.37	3153.15
1080.98	3151.76
1082.60	3152.80
1084.21	3158.38
1085.83	3163.62
1087.44	3154.55
1089.05	3154.20
1090.67	3146.18
1092.28	3156.29
1093.89	3156.64
1095.50	3158.04
1097.12	3155.94
1098.73	3152.11
1100.34	3153.85
1101.95	3153.85
1103.57	3156.64
1105.18	3153.85
1106.79	3147.92
1108.40	3149.32
1110.01	3152.11
1111.63	3162.22
1113.24	3163.62
1114.85	3163.97
1116.46	3161.18
1118.07	3160.48
1119.68	3161.87
1121.29	3159.08
1122.90	3157.34
1124.51	3160.13
1126.12	3164.31
1127.73	3175.13
1129.34	3176.17
1130.95	3178.96
1132.56	3163.27
1134.17	3158.73
1135.78	3154.90
1137.39	3162.22
1139.00	3160.48
1140.61	3162.22
1142.22	3161.87
1143.83	3166.76
1145.44	3163.27
1147.05	3170.59
1148.65	3166.41
1150.26	3166.06
1151.87	3159.43
1153.48	3168.50
1155.09	3169.90
1156.69	3170.94
1158.30	3161.18
1159.91	3164.66
1161.52	3167.80
1163.12	3171.99
1164.73	3172.34
1166.34	3169.55
1167.94	3172.34
1169.55	3171.64
1171.16	3176.87
1172.76	3176.87
1174.37	3178.62
1175.97	3174.43
1177.58	3177.22
1179.19	3173.03
1180.79	3174.78
1182.40	3169.55
1184.00	3174.43
1185.61	3180.01
1187.21	3181.41
1188.82	3182.45
1190.42	3178.27
1192.02	3177.57
1193.63	3175.48
1195.23	3178.96
1196.84	3183.85
1198.44	3186.64
1200.04	3184.54
1201.65	3182.80
1203.25	3181.41
1204.85	3176.52
1206.46	3177.57
1208.06	3177.57
1209.66	3181.41
1211.26	3185.94
1212.87	3181.75
1214.47	3185.59
1216.07	3182.45
1217.67	3189.08
1219.27	3184.20
1220.87	3183.15
1222.48	3175.82
1224.08	3181.06
1225.68	3184.20
1227.28	3189.78
1228.88	3190.13
1230.48	3186.99
1232.08	3185.59
1233.68	3189.08
1235.28	3187.68
1236.88	3186.99
1238.48	3186.29
1240.08	3182.45
1241.68	3179.66
1243.28	3170.24
1244.87	3167.80
1246.47	3166.06
1248.07	3167.80
1249.67	3176.17
1251.27	3176.17
1252.87	3172.69
1254.46	3163.27
1256.06	3167.80
1257.66	3165.71
1259.26	3170.94
1260.85	3166.76
1262.45	3170.94
1264.05	3165.71
1265.64	3167.45
1267.24	3166.06
1268.83	3166.76
1270.43	3166.76
1272.03	3165.36
1273.62	3163.27
1275.22	3163.97
1276.81	3163.27
1278.41	3171.99
1280.00	3167.45
1281.60	3167.45
1283.19	3161.18
1284.79	3162.92
1286.38	3163.62
1287.97	3163.97
1289.57	3158.38
1291.16	3153.50
1292.75	3153.85
1294.35	3158.38
1295.94	3166.06
1297.53	3161.87
1299.12	3165.01
1300.72	3157.69
1302.31	3165.01
1303.90	3165.01
1305.49	3163.97
1307.08	3154.55
1308.68	3148.62
1310.27	3152.11
1311.86	3155.25
1313.45	3156.99
1315.04	3155.94
1316.63	3157.34
1318.22	3151.76
1319.81	3151.06
1321.40	3151.41
1322.99	3149.32
1324.58	3147.22
1326.17	3141.64
1327.75	3140.94
1329.34	3141.29
1330.93	3139.20
1332.52	3138.85
1334.11	3137.11
1335.70	3134.32
1337.28	3133.97
1338.87	3135.71
1340.46	3137.81
1342.05	3136.76
1343.63	3128.39
1345.22	3126.99
1346.81	3125.60
1348.39	3125.25
1349.98	3118.27
1351.56	3112.69
1353.15	3108.86
1354.73	3104.67
1356.32	3097.69
1357.90	3094.90
1359.49	3094.21
1361.07	3095.60
1362.66	3091.42
1364.24	3093.16
1365.82	3096.30
1367.41	3095.95
1368.99	3085.83
1370.57	3079.90
1372.16	3077.46
1373.74	3082.70
1375.32	3081.30
1376.91	3075.72
1378.49	3062.81
1380.07	3051.65
1381.65	3042.58
1383.23	3039.10
1384.81	3035.61
1386.39	3036.65
1387.97	3033.86
1389.55	3030.03
1391.14	3021.31
1392.72	3018.52
1394.29	3013.63
1395.87	3009.45
1397.45	3002.82
1399.03	2999.68
1400.61	2998.29
1402.19	2993.40
1403.77	2993.75
1405.35	2990.61
1406.92	2990.96
1408.50	2982.59
1410.08	2978.75
1411.66	2974.57
1413.23	2978.40
1414.81	2974.22
1416.39	2975.26
1417.96	2969.68
1419.54	2975.26
1421.12	2977.36
1422.69	2977.36
1424.27	2978.75
1425.84	2976.31
1427.42	2977.36
1428.99	2974.22
1430.57	2968.29
1432.14	2964.45
1433.71	2966.20
1435.29	2971.78
1436.86	2974.92
1438.43	2970.38
1440.01	2909.34
1441.58	2909.69
1443.15	2913.18
1444.72	2968.99
1446.30	2971.08
1447.87	2970.03
1449.44	2970.03
1451.01	2970.03
1452.58	2971.08
1454.15	2971.08
1455.72	2967.59
1457.29	2970.38
1458.86	2971.78
1460.43	2978.06
1462.00	2974.92
1463.57	2978.40
1465.14	2972.47
1466.71	2971.43
1468.28	2973.52
1469.85	2978.75
1471.41	2981.19
1472.98	2985.38
1474.55	2980.50
1476.12	2978.40
1477.68	2977.71
1479.25	2978.75
1480.82	2983.64
1482.38	2977.36
1483.95	2979.10
1485.51	2981.89
1487.08	2987.12
1488.64	2994.10
1490.21	2988.52
1491.77	2993.05
1493.34	2986.08
1494.90	2989.22
1496.46	2990.61
1498.03	2995.50
1499.59	2996.54
1501.15	2991.31
1502.72	2989.91
1504.28	2989.22
1505.84	2987.47
1507.40	2991.31
1508.97	2993.40
1510.53	3001.42
1512.09	3001.42
1513.65	3003.87
1515.21	2999.33
1516.77	3002.47
1518.33	3002.12
1519.89	3004.56
1521.45	3001.08
1523.01	3005.26
1524.57	3006.66
1526.13	3010.14
1527.68	3013.28
1529.24	3015.03
1530.80	3017.12
1532.36	3011.89
1533.92	3004.91
1535.47	3000.73
1537.03	3002.47
1538.59	3008.75
1540.14	3007.70
1541.70	3009.10
1543.25	3010.49
1544.81	3016.42
1546.36	3012.94
1547.92	3012.94
1549.47	3010.14
1551.03	3010.49
1552.58	3008.40
1554.13	3009.10
1555.69	3010.14
1557.24	3008.75
1558.79	3005.61
1560.35	3007.35
1561.90	3009.45
1563.45	3014.33
1565.00	3012.59
1566.55	3011.54
1568.10	3007.35
1569.66	3007.70
1571.21	3007.70
1572.76	3007.35
1574.31	3006.31
1575.86	3003.17
1577.40	3000.38
1578.95	2997.94
1580.50	2994.10
1582.05	2994.80
1583.60	2988.87
1585.15	2992.36
1586.69	2994.45
1588.24	3001.77
1589.79	2998.29
1591.34	2997.24
1592.88	2990.26
1594.43	2996.54
1595.97	2994.80
1597.52	2998.29
1599.06	2992.70
1600.61	2997.94
1602.15	2997.94
1603.70	2998.63
1605.24	2991.31
1606.79	2989.22
1608.33	2987.12
1609.87	2987.82
1611.41	2988.87
1612.96	2987.82
1614.50	2983.64
1616.04	2982.24
1617.58	2981.19
1619.12	2981.89
1620.67	2972.47
1622.21	2975.96
1623.75	2972.47
1625.29	2976.31
1626.83	2975.96
1628.37	2972.47
1629.90	2966.20
1631.44	2957.13
1632.98	2950.50
1634.52	2949.10
1636.06	2947.36
1637.59	2945.27
1639.13	2938.29
1640.67	2924.69
1642.21	2917.36
1643.74	2905.50
1645.28	2893.99
1646.81	2886.32
1648.35	2872.02
1649.88	2868.53
1651.42	2855.28
1652.95	2858.07
1654.49	2842.72
1656.02	2836.79
1657.55	2821.10
1659.09	2824.93
1660.62	2817.61
1662.15	2820.75
1663.68	2809.24
1665.22	2806.10
1666.75	2799.47
1668.28	2805.40
1669.81	2805.05
1671.34	2805.75
1672.87	2802.61
1674.40	2797.73
1675.93	2789.01
1677.46	2778.54
1678.99	2772.96
1680.52	2774.70
1682.04	2774.36
1683.57	2778.54
1685.10	2772.61
1686.63	2773.66
1688.15	2765.64
1689.68	2763.89
1691.21	2756.92
1692.73	2762.15
1694.26	2762.85
1695.78	2764.24
1697.31	2757.26
1698.83	2756.57
1700.36	2750.29
1701.88	2753.78
1703.40	2750.29
1704.93	2754.47
1706.45	2754.13
