896.35	2925.74
897.98	2927.13
899.60	2935.50
901.22	2941.43
902.85	2942.48
904.47	2942.83
906.10	2944.22
907.72	2951.55
909.34	2958.52
910.97	2971.43
912.59	2982.24
914.21	2994.10
915.84	3008.40
917.46	3026.54
919.08	3036.30
920.71	3052.70
922.33	3057.93
923.95	3078.86
925.58	3076.77
927.20	3083.04
928.82	3082.70
930.44	3093.86
932.07	3092.11
933.69	3091.76
935.31	3092.46
936.93	3104.67
938.56	3110.25
940.18	3113.39
941.80	3116.53
943.42	3127.69
945.05	3125.95
946.67	3130.13
948.29	3118.27
949.91	3128.39
951.53	3129.78
953.16	3139.20
954.78	3132.22
956.40	3128.04
958.02	3123.16
959.64	3130.83
961.26	3132.22
962.88	3132.57
964.51	3133.62
966.13	3139.20
967.75	3137.11
969.37	3134.67
970.99	3128.74
972.61	3136.06
974.23	3135.71
975.85	3142.69
977.47	3139.90
979.09	3143.39
980.71	3140.94
982.33	3147.92
983.95	3151.06
985.57	3154.20
987.19	3155.25
988.81	3156.29
990.43	3153.15
992.05	3156.29
993.67	3155.94
995.29	3155.94
996.91	3156.29
998.53	3163.62
1000.15	3176.52
1001.77	3180.01
1003.39	3177.92
1005.01	3181.41
1006.63	3183.15
1008.25	3192.57
1009.86	3191.87
1011.48	3193.96
1013.10	3192.57
1014.72	3196.06
1016.34	3202.68
1017.96	3205.82
1019.58	3204.08
1021.19	3200.94
1022.81	3201.98
1024.43	3207.57
1026.05	3210.36
1027.66	3212.45
1029.28	3213.15
1030.90	3212.80
1032.52	3209.31
1034.13	3214.89
1035.75	3219.08
1037.37	3233.03
1038.98	3227.45
1040.60	3226.40
1042.22	3216.98
1043.83	3222.56
1045.45	3224.66
1047.07	3230.24
1048.68	3225.70
1050.30	3227.45
1051.92	3223.26
1053.53	3232.68
1055.15	3228.49
1056.76	3233.38
1058.38	3225.70
1059.99	3228.84
1061.61	3220.47
1063.22	3224.66
1064.84	3222.22
1066.46	3225.70
1068.07	3220.82
1069.68	3227.45
1071.30	3227.80
1072.91	3233.03
1074.53	3231.98
1076.14	3234.07
1077.76	3230.94
1079.37	3221.87
1080.98	3218.03
1082.60	3219.42
1084.21	3222.56
1085.83	3226.40
1087.44	3216.98
1089.05	3215.24
1090.67	3210.70
1092.28	3217.33
1093.89	3219.42
1095.50	3221.17
1097.12	3223.26
1098.73	3220.47
1100.34	3219.42
1101.95	3218.38
1103.57	3217.33
1105.18	3216.98
1106.79	3214.54
1108.40	3220.12
1110.01	3222.22
1111.63	3227.45
1113.24	3227.10
1114.85	3228.14
1116.46	3226.05
1118.07	3224.31
1119.68	3223.61
1121.29	3224.31
1122.90	3222.56
1124.51	3226.40
1126.12	3226.75
1127.73	3235.82
1129.34	3235.47
1130.95	3236.86
1132.56	3223.61
1134.17	3219.77
1135.78	3218.38
1137.39	3225.70
1139.00	3222.22
1140.61	3222.22
1142.22	3222.56
1143.83	3229.19
1145.44	3230.94
1147.05	3237.91
1148.65	3233.38
1150.26	3229.54
1151.87	3221.17
1153.48	3228.14
1155.09	3231.28
1156.69	3233.73
1158.30	3229.19
1159.91	3232.33
1161.52	3234.07
1163.12	3235.12
1164.73	3236.52
1166.34	3235.47
1167.94	3238.96
1169.55	3237.91
1171.16	3242.45
1172.76	3244.54
1174.37	3245.58
1175.97	3241.40
1177.58	3243.14
1179.19	3239.31
1180.79	3240.35
1182.40	3232.33
1184.00	3238.26
1185.61	3246.63
1187.21	3250.12
1188.82	3247.68
1190.42	3245.24
1192.02	3247.68
1193.63	3247.33
1195.23	3249.07
1196.84	3250.82
1198.44	3253.96
1200.04	3253.26
1201.65	3252.21
1203.25	3255.00
1204.85	3252.56
1206.46	3251.17
1208.06	3243.84
1209.66	3243.14
1211.26	3251.17
1212.87	3250.82
1214.47	3253.61
1216.07	3247.33
1217.67	3252.21
1219.27	3250.12
1220.87	3251.51
1222.48	3249.07
1224.08	3252.91
1225.68	3250.82
1227.28	3253.26
1228.88	3255.00
1230.48	3255.00
1232.08	3255.00
1233.68	3256.05
1235.28	3254.65
1236.88	3250.12
1238.48	3250.82
1240.08	3250.82
1241.68	3252.91
1243.28	3245.58
1244.87	3241.40
1246.47	3238.61
1248.07	3234.77
1249.67	3245.93
1251.27	3244.54
1252.87	3244.54
1254.46	3232.68
1256.06	3234.77
1257.66	3231.63
1259.26	3235.47
1260.85	3231.98
1262.45	3234.42
1264.05	3229.89
1265.64	3229.89
1267.24	3231.98
1268.83	3236.17
1270.43	3241.75
1272.03	3242.79
1273.62	3235.47
1275.22	3233.73
1276.81	3229.54
1278.41	3239.31
1280.00	3235.47
1281.60	3234.77
1283.19	3229.54
1284.79	3228.49
1286.38	3229.19
1287.97	3229.19
1289.57	3227.80
1291.16	3225.35
1292.75	3225.35
1294.35	3227.10
1295.94	3228.49
1297.53	3223.96
1299.12	3224.31
1300.72	3218.73
1302.31	3223.26
1303.90	3226.40
1305.49	3229.54
1307.08	3223.96
1308.68	3214.89
1310.27	3213.84
1311.86	3211.40
1313.45	3213.50
1315.04	3210.36
1316.63	3212.80
1318.22	3210.01
1319.81	3211.75
1321.40	3210.36
1322.99	3207.57
1324.58	3204.78
1326.17	3201.64
1327.75	3201.98
1329.34	3202.33
1330.93	3201.98
1332.52	3201.98
1334.11	3200.59
1335.70	3198.15
1337.28	3194.31
1338.87	3192.22
1340.46	3190.13
1342.05	3190.82
1343.63	3190.13
1345.22	3196.06
1346.81	3194.31
1348.39	3192.22
1349.98	3182.80
1351.56	3174.78
1353.15	3168.50
1354.73	3160.13
1356.32	3155.25
1357.90	3151.76
1359.49	3147.22
1361.07	3143.39
1362.66	3135.36
1364.24	3135.02
1365.82	3140.60
1367.41	3140.94
1368.99	3137.46
1370.57	3133.62
1372.16	3134.67
1373.74	3137.81
1375.32	3132.92
1376.91	3122.11
1378.49	3107.46
1380.07	3093.16
1381.65	3082.70
1383.23	3081.65
1384.81	3079.90
1386.39	3083.74
1387.97	3077.81
1389.55	3074.32
1391.14	3063.16
1392.72	3058.28
1394.29	3051.30
1395.87	3043.98
1397.45	3038.40
1399.03	3033.17
1400.61	3033.17
1402.19	3025.84
1403.77	3024.79
1405.35	3019.21
1406.92	3018.17
1408.50	3011.89
1410.08	3010.84
1411.66	3010.49
1413.23	3014.68
1414.81	3008.75
1416.39	3008.40
1417.96	2999.33
1419.54	3003.52
1421.12	3003.17
1422.69	3004.91
1424.27	3006.31
1425.84	3005.26
1427.42	3006.66
1428.99	3002.12
1430.57	2997.59
1432.14	2993.40
1433.71	2995.84
1435.29	2999.33
1436.86	3000.38
1438.43	2995.50
1440.01	2933.41
1441.58	2932.01
1443.15	2937.94
1444.72	2997.59
1446.30	3004.22
1447.87	2999.68
1449.44	2994.10
1451.01	2988.52
1452.58	2989.91
1454.15	2994.45
1455.72	2994.80
1457.29	2996.54
1458.86	2994.10
1460.43	2999.68
1462.00	2998.63
1463.57	3002.12
1465.14	2998.98
1466.71	2998.29
1468.28	3001.08
1469.85	3000.03
1471.41	2998.98
1472.98	3003.87
1474.55	3004.22
1476.12	3006.66
1477.68	3004.56
1479.25	3007.01
1480.82	3012.24
1482.38	3009.10
1483.95	3011.89
1485.51	3015.73
1487.08	3022.70
1488.64	3026.89
1490.21	3022.00
1491.77	3023.40
1493.34	3018.52
1494.90	3019.91
1496.46	3019.91
1498.03	3024.10
1499.59	3027.58
1501.15	3025.84
1502.72	3026.54
1504.28	3024.45
1505.84	3022.00
1507.40	3021.66
1508.97	3024.10
1510.53	3032.47
1512.09	3036.65
1513.65	3037.00
1515.21	3030.03
1516.77	3030.03
1518.33	3031.77
1519.89	3039.79
1521.45	3039.79
1523.01	3045.72
1524.57	3045.72
1526.13	3046.42
1527.68	3046.77
1529.24	3046.77
1530.80	3049.56
1532.36	3045.37
1533.92	3040.49
1535.47	3038.75
1537.03	3044.68
1538.59	3048.86
1540.14	3046.77
1541.70	3049.56
1543.25	3053.05
1544.81	3059.67
1546.36	3052.35
1547.92	3054.09
1549.47	3051.65
1551.03	3051.65
1552.58	3047.82
1554.13	3050.95
1555.69	3052.70
1557.24	3054.79
1558.79	3052.00
1560.35	3052.70
1561.90	3049.56
1563.45	3048.16
1565.00	3046.07
1566.55	3047.82
1568.10	3043.63
1569.66	3044.68
1571.21	3046.07
1572.76	3052.00
1574.31	3052.35
1575.86	3048.86
1577.40	3045.72
1578.95	3043.98
1580.50	3041.89
1582.05	3039.10
1583.60	3034.91
1585.15	3035.61
1586.69	3040.84
1588.24	3047.12
1589.79	3042.93
1591.34	3039.79
1592.88	3032.47
1594.43	3037.00
1595.97	3035.26
1597.52	3037.35
1599.06	3031.77
1600.61	3035.61
1602.15	3034.56
1603.70	3037.35
1605.24	3033.17
1606.79	3029.68
1608.33	3028.63
1609.87	3027.58
1611.41	3034.56
1612.96	3031.42
1614.50	3027.58
1616.04	3024.10
1617.58	3021.31
1619.12	3022.35
1620.67	3009.45
1622.21	3013.28
1623.75	3005.26
1625.29	3008.05
1626.83	3007.35
1628.37	3005.61
1629.90	3003.17
1631.44	2996.19
1632.98	2988.87
1634.52	2981.54
1636.06	2975.26
1637.59	2971.43
1639.13	2967.59
1640.67	2953.99
1642.21	2946.31
1643.74	2929.57
1645.28	2914.22
1646.81	2902.71
1648.35	2888.41
1649.88	2882.14
1651.42	2865.74
1652.95	2866.79
1654.49	2857.37
1656.02	2853.18
1657.55	2836.79
1659.09	2833.30
1660.62	2822.49
1662.15	2824.23
1663.68	2815.17
1665.22	2815.17
1666.75	2806.79
1668.28	2809.93
1669.81	2806.45
1671.34	2808.89
1672.87	2806.45
1674.40	2801.91
1675.93	2790.05
1677.46	2777.50
1678.99	2774.01
1680.52	2777.84
1682.04	2778.54
1683.57	2779.24
1685.10	2774.70
1686.63	2775.05
1688.15	2770.17
1689.68	2767.38
1691.21	2762.85
1692.73	2764.94
1694.26	2766.33
1695.78	2766.33
1697.31	2760.40
1698.83	2757.96
1700.36	2751.68
1701.88	2756.22
1703.40	2752.73
1704.93	2756.57
1706.45	2754.13
