896.35	3005.26
897.98	2998.98
899.60	3002.12
901.22	3028.28
902.85	3022.00
904.47	3040.84
906.10	3043.98
907.72	3042.93
909.34	3062.81
910.97	3079.56
912.59	3100.48
914.21	3121.41
915.84	3144.43
917.46	3187.34
919.08	3213.50
920.71	3223.96
922.33	3246.98
923.95	3256.40
925.58	3278.37
927.20	3276.28
928.82	3290.93
930.44	3313.95
932.07	3307.67
933.69	3298.25
935.31	3309.76
936.93	3317.09
938.56	3322.32
940.18	3327.55
941.80	3329.65
943.42	3341.16
945.05	3354.76
946.67	3336.97
948.29	3341.16
949.91	3339.06
951.53	3359.99
953.16	3370.46
954.78	3357.90
956.40	3343.25
958.02	3344.30
959.64	3345.34
961.26	3346.39
962.88	3351.62
964.51	3336.97
966.13	3353.71
967.75	3354.76
969.37	3346.39
970.99	3347.43
972.61	3349.53
974.23	3343.25
975.85	3349.53
977.47	3356.85
979.09	3346.39
980.71	3341.16
982.33	3347.43
983.95	3356.85
985.57	3369.41
987.19	3357.90
988.81	3378.83
990.43	3364.18
992.05	3369.41
993.67	3378.83
995.29	3376.73
996.91	3373.59
998.53	3397.66
1000.15	3394.52
1001.77	3396.62
1003.39	3401.85
1005.01	3401.85
1006.63	3414.40
1008.25	3411.26
1009.86	3422.78
1011.48	3410.22
1013.10	3414.40
1014.72	3425.91
1016.34	3440.56
1017.96	3454.17
1019.58	3439.52
1021.19	3441.61
1022.81	3442.66
1024.43	3461.49
1026.05	3454.17
1027.66	3470.91
1029.28	3462.54
1030.90	3470.91
1032.52	3453.12
1034.13	3468.82
1035.75	3477.19
1037.37	3474.05
1038.98	3474.05
1040.60	3470.91
1042.22	3459.40
1043.83	3469.86
1045.45	3474.05
1047.07	3478.23
1048.68	3494.98
1050.30	3473.00
1051.92	3488.70
1053.53	3481.37
1055.15	3482.42
1056.76	3476.14
1058.38	3480.33
1059.99	3483.47
1061.61	3471.96
1063.22	3469.86
1064.84	3483.47
1066.46	3474.05
1068.07	3458.35
1069.68	3463.58
1071.30	3479.28
1072.91	3469.86
1074.53	3466.72
1076.14	3474.05
1077.76	3458.35
1079.37	3459.40
1080.98	3431.15
1082.60	3460.45
1084.21	3457.31
1085.83	3446.84
1087.44	3449.98
1089.05	3445.80
1090.67	3441.61
1092.28	3433.24
1093.89	3447.89
1095.50	3438.47
1097.12	3428.01
1098.73	3446.84
1100.34	3429.05
1101.95	3441.61
1103.57	3435.33
1105.18	3425.91
1106.79	3420.68
1108.40	3437.42
1110.01	3432.19
1111.63	3435.33
1113.24	3434.29
1114.85	3429.05
1116.46	3436.38
1118.07	3447.89
1119.68	3436.38
1121.29	3444.75
1122.90	3429.05
1124.51	3424.87
1126.12	3436.38
1127.73	3449.98
1129.34	3446.84
1130.95	3452.07
1132.56	3454.17
1134.17	3421.73
1135.78	3429.05
1137.39	3435.33
1139.00	3425.91
1140.61	3432.19
1142.22	3431.15
1143.83	3429.05
1145.44	3424.87
1147.05	3426.96
1148.65	3430.10
1150.26	3416.50
1151.87	3410.22
1153.48	3421.73
1155.09	3421.73
1156.69	3422.78
1158.30	3422.78
1159.91	3423.82
1161.52	3431.15
1163.12	3429.05
1164.73	3419.64
1166.34	3433.24
1167.94	3422.78
1169.55	3429.05
1171.16	3428.01
1172.76	3429.05
1174.37	3424.87
1175.97	3440.56
1177.58	3420.68
1179.19	3437.42
1180.79	3420.68
1182.40	3423.82
1184.00	3417.54
1185.61	3439.52
1187.21	3430.10
1188.82	3424.87
1190.42	3424.87
1192.02	3419.64
1193.63	3403.94
1195.23	3426.96
1196.84	3423.82
1198.44	3418.59
1200.04	3422.78
1201.65	3428.01
1203.25	3419.64
1204.85	3423.82
1206.46	3407.08
1208.06	3415.45
1209.66	3412.31
1211.26	3404.99
1212.87	3428.01
1214.47	3411.26
1216.07	3412.31
1217.67	3408.13
1219.27	3397.66
1220.87	3403.94
1222.48	3406.03
1224.08	3404.99
1225.68	3399.75
1227.28	3404.99
1228.88	3394.52
1230.48	3400.80
1232.08	3371.50
1233.68	3391.38
1235.28	3393.48
1236.88	3376.73
1238.48	3372.55
1240.08	3399.75
1241.68	3362.08
1243.28	3356.85
1244.87	3358.94
1246.47	3356.85
1248.07	3350.57
1249.67	3354.76
1251.27	3365.22
1252.87	3341.16
1254.46	3340.11
1256.06	3344.30
1257.66	3338.02
1259.26	3329.65
1260.85	3331.74
1262.45	3330.69
1264.05	3330.69
1265.64	3329.65
1267.24	3330.69
1268.83	3336.97
1270.43	3326.51
1272.03	3332.78
1273.62	3324.41
1275.22	3306.62
1276.81	3323.37
1278.41	3305.58
1280.00	3306.62
1281.60	3297.21
1283.19	3299.30
1284.79	3304.53
1286.38	3297.21
1287.97	3309.76
1289.57	3301.39
1291.16	3302.44
1292.75	3288.84
1294.35	3296.16
1295.94	3279.42
1297.53	3284.65
1299.12	3268.95
1300.72	3297.21
1302.31	3263.72
1303.90	3287.79
1305.49	3285.70
1307.08	3261.63
1308.68	3255.35
1310.27	3263.72
1311.86	3257.44
1313.45	3253.26
1315.04	3261.63
1316.63	3251.17
1318.22	3251.17
1319.81	3242.79
1321.40	3241.75
1322.99	3245.93
1324.58	3226.05
1326.17	3229.19
1327.75	3222.91
1329.34	3221.87
1330.93	3206.17
1332.52	3204.08
1334.11	3207.22
1335.70	3206.17
1337.28	3196.75
1338.87	3203.03
1340.46	3198.85
1342.05	3194.66
1343.63	3191.52
1345.22	3192.57
1346.81	3201.98
1348.39	3184.20
1349.98	3175.82
1351.56	3168.50
1353.15	3168.50
1354.73	3170.59
1356.32	3150.71
1357.90	3150.71
1359.49	3150.71
1361.07	3138.15
1362.66	3127.69
1364.24	3125.60
1365.82	3129.78
1367.41	3129.78
1368.99	3099.44
1370.57	3100.48
1372.16	3111.99
1373.74	3105.72
1375.32	3097.34
1376.91	3077.46
1378.49	3051.30
1380.07	3029.33
1381.65	3025.14
1383.23	3010.49
1384.81	3013.63
1386.39	3003.17
1387.97	3011.54
1389.55	2992.70
1391.14	2979.10
1392.72	2960.27
1394.29	2962.36
1395.87	2955.03
1397.45	2942.48
1399.03	2945.62
1400.61	2937.25
1402.19	2930.97
1403.77	2917.36
1405.35	2932.01
1406.92	2919.46
1408.50	2917.36
1410.08	2912.13
1411.66	2902.71
1413.23	2904.81
1414.81	2910.04
1416.39	2888.06
1417.96	2906.90
1419.54	2897.48
1421.12	2906.90
1422.69	2905.85
1424.27	2893.30
1425.84	2897.48
1427.42	2887.02
1428.99	2888.06
1430.57	2883.88
1432.14	2882.83
1433.71	2880.74
1435.29	2888.06
1436.86	2884.93
1438.43	2882.83
1440.01	2880.74
1441.58	2757.26
1443.15	2887.02
1444.72	2885.97
1446.30	2877.60
1447.87	2881.79
1449.44	2878.65
1451.01	2872.37
1452.58	2882.83
1454.15	2882.83
1455.72	2870.28
1457.29	2880.74
1458.86	2881.79
1460.43	2876.55
1462.00	2892.25
1463.57	2883.88
1465.14	2881.79
1466.71	2874.46
1468.28	2878.65
1469.85	2878.65
1471.41	2882.83
1472.98	2880.74
1474.55	2887.02
1476.12	2867.14
1477.68	2873.42
1479.25	2890.16
1480.82	2873.42
1482.38	2877.60
1483.95	2869.23
1485.51	2881.79
1487.08	2896.44
1488.64	2882.83
1490.21	2891.20
1491.77	2878.65
1493.34	2893.30
1494.90	2888.06
1496.46	2877.60
1498.03	2880.74
1499.59	2885.97
1501.15	2891.20
1502.72	2884.93
1504.28	2893.30
1505.84	2887.02
1507.40	2885.97
1508.97	2898.53
1510.53	2895.39
1512.09	2898.53
1513.65	2898.53
1515.21	2899.58
1516.77	2889.11
1518.33	2912.13
1519.89	2911.09
1521.45	2896.44
1523.01	2901.67
1524.57	2905.85
1526.13	2893.30
1527.68	2899.58
1529.24	2916.32
1530.80	2907.95
1532.36	2907.95
1533.92	2891.20
1535.47	2897.48
1537.03	2900.62
1538.59	2910.04
1540.14	2893.30
1541.70	2896.44
1543.25	2907.95
1544.81	2905.85
1546.36	2908.99
1547.92	2883.88
1549.47	2900.62
1551.03	2910.04
1552.58	2897.48
1554.13	2882.83
1555.69	2893.30
1557.24	2888.06
1558.79	2893.30
1560.35	2882.83
1561.90	2897.48
1563.45	2880.74
1565.00	2891.20
1566.55	2888.06
1568.10	2888.06
1569.66	2874.46
1571.21	2880.74
1572.76	2887.02
1574.31	2892.25
1575.86	2887.02
1577.40	2868.18
1578.95	2869.23
1580.50	2875.51
1582.05	2872.37
1583.60	2875.51
1585.15	2866.09
1586.69	2864.00
1588.24	2873.42
1589.79	2880.74
1591.34	2861.90
1592.88	2883.88
1594.43	2853.53
1595.97	2865.04
1597.52	2867.14
1599.06	2860.86
1600.61	2853.53
1602.15	2868.18
1603.70	2849.35
1605.24	2855.63
1606.79	2857.72
1608.33	2858.77
1609.87	2850.39
1611.41	2857.72
1612.96	2853.53
1614.50	2836.79
1616.04	2843.07
1617.58	2852.49
1619.12	2844.12
1620.67	2846.21
1622.21	2825.28
1623.75	2850.39
1625.29	2830.51
1626.83	2829.47
1628.37	2845.16
1629.90	2824.23
1631.44	2824.23
1632.98	2821.10
1634.52	2805.40
1636.06	2809.58
1637.59	2817.96
1639.13	2799.12
1640.67	2799.12
1642.21	2778.19
1643.74	2770.87
1645.28	2749.94
1646.81	2749.94
1648.35	2761.45
1649.88	2732.15
1651.42	2739.48
1652.95	2717.50
1654.49	2737.38
1656.02	2719.59
1657.55	2719.59
1659.09	2697.62
1660.62	2722.73
1662.15	2708.08
1663.68	2714.36
1665.22	2696.57
1666.75	2694.48
1668.28	2682.97
1669.81	2709.13
1671.34	2690.29
1672.87	2700.76
1674.40	2697.62
1675.93	2687.16
1677.46	2675.65
1678.99	2677.74
1680.52	2677.74
1682.04	2691.34
1683.57	2678.78
1685.10	2686.11
1686.63	2677.74
1688.15	2674.60
1689.68	2662.04
1691.21	2665.18
1692.73	2673.55
1694.26	2675.65
1695.78	2668.32
1697.31	2666.23
1698.83	2658.90
1700.36	2674.60
1701.88	2665.18
1703.40	2668.32
1704.93	2643.21
1706.45	2662.04
