896.35	3003.17
897.98	3013.63
899.60	3012.59
901.22	3033.51
902.85	3024.10
904.47	3033.51
906.10	3036.65
907.72	3054.44
909.34	3069.09
910.97	3083.74
912.59	3098.39
914.21	3127.69
915.84	3158.04
917.46	3195.71
919.08	3215.59
920.71	3232.33
922.33	3260.58
923.95	3274.19
925.58	3295.11
927.20	3286.74
928.82	3298.25
930.44	3321.27
932.07	3311.86
933.69	3317.09
935.31	3322.32
936.93	3336.97
938.56	3326.51
940.18	3336.97
941.80	3338.02
943.42	3359.99
945.05	3369.41
946.67	3351.62
948.29	3364.18
949.91	3357.90
951.53	3372.55
953.16	3372.55
954.78	3366.27
956.40	3346.39
958.02	3352.67
959.64	3365.22
961.26	3370.46
962.88	3363.13
964.51	3349.53
966.13	3378.83
967.75	3367.32
969.37	3356.85
970.99	3357.90
972.61	3364.18
974.23	3355.81
975.85	3363.13
977.47	3371.50
979.09	3370.46
980.71	3359.99
982.33	3369.41
983.95	3372.55
985.57	3381.97
987.19	3373.59
988.81	3391.38
990.43	3378.83
992.05	3380.92
993.67	3397.66
995.29	3393.48
996.91	3374.64
998.53	3404.99
1000.15	3409.17
1001.77	3412.31
1003.39	3415.45
1005.01	3417.54
1006.63	3416.50
1008.25	3430.10
1009.86	3436.38
1011.48	3437.42
1013.10	3442.66
1014.72	3459.40
1016.34	3460.45
1017.96	3474.05
1019.58	3455.21
1021.19	3463.58
1022.81	3465.68
1024.43	3477.19
1026.05	3468.82
1027.66	3480.33
1029.28	3477.19
1030.90	3475.10
1032.52	3474.05
1034.13	3487.65
1035.75	3483.47
1037.37	3488.70
1038.98	3501.26
1040.60	3491.84
1042.22	3483.47
1043.83	3486.61
1045.45	3486.61
1047.07	3498.12
1048.68	3498.12
1050.30	3482.42
1051.92	3494.98
1053.53	3497.07
1055.15	3498.12
1056.76	3488.70
1058.38	3494.98
1059.99	3507.53
1061.61	3500.21
1063.22	3491.84
1064.84	3494.98
1066.46	3489.74
1068.07	3488.70
1069.68	3482.42
1071.30	3492.88
1072.91	3480.33
1074.53	3484.51
1076.14	3497.07
1077.76	3486.61
1079.37	3491.84
1080.98	3452.07
1082.60	3465.68
1084.21	3468.82
1085.83	3463.58
1087.44	3468.82
1089.05	3456.26
1090.67	3447.89
1092.28	3453.12
1093.89	3459.40
1095.50	3469.86
1097.12	3458.35
1098.73	3461.49
1100.34	3452.07
1101.95	3462.54
1103.57	3458.35
1105.18	3443.70
1106.79	3429.05
1108.40	3456.26
1110.01	3464.63
1111.63	3458.35
1113.24	3457.31
1114.85	3454.17
1116.46	3452.07
1118.07	3456.26
1119.68	3443.70
1121.29	3462.54
1122.90	3454.17
1124.51	3465.68
1126.12	3464.63
1127.73	3463.58
1129.34	3460.45
1130.95	3457.31
1132.56	3460.45
1134.17	3445.80
1135.78	3445.80
1137.39	3446.84
1139.00	3432.19
1140.61	3447.89
1142.22	3461.49
1143.83	3441.61
1145.44	3434.29
1147.05	3438.47
1148.65	3454.17
1150.26	3440.56
1151.87	3437.42
1153.48	3442.66
1155.09	3445.80
1156.69	3444.75
1158.30	3430.10
1159.91	3437.42
1161.52	3447.89
1163.12	3448.94
1164.73	3435.33
1166.34	3455.21
1167.94	3441.61
1169.55	3447.89
1171.16	3449.98
1172.76	3457.31
1174.37	3442.66
1175.97	3444.75
1177.58	3423.82
1179.19	3441.61
1180.79	3440.56
1182.40	3452.07
1184.00	3442.66
1185.61	3458.35
1187.21	3451.03
1188.82	3443.70
1190.42	3448.94
1192.02	3439.52
1193.63	3434.29
1195.23	3439.52
1196.84	3443.70
1198.44	3448.94
1200.04	3446.84
1201.65	3457.31
1203.25	3453.12
1204.85	3438.47
1206.46	3420.68
1208.06	3430.10
1209.66	3424.87
1211.26	3423.82
1212.87	3442.66
1214.47	3423.82
1216.07	3433.24
1217.67	3428.01
1219.27	3425.91
1220.87	3420.68
1222.48	3419.64
1224.08	3417.54
1225.68	3423.82
1227.28	3421.73
1228.88	3412.31
1230.48	3410.22
1232.08	3399.75
1233.68	3413.36
1235.28	3414.40
1236.88	3400.80
1238.48	3381.97
1240.08	3408.13
1241.68	3380.92
1243.28	3388.24
1244.87	3377.78
1246.47	3368.36
1248.07	3363.13
1249.67	3373.59
1251.27	3381.97
1252.87	3364.18
1254.46	3354.76
1256.06	3352.67
1257.66	3345.34
1259.26	3340.11
1260.85	3366.27
1262.45	3350.57
1264.05	3348.48
1265.64	3348.48
1267.24	3342.20
1268.83	3344.30
1270.43	3334.88
1272.03	3344.30
1273.62	3332.78
1275.22	3323.37
1276.81	3345.34
1278.41	3334.88
1280.00	3341.16
1281.60	3325.46
1283.19	3321.27
1284.79	3328.60
1286.38	3318.14
1287.97	3319.18
1289.57	3306.62
1291.16	3309.76
1292.75	3308.72
1294.35	3312.90
1295.94	3313.95
1297.53	3312.90
1299.12	3294.07
1300.72	3307.67
1302.31	3277.33
1303.90	3306.62
1305.49	3306.62
1307.08	3287.79
1308.68	3281.51
1310.27	3281.51
1311.86	3280.46
1313.45	3271.05
1315.04	3261.63
1316.63	3261.63
1318.22	3256.40
1319.81	3257.44
1321.40	3257.44
1322.99	3263.72
1324.58	3245.93
1326.17	3251.17
1327.75	3233.38
1329.34	3233.38
1330.93	3229.19
1332.52	3228.14
1334.11	3228.14
1335.70	3226.05
1337.28	3213.50
1338.87	3217.68
1340.46	3222.91
1342.05	3218.73
1343.63	3209.31
1345.22	3207.22
1346.81	3206.17
1348.39	3195.71
1349.98	3198.85
1351.56	3188.38
1353.15	3175.82
1354.73	3185.24
1356.32	3163.27
1357.90	3162.22
1359.49	3154.90
1361.07	3137.11
1362.66	3133.97
1364.24	3144.43
1365.82	3147.57
1367.41	3148.62
1368.99	3123.50
1370.57	3117.23
1372.16	3122.46
1373.74	3114.09
1375.32	3113.04
1376.91	3099.44
1378.49	3070.14
1380.07	3051.30
1381.65	3045.02
1383.23	3024.10
1384.81	3023.05
1386.39	3007.35
1387.97	3014.68
1389.55	3002.12
1391.14	2994.80
1392.72	2978.06
1394.29	2971.78
1395.87	2967.59
1397.45	2955.03
1399.03	2948.76
1400.61	2934.11
1402.19	2929.92
1403.77	2921.55
1405.35	2941.43
1406.92	2918.41
1408.50	2921.55
1410.08	2921.55
1411.66	2906.90
1413.23	2907.95
1414.81	2918.41
1416.39	2903.76
1417.96	2902.71
1419.54	2897.48
1421.12	2903.76
1422.69	2906.90
1424.27	2898.53
1425.84	2904.81
1427.42	2895.39
1428.99	2899.58
1430.57	2900.62
1432.14	2895.39
1433.71	2888.06
1435.29	2898.53
1436.86	2902.71
1438.43	2894.34
1440.01	2891.20
1441.58	2768.78
1443.15	2891.20
1444.72	2897.48
1446.30	2880.74
1447.87	2888.06
1449.44	2882.83
1451.01	2875.51
1452.58	2892.25
1454.15	2889.11
1455.72	2877.60
1457.29	2872.37
1458.86	2882.83
1460.43	2876.55
1462.00	2896.44
1463.57	2887.02
1465.14	2891.20
1466.71	2873.42
1468.28	2881.79
1469.85	2880.74
1471.41	2883.88
1472.98	2873.42
1474.55	2890.16
1476.12	2870.28
1477.68	2874.46
1479.25	2890.16
1480.82	2885.97
1482.38	2892.25
1483.95	2880.74
1485.51	2892.25
1487.08	2887.02
1488.64	2883.88
1490.21	2892.25
1491.77	2878.65
1493.34	2896.44
1494.90	2878.65
1496.46	2887.02
1498.03	2889.11
1499.59	2897.48
1501.15	2892.25
1502.72	2887.02
1504.28	2901.67
1505.84	2897.48
1507.40	2888.06
1508.97	2904.81
1510.53	2901.67
1512.09	2908.99
1513.65	2907.95
1515.21	2900.62
1516.77	2890.16
1518.33	2915.27
1519.89	2901.67
1521.45	2894.34
1523.01	2901.67
1524.57	2918.41
1526.13	2902.71
1527.68	2912.13
1529.24	2914.22
1530.80	2907.95
1532.36	2923.64
1533.92	2908.99
1535.47	2899.58
1537.03	2895.39
1538.59	2902.71
1540.14	2901.67
1541.70	2896.44
1543.25	2920.50
1544.81	2910.04
1546.36	2910.04
1547.92	2894.34
1549.47	2904.81
1551.03	2904.81
1552.58	2897.48
1554.13	2900.62
1555.69	2907.95
1557.24	2896.44
1558.79	2891.20
1560.35	2884.93
1561.90	2893.30
1563.45	2888.06
1565.00	2897.48
1566.55	2889.11
1568.10	2884.93
1569.66	2877.60
1571.21	2895.39
1572.76	2892.25
1574.31	2900.62
1575.86	2885.97
1577.40	2868.18
1578.95	2877.60
1580.50	2881.79
1582.05	2872.37
1583.60	2873.42
1585.15	2865.04
1586.69	2873.42
1588.24	2877.60
1589.79	2885.97
1591.34	2866.09
1592.88	2876.55
1594.43	2850.39
1595.97	2869.23
1597.52	2868.18
1599.06	2861.90
1600.61	2857.72
1602.15	2879.69
1603.70	2862.95
1605.24	2864.00
1606.79	2864.00
1608.33	2848.30
1609.87	2845.16
1611.41	2869.23
1612.96	2859.81
1614.50	2849.35
1616.04	2846.21
1617.58	2855.63
1619.12	2844.12
1620.67	2851.44
1622.21	2830.51
1623.75	2851.44
1625.29	2836.79
1626.83	2839.93
1628.37	2857.72
1629.90	2819.00
1631.44	2817.96
1632.98	2827.37
1634.52	2805.40
1636.06	2811.68
1637.59	2820.05
1639.13	2800.17
1640.67	2793.89
1642.21	2776.10
1643.74	2780.29
1645.28	2763.54
1646.81	2748.89
1648.35	2757.26
1649.88	2732.15
1651.42	2743.66
1652.95	2719.59
1654.49	2742.62
1656.02	2716.45
1657.55	2723.78
1659.09	2693.43
1660.62	2716.45
1662.15	2696.57
1663.68	2705.99
1665.22	2700.76
1666.75	2696.57
1668.28	2693.43
1669.81	2710.18
1671.34	2698.67
1672.87	2699.71
1674.40	2698.67
1675.93	2688.20
1677.46	2677.74
1678.99	2678.78
1680.52	2674.60
1682.04	2692.39
1683.57	2680.88
1685.10	2686.11
1686.63	2680.88
1688.15	2681.92
1689.68	2672.51
1691.21	2676.69
1692.73	2673.55
1694.26	2676.69
1695.78	2662.04
1697.31	2673.55
1698.83	2661.00
1700.36	2671.46
1701.88	2659.95
1703.40	2666.23
1704.93	2658.90
1706.45	2659.95
