896.35	3045.02
897.98	3055.49
899.60	3059.67
901.22	3091.07
902.85	3073.28
904.47	3088.97
906.10	3102.58
907.72	3106.76
909.34	3123.50
910.97	3142.34
912.59	3151.76
914.21	3189.43
915.84	3217.68
917.46	3277.33
919.08	3303.49
920.71	3311.86
922.33	3332.78
923.95	3355.81
925.58	3371.50
927.20	3373.59
928.82	3387.20
930.44	3409.17
932.07	3395.57
933.69	3398.71
935.31	3414.40
936.93	3422.78
938.56	3411.26
940.18	3434.29
941.80	3426.96
943.42	3444.75
945.05	3453.12
946.67	3446.84
948.29	3448.94
949.91	3441.61
951.53	3452.07
953.16	3464.63
954.78	3460.45
956.40	3447.89
958.02	3441.61
959.64	3454.17
961.26	3447.89
962.88	3455.21
964.51	3436.38
966.13	3461.49
967.75	3448.94
969.37	3445.80
970.99	3445.80
972.61	3454.17
974.23	3453.12
975.85	3460.45
977.47	3451.03
979.09	3454.17
980.71	3444.75
982.33	3453.12
983.95	3452.07
985.57	3475.10
987.19	3455.21
988.81	3475.10
990.43	3475.10
992.05	3473.00
993.67	3483.47
995.29	3487.65
996.91	3479.28
998.53	3509.63
1000.15	3498.12
1001.77	3514.86
1003.39	3518.00
1005.01	3519.04
1006.63	3525.32
1008.25	3527.42
1009.86	3533.69
1011.48	3529.51
1013.10	3524.28
1014.72	3548.34
1016.34	3550.44
1017.96	3566.13
1019.58	3553.58
1021.19	3554.62
1022.81	3555.67
1024.43	3576.60
1026.05	3567.18
1027.66	3588.11
1029.28	3575.55
1030.90	3583.92
1032.52	3574.50
1034.13	3583.92
1035.75	3590.20
1037.37	3595.43
1038.98	3610.08
1040.60	3602.76
1042.22	3591.25
1043.83	3607.99
1045.45	3599.62
1047.07	3596.48
1048.68	3596.48
1050.30	3600.66
1051.92	3613.22
1053.53	3603.80
1055.15	3600.66
1056.76	3598.57
1058.38	3596.48
1059.99	3613.22
1061.61	3603.80
1063.22	3596.48
1064.84	3598.57
1066.46	3590.20
1068.07	3583.92
1069.68	3596.48
1071.30	3587.06
1072.91	3581.83
1074.53	3577.64
1076.14	3597.52
1077.76	3582.87
1079.37	3584.97
1080.98	3557.76
1082.60	3575.55
1084.21	3572.41
1085.83	3572.41
1087.44	3572.41
1089.05	3566.13
1090.67	3562.99
1092.28	3556.71
1093.89	3564.04
1095.50	3560.90
1097.12	3550.44
1098.73	3567.18
1100.34	3533.69
1101.95	3558.81
1103.57	3551.48
1105.18	3545.20
1106.79	3535.79
1108.40	3554.62
1110.01	3542.06
1111.63	3561.95
1113.24	3560.90
1114.85	3552.53
1116.46	3547.30
1118.07	3559.85
1119.68	3546.25
1121.29	3561.95
1122.90	3549.39
1124.51	3551.48
1126.12	3546.25
1127.73	3550.44
1129.34	3553.58
1130.95	3575.55
1132.56	3564.04
1134.17	3537.88
1135.78	3543.11
1137.39	3559.85
1139.00	3544.16
1140.61	3550.44
1142.22	3541.02
1143.83	3538.93
1145.44	3542.06
1147.05	3550.44
1148.65	3541.02
1150.26	3531.60
1151.87	3528.46
1153.48	3539.97
1155.09	3547.30
1156.69	3544.16
1158.30	3530.55
1159.91	3529.51
1161.52	3539.97
1163.12	3543.11
1164.73	3533.69
1166.34	3547.30
1167.94	3532.65
1169.55	3548.34
1171.16	3541.02
1172.76	3544.16
1174.37	3535.79
1175.97	3559.85
1177.58	3534.74
1179.19	3555.67
1180.79	3531.60
1182.40	3535.79
1184.00	3531.60
1185.61	3556.71
1187.21	3553.58
1188.82	3547.30
1190.42	3544.16
1192.02	3539.97
1193.63	3510.67
1195.23	3541.02
1196.84	3544.16
1198.44	3538.93
1200.04	3535.79
1201.65	3544.16
1203.25	3536.83
1204.85	3541.02
1206.46	3520.09
1208.06	3530.55
1209.66	3518.00
1211.26	3522.18
1212.87	3532.65
1214.47	3512.77
1216.07	3513.81
1217.67	3521.14
1219.27	3515.90
1220.87	3515.90
1222.48	3508.58
1224.08	3506.49
1225.68	3503.35
1227.28	3512.77
1228.88	3499.16
1230.48	3511.72
1232.08	3483.47
1233.68	3505.44
1235.28	3507.53
1236.88	3492.88
1238.48	3469.86
1240.08	3493.93
1241.68	3458.35
1243.28	3475.10
1244.87	3462.54
1246.47	3456.26
1248.07	3443.70
1249.67	3449.98
1251.27	3452.07
1252.87	3451.03
1254.46	3435.33
1256.06	3436.38
1257.66	3438.47
1259.26	3438.47
1260.85	3433.24
1262.45	3430.10
1264.05	3421.73
1265.64	3414.40
1267.24	3418.59
1268.83	3424.87
1270.43	3411.26
1272.03	3433.24
1273.62	3412.31
1275.22	3403.94
1276.81	3415.45
1278.41	3408.13
1280.00	3420.68
1281.60	3412.31
1283.19	3399.75
1284.79	3406.03
1286.38	3394.52
1287.97	3402.89
1289.57	3387.20
1291.16	3384.06
1292.75	3368.36
1294.35	3394.52
1295.94	3386.15
1297.53	3389.29
1299.12	3359.99
1300.72	3374.64
1302.31	3347.43
1303.90	3373.59
1305.49	3366.27
1307.08	3351.62
1308.68	3350.57
1310.27	3349.53
1311.86	3351.62
1313.45	3346.39
1315.04	3342.20
1316.63	3339.06
1318.22	3335.92
1319.81	3323.37
1321.40	3323.37
1322.99	3328.60
1324.58	3301.39
1326.17	3305.58
1327.75	3303.49
1329.34	3306.62
1330.93	3300.35
1332.52	3300.35
1334.11	3296.16
1335.70	3285.70
1337.28	3270.00
1338.87	3276.28
1340.46	3271.05
1342.05	3270.00
1343.63	3257.44
1345.22	3262.68
1346.81	3268.95
1348.39	3251.17
1349.98	3252.21
1351.56	3250.12
1353.15	3240.70
1354.73	3231.28
1356.32	3218.73
1357.90	3217.68
1359.49	3219.77
1361.07	3196.75
1362.66	3190.47
1364.24	3191.52
1365.82	3191.52
1367.41	3198.85
1368.99	3185.24
1370.57	3171.64
1372.16	3167.45
1373.74	3159.08
1375.32	3154.90
1376.91	3144.43
1378.49	3104.67
1380.07	3087.93
1381.65	3080.60
1383.23	3063.86
1384.81	3055.49
1386.39	3040.84
1387.97	3052.35
1389.55	3041.89
1391.14	3027.24
1392.72	3005.26
1394.29	3005.26
1395.87	2986.43
1397.45	2979.10
1399.03	2982.24
1400.61	2971.78
1402.19	2972.82
1403.77	2952.94
1405.35	2969.68
1406.92	2942.48
1408.50	2946.66
1410.08	2934.11
1411.66	2933.06
1413.23	2939.34
1414.81	2937.25
1416.39	2919.46
1417.96	2936.20
1419.54	2924.69
1421.12	2932.01
1422.69	2933.06
1424.27	2916.32
1425.84	2928.87
1427.42	2916.32
1428.99	2923.64
1430.57	2910.04
1432.14	2900.62
1433.71	2906.90
1435.29	2913.18
1436.86	2913.18
1438.43	2907.95
1440.01	2904.81
1441.58	2786.56
1443.15	2906.90
1444.72	2906.90
1446.30	2899.58
1447.87	2901.67
1449.44	2899.58
1451.01	2896.44
1452.58	2905.85
1454.15	2905.85
1455.72	2891.20
1457.29	2891.20
1458.86	2904.81
1460.43	2896.44
1462.00	2910.04
1463.57	2899.58
1465.14	2898.53
1466.71	2891.20
1468.28	2895.39
1469.85	2895.39
1471.41	2901.67
1472.98	2897.48
1474.55	2905.85
1476.12	2895.39
1477.68	2891.20
1479.25	2904.81
1480.82	2896.44
1482.38	2910.04
1483.95	2894.34
1485.51	2903.76
1487.08	2914.22
1488.64	2910.04
1490.21	2917.36
1491.77	2892.25
1493.34	2912.13
1494.90	2900.62
1496.46	2902.71
1498.03	2907.95
1499.59	2910.04
1501.15	2914.22
1502.72	2917.36
1504.28	2914.22
1505.84	2910.04
1507.40	2907.95
1508.97	2921.55
1510.53	2911.09
1512.09	2929.92
1513.65	2934.11
1515.21	2924.69
1516.77	2918.41
1518.33	2935.15
1519.89	2926.78
1521.45	2927.83
1523.01	2923.64
1524.57	2929.92
1526.13	2926.78
1527.68	2934.11
1529.24	2941.43
1530.80	2937.25
1532.36	2934.11
1533.92	2926.78
1535.47	2926.78
1537.03	2925.74
1538.59	2934.11
1540.14	2929.92
1541.70	2921.55
1543.25	2947.71
1544.81	2939.34
1546.36	2937.25
1547.92	2913.18
1549.47	2924.69
1551.03	2930.97
1552.58	2925.74
1554.13	2926.78
1555.69	2933.06
1557.24	2917.36
1558.79	2920.50
1560.35	2916.32
1561.90	2927.83
1563.45	2916.32
1565.00	2932.01
1566.55	2915.27
1568.10	2918.41
1569.66	2907.95
1571.21	2919.46
1572.76	2920.50
1574.31	2916.32
1575.86	2916.32
1577.40	2901.67
1578.95	2910.04
1580.50	2905.85
1582.05	2898.53
1583.60	2891.20
1585.15	2885.97
1586.69	2897.48
1588.24	2907.95
1589.79	2913.18
1591.34	2890.16
1592.88	2910.04
1594.43	2888.06
1595.97	2901.67
1597.52	2895.39
1599.06	2897.48
1600.61	2877.60
1602.15	2905.85
1603.70	2895.39
1605.24	2889.11
1606.79	2883.88
1608.33	2876.55
1609.87	2882.83
1611.41	2895.39
1612.96	2893.30
1614.50	2870.28
1616.04	2870.28
1617.58	2874.46
1619.12	2867.14
1620.67	2876.55
1622.21	2851.44
1623.75	2875.51
1625.29	2864.00
1626.83	2866.09
1628.37	2869.23
1629.90	2838.88
1631.44	2846.21
1632.98	2850.39
1634.52	2824.23
1636.06	2829.47
1637.59	2837.84
1639.13	2820.05
1640.67	2813.77
1642.21	2793.89
1643.74	2802.26
1645.28	2777.15
1646.81	2754.13
1648.35	2763.54
1649.88	2743.66
1651.42	2755.17
1652.95	2735.29
1654.49	2749.94
1656.02	2727.97
1657.55	2725.87
1659.09	2701.81
1660.62	2719.59
1662.15	2704.94
1663.68	2711.22
1665.22	2705.99
1666.75	2717.50
1668.28	2698.67
1669.81	2713.32
1671.34	2704.94
1672.87	2707.04
1674.40	2708.08
1675.93	2696.57
1677.46	2681.92
1678.99	2679.83
1680.52	2675.65
1682.04	2694.48
1683.57	2679.83
1685.10	2682.97
1686.63	2676.69
1688.15	2679.83
1689.68	2665.18
1691.21	2671.46
1692.73	2677.74
1694.26	2682.97
1695.78	2674.60
1697.31	2675.65
1698.83	2670.41
1700.36	2678.78
1701.88	2662.04
1703.40	2674.60
1704.93	2657.86
1706.45	2665.18
