896.35	2650.53
897.98	2640.07
899.60	2652.62
901.22	2663.09
902.85	2657.86
904.47	2657.86
906.10	2666.23
907.72	2652.62
909.34	2665.18
910.97	2670.41
912.59	2677.74
914.21	2668.32
915.84	2668.32
917.46	2672.51
919.08	2679.83
920.71	2671.46
922.33	2696.57
923.95	2673.55
925.58	2700.76
927.20	2675.65
928.82	2693.43
930.44	2692.39
932.07	2686.11
933.69	2663.09
935.31	2679.83
936.93	2668.32
938.56	2690.29
940.18	2679.83
941.80	2690.29
943.42	2679.83
945.05	2704.94
946.67	2685.06
948.29	2702.85
949.91	2688.20
951.53	2703.90
953.16	2696.57
954.78	2714.36
956.40	2680.88
958.02	2702.85
959.64	2690.29
961.26	2694.48
962.88	2689.25
964.51	2698.67
966.13	2699.71
967.75	2710.18
969.37	2685.06
970.99	2700.76
972.61	2689.25
974.23	2699.71
975.85	2690.29
977.47	2712.27
979.09	2692.39
980.71	2699.71
982.33	2695.53
983.95	2705.99
985.57	2707.04
987.19	2715.41
988.81	2708.08
990.43	2711.22
992.05	2701.81
993.67	2719.59
995.29	2702.85
996.91	2700.76
998.53	2708.08
1000.15	2715.41
1001.77	2702.85
1003.39	2704.94
1005.01	2695.53
1006.63	2725.87
1008.25	2702.85
1009.86	2722.73
1011.48	2690.29
1013.10	2711.22
1014.72	2705.99
1016.34	2717.50
1017.96	2723.78
1019.58	2719.59
1021.19	2708.08
1022.81	2720.64
1024.43	2711.22
1026.05	2729.01
1027.66	2715.41
1029.28	2722.73
1030.90	2710.18
1032.52	2712.27
1034.13	2711.22
1035.75	2726.92
1037.37	2703.90
1038.98	2729.01
1040.60	2702.85
1042.22	2703.90
1043.83	2700.76
1045.45	2721.69
1047.07	2705.99
1048.68	2725.87
1050.30	2702.85
1051.92	2725.87
1053.53	2712.27
1055.15	2733.20
1056.76	2710.18
1058.38	2734.24
1059.99	2716.45
1061.61	2723.78
1063.22	2699.71
1064.84	2721.69
1066.46	2707.04
1068.07	2714.36
1069.68	2707.04
1071.30	2727.97
1072.91	2705.99
1074.53	2718.55
1076.14	2722.73
1077.76	2725.87
1079.37	2720.64
1080.98	2705.99
1082.60	2709.13
1084.21	2732.15
1085.83	2719.59
1087.44	2729.01
1089.05	2701.81
1090.67	2720.64
1092.28	2711.22
1093.89	2730.06
1095.50	2720.64
1097.12	2723.78
1098.73	2722.73
1100.34	2710.18
1101.95	2716.45
1103.57	2730.06
1105.18	2710.18
1106.79	2714.36
1108.40	2716.45
1110.01	2721.69
1111.63	2714.36
1113.24	2732.15
1114.85	2720.64
1116.46	2731.10
1118.07	2725.87
1119.68	2716.45
1121.29	2720.64
1122.90	2719.59
1124.51	2711.22
1126.12	2731.10
1127.73	2721.69
1129.34	2729.01
1130.95	2718.55
1132.56	2730.06
1134.17	2702.85
1135.78	2727.97
1137.39	2719.59
1139.00	2712.27
1140.61	2702.85
1142.22	2729.01
1143.83	2712.27
1145.44	2727.97
1147.05	2713.32
1148.65	2727.97
1150.26	2711.22
1151.87	2718.55
1153.48	2719.59
1155.09	2734.24
1156.69	2718.55
1158.30	2720.64
1159.91	2704.94
1161.52	2724.83
1163.12	2716.45
1164.73	2713.32
1166.34	2712.27
1167.94	2724.83
1169.55	2714.36
1171.16	2729.01
1172.76	2720.64
1174.37	2721.69
1175.97	2716.45
1177.58	2711.22
1179.19	2718.55
1180.79	2719.59
1182.40	2709.13
1184.00	2713.32
1185.61	2718.55
1187.21	2732.15
1188.82	2722.73
1190.42	2723.78
1192.02	2702.85
1193.63	2702.85
1195.23	2714.36
1196.84	2720.64
1198.44	2712.27
1200.04	2727.97
1201.65	2717.50
1203.25	2730.06
1204.85	2722.73
1206.46	2722.73
1208.06	2707.04
1209.66	2708.08
1211.26	2709.13
1212.87	2742.62
1214.47	2713.32
1216.07	2720.64
1217.67	2717.50
1219.27	2721.69
1220.87	2718.55
1222.48	2730.06
1224.08	2709.13
1225.68	2725.87
1227.28	2716.45
1228.88	2715.41
1230.48	2715.41
1232.08	2713.32
1233.68	2714.36
1235.28	2744.71
1236.88	2719.59
1238.48	2719.59
1240.08	2733.20
1241.68	2714.36
1243.28	2715.41
1244.87	2723.78
1246.47	2711.22
1248.07	2721.69
1249.67	2720.64
1251.27	2740.52
1252.87	2705.99
1254.46	2708.08
1256.06	2708.08
1257.66	2722.73
1259.26	2712.27
1260.85	2726.92
1262.45	2710.18
1264.05	2727.97
1265.64	2711.22
1267.24	2721.69
1268.83	2720.64
1270.43	2715.41
1272.03	2729.01
1273.62	2727.97
1275.22	2705.99
1276.81	2730.06
1278.41	2707.04
1280.00	2725.87
1281.60	2715.41
1283.19	2715.41
1284.79	2715.41
1286.38	2719.59
1287.97	2719.59
1289.57	2724.83
1291.16	2721.69
1292.75	2709.13
1294.35	2712.27
1295.94	2718.55
1297.53	2712.27
1299.12	2711.22
1300.72	2723.78
1302.31	2707.04
1303.90	2725.87
1305.49	2731.10
1307.08	2710.18
1308.68	2715.41
1310.27	2702.85
1311.86	2717.50
1313.45	2709.13
1315.04	2721.69
1316.63	2704.94
1318.22	2715.41
1319.81	2695.53
1321.40	2711.22
1322.99	2717.50
1324.58	2703.90
1326.17	2707.04
1327.75	2707.04
1329.34	2708.08
1330.93	2701.81
1332.52	2702.85
1334.11	2714.36
1335.70	2695.53
1337.28	2695.53
1338.87	2704.94
1340.46	2713.32
1342.05	2702.85
1343.63	2695.53
1345.22	2696.57
1346.81	2716.45
1348.39	2707.04
1349.98	2716.45
1351.56	2692.39
1353.15	2700.76
1354.73	2715.41
1356.32	2699.71
1357.90	2690.29
1359.49	2713.32
1361.07	2709.13
1362.66	2713.32
1364.24	2699.71
1365.82	2701.81
1367.41	2707.04
1368.99	2699.71
1370.57	2690.29
1372.16	2696.57
1373.74	2699.71
1375.32	2705.99
1376.91	2710.18
1378.49	2703.90
1380.07	2697.62
1381.65	2709.13
1383.23	2699.71
1384.81	2703.90
1386.39	2690.29
1387.97	2711.22
1389.55	2700.76
1391.14	2712.27
1392.72	2696.57
1394.29	2690.29
1395.87	2700.76
1397.45	2696.57
1399.03	2707.04
1400.61	2709.13
1402.19	2699.71
1403.77	2693.43
1405.35	2716.45
1406.92	2707.04
1408.50	2698.67
1410.08	2699.71
1411.66	2698.67
1413.23	2708.08
1414.81	2708.08
1416.39	2693.43
1417.96	2698.67
1419.54	2696.57
1421.12	2699.71
1422.69	2713.32
1424.27	2694.48
1425.84	2708.08
1427.42	2698.67
1428.99	2712.27
1430.57	2704.94
1432.14	2710.18
1433.71	2701.81
1435.29	2713.32
1436.86	2709.13
1438.43	2705.99
1440.01	2690.29
1441.58	2582.52
1443.15	2700.76
1444.72	2705.99
1446.30	2705.99
1447.87	2714.36
1449.44	2697.62
1451.01	2692.39
1452.58	2704.94
1454.15	2701.81
1455.72	2696.57
1457.29	2709.13
1458.86	2710.18
1460.43	2704.94
1462.00	2714.36
1463.57	2704.94
1465.14	2701.81
1466.71	2698.67
1468.28	2703.90
1469.85	2712.27
1471.41	2717.50
1472.98	2707.04
1474.55	2718.55
1476.12	2700.76
1477.68	2702.85
1479.25	2714.36
1480.82	2703.90
1482.38	2715.41
1483.95	2698.67
1485.51	2716.45
1487.08	2716.45
1488.64	2714.36
1490.21	2711.22
1491.77	2699.71
1493.34	2707.04
1494.90	2694.48
1496.46	2699.71
1498.03	2704.94
1499.59	2703.90
1501.15	2703.90
1502.72	2702.85
1504.28	2705.99
1505.84	2701.81
1507.40	2695.53
1508.97	2713.32
1510.53	2703.90
1512.09	2712.27
1513.65	2720.64
1515.21	2709.13
1516.77	2691.34
1518.33	2709.13
1519.89	2699.71
1521.45	2695.53
1523.01	2698.67
1524.57	2702.85
1526.13	2690.29
1527.68	2698.67
1529.24	2703.90
1530.80	2692.39
1532.36	2703.90
1533.92	2692.39
1535.47	2685.06
1537.03	2686.11
1538.59	2698.67
1540.14	2684.02
1541.70	2685.06
1543.25	2700.76
1544.81	2696.57
1546.36	2696.57
1547.92	2684.02
1549.47	2695.53
1551.03	2695.53
1552.58	2684.02
1554.13	2685.06
1555.69	2690.29
1557.24	2684.02
1558.79	2687.16
1560.35	2682.97
1561.90	2693.43
1563.45	2684.02
1565.00	2685.06
1566.55	2676.69
1568.10	2679.83
1569.66	2676.69
1571.21	2693.43
1572.76	2690.29
1574.31	2688.20
1575.86	2685.06
1577.40	2677.74
1578.95	2677.74
1580.50	2680.88
1582.05	2671.46
1583.60	2670.41
1585.15	2677.74
1586.69	2680.88
1588.24	2680.88
1589.79	2682.97
1591.34	2661.00
1592.88	2681.92
1594.43	2665.18
1595.97	2677.74
1597.52	2670.41
1599.06	2669.37
1600.61	2657.86
1602.15	2677.74
1603.70	2675.65
1605.24	2677.74
1606.79	2673.55
1608.33	2664.13
1609.87	2664.13
1611.41	2675.65
1612.96	2675.65
1614.50	2659.95
1616.04	2672.51
1617.58	2671.46
1619.12	2664.13
1620.67	2665.18
1622.21	2635.88
1623.75	2670.41
1625.29	2652.62
1626.83	2662.04
1628.37	2677.74
1629.90	2654.72
1631.44	2648.44
1632.98	2664.13
1634.52	2656.81
1636.06	2657.86
1637.59	2671.46
1639.13	2664.13
1640.67	2662.04
1642.21	2655.76
1643.74	2667.27
1645.28	2655.76
1646.81	2652.62
1648.35	2658.90
1649.88	2642.16
1651.42	2657.86
1652.95	2657.86
1654.49	2677.74
1656.02	2652.62
1657.55	2649.49
1659.09	2628.56
1660.62	2657.86
1662.15	2650.53
1663.68	2657.86
1665.22	2640.07
1666.75	2643.21
1668.28	2635.88
1669.81	2658.90
1671.34	2642.16
1672.87	2644.25
1674.40	2650.53
1675.93	2647.39
1677.46	2629.60
1678.99	2625.42
1680.52	2635.88
1682.04	2644.25
1683.57	2642.16
1685.10	2645.30
1686.63	2637.97
1688.15	2641.11
1689.68	2624.37
1691.21	2622.28
1692.73	2633.79
1694.26	2637.97
1695.78	2630.65
1697.31	2630.65
1698.83	2621.23
1700.36	2631.70
1701.88	2626.46
1703.40	2629.60
1704.93	2610.77
1706.45	2621.23
