896.35	2857.72
897.98	2852.49
899.60	2865.04
901.22	2883.88
902.85	2877.60
904.47	2887.02
906.10	2895.39
907.72	2888.06
909.34	2903.76
910.97	2918.41
912.59	2935.15
914.21	2941.43
915.84	2951.90
917.46	2982.24
919.08	3009.45
920.71	3010.49
922.33	3030.38
923.95	3031.42
925.58	3055.49
927.20	3037.70
928.82	3048.16
930.44	3059.67
932.07	3063.86
933.69	3054.44
935.31	3067.00
936.93	3058.63
938.56	3068.05
940.18	3075.37
941.80	3076.42
943.42	3083.74
945.05	3103.62
946.67	3079.56
948.29	3092.11
949.91	3083.74
951.53	3103.62
953.16	3105.72
954.78	3101.53
956.40	3087.93
958.02	3083.74
959.64	3088.97
961.26	3097.34
962.88	3092.11
964.51	3085.83
966.13	3109.90
967.75	3103.62
969.37	3086.88
970.99	3095.25
972.61	3090.02
974.23	3091.07
975.85	3093.16
977.47	3100.48
979.09	3097.34
980.71	3094.21
982.33	3097.34
983.95	3105.72
985.57	3106.76
987.19	3102.58
988.81	3111.99
990.43	3109.90
992.05	3109.90
993.67	3128.74
995.29	3106.76
996.91	3106.76
998.53	3131.88
1000.15	3125.60
1001.77	3123.50
1003.39	3125.60
1005.01	3133.97
1006.63	3138.15
1008.25	3138.15
1009.86	3151.76
1011.48	3141.29
1013.10	3138.15
1014.72	3146.53
1016.34	3161.18
1017.96	3165.36
1019.58	3153.85
1021.19	3150.71
1022.81	3162.22
1024.43	3171.64
1026.05	3168.50
1027.66	3180.01
1029.28	3173.73
1030.90	3165.36
1032.52	3165.36
1034.13	3172.69
1035.75	3185.24
1037.37	3172.69
1038.98	3188.38
1040.60	3170.59
1042.22	3169.55
1043.83	3167.45
1045.45	3180.01
1047.07	3174.78
1048.68	3184.20
1050.30	3171.64
1051.92	3188.38
1053.53	3189.43
1055.15	3188.38
1056.76	3169.55
1058.38	3182.10
1059.99	3189.43
1061.61	3182.10
1063.22	3165.36
1064.84	3181.06
1066.46	3173.73
1068.07	3183.15
1069.68	3177.92
1071.30	3181.06
1072.91	3163.27
1074.53	3164.31
1076.14	3175.82
1077.76	3170.59
1079.37	3169.55
1080.98	3148.62
1082.60	3161.18
1084.21	3165.36
1085.83	3163.27
1087.44	3171.64
1089.05	3158.04
1090.67	3158.04
1092.28	3149.66
1093.89	3159.08
1095.50	3156.99
1097.12	3153.85
1098.73	3159.08
1100.34	3135.02
1101.95	3151.76
1103.57	3158.04
1105.18	3141.29
1106.79	3140.25
1108.40	3152.80
1110.01	3152.80
1111.63	3160.13
1113.24	3161.18
1114.85	3153.85
1116.46	3152.80
1118.07	3156.99
1119.68	3150.71
1121.29	3156.99
1122.90	3158.04
1124.51	3152.80
1126.12	3159.08
1127.73	3166.41
1129.34	3171.64
1130.95	3167.45
1132.56	3168.50
1134.17	3144.43
1135.78	3159.08
1137.39	3154.90
1139.00	3145.48
1140.61	3146.53
1142.22	3155.94
1143.83	3147.57
1145.44	3162.22
1147.05	3154.90
1148.65	3159.08
1150.26	3143.39
1151.87	3146.53
1153.48	3147.57
1155.09	3158.04
1156.69	3148.62
1158.30	3133.97
1159.91	3141.29
1161.52	3147.57
1163.12	3153.85
1164.73	3144.43
1166.34	3155.94
1167.94	3145.48
1169.55	3150.71
1171.16	3149.66
1172.76	3149.66
1174.37	3154.90
1175.97	3155.94
1177.58	3146.53
1179.19	3163.27
1180.79	3143.39
1182.40	3147.57
1184.00	3148.62
1185.61	3161.18
1187.21	3156.99
1188.82	3142.34
1190.42	3153.85
1192.02	3147.57
1193.63	3127.69
1195.23	3142.34
1196.84	3153.85
1198.44	3150.71
1200.04	3161.18
1201.65	3153.85
1203.25	3152.80
1204.85	3154.90
1206.46	3141.29
1208.06	3140.25
1209.66	3137.11
1211.26	3140.25
1212.87	3159.08
1214.47	3132.92
1216.07	3126.64
1217.67	3137.11
1219.27	3135.02
1220.87	3130.83
1222.48	3137.11
1224.08	3128.74
1225.68	3136.06
1227.28	3137.11
1228.88	3137.11
1230.48	3133.97
1232.08	3116.18
1233.68	3128.74
1235.28	3136.06
1236.88	3118.27
1238.48	3113.04
1240.08	3133.97
1241.68	3107.81
1243.28	3111.99
1244.87	3111.99
1246.47	3103.62
1248.07	3102.58
1249.67	3103.62
1251.27	3111.99
1252.87	3093.16
1254.46	3094.21
1256.06	3096.30
1257.66	3096.30
1259.26	3088.97
1260.85	3094.21
1262.45	3087.93
1264.05	3094.21
1265.64	3085.83
1267.24	3078.51
1268.83	3082.70
1270.43	3074.32
1272.03	3101.53
1273.62	3088.97
1275.22	3072.23
1276.81	3086.88
1278.41	3072.23
1280.00	3086.88
1281.60	3074.32
1283.19	3073.28
1284.79	3073.28
1286.38	3070.14
1287.97	3075.37
1289.57	3059.67
1291.16	3062.81
1292.75	3059.67
1294.35	3059.67
1295.94	3054.44
1297.53	3060.72
1299.12	3056.54
1300.72	3065.95
1302.31	3043.98
1303.90	3067.00
1305.49	3058.63
1307.08	3035.61
1308.68	3049.21
1310.27	3045.02
1311.86	3055.49
1313.45	3042.93
1315.04	3039.79
1316.63	3038.75
1318.22	3038.75
1319.81	3025.14
1321.40	3029.33
1322.99	3034.56
1324.58	3024.10
1326.17	3027.24
1327.75	3022.00
1329.34	3013.63
1330.93	3010.49
1332.52	3005.26
1334.11	3018.86
1335.70	3016.77
1337.28	3000.03
1338.87	3006.31
1340.46	3005.26
1342.05	2998.98
1343.63	3000.03
1345.22	2994.80
1346.81	2993.75
1348.39	2992.70
1349.98	3003.17
1351.56	2987.47
1353.15	2983.29
1354.73	2991.66
1356.32	2970.73
1357.90	2965.50
1359.49	2981.19
1361.07	2961.31
1362.66	2962.36
1364.24	2959.22
1365.82	2959.22
1367.41	2971.78
1368.99	2956.08
1370.57	2945.62
1372.16	2950.85
1373.74	2942.48
1375.32	2942.48
1376.91	2937.25
1378.49	2913.18
1380.07	2901.67
1381.65	2899.58
1383.23	2889.11
1384.81	2893.30
1386.39	2880.74
1387.97	2896.44
1389.55	2873.42
1391.14	2867.14
1392.72	2855.63
1394.29	2859.81
1395.87	2856.67
1397.45	2850.39
1399.03	2845.16
1400.61	2838.88
1402.19	2832.61
1403.77	2825.28
1405.35	2850.39
1406.92	2834.70
1408.50	2828.42
1410.08	2833.65
1411.66	2824.23
1413.23	2828.42
1414.81	2834.70
1416.39	2811.68
1417.96	2826.33
1419.54	2822.14
1421.12	2827.37
1422.69	2836.79
1424.27	2814.82
1425.84	2814.82
1427.42	2809.58
1428.99	2816.91
1430.57	2817.96
1432.14	2815.86
1433.71	2812.72
1435.29	2823.19
1436.86	2815.86
1438.43	2822.14
1440.01	2813.77
1441.58	2691.34
1443.15	2810.63
1444.72	2819.00
1446.30	2815.86
1447.87	2821.10
1449.44	2800.17
1451.01	2795.98
1452.58	2814.82
1454.15	2811.68
1455.72	2804.35
1457.29	2815.86
1458.86	2810.63
1460.43	2803.31
1462.00	2823.19
1463.57	2812.72
1465.14	2813.77
1466.71	2807.49
1468.28	2805.40
1469.85	2809.58
1471.41	2813.77
1472.98	2801.21
1474.55	2812.72
1476.12	2804.35
1477.68	2804.35
1479.25	2817.96
1480.82	2809.58
1482.38	2817.96
1483.95	2806.45
1485.51	2816.91
1487.08	2826.33
1488.64	2817.96
1490.21	2814.82
1491.77	2795.98
1493.34	2823.19
1494.90	2817.96
1496.46	2813.77
1498.03	2809.58
1499.59	2822.14
1501.15	2823.19
1502.72	2816.91
1504.28	2815.86
1505.84	2809.58
1507.40	2804.35
1508.97	2815.86
1510.53	2812.72
1512.09	2823.19
1513.65	2826.33
1515.21	2816.91
1516.77	2806.45
1518.33	2821.10
1519.89	2819.00
1521.45	2814.82
1523.01	2820.05
1524.57	2823.19
1526.13	2816.91
1527.68	2825.28
1529.24	2827.37
1530.80	2819.00
1532.36	2834.70
1533.92	2823.19
1535.47	2808.54
1537.03	2810.63
1538.59	2825.28
1540.14	2815.86
1541.70	2809.58
1543.25	2821.10
1544.81	2816.91
1546.36	2827.37
1547.92	2808.54
1549.47	2817.96
1551.03	2817.96
1552.58	2815.86
1554.13	2811.68
1555.69	2820.05
1557.24	2809.58
1558.79	2807.49
1560.35	2802.26
1561.90	2809.58
1563.45	2812.72
1565.00	2813.77
1566.55	2809.58
1568.10	2803.31
1569.66	2799.12
1571.21	2808.54
1572.76	2806.45
1574.31	2807.49
1575.86	2807.49
1577.40	2797.03
1578.95	2790.75
1580.50	2798.07
1582.05	2798.07
1583.60	2790.75
1585.15	2786.56
1586.69	2792.84
1588.24	2792.84
1589.79	2800.17
1591.34	2787.61
1592.88	2805.40
1594.43	2780.29
1595.97	2798.07
1597.52	2801.21
1599.06	2784.47
1600.61	2781.33
1602.15	2791.80
1603.70	2775.05
1605.24	2787.61
1606.79	2783.42
1608.33	2778.19
1609.87	2777.15
1611.41	2791.80
1612.96	2781.33
1614.50	2768.78
1616.04	2784.47
1617.58	2786.56
1619.12	2780.29
1620.67	2776.10
1622.21	2747.85
1623.75	2771.91
1625.29	2755.17
1626.83	2759.36
1628.37	2776.10
1629.90	2762.50
1631.44	2760.40
1632.98	2757.26
1634.52	2740.52
1636.06	2749.94
1637.59	2762.50
1639.13	2753.08
1640.67	2741.57
1642.21	2725.87
1643.74	2737.38
1645.28	2718.55
1646.81	2712.27
1648.35	2721.69
1649.88	2699.71
1651.42	2700.76
1652.95	2693.43
1654.49	2720.64
1656.02	2688.20
1657.55	2687.16
1659.09	2669.37
1660.62	2699.71
1662.15	2686.11
1663.68	2687.16
1665.22	2680.88
1666.75	2680.88
1668.28	2673.55
1669.81	2687.16
1671.34	2674.60
1672.87	2672.51
1674.40	2675.65
1675.93	2680.88
1677.46	2662.04
1678.99	2655.76
1680.52	2654.72
1682.04	2671.46
1683.57	2661.00
1685.10	2667.27
1686.63	2658.90
1688.15	2668.32
1689.68	2654.72
1691.21	2654.72
1692.73	2662.04
1694.26	2669.37
1695.78	2657.86
1697.31	2645.30
1698.83	2644.25
1700.36	2656.81
1701.88	2646.35
1703.40	2662.04
1704.93	2646.35
1706.45	2645.30
