896.35	2997.94
897.98	3006.31
899.60	3009.45
901.22	3030.38
902.85	3018.86
904.47	3029.33
906.10	3032.47
907.72	3040.84
909.34	3051.30
910.97	3071.18
912.59	3086.88
914.21	3119.32
915.84	3150.71
917.46	3185.24
919.08	3209.31
920.71	3231.28
922.33	3249.07
923.95	3254.30
925.58	3279.42
927.20	3274.19
928.82	3284.65
930.44	3303.49
932.07	3301.39
933.69	3289.88
935.31	3293.02
936.93	3312.90
938.56	3315.00
940.18	3324.41
941.80	3322.32
943.42	3333.83
945.05	3341.16
946.67	3327.55
948.29	3338.02
949.91	3336.97
951.53	3352.67
953.16	3359.99
954.78	3350.57
956.40	3339.06
958.02	3345.34
959.64	3347.43
961.26	3339.06
962.88	3340.11
964.51	3333.83
966.13	3361.04
967.75	3348.48
969.37	3338.02
970.99	3340.11
972.61	3345.34
974.23	3349.53
975.85	3346.39
977.47	3354.76
979.09	3350.57
980.71	3350.57
982.33	3353.71
983.95	3363.13
985.57	3367.32
987.19	3352.67
988.81	3373.59
990.43	3364.18
992.05	3363.13
993.67	3377.78
995.29	3374.64
996.91	3361.04
998.53	3388.24
1000.15	3392.43
1001.77	3402.89
1003.39	3403.94
1005.01	3395.57
1006.63	3408.13
1008.25	3417.54
1009.86	3421.73
1011.48	3422.78
1013.10	3420.68
1014.72	3430.10
1016.34	3433.24
1017.96	3449.98
1019.58	3426.96
1021.19	3435.33
1022.81	3438.47
1024.43	3457.31
1026.05	3452.07
1027.66	3465.68
1029.28	3464.63
1030.90	3466.72
1032.52	3453.12
1034.13	3462.54
1035.75	3478.23
1037.37	3478.23
1038.98	3486.61
1040.60	3473.00
1042.22	3469.86
1043.83	3474.05
1045.45	3480.33
1047.07	3471.96
1048.68	3477.19
1050.30	3468.82
1051.92	3482.42
1053.53	3466.72
1055.15	3478.23
1056.76	3474.05
1058.38	3476.14
1059.99	3492.88
1061.61	3474.05
1063.22	3462.54
1064.84	3471.96
1066.46	3468.82
1068.07	3461.49
1069.68	3468.82
1071.30	3479.28
1072.91	3468.82
1074.53	3468.82
1076.14	3476.14
1077.76	3462.54
1079.37	3459.40
1080.98	3430.10
1082.60	3454.17
1084.21	3461.49
1085.83	3452.07
1087.44	3454.17
1089.05	3436.38
1090.67	3436.38
1092.28	3436.38
1093.89	3442.66
1095.50	3436.38
1097.12	3430.10
1098.73	3441.61
1100.34	3424.87
1101.95	3446.84
1103.57	3430.10
1105.18	3421.73
1106.79	3420.68
1108.40	3437.42
1110.01	3435.33
1111.63	3440.56
1113.24	3443.70
1114.85	3443.70
1116.46	3425.91
1118.07	3437.42
1119.68	3435.33
1121.29	3452.07
1122.90	3429.05
1124.51	3424.87
1126.12	3435.33
1127.73	3441.61
1129.34	3445.80
1130.95	3442.66
1132.56	3446.84
1134.17	3424.87
1135.78	3429.05
1137.39	3443.70
1139.00	3424.87
1140.61	3416.50
1142.22	3434.29
1143.83	3433.24
1145.44	3426.96
1147.05	3423.82
1148.65	3428.01
1150.26	3412.31
1151.87	3413.36
1153.48	3416.50
1155.09	3422.78
1156.69	3419.64
1158.30	3408.13
1159.91	3428.01
1161.52	3439.52
1163.12	3421.73
1164.73	3415.45
1166.34	3435.33
1167.94	3426.96
1169.55	3430.10
1171.16	3429.05
1172.76	3425.91
1174.37	3426.96
1175.97	3431.15
1177.58	3411.26
1179.19	3431.15
1180.79	3422.78
1182.40	3431.15
1184.00	3414.40
1185.61	3435.33
1187.21	3429.05
1188.82	3425.91
1190.42	3429.05
1192.02	3419.64
1193.63	3411.26
1195.23	3426.96
1196.84	3425.91
1198.44	3419.64
1200.04	3418.59
1201.65	3429.05
1203.25	3421.73
1204.85	3425.91
1206.46	3411.26
1208.06	3413.36
1209.66	3412.31
1211.26	3406.03
1212.87	3415.45
1214.47	3401.85
1216.07	3404.99
1217.67	3410.22
1219.27	3402.89
1220.87	3401.85
1222.48	3397.66
1224.08	3394.52
1225.68	3395.57
1227.28	3395.57
1228.88	3386.15
1230.48	3388.24
1232.08	3376.73
1233.68	3399.75
1235.28	3402.89
1236.88	3387.20
1238.48	3376.73
1240.08	3396.62
1241.68	3362.08
1243.28	3363.13
1244.87	3356.85
1246.47	3348.48
1248.07	3350.57
1249.67	3350.57
1251.27	3367.32
1252.87	3349.53
1254.46	3344.30
1256.06	3342.20
1257.66	3336.97
1259.26	3332.78
1260.85	3332.78
1262.45	3329.65
1264.05	3332.78
1265.64	3329.65
1267.24	3323.37
1268.83	3327.55
1270.43	3313.95
1272.03	3334.88
1273.62	3326.51
1275.22	3318.14
1276.81	3320.23
1278.41	3306.62
1280.00	3316.04
1281.60	3310.81
1283.19	3296.16
1284.79	3304.53
1286.38	3303.49
1287.97	3311.86
1289.57	3298.25
1291.16	3287.79
1292.75	3286.74
1294.35	3294.07
1295.94	3291.98
1297.53	3294.07
1299.12	3284.65
1300.72	3295.11
1302.31	3259.54
1303.90	3281.51
1305.49	3291.98
1307.08	3262.68
1308.68	3253.26
1310.27	3261.63
1311.86	3262.68
1313.45	3255.35
1315.04	3244.89
1316.63	3245.93
1318.22	3246.98
1319.81	3240.70
1321.40	3248.03
1322.99	3249.07
1324.58	3222.91
1326.17	3231.28
1327.75	3230.24
1329.34	3237.56
1330.93	3223.96
1332.52	3207.22
1334.11	3212.45
1335.70	3203.03
1337.28	3198.85
1338.87	3201.98
1340.46	3201.98
1342.05	3198.85
1343.63	3198.85
1345.22	3185.24
1346.81	3191.52
1348.39	3185.24
1349.98	3184.20
1351.56	3171.64
1353.15	3167.45
1354.73	3173.73
1356.32	3156.99
1357.90	3147.57
1359.49	3142.34
1361.07	3126.64
1362.66	3128.74
1364.24	3126.64
1365.82	3130.83
1367.41	3143.39
1368.99	3117.23
1370.57	3104.67
1372.16	3107.81
1373.74	3100.48
1375.32	3094.21
1376.91	3083.74
1378.49	3059.67
1380.07	3037.70
1381.65	3036.65
1383.23	3015.73
1384.81	3012.59
1386.39	2998.98
1387.97	3001.08
1389.55	2998.98
1391.14	2991.66
1392.72	2968.64
1394.29	2969.68
1395.87	2958.17
1397.45	2950.85
1399.03	2950.85
1400.61	2946.66
1402.19	2935.15
1403.77	2928.87
1405.35	2937.25
1406.92	2923.64
1408.50	2926.78
1410.08	2914.22
1411.66	2907.95
1413.23	2913.18
1414.81	2915.27
1416.39	2895.39
1417.96	2906.90
1419.54	2898.53
1421.12	2903.76
1422.69	2911.09
1424.27	2894.34
1425.84	2907.95
1427.42	2895.39
1428.99	2898.53
1430.57	2896.44
1432.14	2889.11
1433.71	2887.02
1435.29	2892.25
1436.86	2889.11
1438.43	2898.53
1440.01	2887.02
1441.58	2765.64
1443.15	2883.88
1444.72	2888.06
1446.30	2887.02
1447.87	2888.06
1449.44	2880.74
1451.01	2865.04
1452.58	2881.79
1454.15	2883.88
1455.72	2875.51
1457.29	2873.42
1458.86	2882.83
1460.43	2877.60
1462.00	2891.20
1463.57	2887.02
1465.14	2879.69
1466.71	2882.83
1468.28	2882.83
1469.85	2878.65
1471.41	2887.02
1472.98	2870.28
1474.55	2887.02
1476.12	2871.32
1477.68	2870.28
1479.25	2881.79
1480.82	2879.69
1482.38	2890.16
1483.95	2874.46
1485.51	2893.30
1487.08	2903.76
1488.64	2889.11
1490.21	2893.30
1491.77	2879.69
1493.34	2894.34
1494.90	2876.55
1496.46	2883.88
1498.03	2894.34
1499.59	2896.44
1501.15	2893.30
1502.72	2892.25
1504.28	2892.25
1505.84	2893.30
1507.40	2888.06
1508.97	2902.71
1510.53	2898.53
1512.09	2901.67
1513.65	2901.67
1515.21	2902.71
1516.77	2890.16
1518.33	2906.90
1519.89	2898.53
1521.45	2897.48
1523.01	2902.71
1524.57	2911.09
1526.13	2900.62
1527.68	2907.95
1529.24	2910.04
1530.80	2901.67
1532.36	2904.81
1533.92	2902.71
1535.47	2894.34
1537.03	2905.85
1538.59	2904.81
1540.14	2892.25
1541.70	2893.30
1543.25	2910.04
1544.81	2910.04
1546.36	2904.81
1547.92	2890.16
1549.47	2903.76
1551.03	2907.95
1552.58	2898.53
1554.13	2899.58
1555.69	2898.53
1557.24	2895.39
1558.79	2900.62
1560.35	2896.44
1561.90	2904.81
1563.45	2893.30
1565.00	2893.30
1566.55	2887.02
1568.10	2892.25
1569.66	2883.88
1571.21	2899.58
1572.76	2891.20
1574.31	2883.88
1575.86	2878.65
1577.40	2876.55
1578.95	2882.83
1580.50	2875.51
1582.05	2870.28
1583.60	2876.55
1585.15	2873.42
1586.69	2865.04
1588.24	2880.74
1589.79	2876.55
1591.34	2853.53
1592.88	2877.60
1594.43	2859.81
1595.97	2870.28
1597.52	2865.04
1599.06	2868.18
1600.61	2856.67
1602.15	2878.65
1603.70	2859.81
1605.24	2865.04
1606.79	2866.09
1608.33	2845.16
1609.87	2844.12
1611.41	2865.04
1612.96	2866.09
1614.50	2847.26
1616.04	2844.12
1617.58	2848.30
1619.12	2847.26
1620.67	2855.63
1622.21	2822.14
1623.75	2845.16
1625.29	2834.70
1626.83	2840.98
1628.37	2845.16
1629.90	2822.14
1631.44	2816.91
1632.98	2822.14
1634.52	2802.26
1636.06	2803.31
1637.59	2820.05
1639.13	2798.07
1640.67	2795.98
1642.21	2785.52
1643.74	2787.61
1645.28	2759.36
1646.81	2742.62
1648.35	2752.03
1649.88	2731.10
1651.42	2736.34
1652.95	2717.50
1654.49	2737.38
1656.02	2723.78
1657.55	2727.97
1659.09	2703.90
1660.62	2717.50
1662.15	2708.08
1663.68	2713.32
1665.22	2702.85
1666.75	2700.76
1668.28	2695.53
1669.81	2707.04
1671.34	2694.48
1672.87	2700.76
1674.40	2696.57
1675.93	2696.57
1677.46	2677.74
1678.99	2677.74
1680.52	2677.74
1682.04	2685.06
1683.57	2677.74
1685.10	2687.16
1686.63	2679.83
1688.15	2677.74
1689.68	2672.51
1691.21	2667.27
1692.73	2667.27
1694.26	2675.65
1695.78	2666.23
1697.31	2673.55
1698.83	2661.00
1700.36	2658.90
1701.88	2655.76
1703.40	2671.46
1704.93	2665.18
1706.45	2663.09
