896.35	2956.08
897.98	2960.27
899.60	2967.59
901.22	2983.29
902.85	2977.01
904.47	2986.43
906.10	2990.61
907.72	2996.89
909.34	3016.77
910.97	3027.24
912.59	3047.12
914.21	3069.09
915.84	3099.44
917.46	3133.97
919.08	3156.99
920.71	3165.36
922.33	3190.47
923.95	3192.57
925.58	3225.01
927.20	3219.77
928.82	3229.19
930.44	3242.79
932.07	3232.33
933.69	3218.73
935.31	3234.42
936.93	3246.98
938.56	3256.40
940.18	3256.40
941.80	3259.54
943.42	3268.95
945.05	3277.33
946.67	3256.40
948.29	3266.86
949.91	3263.72
951.53	3285.70
953.16	3286.74
954.78	3282.56
956.40	3272.09
958.02	3275.23
959.64	3276.28
961.26	3275.23
962.88	3284.65
964.51	3268.95
966.13	3290.93
967.75	3283.60
969.37	3272.09
970.99	3278.37
972.61	3273.14
974.23	3276.28
975.85	3276.28
977.47	3293.02
979.09	3276.28
980.71	3276.28
982.33	3285.70
983.95	3293.02
985.57	3300.35
987.19	3297.21
988.81	3299.30
990.43	3287.79
992.05	3293.02
993.67	3311.86
995.29	3306.62
996.91	3296.16
998.53	3323.37
1000.15	3323.37
1001.77	3330.69
1003.39	3332.78
1005.01	3323.37
1006.63	3328.60
1008.25	3346.39
1009.86	3355.81
1011.48	3345.34
1013.10	3343.25
1014.72	3349.53
1016.34	3351.62
1017.96	3366.27
1019.58	3356.85
1021.19	3356.85
1022.81	3371.50
1024.43	3380.92
1026.05	3365.22
1027.66	3378.83
1029.28	3378.83
1030.90	3381.97
1032.52	3372.55
1034.13	3387.20
1035.75	3389.29
1037.37	3389.29
1038.98	3406.03
1040.60	3399.75
1042.22	3381.97
1043.83	3383.01
1045.45	3390.34
1047.07	3390.34
1048.68	3397.66
1050.30	3387.20
1051.92	3398.71
1053.53	3394.52
1055.15	3398.71
1056.76	3394.52
1058.38	3395.57
1059.99	3400.80
1061.61	3388.24
1063.22	3390.34
1064.84	3400.80
1066.46	3394.52
1068.07	3383.01
1069.68	3391.38
1071.30	3399.75
1072.91	3388.24
1074.53	3386.15
1076.14	3393.48
1077.76	3395.57
1079.37	3394.52
1080.98	3362.08
1082.60	3376.73
1084.21	3378.83
1085.83	3375.69
1087.44	3377.78
1089.05	3366.27
1090.67	3372.55
1092.28	3359.99
1093.89	3359.99
1095.50	3361.04
1097.12	3356.85
1098.73	3369.41
1100.34	3358.94
1101.95	3375.69
1103.57	3364.18
1105.18	3353.71
1106.79	3356.85
1108.40	3361.04
1110.01	3356.85
1111.63	3364.18
1113.24	3370.46
1114.85	3370.46
1116.46	3364.18
1118.07	3370.46
1119.68	3353.71
1121.29	3370.46
1122.90	3358.94
1124.51	3365.22
1126.12	3368.36
1127.73	3369.41
1129.34	3375.69
1130.95	3375.69
1132.56	3367.32
1134.17	3335.92
1135.78	3351.62
1137.39	3356.85
1139.00	3356.85
1140.61	3354.76
1142.22	3362.08
1143.83	3351.62
1145.44	3355.81
1147.05	3357.90
1148.65	3358.94
1150.26	3351.62
1151.87	3352.67
1153.48	3358.94
1155.09	3354.76
1156.69	3346.39
1158.30	3331.74
1159.91	3342.20
1161.52	3346.39
1163.12	3352.67
1164.73	3345.34
1166.34	3359.99
1167.94	3351.62
1169.55	3352.67
1171.16	3357.90
1172.76	3364.18
1174.37	3351.62
1175.97	3357.90
1177.58	3335.92
1179.19	3358.94
1180.79	3345.34
1182.40	3347.43
1184.00	3344.30
1185.61	3364.18
1187.21	3355.81
1188.82	3343.25
1190.42	3353.71
1192.02	3355.81
1193.63	3341.16
1195.23	3349.53
1196.84	3351.62
1198.44	3354.76
1200.04	3357.90
1201.65	3350.57
1203.25	3347.43
1204.85	3347.43
1206.46	3333.83
1208.06	3346.39
1209.66	3339.06
1211.26	3340.11
1212.87	3355.81
1214.47	3338.02
1216.07	3340.11
1217.67	3344.30
1219.27	3330.69
1220.87	3330.69
1222.48	3332.78
1224.08	3326.51
1225.68	3332.78
1227.28	3315.00
1228.88	3308.72
1230.48	3324.41
1232.08	3311.86
1233.68	3328.60
1235.28	3335.92
1236.88	3317.09
1238.48	3304.53
1240.08	3329.65
1241.68	3294.07
1243.28	3300.35
1244.87	3299.30
1246.47	3281.51
1248.07	3283.60
1249.67	3287.79
1251.27	3305.58
1252.87	3285.70
1254.46	3276.28
1256.06	3268.95
1257.66	3271.05
1259.26	3264.77
1260.85	3271.05
1262.45	3262.68
1264.05	3268.95
1265.64	3259.54
1267.24	3256.40
1268.83	3267.91
1270.43	3258.49
1272.03	3279.42
1273.62	3258.49
1275.22	3242.79
1276.81	3258.49
1278.41	3255.35
1280.00	3260.58
1281.60	3240.70
1283.19	3238.61
1284.79	3249.07
1286.38	3244.89
1287.97	3246.98
1289.57	3239.66
1291.16	3237.56
1292.75	3216.63
1294.35	3229.19
1295.94	3226.05
1297.53	3243.84
1299.12	3226.05
1300.72	3240.70
1302.31	3210.36
1303.90	3228.14
1305.49	3228.14
1307.08	3211.40
1308.68	3206.17
1310.27	3207.22
1311.86	3211.40
1313.45	3213.50
1315.04	3196.75
1316.63	3204.08
1318.22	3193.61
1319.81	3186.29
1321.40	3186.29
1322.99	3191.52
1324.58	3169.55
1326.17	3169.55
1327.75	3168.50
1329.34	3174.78
1330.93	3172.69
1332.52	3162.22
1334.11	3163.27
1335.70	3158.04
1337.28	3148.62
1338.87	3150.71
1340.46	3147.57
1342.05	3143.39
1343.63	3138.15
1345.22	3132.92
1346.81	3136.06
1348.39	3130.83
1349.98	3133.97
1351.56	3120.37
1353.15	3119.32
1354.73	3125.60
1356.32	3103.62
1357.90	3090.02
1359.49	3102.58
1361.07	3099.44
1362.66	3092.11
1364.24	3088.97
1365.82	3086.88
1367.41	3088.97
1368.99	3068.05
1370.57	3065.95
1372.16	3064.91
1373.74	3056.54
1375.32	3055.49
1376.91	3039.79
1378.49	3010.49
1380.07	2993.75
1381.65	2991.66
1383.23	2978.06
1384.81	2980.15
1386.39	2967.59
1387.97	2970.73
1389.55	2966.54
1391.14	2959.22
1392.72	2945.62
1394.29	2933.06
1395.87	2928.87
1397.45	2915.27
1399.03	2917.36
1400.61	2912.13
1402.19	2906.90
1403.77	2904.81
1405.35	2915.27
1406.92	2897.48
1408.50	2894.34
1410.08	2895.39
1411.66	2890.16
1413.23	2891.20
1414.81	2888.06
1416.39	2862.95
1417.96	2874.46
1419.54	2869.23
1421.12	2879.69
1422.69	2894.34
1424.27	2872.37
1425.84	2883.88
1427.42	2866.09
1428.99	2867.14
1430.57	2870.28
1432.14	2868.18
1433.71	2865.04
1435.29	2873.42
1436.86	2866.09
1438.43	2870.28
1440.01	2865.04
1441.58	2746.80
1443.15	2865.04
1444.72	2873.42
1446.30	2858.77
1447.87	2866.09
1449.44	2851.44
1451.01	2848.30
1452.58	2859.81
1454.15	2864.00
1455.72	2847.26
1457.29	2852.49
1458.86	2859.81
1460.43	2851.44
1462.00	2868.18
1463.57	2864.00
1465.14	2867.14
1466.71	2854.58
1468.28	2855.63
1469.85	2852.49
1471.41	2864.00
1472.98	2866.09
1474.55	2871.32
1476.12	2847.26
1477.68	2849.35
1479.25	2864.00
1480.82	2860.86
1482.38	2866.09
1483.95	2854.58
1485.51	2865.04
1487.08	2879.69
1488.64	2876.55
1490.21	2869.23
1491.77	2850.39
1493.34	2876.55
1494.90	2867.14
1496.46	2866.09
1498.03	2870.28
1499.59	2868.18
1501.15	2869.23
1502.72	2871.32
1504.28	2873.42
1505.84	2865.04
1507.40	2864.00
1508.97	2881.79
1510.53	2874.46
1512.09	2883.88
1513.65	2878.65
1515.21	2876.55
1516.77	2869.23
1518.33	2885.97
1519.89	2882.83
1521.45	2875.51
1523.01	2874.46
1524.57	2874.46
1526.13	2879.69
1527.68	2879.69
1529.24	2889.11
1530.80	2880.74
1532.36	2894.34
1533.92	2888.06
1535.47	2869.23
1537.03	2874.46
1538.59	2879.69
1540.14	2879.69
1541.70	2870.28
1543.25	2887.02
1544.81	2877.60
1546.36	2877.60
1547.92	2865.04
1549.47	2870.28
1551.03	2873.42
1552.58	2867.14
1554.13	2866.09
1555.69	2876.55
1557.24	2868.18
1558.79	2872.37
1560.35	2868.18
1561.90	2877.60
1563.45	2866.09
1565.00	2866.09
1566.55	2866.09
1568.10	2864.00
1569.66	2860.86
1571.21	2872.37
1572.76	2869.23
1574.31	2861.90
1575.86	2861.90
1577.40	2849.35
1578.95	2857.72
1580.50	2857.72
1582.05	2847.26
1583.60	2849.35
1585.15	2842.02
1586.69	2855.63
1588.24	2851.44
1589.79	2854.58
1591.34	2830.51
1592.88	2855.63
1594.43	2849.35
1595.97	2850.39
1597.52	2838.88
1599.06	2839.93
1600.61	2838.88
1602.15	2857.72
1603.70	2842.02
1605.24	2843.07
1606.79	2842.02
1608.33	2826.33
1609.87	2834.70
1611.41	2839.93
1612.96	2834.70
1614.50	2819.00
1616.04	2821.10
1617.58	2828.42
1619.12	2815.86
1620.67	2830.51
1622.21	2807.49
1623.75	2824.23
1625.29	2808.54
1626.83	2812.72
1628.37	2829.47
1629.90	2805.40
1631.44	2815.86
1632.98	2803.31
1634.52	2778.19
1636.06	2786.56
1637.59	2800.17
1639.13	2784.47
1640.67	2786.56
1642.21	2776.10
1643.74	2763.54
1645.28	2750.99
1646.81	2735.29
1648.35	2741.57
1649.88	2718.55
1651.42	2726.92
1652.95	2712.27
1654.49	2732.15
1656.02	2710.18
1657.55	2715.41
1659.09	2703.90
1660.62	2716.45
1662.15	2691.34
1663.68	2697.62
1665.22	2692.39
1666.75	2693.43
1668.28	2689.25
1669.81	2712.27
1671.34	2691.34
1672.87	2695.53
1674.40	2695.53
1675.93	2691.34
1677.46	2671.46
1678.99	2673.55
1680.52	2677.74
1682.04	2688.20
1683.57	2680.88
1685.10	2680.88
1686.63	2662.04
1688.15	2669.37
1689.68	2659.95
1691.21	2673.55
1692.73	2671.46
1694.26	2674.60
1695.78	2662.04
1697.31	2669.37
1698.83	2658.90
1700.36	2667.27
1701.88	2652.62
1703.40	2661.00
1704.93	2662.04
1706.45	2661.00
