896.35	2965.50
897.98	2973.87
899.60	2978.06
901.22	2995.84
902.85	2983.29
904.47	2998.98
906.10	3005.26
907.72	3006.31
909.34	3026.19
910.97	3036.65
912.59	3055.49
914.21	3082.70
915.84	3106.76
917.46	3140.25
919.08	3159.08
920.71	3175.82
922.33	3200.94
923.95	3211.40
925.58	3238.61
927.20	3225.01
928.82	3235.47
930.44	3252.21
932.07	3236.52
933.69	3231.28
935.31	3255.35
936.93	3264.77
938.56	3266.86
940.18	3279.42
941.80	3272.09
943.42	3282.56
945.05	3298.25
946.67	3286.74
948.29	3285.70
949.91	3285.70
951.53	3299.30
953.16	3299.30
954.78	3293.02
956.40	3281.51
958.02	3286.74
959.64	3281.51
961.26	3286.74
962.88	3290.93
964.51	3278.37
966.13	3297.21
967.75	3299.30
969.37	3289.88
970.99	3284.65
972.61	3286.74
974.23	3288.84
975.85	3279.42
977.47	3288.84
979.09	3289.88
980.71	3287.79
982.33	3285.70
983.95	3293.02
985.57	3300.35
987.19	3297.21
988.81	3313.95
990.43	3300.35
992.05	3302.44
993.67	3321.27
995.29	3319.18
996.91	3305.58
998.53	3331.74
1000.15	3327.55
1001.77	3332.78
1003.39	3327.55
1005.01	3340.11
1006.63	3356.85
1008.25	3351.62
1009.86	3351.62
1011.48	3347.43
1013.10	3355.81
1014.72	3362.08
1016.34	3366.27
1017.96	3385.10
1019.58	3373.59
1021.19	3364.18
1022.81	3369.41
1024.43	3390.34
1026.05	3384.06
1027.66	3390.34
1029.28	3387.20
1030.90	3395.57
1032.52	3379.87
1034.13	3393.48
1035.75	3401.85
1037.37	3400.80
1038.98	3409.17
1040.60	3404.99
1042.22	3403.94
1043.83	3409.17
1045.45	3417.54
1047.07	3411.26
1048.68	3412.31
1050.30	3407.08
1051.92	3417.54
1053.53	3411.26
1055.15	3419.64
1056.76	3412.31
1058.38	3410.22
1059.99	3409.17
1061.61	3404.99
1063.22	3402.89
1064.84	3419.64
1066.46	3407.08
1068.07	3398.71
1069.68	3406.03
1071.30	3419.64
1072.91	3397.66
1074.53	3392.43
1076.14	3404.99
1077.76	3390.34
1079.37	3393.48
1080.98	3364.18
1082.60	3383.01
1084.21	3399.75
1085.83	3395.57
1087.44	3393.48
1089.05	3374.64
1090.67	3384.06
1092.28	3380.92
1093.89	3385.10
1095.50	3383.01
1097.12	3375.69
1098.73	3387.20
1100.34	3363.13
1101.95	3376.73
1103.57	3381.97
1105.18	3367.32
1106.79	3361.04
1108.40	3376.73
1110.01	3371.50
1111.63	3368.36
1113.24	3374.64
1114.85	3377.78
1116.46	3371.50
1118.07	3386.15
1119.68	3371.50
1121.29	3374.64
1122.90	3363.13
1124.51	3373.59
1126.12	3377.78
1127.73	3384.06
1129.34	3385.10
1130.95	3383.01
1132.56	3383.01
1134.17	3359.99
1135.78	3361.04
1137.39	3373.59
1139.00	3362.08
1140.61	3366.27
1142.22	3380.92
1143.83	3366.27
1145.44	3363.13
1147.05	3364.18
1148.65	3365.22
1150.26	3354.76
1151.87	3352.67
1153.48	3363.13
1155.09	3369.41
1156.69	3364.18
1158.30	3352.67
1159.91	3357.90
1161.52	3369.41
1163.12	3373.59
1164.73	3359.99
1166.34	3366.27
1167.94	3363.13
1169.55	3369.41
1171.16	3373.59
1172.76	3371.50
1174.37	3364.18
1175.97	3377.78
1177.58	3352.67
1179.19	3369.41
1180.79	3356.85
1182.40	3370.46
1184.00	3363.13
1185.61	3380.92
1187.21	3373.59
1188.82	3372.55
1190.42	3362.08
1192.02	3357.90
1193.63	3350.57
1195.23	3364.18
1196.84	3372.55
1198.44	3370.46
1200.04	3378.83
1201.65	3356.85
1203.25	3361.04
1204.85	3361.04
1206.46	3350.57
1208.06	3355.81
1209.66	3352.67
1211.26	3350.57
1212.87	3372.55
1214.47	3349.53
1216.07	3353.71
1217.67	3351.62
1219.27	3340.11
1220.87	3347.43
1222.48	3340.11
1224.08	3339.06
1225.68	3340.11
1227.28	3343.25
1228.88	3331.74
1230.48	3334.88
1232.08	3313.95
1233.68	3328.60
1235.28	3347.43
1236.88	3326.51
1238.48	3312.90
1240.08	3338.02
1241.68	3305.58
1243.28	3309.76
1244.87	3307.67
1246.47	3304.53
1248.07	3299.30
1249.67	3303.49
1251.27	3310.81
1252.87	3290.93
1254.46	3286.74
1256.06	3283.60
1257.66	3283.60
1259.26	3284.65
1260.85	3293.02
1262.45	3281.51
1264.05	3290.93
1265.64	3280.46
1267.24	3283.60
1268.83	3285.70
1270.43	3268.95
1272.03	3280.46
1273.62	3267.91
1275.22	3255.35
1276.81	3266.86
1278.41	3261.63
1280.00	3270.00
1281.60	3257.44
1283.19	3252.21
1284.79	3263.72
1286.38	3257.44
1287.97	3254.30
1289.57	3244.89
1291.16	3251.17
1292.75	3244.89
1294.35	3257.44
1295.94	3242.79
1297.53	3241.75
1299.12	3222.91
1300.72	3243.84
1302.31	3220.82
1303.90	3240.70
1305.49	3239.66
1307.08	3217.68
1308.68	3218.73
1310.27	3219.77
1311.86	3219.77
1313.45	3214.54
1315.04	3219.77
1316.63	3213.50
1318.22	3203.03
1319.81	3199.89
1321.40	3200.94
1322.99	3203.03
1324.58	3182.10
1326.17	3187.34
1327.75	3178.96
1329.34	3181.06
1330.93	3175.82
1332.52	3175.82
1334.11	3169.55
1335.70	3173.73
1337.28	3159.08
1338.87	3159.08
1340.46	3163.27
1342.05	3152.80
1343.63	3143.39
1345.22	3142.34
1346.81	3145.48
1348.39	3139.20
1349.98	3144.43
1351.56	3132.92
1353.15	3131.88
1354.73	3125.60
1356.32	3114.09
1357.90	3103.62
1359.49	3111.99
1361.07	3099.44
1362.66	3093.16
1364.24	3094.21
1365.82	3096.30
1367.41	3096.30
1368.99	3073.28
1370.57	3072.23
1372.16	3080.60
1373.74	3070.14
1375.32	3061.77
1376.91	3051.30
1378.49	3019.91
1380.07	3004.22
1381.65	2996.89
1383.23	2984.33
1384.81	2989.57
1386.39	2971.78
1387.97	2977.01
1389.55	2964.45
1391.14	2959.22
1392.72	2945.62
1394.29	2947.71
1395.87	2939.34
1397.45	2922.60
1399.03	2919.46
1400.61	2922.60
1402.19	2915.27
1403.77	2906.90
1405.35	2918.41
1406.92	2906.90
1408.50	2900.62
1410.08	2899.58
1411.66	2895.39
1413.23	2896.44
1414.81	2897.48
1416.39	2876.55
1417.96	2889.11
1419.54	2871.32
1421.12	2882.83
1422.69	2887.02
1424.27	2876.55
1425.84	2887.02
1427.42	2871.32
1428.99	2876.55
1430.57	2875.51
1432.14	2872.37
1433.71	2866.09
1435.29	2883.88
1436.86	2872.37
1438.43	2869.23
1440.01	2871.32
1441.58	2755.17
1443.15	2868.18
1444.72	2873.42
1446.30	2866.09
1447.87	2873.42
1449.44	2868.18
1451.01	2855.63
1452.58	2865.04
1454.15	2864.00
1455.72	2854.58
1457.29	2851.44
1458.86	2859.81
1460.43	2858.77
1462.00	2870.28
1463.57	2859.81
1465.14	2867.14
1466.71	2857.72
1468.28	2865.04
1469.85	2861.90
1471.41	2867.14
1472.98	2864.00
1474.55	2878.65
1476.12	2857.72
1477.68	2854.58
1479.25	2865.04
1480.82	2857.72
1482.38	2868.18
1483.95	2859.81
1485.51	2868.18
1487.08	2874.46
1488.64	2868.18
1490.21	2870.28
1491.77	2864.00
1493.34	2881.79
1494.90	2860.86
1496.46	2866.09
1498.03	2878.65
1499.59	2874.46
1501.15	2871.32
1502.72	2876.55
1504.28	2879.69
1505.84	2874.46
1507.40	2866.09
1508.97	2876.55
1510.53	2873.42
1512.09	2893.30
1513.65	2894.34
1515.21	2883.88
1516.77	2875.51
1518.33	2894.34
1519.89	2889.11
1521.45	2882.83
1523.01	2882.83
1524.57	2890.16
1526.13	2882.83
1527.68	2887.02
1529.24	2891.20
1530.80	2888.06
1532.36	2894.34
1533.92	2883.88
1535.47	2873.42
1537.03	2878.65
1538.59	2890.16
1540.14	2880.74
1541.70	2875.51
1543.25	2895.39
1544.81	2893.30
1546.36	2891.20
1547.92	2876.55
1549.47	2882.83
1551.03	2881.79
1552.58	2882.83
1554.13	2874.46
1555.69	2885.97
1557.24	2872.37
1558.79	2884.93
1560.35	2869.23
1561.90	2874.46
1563.45	2866.09
1565.00	2872.37
1566.55	2867.14
1568.10	2872.37
1569.66	2868.18
1571.21	2875.51
1572.76	2880.74
1574.31	2865.04
1575.86	2859.81
1577.40	2857.72
1578.95	2866.09
1580.50	2856.67
1582.05	2846.21
1583.60	2855.63
1585.15	2840.98
1586.69	2853.53
1588.24	2857.72
1589.79	2854.58
1591.34	2842.02
1592.88	2861.90
1594.43	2833.65
1595.97	2850.39
1597.52	2849.35
1599.06	2845.16
1600.61	2834.70
1602.15	2857.72
1603.70	2838.88
1605.24	2846.21
1606.79	2852.49
1608.33	2839.93
1609.87	2842.02
1611.41	2845.16
1612.96	2847.26
1614.50	2827.37
1616.04	2829.47
1617.58	2844.12
1619.12	2828.42
1620.67	2832.61
1622.21	2811.68
1623.75	2836.79
1625.29	2817.96
1626.83	2817.96
1628.37	2835.74
1629.90	2807.49
1631.44	2802.26
1632.98	2819.00
1634.52	2795.98
1636.06	2795.98
1637.59	2799.12
1639.13	2791.80
1640.67	2784.47
1642.21	2770.87
1643.74	2776.10
1645.28	2758.31
1646.81	2744.71
1648.35	2747.85
1649.88	2720.64
1651.42	2737.38
1652.95	2719.59
1654.49	2738.43
1656.02	2714.36
1657.55	2719.59
1659.09	2696.57
1660.62	2713.32
1662.15	2694.48
1663.68	2704.94
1665.22	2698.67
1666.75	2697.62
1668.28	2678.78
1669.81	2707.04
1671.34	2688.20
1672.87	2689.25
1674.40	2696.57
1675.93	2690.29
1677.46	2677.74
1678.99	2676.69
1680.52	2675.65
1682.04	2685.06
1683.57	2675.65
1685.10	2685.06
1686.63	2679.83
1688.15	2674.60
1689.68	2654.72
1691.21	2667.27
1692.73	2668.32
1694.26	2670.41
1695.78	2665.18
1697.31	2667.27
1698.83	2662.04
1700.36	2675.65
1701.88	2652.62
1703.40	2674.60
1704.93	2655.76
1706.45	2654.72
