896.35	2966.54
897.98	2971.78
899.60	2974.92
901.22	2998.98
902.85	2986.43
904.47	3003.17
906.10	3010.49
907.72	3008.40
909.34	3024.10
910.97	3034.56
912.59	3051.30
914.21	3084.79
915.84	3109.90
917.46	3145.48
919.08	3162.22
920.71	3175.82
922.33	3198.85
923.95	3204.08
925.58	3227.10
927.20	3223.96
928.82	3229.19
930.44	3255.35
932.07	3235.47
933.69	3232.33
935.31	3251.17
936.93	3256.40
938.56	3267.91
940.18	3280.46
941.80	3261.63
943.42	3282.56
945.05	3287.79
946.67	3284.65
948.29	3296.16
949.91	3277.33
951.53	3289.88
953.16	3301.39
954.78	3289.88
956.40	3285.70
958.02	3281.51
959.64	3290.93
961.26	3286.74
962.88	3285.70
964.51	3274.19
966.13	3300.35
967.75	3296.16
969.37	3285.70
970.99	3285.70
972.61	3288.84
974.23	3295.11
975.85	3291.98
977.47	3300.35
979.09	3294.07
980.71	3284.65
982.33	3301.39
983.95	3301.39
985.57	3309.76
987.19	3304.53
988.81	3322.32
990.43	3304.53
992.05	3307.67
993.67	3323.37
995.29	3324.41
996.91	3309.76
998.53	3343.25
1000.15	3346.39
1001.77	3347.43
1003.39	3353.71
1005.01	3352.67
1006.63	3344.30
1008.25	3351.62
1009.86	3363.13
1011.48	3356.85
1013.10	3361.04
1014.72	3377.78
1016.34	3381.97
1017.96	3396.62
1019.58	3372.55
1021.19	3377.78
1022.81	3381.97
1024.43	3408.13
1026.05	3392.43
1027.66	3403.94
1029.28	3401.85
1030.90	3403.94
1032.52	3392.43
1034.13	3403.94
1035.75	3415.45
1037.37	3415.45
1038.98	3420.68
1040.60	3408.13
1042.22	3401.85
1043.83	3416.50
1045.45	3415.45
1047.07	3421.73
1048.68	3428.01
1050.30	3416.50
1051.92	3438.47
1053.53	3423.82
1055.15	3429.05
1056.76	3420.68
1058.38	3422.78
1059.99	3435.33
1061.61	3416.50
1063.22	3414.40
1064.84	3417.54
1066.46	3411.26
1068.07	3414.40
1069.68	3417.54
1071.30	3424.87
1072.91	3413.36
1074.53	3410.22
1076.14	3420.68
1077.76	3410.22
1079.37	3414.40
1080.98	3391.38
1082.60	3410.22
1084.21	3407.08
1085.83	3399.75
1087.44	3407.08
1089.05	3391.38
1090.67	3390.34
1092.28	3391.38
1093.89	3401.85
1095.50	3399.75
1097.12	3387.20
1098.73	3403.94
1100.34	3386.15
1101.95	3391.38
1103.57	3387.20
1105.18	3377.78
1106.79	3376.73
1108.40	3394.52
1110.01	3390.34
1111.63	3396.62
1113.24	3401.85
1114.85	3386.15
1116.46	3395.57
1118.07	3403.94
1119.68	3384.06
1121.29	3404.99
1122.90	3378.83
1124.51	3384.06
1126.12	3388.24
1127.73	3404.99
1129.34	3400.80
1130.95	3404.99
1132.56	3400.80
1134.17	3376.73
1135.78	3386.15
1137.39	3392.43
1139.00	3380.92
1140.61	3385.10
1142.22	3399.75
1143.83	3386.15
1145.44	3389.29
1147.05	3387.20
1148.65	3390.34
1150.26	3378.83
1151.87	3381.97
1153.48	3389.29
1155.09	3395.57
1156.69	3395.57
1158.30	3386.15
1159.91	3389.29
1161.52	3392.43
1163.12	3392.43
1164.73	3379.87
1166.34	3395.57
1167.94	3384.06
1169.55	3396.62
1171.16	3391.38
1172.76	3394.52
1174.37	3395.57
1175.97	3407.08
1177.58	3373.59
1179.19	3393.48
1180.79	3387.20
1182.40	3393.48
1184.00	3385.10
1185.61	3393.48
1187.21	3388.24
1188.82	3387.20
1190.42	3386.15
1192.02	3387.20
1193.63	3380.92
1195.23	3397.66
1196.84	3391.38
1198.44	3393.48
1200.04	3397.66
1201.65	3389.29
1203.25	3379.87
1204.85	3386.15
1206.46	3372.55
1208.06	3386.15
1209.66	3372.55
1211.26	3378.83
1212.87	3392.43
1214.47	3378.83
1216.07	3379.87
1217.67	3381.97
1219.27	3369.41
1220.87	3371.50
1222.48	3373.59
1224.08	3374.64
1225.68	3368.36
1227.28	3369.41
1228.88	3351.62
1230.48	3365.22
1232.08	3348.48
1233.68	3363.13
1235.28	3365.22
1236.88	3361.04
1238.48	3348.48
1240.08	3369.41
1241.68	3328.60
1243.28	3342.20
1244.87	3342.20
1246.47	3336.97
1248.07	3318.14
1249.67	3329.65
1251.27	3341.16
1252.87	3322.32
1254.46	3313.95
1256.06	3326.51
1257.66	3326.51
1259.26	3321.27
1260.85	3322.32
1262.45	3308.72
1264.05	3318.14
1265.64	3307.67
1267.24	3306.62
1268.83	3312.90
1270.43	3308.72
1272.03	3315.00
1273.62	3297.21
1275.22	3290.93
1276.81	3306.62
1278.41	3304.53
1280.00	3312.90
1281.60	3298.25
1283.19	3290.93
1284.79	3298.25
1286.38	3289.88
1287.97	3289.88
1289.57	3281.51
1291.16	3276.28
1292.75	3262.68
1294.35	3276.28
1295.94	3283.60
1297.53	3279.42
1299.12	3259.54
1300.72	3272.09
1302.31	3255.35
1303.90	3282.56
1305.49	3275.23
1307.08	3260.58
1308.68	3251.17
1310.27	3261.63
1311.86	3264.77
1313.45	3246.98
1315.04	3236.52
1316.63	3245.93
1318.22	3239.66
1319.81	3233.38
1321.40	3230.24
1322.99	3234.42
1324.58	3216.63
1326.17	3226.05
1327.75	3217.68
1329.34	3216.63
1330.93	3214.54
1332.52	3212.45
1334.11	3213.50
1335.70	3214.54
1337.28	3196.75
1338.87	3207.22
1340.46	3201.98
1342.05	3195.71
1343.63	3187.34
1345.22	3183.15
1346.81	3192.57
1348.39	3182.10
1349.98	3171.64
1351.56	3161.18
1353.15	3151.76
1354.73	3161.18
1356.32	3138.15
1357.90	3138.15
1359.49	3145.48
1361.07	3130.83
1362.66	3127.69
1364.24	3129.78
1365.82	3124.55
1367.41	3123.50
1368.99	3096.30
1370.57	3095.25
1372.16	3095.25
1373.74	3099.44
1375.32	3095.25
1376.91	3081.65
1378.49	3046.07
1380.07	3030.38
1381.65	3014.68
1383.23	3002.12
1384.81	3008.40
1386.39	2996.89
1387.97	2994.80
1389.55	2990.61
1391.14	2978.06
1392.72	2965.50
1394.29	2960.27
1395.87	2942.48
1397.45	2936.20
1399.03	2946.66
1400.61	2944.57
1402.19	2933.06
1403.77	2915.27
1405.35	2924.69
1406.92	2917.36
1408.50	2915.27
1410.08	2906.90
1411.66	2908.99
1413.23	2907.95
1414.81	2916.32
1416.39	2896.44
1417.96	2896.44
1419.54	2882.83
1421.12	2904.81
1422.69	2912.13
1424.27	2890.16
1425.84	2900.62
1427.42	2889.11
1428.99	2896.44
1430.57	2893.30
1432.14	2893.30
1433.71	2894.34
1435.29	2904.81
1436.86	2888.06
1438.43	2881.79
1440.01	2881.79
1441.58	2762.50
1443.15	2891.20
1444.72	2884.93
1446.30	2879.69
1447.87	2891.20
1449.44	2881.79
1451.01	2869.23
1452.58	2894.34
1454.15	2888.06
1455.72	2875.51
1457.29	2876.55
1458.86	2887.02
1460.43	2875.51
1462.00	2893.30
1463.57	2883.88
1465.14	2884.93
1466.71	2870.28
1468.28	2879.69
1469.85	2880.74
1471.41	2894.34
1472.98	2877.60
1474.55	2894.34
1476.12	2876.55
1477.68	2868.18
1479.25	2878.65
1480.82	2877.60
1482.38	2883.88
1483.95	2872.37
1485.51	2885.97
1487.08	2898.53
1488.64	2893.30
1490.21	2897.48
1491.77	2883.88
1493.34	2896.44
1494.90	2877.60
1496.46	2885.97
1498.03	2887.02
1499.59	2897.48
1501.15	2891.20
1502.72	2887.02
1504.28	2898.53
1505.84	2893.30
1507.40	2891.20
1508.97	2905.85
1510.53	2897.48
1512.09	2913.18
1513.65	2905.85
1515.21	2908.99
1516.77	2893.30
1518.33	2906.90
1519.89	2900.62
1521.45	2898.53
1523.01	2905.85
1524.57	2914.22
1526.13	2904.81
1527.68	2917.36
1529.24	2916.32
1530.80	2899.58
1532.36	2905.85
1533.92	2906.90
1535.47	2896.44
1537.03	2904.81
1538.59	2906.90
1540.14	2897.48
1541.70	2887.02
1543.25	2903.76
1544.81	2900.62
1546.36	2912.13
1547.92	2895.39
1549.47	2900.62
1551.03	2897.48
1552.58	2894.34
1554.13	2897.48
1555.69	2898.53
1557.24	2888.06
1558.79	2888.06
1560.35	2893.30
1561.90	2899.58
1563.45	2892.25
1565.00	2894.34
1566.55	2883.88
1568.10	2884.93
1569.66	2876.55
1571.21	2895.39
1572.76	2896.44
1574.31	2891.20
1575.86	2888.06
1577.40	2877.60
1578.95	2881.79
1580.50	2885.97
1582.05	2871.32
1583.60	2884.93
1585.15	2862.95
1586.69	2873.42
1588.24	2878.65
1589.79	2885.97
1591.34	2860.86
1592.88	2887.02
1594.43	2861.90
1595.97	2875.51
1597.52	2872.37
1599.06	2871.32
1600.61	2866.09
1602.15	2883.88
1603.70	2869.23
1605.24	2869.23
1606.79	2862.95
1608.33	2849.35
1609.87	2849.35
1611.41	2860.86
1612.96	2859.81
1614.50	2857.72
1616.04	2850.39
1617.58	2852.49
1619.12	2850.39
1620.67	2860.86
1622.21	2833.65
1623.75	2848.30
1625.29	2825.28
1626.83	2834.70
1628.37	2855.63
1629.90	2826.33
1631.44	2816.91
1632.98	2828.42
1634.52	2805.40
1636.06	2808.54
1637.59	2815.86
1639.13	2801.21
1640.67	2792.84
1642.21	2781.33
1643.74	2777.15
1645.28	2754.13
1646.81	2760.40
1648.35	2761.45
1649.88	2735.29
1651.42	2739.48
1652.95	2727.97
1654.49	2750.99
1656.02	2729.01
1657.55	2724.83
1659.09	2693.43
1660.62	2721.69
1662.15	2709.13
1663.68	2722.73
1665.22	2704.94
1666.75	2704.94
1668.28	2691.34
1669.81	2715.41
1671.34	2699.71
1672.87	2697.62
1674.40	2700.76
1675.93	2688.20
1677.46	2670.41
1678.99	2674.60
1680.52	2679.83
1682.04	2688.20
1683.57	2682.97
1685.10	2686.11
1686.63	2676.69
1688.15	2674.60
1689.68	2664.13
1691.21	2674.60
1692.73	2679.83
1694.26	2676.69
1695.78	2668.32
1697.31	2674.60
1698.83	2664.13
1700.36	2676.69
1701.88	2658.90
1703.40	2673.55
1704.93	2659.95
1706.45	2663.09
