896.35	2971.78
897.98	2970.73
899.60	2969.68
901.22	2994.80
902.85	2982.24
904.47	3003.17
906.10	3011.54
907.72	3010.49
909.34	3022.00
910.97	3040.84
912.59	3055.49
914.21	3088.97
915.84	3111.99
917.46	3138.15
919.08	3162.22
920.71	3178.96
922.33	3200.94
923.95	3213.50
925.58	3234.42
927.20	3228.14
928.82	3232.33
930.44	3261.63
932.07	3251.17
933.69	3252.21
935.31	3259.54
936.93	3264.77
938.56	3260.58
940.18	3274.19
941.80	3276.28
943.42	3289.88
945.05	3302.44
946.67	3287.79
948.29	3286.74
949.91	3287.79
951.53	3312.90
953.16	3304.53
954.78	3294.07
956.40	3282.56
958.02	3289.88
959.64	3298.25
961.26	3291.98
962.88	3298.25
964.51	3279.42
966.13	3309.76
967.75	3301.39
969.37	3280.46
970.99	3295.11
972.61	3302.44
974.23	3293.02
975.85	3297.21
977.47	3301.39
979.09	3295.11
980.71	3297.21
982.33	3305.58
983.95	3315.00
985.57	3323.37
987.19	3312.90
988.81	3327.55
990.43	3310.81
992.05	3307.67
993.67	3325.46
995.29	3321.27
996.91	3312.90
998.53	3340.11
1000.15	3344.30
1001.77	3355.81
1003.39	3357.90
1005.01	3353.71
1006.63	3365.22
1008.25	3369.41
1009.86	3384.06
1011.48	3372.55
1013.10	3368.36
1014.72	3385.10
1016.34	3379.87
1017.96	3397.66
1019.58	3384.06
1021.19	3385.10
1022.81	3396.62
1024.43	3416.50
1026.05	3396.62
1027.66	3403.94
1029.28	3402.89
1030.90	3413.36
1032.52	3397.66
1034.13	3417.54
1035.75	3424.87
1037.37	3424.87
1038.98	3433.24
1040.60	3425.91
1042.22	3413.36
1043.83	3419.64
1045.45	3420.68
1047.07	3433.24
1048.68	3436.38
1050.30	3415.45
1051.92	3424.87
1053.53	3425.91
1055.15	3430.10
1056.76	3429.05
1058.38	3425.91
1059.99	3440.56
1061.61	3432.19
1063.22	3424.87
1064.84	3430.10
1066.46	3426.96
1068.07	3418.59
1069.68	3425.91
1071.30	3432.19
1072.91	3424.87
1074.53	3418.59
1076.14	3434.29
1077.76	3429.05
1079.37	3419.64
1080.98	3387.20
1082.60	3410.22
1084.21	3407.08
1085.83	3408.13
1087.44	3406.03
1089.05	3398.71
1090.67	3395.57
1092.28	3393.48
1093.89	3402.89
1095.50	3403.94
1097.12	3394.52
1098.73	3413.36
1100.34	3392.43
1101.95	3395.57
1103.57	3398.71
1105.18	3387.20
1106.79	3383.01
1108.40	3394.52
1110.01	3400.80
1111.63	3406.03
1113.24	3401.85
1114.85	3399.75
1116.46	3396.62
1118.07	3396.62
1119.68	3391.38
1121.29	3404.99
1122.90	3396.62
1124.51	3400.80
1126.12	3401.85
1127.73	3418.59
1129.34	3416.50
1130.95	3411.26
1132.56	3412.31
1134.17	3392.43
1135.78	3398.71
1137.39	3412.31
1139.00	3391.38
1140.61	3392.43
1142.22	3403.94
1143.83	3395.57
1145.44	3402.89
1147.05	3400.80
1148.65	3396.62
1150.26	3394.52
1151.87	3391.38
1153.48	3398.71
1155.09	3399.75
1156.69	3401.85
1158.30	3381.97
1159.91	3393.48
1161.52	3411.26
1163.12	3404.99
1164.73	3398.71
1166.34	3417.54
1167.94	3412.31
1169.55	3411.26
1171.16	3413.36
1172.76	3399.75
1174.37	3395.57
1175.97	3404.99
1177.58	3389.29
1179.19	3410.22
1180.79	3401.85
1182.40	3408.13
1184.00	3397.66
1185.61	3412.31
1187.21	3413.36
1188.82	3412.31
1190.42	3410.22
1192.02	3400.80
1193.63	3384.06
1195.23	3398.71
1196.84	3402.89
1198.44	3407.08
1200.04	3412.31
1201.65	3415.45
1203.25	3411.26
1204.85	3413.36
1206.46	3387.20
1208.06	3398.71
1209.66	3392.43
1211.26	3390.34
1212.87	3409.17
1214.47	3397.66
1216.07	3391.38
1217.67	3399.75
1219.27	3387.20
1220.87	3384.06
1222.48	3388.24
1224.08	3390.34
1225.68	3380.92
1227.28	3383.01
1228.88	3370.46
1230.48	3381.97
1232.08	3369.41
1233.68	3387.20
1235.28	3387.20
1236.88	3374.64
1238.48	3372.55
1240.08	3388.24
1241.68	3350.57
1243.28	3366.27
1244.87	3359.99
1246.47	3355.81
1248.07	3341.16
1249.67	3347.43
1251.27	3354.76
1252.87	3341.16
1254.46	3342.20
1256.06	3339.06
1257.66	3332.78
1259.26	3325.46
1260.85	3331.74
1262.45	3322.32
1264.05	3327.55
1265.64	3324.41
1267.24	3319.18
1268.83	3321.27
1270.43	3321.27
1272.03	3343.25
1273.62	3335.92
1275.22	3315.00
1276.81	3326.51
1278.41	3317.09
1280.00	3325.46
1281.60	3317.09
1283.19	3302.44
1284.79	3320.23
1286.38	3310.81
1287.97	3319.18
1289.57	3305.58
1291.16	3301.39
1292.75	3285.70
1294.35	3303.49
1295.94	3298.25
1297.53	3299.30
1299.12	3283.60
1300.72	3300.35
1302.31	3265.82
1303.90	3289.88
1305.49	3293.02
1307.08	3282.56
1308.68	3271.05
1310.27	3281.51
1311.86	3270.00
1313.45	3270.00
1315.04	3264.77
1316.63	3262.68
1318.22	3254.30
1319.81	3244.89
1321.40	3244.89
1322.99	3254.30
1324.58	3235.47
1326.17	3246.98
1327.75	3233.38
1329.34	3226.05
1330.93	3218.73
1332.52	3222.91
1334.11	3225.01
1335.70	3220.82
1337.28	3218.73
1338.87	3222.91
1340.46	3216.63
1342.05	3209.31
1343.63	3208.26
1345.22	3203.03
1346.81	3197.80
1348.39	3192.57
1349.98	3190.47
1351.56	3185.24
1353.15	3177.92
1354.73	3175.82
1356.32	3152.80
1357.90	3156.99
1359.49	3153.85
1361.07	3143.39
1362.66	3141.29
1364.24	3144.43
1365.82	3149.66
1367.41	3138.15
1368.99	3118.27
1370.57	3108.86
1372.16	3122.46
1373.74	3117.23
1375.32	3109.90
1376.91	3101.53
1378.49	3071.18
1380.07	3045.02
1381.65	3039.79
1383.23	3028.28
1384.81	3030.38
1386.39	3010.49
1387.97	3008.40
1389.55	3000.03
1391.14	2996.89
1392.72	2979.10
1394.29	2981.19
1395.87	2971.78
1397.45	2960.27
1399.03	2964.45
1400.61	2951.90
1402.19	2942.48
1403.77	2934.11
1405.35	2952.94
1406.92	2939.34
1408.50	2945.62
1410.08	2940.38
1411.66	2930.97
1413.23	2929.92
1414.81	2930.97
1416.39	2912.13
1417.96	2936.20
1419.54	2919.46
1421.12	2925.74
1422.69	2925.74
1424.27	2910.04
1425.84	2922.60
1427.42	2919.46
1428.99	2918.41
1430.57	2918.41
1432.14	2907.95
1433.71	2912.13
1435.29	2925.74
1436.86	2920.50
1438.43	2911.09
1440.01	2911.09
1441.58	2784.47
1443.15	2908.99
1444.72	2910.04
1446.30	2913.18
1447.87	2923.64
1449.44	2907.95
1451.01	2887.02
1452.58	2901.67
1454.15	2907.95
1455.72	2901.67
1457.29	2897.48
1458.86	2906.90
1460.43	2894.34
1462.00	2919.46
1463.57	2905.85
1465.14	2913.18
1466.71	2902.71
1468.28	2904.81
1469.85	2904.81
1471.41	2910.04
1472.98	2894.34
1474.55	2915.27
1476.12	2894.34
1477.68	2893.30
1479.25	2911.09
1480.82	2905.85
1482.38	2907.95
1483.95	2893.30
1485.51	2910.04
1487.08	2920.50
1488.64	2914.22
1490.21	2914.22
1491.77	2907.95
1493.34	2924.69
1494.90	2910.04
1496.46	2911.09
1498.03	2919.46
1499.59	2915.27
1501.15	2905.85
1502.72	2910.04
1504.28	2913.18
1505.84	2912.13
1507.40	2903.76
1508.97	2925.74
1510.53	2915.27
1512.09	2924.69
1513.65	2920.50
1515.21	2920.50
1516.77	2905.85
1518.33	2924.69
1519.89	2914.22
1521.45	2924.69
1523.01	2926.78
1524.57	2924.69
1526.13	2919.46
1527.68	2930.97
1529.24	2934.11
1530.80	2932.01
1532.36	2926.78
1533.92	2925.74
1535.47	2915.27
1537.03	2923.64
1538.59	2927.83
1540.14	2919.46
1541.70	2912.13
1543.25	2940.38
1544.81	2928.87
1546.36	2926.78
1547.92	2905.85
1549.47	2923.64
1551.03	2921.55
1552.58	2910.04
1554.13	2910.04
1555.69	2921.55
1557.24	2910.04
1558.79	2906.90
1560.35	2898.53
1561.90	2908.99
1563.45	2896.44
1565.00	2906.90
1566.55	2898.53
1568.10	2902.71
1569.66	2897.48
1571.21	2910.04
1572.76	2899.58
1574.31	2908.99
1575.86	2904.81
1577.40	2903.76
1578.95	2907.95
1580.50	2907.95
1582.05	2883.88
1583.60	2883.88
1585.15	2871.32
1586.69	2889.11
1588.24	2887.02
1589.79	2896.44
1591.34	2874.46
1592.88	2892.25
1594.43	2866.09
1595.97	2882.83
1597.52	2878.65
1599.06	2879.69
1600.61	2868.18
1602.15	2892.25
1603.70	2879.69
1605.24	2884.93
1606.79	2872.37
1608.33	2869.23
1609.87	2871.32
1611.41	2882.83
1612.96	2871.32
1614.50	2860.86
1616.04	2860.86
1617.58	2868.18
1619.12	2852.49
1620.67	2861.90
1622.21	2834.70
1623.75	2861.90
1625.29	2843.07
1626.83	2848.30
1628.37	2861.90
1629.90	2835.74
1631.44	2834.70
1632.98	2843.07
1634.52	2812.72
1636.06	2815.86
1637.59	2825.28
1639.13	2813.77
1640.67	2811.68
1642.21	2786.56
1643.74	2784.47
1645.28	2765.64
1646.81	2756.22
1648.35	2759.36
1649.88	2741.57
1651.42	2744.71
1652.95	2723.78
1654.49	2740.52
1656.02	2725.87
1657.55	2727.97
1659.09	2694.48
1660.62	2716.45
1662.15	2708.08
1663.68	2708.08
1665.22	2708.08
1666.75	2703.90
1668.28	2694.48
1669.81	2716.45
1671.34	2697.62
1672.87	2701.81
1674.40	2708.08
1675.93	2697.62
1677.46	2688.20
1678.99	2681.92
1680.52	2679.83
1682.04	2690.29
1683.57	2684.02
1685.10	2684.02
1686.63	2686.11
1688.15	2687.16
1689.68	2676.69
1691.21	2676.69
1692.73	2682.97
1694.26	2679.83
1695.78	2661.00
1697.31	2669.37
1698.83	2659.95
1700.36	2673.55
1701.88	2659.95
1703.40	2676.69
1704.93	2657.86
1706.45	2666.23
