896.35	2865.04
897.98	2873.42
899.60	2880.74
901.22	2904.81
902.85	2891.20
904.47	2899.58
906.10	2904.81
907.72	2895.39
909.34	2911.09
910.97	2927.83
912.59	2940.38
914.21	2949.80
915.84	2975.96
917.46	2997.94
919.08	3019.91
920.71	3024.10
922.33	3046.07
923.95	3051.30
925.58	3067.00
927.20	3056.54
928.82	3070.14
930.44	3084.79
932.07	3076.42
933.69	3069.09
935.31	3080.60
936.93	3080.60
938.56	3092.11
940.18	3092.11
941.80	3103.62
943.42	3104.67
945.05	3113.04
946.67	3094.21
948.29	3113.04
949.91	3104.67
951.53	3118.27
953.16	3115.13
954.78	3105.72
956.40	3090.02
958.02	3098.39
959.64	3105.72
961.26	3106.76
962.88	3106.76
964.51	3106.76
966.13	3122.46
967.75	3123.50
969.37	3107.81
970.99	3115.13
972.61	3109.90
974.23	3120.37
975.85	3115.13
977.47	3115.13
979.09	3106.76
980.71	3116.18
982.33	3119.32
983.95	3126.64
985.57	3130.83
987.19	3127.69
988.81	3128.74
990.43	3121.41
992.05	3119.32
993.67	3135.02
995.29	3125.60
996.91	3121.41
998.53	3150.71
1000.15	3152.80
1001.77	3152.80
1003.39	3159.08
1005.01	3154.90
1006.63	3160.13
1008.25	3153.85
1009.86	3166.41
1011.48	3158.04
1013.10	3164.31
1014.72	3173.73
1016.34	3186.29
1017.96	3178.96
1019.58	3171.64
1021.19	3167.45
1022.81	3182.10
1024.43	3191.52
1026.05	3183.15
1027.66	3190.47
1029.28	3193.61
1030.90	3193.61
1032.52	3189.43
1034.13	3194.66
1035.75	3215.59
1037.37	3204.08
1038.98	3211.40
1040.60	3192.57
1042.22	3184.20
1043.83	3194.66
1045.45	3201.98
1047.07	3208.26
1048.68	3216.63
1050.30	3195.71
1051.92	3207.22
1053.53	3209.31
1055.15	3213.50
1056.76	3201.98
1058.38	3207.22
1059.99	3207.22
1061.61	3201.98
1063.22	3192.57
1064.84	3206.17
1066.46	3195.71
1068.07	3192.57
1069.68	3206.17
1071.30	3216.63
1072.91	3199.89
1074.53	3195.71
1076.14	3209.31
1077.76	3199.89
1079.37	3204.08
1080.98	3177.92
1082.60	3190.47
1084.21	3191.52
1085.83	3186.29
1087.44	3191.52
1089.05	3183.15
1090.67	3183.15
1092.28	3185.24
1093.89	3203.03
1095.50	3193.61
1097.12	3186.29
1098.73	3190.47
1100.34	3173.73
1101.95	3181.06
1103.57	3180.01
1105.18	3173.73
1106.79	3172.69
1108.40	3178.96
1110.01	3185.24
1111.63	3181.06
1113.24	3188.38
1114.85	3186.29
1116.46	3185.24
1118.07	3189.43
1119.68	3188.38
1121.29	3196.75
1122.90	3187.34
1124.51	3180.01
1126.12	3188.38
1127.73	3196.75
1129.34	3193.61
1130.95	3195.71
1132.56	3194.66
1134.17	3161.18
1135.78	3180.01
1137.39	3189.43
1139.00	3177.92
1140.61	3178.96
1142.22	3188.38
1143.83	3175.82
1145.44	3183.15
1147.05	3182.10
1148.65	3184.20
1150.26	3172.69
1151.87	3173.73
1153.48	3180.01
1155.09	3183.15
1156.69	3176.87
1158.30	3164.31
1159.91	3168.50
1161.52	3187.34
1163.12	3184.20
1164.73	3172.69
1166.34	3183.15
1167.94	3176.87
1169.55	3183.15
1171.16	3186.29
1172.76	3186.29
1174.37	3176.87
1175.97	3194.66
1177.58	3172.69
1179.19	3186.29
1180.79	3175.82
1182.40	3168.50
1184.00	3173.73
1185.61	3190.47
1187.21	3186.29
1188.82	3185.24
1190.42	3182.10
1192.02	3184.20
1193.63	3166.41
1195.23	3176.87
1196.84	3195.71
1198.44	3184.20
1200.04	3190.47
1201.65	3176.87
1203.25	3177.92
1204.85	3182.10
1206.46	3167.45
1208.06	3177.92
1209.66	3170.59
1211.26	3169.55
1212.87	3193.61
1214.47	3166.41
1216.07	3180.01
1217.67	3177.92
1219.27	3166.41
1220.87	3160.13
1222.48	3170.59
1224.08	3168.50
1225.68	3170.59
1227.28	3164.31
1228.88	3163.27
1230.48	3170.59
1232.08	3153.85
1233.68	3166.41
1235.28	3177.92
1236.88	3163.27
1238.48	3152.80
1240.08	3176.87
1241.68	3147.57
1243.28	3152.80
1244.87	3150.71
1246.47	3139.20
1248.07	3136.06
1249.67	3144.43
1251.27	3158.04
1252.87	3137.11
1254.46	3121.41
1256.06	3128.74
1257.66	3140.25
1259.26	3126.64
1260.85	3142.34
1262.45	3125.60
1264.05	3130.83
1265.64	3120.37
1267.24	3123.50
1268.83	3125.60
1270.43	3129.78
1272.03	3135.02
1273.62	3124.55
1275.22	3119.32
1276.81	3127.69
1278.41	3118.27
1280.00	3127.69
1281.60	3119.32
1283.19	3107.81
1284.79	3120.37
1286.38	3111.99
1287.97	3126.64
1289.57	3103.62
1291.16	3098.39
1292.75	3100.48
1294.35	3116.18
1295.94	3101.53
1297.53	3105.72
1299.12	3091.07
1300.72	3109.90
1302.31	3079.56
1303.90	3109.90
1305.49	3109.90
1307.08	3085.83
1308.68	3076.42
1310.27	3081.65
1311.86	3082.70
1313.45	3083.74
1315.04	3084.79
1316.63	3084.79
1318.22	3076.42
1319.81	3069.09
1321.40	3074.32
1322.99	3076.42
1324.58	3054.44
1326.17	3058.63
1327.75	3047.12
1329.34	3058.63
1330.93	3063.86
1332.52	3047.12
1334.11	3043.98
1335.70	3042.93
1337.28	3033.51
1338.87	3040.84
1340.46	3040.84
1342.05	3034.56
1343.63	3039.79
1345.22	3027.24
1346.81	3029.33
1348.39	3024.10
1349.98	3030.38
1351.56	3022.00
1353.15	3011.54
1354.73	3011.54
1356.32	3007.35
1357.90	3001.08
1359.49	3011.54
1361.07	2994.80
1362.66	2991.66
1364.24	2992.70
1365.82	2994.80
1367.41	2993.75
1368.99	2968.64
1370.57	2963.41
1372.16	2980.15
1373.74	2971.78
1375.32	2972.82
1376.91	2966.54
1378.49	2942.48
1380.07	2923.64
1381.65	2920.50
1383.23	2903.76
1384.81	2906.90
1386.39	2902.71
1387.97	2901.67
1389.55	2894.34
1391.14	2883.88
1392.72	2872.37
1394.29	2873.42
1395.87	2861.90
1397.45	2856.67
1399.03	2853.53
1400.61	2848.30
1402.19	2851.44
1403.77	2834.70
1405.35	2843.07
1406.92	2832.61
1408.50	2830.51
1410.08	2836.79
1411.66	2823.19
1413.23	2830.51
1414.81	2834.70
1416.39	2812.72
1417.96	2827.37
1419.54	2814.82
1421.12	2819.00
1422.69	2825.28
1424.27	2809.58
1425.84	2817.96
1427.42	2817.96
1428.99	2823.19
1430.57	2821.10
1432.14	2816.91
1433.71	2813.77
1435.29	2823.19
1436.86	2814.82
1438.43	2811.68
1440.01	2808.54
1441.58	2697.62
1443.15	2824.23
1444.72	2810.63
1446.30	2804.35
1447.87	2812.72
1449.44	2795.98
1451.01	2799.12
1452.58	2807.49
1454.15	2814.82
1455.72	2802.26
1457.29	2798.07
1458.86	2803.31
1460.43	2807.49
1462.00	2837.84
1463.57	2812.72
1465.14	2807.49
1466.71	2802.26
1468.28	2803.31
1469.85	2814.82
1471.41	2816.91
1472.98	2806.45
1474.55	2817.96
1476.12	2802.26
1477.68	2801.21
1479.25	2821.10
1480.82	2821.10
1482.38	2816.91
1483.95	2813.77
1485.51	2815.86
1487.08	2825.28
1488.64	2820.05
1490.21	2820.05
1491.77	2806.45
1493.34	2817.96
1494.90	2809.58
1496.46	2817.96
1498.03	2829.47
1499.59	2826.33
1501.15	2822.14
1502.72	2816.91
1504.28	2816.91
1505.84	2817.96
1507.40	2817.96
1508.97	2829.47
1510.53	2827.37
1512.09	2832.61
1513.65	2834.70
1515.21	2834.70
1516.77	2820.05
1518.33	2836.79
1519.89	2834.70
1521.45	2829.47
1523.01	2827.37
1524.57	2835.74
1526.13	2834.70
1527.68	2833.65
1529.24	2839.93
1530.80	2836.79
1532.36	2843.07
1533.92	2833.65
1535.47	2827.37
1537.03	2829.47
1538.59	2837.84
1540.14	2834.70
1541.70	2826.33
1543.25	2847.26
1544.81	2830.51
1546.36	2839.93
1547.92	2825.28
1549.47	2836.79
1551.03	2830.51
1552.58	2827.37
1554.13	2829.47
1555.69	2836.79
1557.24	2826.33
1558.79	2823.19
1560.35	2820.05
1561.90	2829.47
1563.45	2821.10
1565.00	2826.33
1566.55	2820.05
1568.10	2820.05
1569.66	2814.82
1571.21	2829.47
1572.76	2828.42
1574.31	2826.33
1575.86	2813.77
1577.40	2806.45
1578.95	2820.05
1580.50	2810.63
1582.05	2808.54
1583.60	2814.82
1585.15	2805.40
1586.69	2809.58
1588.24	2819.00
1589.79	2812.72
1591.34	2795.98
1592.88	2819.00
1594.43	2804.35
1595.97	2810.63
1597.52	2801.21
1599.06	2803.31
1600.61	2801.21
1602.15	2815.86
1603.70	2795.98
1605.24	2804.35
1606.79	2809.58
1608.33	2798.07
1609.87	2791.80
1611.41	2795.98
1612.96	2806.45
1614.50	2794.94
1616.04	2789.70
1617.58	2794.94
1619.12	2786.56
1620.67	2794.94
1622.21	2772.96
1623.75	2792.84
1625.29	2780.29
1626.83	2780.29
1628.37	2798.07
1629.90	2776.10
1631.44	2779.24
1632.98	2777.15
1634.52	2750.99
1636.06	2756.22
1637.59	2766.68
1639.13	2760.40
1640.67	2754.13
1642.21	2742.62
1643.74	2741.57
1645.28	2730.06
1646.81	2715.41
1648.35	2725.87
1649.88	2704.94
1651.42	2705.99
1652.95	2696.57
1654.49	2719.59
1656.02	2702.85
1657.55	2707.04
1659.09	2682.97
1660.62	2695.53
1662.15	2685.06
1663.68	2695.53
1665.22	2685.06
1666.75	2687.16
1668.28	2673.55
1669.81	2695.53
1671.34	2689.25
1672.87	2685.06
1674.40	2689.25
1675.93	2674.60
1677.46	2665.18
1678.99	2658.90
1680.52	2663.09
1682.04	2673.55
1683.57	2666.23
1685.10	2666.23
1686.63	2655.76
1688.15	2666.23
1689.68	2648.44
1691.21	2662.04
1692.73	2664.13
1694.26	2669.37
1695.78	2658.90
1697.31	2662.04
1698.83	2648.44
1700.36	2657.86
1701.88	2648.44
1703.40	2663.09
1704.93	2654.72
1706.45	2644.25
