896.35	2816.91
897.98	2816.91
899.60	2825.28
901.22	2847.26
902.85	2830.51
904.47	2842.02
906.10	2850.39
907.72	2838.88
909.34	2859.81
910.97	2865.04
912.59	2875.51
914.21	2881.79
915.84	2900.62
917.46	2920.50
919.08	2937.25
920.71	2933.06
922.33	2957.13
923.95	2956.08
925.58	2981.19
927.20	2969.68
928.82	2974.92
930.44	2985.38
932.07	2975.96
933.69	2969.68
935.31	2985.38
936.93	2986.43
938.56	2995.84
940.18	2998.98
941.80	3001.08
943.42	3005.26
945.05	3026.19
946.67	3005.26
948.29	3022.00
949.91	3014.68
951.53	3025.14
953.16	3014.68
954.78	3019.91
956.40	3011.54
958.02	3014.68
959.64	3012.59
961.26	3015.73
962.88	3011.54
964.51	3010.49
966.13	3027.24
967.75	3024.10
969.37	3011.54
970.99	3009.45
972.61	3011.54
974.23	3016.77
975.85	3014.68
977.47	3027.24
979.09	3013.63
980.71	3014.68
982.33	3018.86
983.95	3035.61
985.57	3033.51
987.19	3031.42
988.81	3032.47
990.43	3030.38
992.05	3026.19
993.67	3046.07
995.29	3034.56
996.91	3028.28
998.53	3045.02
1000.15	3054.44
1001.77	3050.26
1003.39	3060.72
1005.01	3051.30
1006.63	3064.91
1008.25	3054.44
1009.86	3076.42
1011.48	3059.67
1013.10	3063.86
1014.72	3065.95
1016.34	3069.09
1017.96	3081.65
1019.58	3075.37
1021.19	3080.60
1022.81	3079.56
1024.43	3079.56
1026.05	3083.74
1027.66	3087.93
1029.28	3094.21
1030.90	3085.83
1032.52	3082.70
1034.13	3091.07
1035.75	3097.34
1037.37	3092.11
1038.98	3102.58
1040.60	3087.93
1042.22	3081.65
1043.83	3094.21
1045.45	3096.30
1047.07	3095.25
1048.68	3100.48
1050.30	3090.02
1051.92	3108.86
1053.53	3094.21
1055.15	3105.72
1056.76	3097.34
1058.38	3101.53
1059.99	3100.48
1061.61	3102.58
1063.22	3087.93
1064.84	3099.44
1066.46	3087.93
1068.07	3088.97
1069.68	3085.83
1071.30	3104.67
1072.91	3080.60
1074.53	3087.93
1076.14	3108.86
1077.76	3099.44
1079.37	3084.79
1080.98	3070.14
1082.60	3086.88
1084.21	3091.07
1085.83	3086.88
1087.44	3087.93
1089.05	3073.28
1090.67	3076.42
1092.28	3073.28
1093.89	3094.21
1095.50	3086.88
1097.12	3085.83
1098.73	3085.83
1100.34	3071.18
1101.95	3087.93
1103.57	3084.79
1105.18	3071.18
1106.79	3073.28
1108.40	3078.51
1110.01	3081.65
1111.63	3084.79
1113.24	3094.21
1114.85	3085.83
1116.46	3077.46
1118.07	3084.79
1119.68	3076.42
1121.29	3087.93
1122.90	3084.79
1124.51	3073.28
1126.12	3088.97
1127.73	3091.07
1129.34	3095.25
1130.95	3082.70
1132.56	3087.93
1134.17	3070.14
1135.78	3087.93
1137.39	3081.65
1139.00	3073.28
1140.61	3078.51
1142.22	3088.97
1143.83	3074.32
1145.44	3073.28
1147.05	3079.56
1148.65	3081.65
1150.26	3068.05
1151.87	3068.05
1153.48	3064.91
1155.09	3074.32
1156.69	3075.37
1158.30	3072.23
1159.91	3071.18
1161.52	3083.74
1163.12	3078.51
1164.73	3072.23
1166.34	3090.02
1167.94	3079.56
1169.55	3082.70
1171.16	3090.02
1172.76	3075.37
1174.37	3073.28
1175.97	3085.83
1177.58	3072.23
1179.19	3092.11
1180.79	3078.51
1182.40	3076.42
1184.00	3072.23
1185.61	3087.93
1187.21	3088.97
1188.82	3078.51
1190.42	3081.65
1192.02	3070.14
1193.63	3073.28
1195.23	3087.93
1196.84	3084.79
1198.44	3082.70
1200.04	3090.02
1201.65	3085.83
1203.25	3088.97
1204.85	3093.16
1206.46	3073.28
1208.06	3073.28
1209.66	3063.86
1211.26	3061.77
1212.87	3090.02
1214.47	3072.23
1216.07	3075.37
1217.67	3076.42
1219.27	3068.05
1220.87	3072.23
1222.48	3069.09
1224.08	3062.81
1225.68	3078.51
1227.28	3065.95
1228.88	3061.77
1230.48	3070.14
1232.08	3063.86
1233.68	3076.42
1235.28	3084.79
1236.88	3064.91
1238.48	3058.63
1240.08	3079.56
1241.68	3051.30
1243.28	3053.40
1244.87	3047.12
1246.47	3043.98
1248.07	3051.30
1249.67	3047.12
1251.27	3067.00
1252.87	3050.26
1254.46	3040.84
1256.06	3040.84
1257.66	3042.93
1259.26	3037.70
1260.85	3042.93
1262.45	3029.33
1264.05	3036.65
1265.64	3025.14
1267.24	3033.51
1268.83	3045.02
1270.43	3042.93
1272.03	3042.93
1273.62	3031.42
1275.22	3015.73
1276.81	3040.84
1278.41	3027.24
1280.00	3038.75
1281.60	3028.28
1283.19	3023.05
1284.79	3031.42
1286.38	3028.28
1287.97	3025.14
1289.57	3015.73
1291.16	3017.82
1292.75	3012.59
1294.35	3019.91
1295.94	3018.86
1297.53	3024.10
1299.12	3003.17
1300.72	3023.05
1302.31	3002.12
1303.90	3030.38
1305.49	3022.00
1307.08	2991.66
1308.68	3001.08
1310.27	3008.40
1311.86	3007.35
1313.45	2998.98
1315.04	2993.75
1316.63	2992.70
1318.22	3000.03
1319.81	2984.33
1321.40	2981.19
1322.99	2995.84
1324.58	2968.64
1326.17	2980.15
1327.75	2980.15
1329.34	2988.52
1330.93	2975.96
1332.52	2974.92
1334.11	2973.87
1335.70	2969.68
1337.28	2963.41
1338.87	2961.31
1340.46	2963.41
1342.05	2963.41
1343.63	2965.50
1345.22	2946.66
1346.81	2966.54
1348.39	2963.41
1349.98	2960.27
1351.56	2947.71
1353.15	2941.43
1354.73	2948.76
1356.32	2927.83
1357.90	2926.78
1359.49	2942.48
1361.07	2933.06
1362.66	2923.64
1364.24	2920.50
1365.82	2925.74
1367.41	2929.92
1368.99	2913.18
1370.57	2905.85
1372.16	2915.27
1373.74	2908.99
1375.32	2906.90
1376.91	2900.62
1378.49	2887.02
1380.07	2860.86
1381.65	2869.23
1383.23	2859.81
1384.81	2855.63
1386.39	2850.39
1387.97	2857.72
1389.55	2842.02
1391.14	2848.30
1392.72	2838.88
1394.29	2832.61
1395.87	2826.33
1397.45	2816.91
1399.03	2822.14
1400.61	2821.10
1402.19	2807.49
1403.77	2791.80
1405.35	2807.49
1406.92	2798.07
1408.50	2800.17
1410.08	2804.35
1411.66	2798.07
1413.23	2797.03
1414.81	2800.17
1416.39	2780.29
1417.96	2793.89
1419.54	2788.66
1421.12	2793.89
1422.69	2799.12
1424.27	2780.29
1425.84	2794.94
1427.42	2792.84
1428.99	2788.66
1430.57	2782.38
1432.14	2785.52
1433.71	2783.42
1435.29	2797.03
1436.86	2788.66
1438.43	2783.42
1440.01	2779.24
1441.58	2662.04
1443.15	2781.33
1444.72	2788.66
1446.30	2775.05
1447.87	2779.24
1449.44	2775.05
1451.01	2767.73
1452.58	2790.75
1454.15	2787.61
1455.72	2781.33
1457.29	2767.73
1458.86	2783.42
1460.43	2775.05
1462.00	2799.12
1463.57	2787.61
1465.14	2785.52
1466.71	2780.29
1468.28	2781.33
1469.85	2776.10
1471.41	2785.52
1472.98	2783.42
1474.55	2794.94
1476.12	2777.15
1477.68	2780.29
1479.25	2795.98
1480.82	2787.61
1482.38	2789.70
1483.95	2775.05
1485.51	2782.38
1487.08	2795.98
1488.64	2785.52
1490.21	2785.52
1491.77	2778.19
1493.34	2802.26
1494.90	2783.42
1496.46	2781.33
1498.03	2792.84
1499.59	2794.94
1501.15	2792.84
1502.72	2789.70
1504.28	2801.21
1505.84	2788.66
1507.40	2776.10
1508.97	2794.94
1510.53	2795.98
1512.09	2809.58
1513.65	2807.49
1515.21	2803.31
1516.77	2790.75
1518.33	2803.31
1519.89	2795.98
1521.45	2799.12
1523.01	2798.07
1524.57	2801.21
1526.13	2789.70
1527.68	2802.26
1529.24	2816.91
1530.80	2803.31
1532.36	2806.45
1533.92	2806.45
1535.47	2798.07
1537.03	2797.03
1538.59	2803.31
1540.14	2798.07
1541.70	2793.89
1543.25	2812.72
1544.81	2802.26
1546.36	2798.07
1547.92	2790.75
1549.47	2799.12
1551.03	2793.89
1552.58	2792.84
1554.13	2790.75
1555.69	2801.21
1557.24	2786.56
1558.79	2787.61
1560.35	2790.75
1561.90	2791.80
1563.45	2780.29
1565.00	2790.75
1566.55	2789.70
1568.10	2779.24
1569.66	2781.33
1571.21	2793.89
1572.76	2798.07
1574.31	2789.70
1575.86	2783.42
1577.40	2777.15
1578.95	2782.38
1580.50	2785.52
1582.05	2776.10
1583.60	2780.29
1585.15	2771.91
1586.69	2785.52
1588.24	2787.61
1589.79	2788.66
1591.34	2769.82
1592.88	2791.80
1594.43	2762.50
1595.97	2769.82
1597.52	2777.15
1599.06	2775.05
1600.61	2774.01
1602.15	2781.33
1603.70	2768.78
1605.24	2772.96
1606.79	2770.87
1608.33	2757.26
1609.87	2762.50
1611.41	2768.78
1612.96	2772.96
1614.50	2757.26
1616.04	2759.36
1617.58	2764.59
1619.12	2757.26
1620.67	2769.82
1622.21	2745.75
1623.75	2768.78
1625.29	2747.85
1626.83	2752.03
1628.37	2765.64
1629.90	2741.57
1631.44	2742.62
1632.98	2749.94
1634.52	2730.06
1636.06	2739.48
1637.59	2745.75
1639.13	2731.10
1640.67	2729.01
1642.21	2731.10
1643.74	2735.29
1645.28	2717.50
1646.81	2714.36
1648.35	2721.69
1649.88	2692.39
1651.42	2702.85
1652.95	2681.92
1654.49	2710.18
1656.02	2687.16
1657.55	2696.57
1659.09	2677.74
1660.62	2686.11
1662.15	2671.46
1663.68	2684.02
1665.22	2677.74
1666.75	2680.88
1668.28	2672.51
1669.81	2689.25
1671.34	2675.65
1672.87	2679.83
1674.40	2684.02
1675.93	2675.65
1677.46	2662.04
1678.99	2664.13
1680.52	2662.04
1682.04	2669.37
1683.57	2662.04
1685.10	2664.13
1686.63	2656.81
1688.15	2665.18
1689.68	2655.76
1691.21	2652.62
1692.73	2652.62
1694.26	2665.18
1695.78	2653.67
1697.31	2647.39
1698.83	2633.79
1700.36	2653.67
1701.88	2644.25
1703.40	2659.95
1704.93	2643.21
1706.45	2642.16
