896.35	2943.52
897.98	2953.99
899.60	2950.85
901.22	2979.10
902.85	2968.64
904.47	2975.96
906.10	2983.29
907.72	2980.15
909.34	2996.89
910.97	3016.77
912.59	3034.56
914.21	3043.98
915.84	3072.23
917.46	3108.86
919.08	3127.69
920.71	3141.29
922.33	3162.22
923.95	3173.73
925.58	3190.47
927.20	3183.15
928.82	3197.80
930.44	3205.12
932.07	3203.03
933.69	3196.75
935.31	3210.36
936.93	3219.77
938.56	3230.24
940.18	3231.28
941.80	3232.33
943.42	3250.12
945.05	3257.44
946.67	3239.66
948.29	3243.84
949.91	3232.33
951.53	3260.58
953.16	3267.91
954.78	3255.35
956.40	3239.66
958.02	3243.84
959.64	3249.07
961.26	3248.03
962.88	3251.17
964.51	3237.56
966.13	3262.68
967.75	3264.77
969.37	3251.17
970.99	3251.17
972.61	3249.07
974.23	3254.30
975.85	3254.30
977.47	3264.77
979.09	3254.30
980.71	3248.03
982.33	3252.21
983.95	3260.58
985.57	3275.23
987.19	3267.91
988.81	3273.14
990.43	3271.05
992.05	3273.14
993.67	3281.51
995.29	3281.51
996.91	3273.14
998.53	3306.62
1000.15	3304.53
1001.77	3304.53
1003.39	3301.39
1005.01	3302.44
1006.63	3312.90
1008.25	3310.81
1009.86	3317.09
1011.48	3320.23
1013.10	3316.04
1014.72	3328.60
1016.34	3332.78
1017.96	3354.76
1019.58	3328.60
1021.19	3336.97
1022.81	3344.30
1024.43	3355.81
1026.05	3349.53
1027.66	3356.85
1029.28	3353.71
1030.90	3361.04
1032.52	3354.76
1034.13	3362.08
1035.75	3363.13
1037.37	3363.13
1038.98	3379.87
1040.60	3367.32
1042.22	3355.81
1043.83	3358.94
1045.45	3365.22
1047.07	3370.46
1048.68	3381.97
1050.30	3373.59
1051.92	3375.69
1053.53	3373.59
1055.15	3374.64
1056.76	3375.69
1058.38	3376.73
1059.99	3385.10
1061.61	3375.69
1063.22	3366.27
1064.84	3376.73
1066.46	3373.59
1068.07	3373.59
1069.68	3370.46
1071.30	3374.64
1072.91	3365.22
1074.53	3358.94
1076.14	3373.59
1077.76	3366.27
1079.37	3373.59
1080.98	3342.20
1082.60	3361.04
1084.21	3364.18
1085.83	3365.22
1087.44	3370.46
1089.05	3348.48
1090.67	3340.11
1092.28	3335.92
1093.89	3351.62
1095.50	3350.57
1097.12	3345.34
1098.73	3357.90
1100.34	3333.83
1101.95	3354.76
1103.57	3357.90
1105.18	3342.20
1106.79	3336.97
1108.40	3349.53
1110.01	3355.81
1111.63	3353.71
1113.24	3355.81
1114.85	3355.81
1116.46	3347.43
1118.07	3355.81
1119.68	3343.25
1121.29	3354.76
1122.90	3340.11
1124.51	3343.25
1126.12	3349.53
1127.73	3357.90
1129.34	3359.99
1130.95	3358.94
1132.56	3356.85
1134.17	3333.83
1135.78	3348.48
1137.39	3354.76
1139.00	3341.16
1140.61	3348.48
1142.22	3355.81
1143.83	3347.43
1145.44	3345.34
1147.05	3349.53
1148.65	3354.76
1150.26	3339.06
1151.87	3328.60
1153.48	3335.92
1155.09	3341.16
1156.69	3342.20
1158.30	3332.78
1159.91	3340.11
1161.52	3350.57
1163.12	3353.71
1164.73	3341.16
1166.34	3356.85
1167.94	3329.65
1169.55	3347.43
1171.16	3344.30
1172.76	3350.57
1174.37	3349.53
1175.97	3355.81
1177.58	3331.74
1179.19	3350.57
1180.79	3335.92
1182.40	3335.92
1184.00	3328.60
1185.61	3344.30
1187.21	3354.76
1188.82	3344.30
1190.42	3345.34
1192.02	3335.92
1193.63	3326.51
1195.23	3344.30
1196.84	3347.43
1198.44	3344.30
1200.04	3349.53
1201.65	3347.43
1203.25	3347.43
1204.85	3358.94
1206.46	3327.55
1208.06	3333.83
1209.66	3323.37
1211.26	3326.51
1212.87	3348.48
1214.47	3332.78
1216.07	3332.78
1217.67	3335.92
1219.27	3329.65
1220.87	3324.41
1222.48	3332.78
1224.08	3325.46
1225.68	3331.74
1227.28	3321.27
1228.88	3315.00
1230.48	3321.27
1232.08	3299.30
1233.68	3320.23
1235.28	3321.27
1236.88	3316.04
1238.48	3305.58
1240.08	3334.88
1241.68	3294.07
1243.28	3309.76
1244.87	3298.25
1246.47	3299.30
1248.07	3285.70
1249.67	3294.07
1251.27	3301.39
1252.87	3286.74
1254.46	3276.28
1256.06	3270.00
1257.66	3277.33
1259.26	3268.95
1260.85	3279.42
1262.45	3275.23
1264.05	3277.33
1265.64	3261.63
1267.24	3268.95
1268.83	3277.33
1270.43	3267.91
1272.03	3282.56
1273.62	3267.91
1275.22	3255.35
1276.81	3270.00
1278.41	3261.63
1280.00	3261.63
1281.60	3259.54
1283.19	3255.35
1284.79	3260.58
1286.38	3249.07
1287.97	3256.40
1289.57	3244.89
1291.16	3246.98
1292.75	3238.61
1294.35	3250.12
1295.94	3235.47
1297.53	3246.98
1299.12	3234.42
1300.72	3253.26
1302.31	3214.54
1303.90	3236.52
1305.49	3236.52
1307.08	3227.10
1308.68	3211.40
1310.27	3214.54
1311.86	3217.68
1313.45	3212.45
1315.04	3212.45
1316.63	3206.17
1318.22	3208.26
1319.81	3199.89
1321.40	3208.26
1322.99	3212.45
1324.58	3173.73
1326.17	3185.24
1327.75	3174.78
1329.34	3184.20
1330.93	3168.50
1332.52	3176.87
1334.11	3170.59
1335.70	3173.73
1337.28	3163.27
1338.87	3160.13
1340.46	3156.99
1342.05	3154.90
1343.63	3148.62
1345.22	3148.62
1346.81	3154.90
1348.39	3146.53
1349.98	3146.53
1351.56	3132.92
1353.15	3123.50
1354.73	3123.50
1356.32	3114.09
1357.90	3103.62
1359.49	3100.48
1361.07	3093.16
1362.66	3098.39
1364.24	3088.97
1365.82	3081.65
1367.41	3085.83
1368.99	3060.72
1370.57	3069.09
1372.16	3061.77
1373.74	3062.81
1375.32	3059.67
1376.91	3046.07
1378.49	3015.73
1380.07	2995.84
1381.65	2994.80
1383.23	2981.19
1384.81	2975.96
1386.39	2964.45
1387.97	2967.59
1389.55	2955.03
1391.14	2955.03
1392.72	2938.29
1394.29	2920.50
1395.87	2921.55
1397.45	2915.27
1399.03	2916.32
1400.61	2900.62
1402.19	2888.06
1403.77	2878.65
1405.35	2891.20
1406.92	2884.93
1408.50	2877.60
1410.08	2875.51
1411.66	2862.95
1413.23	2861.90
1414.81	2867.14
1416.39	2848.30
1417.96	2861.90
1419.54	2848.30
1421.12	2853.53
1422.69	2854.58
1424.27	2847.26
1425.84	2856.67
1427.42	2851.44
1428.99	2854.58
1430.57	2847.26
1432.14	2844.12
1433.71	2843.07
1435.29	2845.16
1436.86	2851.44
1438.43	2853.53
1440.01	2845.16
1441.58	2718.55
1443.15	2844.12
1444.72	2847.26
1446.30	2837.84
1447.87	2847.26
1449.44	2833.65
1451.01	2821.10
1452.58	2843.07
1454.15	2836.79
1455.72	2838.88
1457.29	2839.93
1458.86	2843.07
1460.43	2835.74
1462.00	2858.77
1463.57	2845.16
1465.14	2842.02
1466.71	2828.42
1468.28	2839.93
1469.85	2838.88
1471.41	2843.07
1472.98	2843.07
1474.55	2855.63
1476.12	2840.98
1477.68	2837.84
1479.25	2848.30
1480.82	2840.98
1482.38	2846.21
1483.95	2837.84
1485.51	2849.35
1487.08	2859.81
1488.64	2853.53
1490.21	2858.77
1491.77	2849.35
1493.34	2855.63
1494.90	2851.44
1496.46	2854.58
1498.03	2864.00
1499.59	2862.95
1501.15	2857.72
1502.72	2858.77
1504.28	2860.86
1505.84	2857.72
1507.40	2857.72
1508.97	2874.46
1510.53	2871.32
1512.09	2872.37
1513.65	2874.46
1515.21	2875.51
1516.77	2864.00
1518.33	2885.97
1519.89	2878.65
1521.45	2874.46
1523.01	2872.37
1524.57	2881.79
1526.13	2872.37
1527.68	2879.69
1529.24	2880.74
1530.80	2877.60
1532.36	2884.93
1533.92	2871.32
1535.47	2861.90
1537.03	2871.32
1538.59	2882.83
1540.14	2879.69
1541.70	2874.46
1543.25	2891.20
1544.81	2878.65
1546.36	2885.97
1547.92	2870.28
1549.47	2881.79
1551.03	2887.02
1552.58	2878.65
1554.13	2879.69
1555.69	2882.83
1557.24	2872.37
1558.79	2871.32
1560.35	2870.28
1561.90	2878.65
1563.45	2862.95
1565.00	2873.42
1566.55	2868.18
1568.10	2868.18
1569.66	2862.95
1571.21	2872.37
1572.76	2868.18
1574.31	2865.04
1575.86	2861.90
1577.40	2861.90
1578.95	2864.00
1580.50	2869.23
1582.05	2853.53
1583.60	2864.00
1585.15	2844.12
1586.69	2842.02
1588.24	2850.39
1589.79	2859.81
1591.34	2843.07
1592.88	2861.90
1594.43	2842.02
1595.97	2854.58
1597.52	2860.86
1599.06	2858.77
1600.61	2846.21
1602.15	2861.90
1603.70	2846.21
1605.24	2849.35
1606.79	2848.30
1608.33	2832.61
1609.87	2836.79
1611.41	2849.35
1612.96	2843.07
1614.50	2828.42
1616.04	2831.56
1617.58	2848.30
1619.12	2831.56
1620.67	2836.79
1622.21	2810.63
1623.75	2831.56
1625.29	2812.72
1626.83	2820.05
1628.37	2837.84
1629.90	2817.96
1631.44	2817.96
1632.98	2816.91
1634.52	2799.12
1636.06	2802.26
1637.59	2801.21
1639.13	2784.47
1640.67	2788.66
1642.21	2779.24
1643.74	2777.15
1645.28	2754.13
1646.81	2746.80
1648.35	2749.94
1649.88	2726.92
1651.42	2730.06
1652.95	2717.50
1654.49	2742.62
1656.02	2714.36
1657.55	2723.78
1659.09	2694.48
1660.62	2713.32
1662.15	2696.57
1663.68	2695.53
1665.22	2691.34
1666.75	2696.57
1668.28	2691.34
1669.81	2708.08
1671.34	2691.34
1672.87	2688.20
1674.40	2695.53
1675.93	2687.16
1677.46	2671.46
1678.99	2664.13
1680.52	2673.55
1682.04	2690.29
1683.57	2682.97
1685.10	2679.83
1686.63	2675.65
1688.15	2678.78
1689.68	2664.13
1691.21	2669.37
1692.73	2673.55
1694.26	2674.60
1695.78	2670.41
1697.31	2675.65
1698.83	2664.13
1700.36	2669.37
1701.88	2661.00
1703.40	2672.51
1704.93	2663.09
1706.45	2659.95
