896.35	2945.62
897.98	2957.13
899.60	2959.22
901.22	2975.96
902.85	2970.73
904.47	2986.43
906.10	2991.66
907.72	2986.43
909.34	3006.31
910.97	3011.54
912.59	3039.79
914.21	3062.81
915.84	3078.51
917.46	3107.81
919.08	3135.02
920.71	3147.57
922.33	3170.59
923.95	3180.01
925.58	3198.85
927.20	3203.03
928.82	3209.31
930.44	3223.96
932.07	3209.31
933.69	3213.50
935.31	3221.87
936.93	3233.38
938.56	3237.56
940.18	3241.75
941.80	3236.52
943.42	3250.12
945.05	3263.72
946.67	3243.84
948.29	3262.68
949.91	3245.93
951.53	3264.77
953.16	3273.14
954.78	3264.77
956.40	3261.63
958.02	3258.49
959.64	3262.68
961.26	3264.77
962.88	3263.72
964.51	3251.17
966.13	3271.05
967.75	3271.05
969.37	3254.30
970.99	3254.30
972.61	3260.58
974.23	3265.82
975.85	3262.68
977.47	3273.14
979.09	3268.95
980.71	3261.63
982.33	3264.77
983.95	3279.42
985.57	3274.19
987.19	3267.91
988.81	3294.07
990.43	3279.42
992.05	3279.42
993.67	3287.79
995.29	3291.98
996.91	3279.42
998.53	3306.62
1000.15	3305.58
1001.77	3306.62
1003.39	3308.72
1005.01	3302.44
1006.63	3313.95
1008.25	3326.51
1009.86	3332.78
1011.48	3328.60
1013.10	3325.46
1014.72	3335.92
1016.34	3338.02
1017.96	3354.76
1019.58	3344.30
1021.19	3349.53
1022.81	3348.48
1024.43	3372.55
1026.05	3349.53
1027.66	3368.36
1029.28	3368.36
1030.90	3369.41
1032.52	3358.94
1034.13	3366.27
1035.75	3375.69
1037.37	3384.06
1038.98	3390.34
1040.60	3380.92
1042.22	3371.50
1043.83	3374.64
1045.45	3378.83
1047.07	3381.97
1048.68	3385.10
1050.30	3381.97
1051.92	3386.15
1053.53	3384.06
1055.15	3390.34
1056.76	3385.10
1058.38	3392.43
1059.99	3402.89
1061.61	3387.20
1063.22	3379.87
1064.84	3394.52
1066.46	3379.87
1068.07	3376.73
1069.68	3380.92
1071.30	3395.57
1072.91	3379.87
1074.53	3378.83
1076.14	3391.38
1077.76	3376.73
1079.37	3381.97
1080.98	3350.57
1082.60	3367.32
1084.21	3367.32
1085.83	3363.13
1087.44	3373.59
1089.05	3363.13
1090.67	3350.57
1092.28	3353.71
1093.89	3371.50
1095.50	3362.08
1097.12	3353.71
1098.73	3366.27
1100.34	3342.20
1101.95	3370.46
1103.57	3364.18
1105.18	3354.76
1106.79	3351.62
1108.40	3359.99
1110.01	3354.76
1111.63	3358.94
1113.24	3369.41
1114.85	3359.99
1116.46	3357.90
1118.07	3363.13
1119.68	3349.53
1121.29	3372.55
1122.90	3361.04
1124.51	3358.94
1126.12	3365.22
1127.73	3375.69
1129.34	3373.59
1130.95	3362.08
1132.56	3370.46
1134.17	3348.48
1135.78	3357.90
1137.39	3365.22
1139.00	3350.57
1140.61	3363.13
1142.22	3365.22
1143.83	3359.99
1145.44	3351.62
1147.05	3357.90
1148.65	3358.94
1150.26	3349.53
1151.87	3352.67
1153.48	3357.90
1155.09	3364.18
1156.69	3356.85
1158.30	3351.62
1159.91	3353.71
1161.52	3356.85
1163.12	3359.99
1164.73	3355.81
1166.34	3363.13
1167.94	3361.04
1169.55	3358.94
1171.16	3367.32
1172.76	3363.13
1174.37	3355.81
1175.97	3358.94
1177.58	3343.25
1179.19	3370.46
1180.79	3346.39
1182.40	3351.62
1184.00	3349.53
1185.61	3364.18
1187.21	3369.41
1188.82	3354.76
1190.42	3362.08
1192.02	3359.99
1193.63	3340.11
1195.23	3357.90
1196.84	3363.13
1198.44	3369.41
1200.04	3373.59
1201.65	3367.32
1203.25	3362.08
1204.85	3367.32
1206.46	3345.34
1208.06	3358.94
1209.66	3345.34
1211.26	3348.48
1212.87	3366.27
1214.47	3335.92
1216.07	3342.20
1217.67	3350.57
1219.27	3340.11
1220.87	3343.25
1222.48	3344.30
1224.08	3342.20
1225.68	3341.16
1227.28	3336.97
1228.88	3325.46
1230.48	3339.06
1232.08	3328.60
1233.68	3342.20
1235.28	3343.25
1236.88	3330.69
1238.48	3317.09
1240.08	3345.34
1241.68	3311.86
1243.28	3313.95
1244.87	3310.81
1246.47	3305.58
1248.07	3298.25
1249.67	3301.39
1251.27	3310.81
1252.87	3295.11
1254.46	3290.93
1256.06	3291.98
1257.66	3285.70
1259.26	3279.42
1260.85	3290.93
1262.45	3287.79
1264.05	3289.88
1265.64	3282.56
1267.24	3286.74
1268.83	3285.70
1270.43	3279.42
1272.03	3298.25
1273.62	3275.23
1275.22	3267.91
1276.81	3279.42
1278.41	3275.23
1280.00	3281.51
1281.60	3283.60
1283.19	3277.33
1284.79	3266.86
1286.38	3260.58
1287.97	3265.82
1289.57	3259.54
1291.16	3257.44
1292.75	3251.17
1294.35	3261.63
1295.94	3252.21
1297.53	3255.35
1299.12	3242.79
1300.72	3257.44
1302.31	3229.19
1303.90	3262.68
1305.49	3258.49
1307.08	3243.84
1308.68	3226.05
1310.27	3234.42
1311.86	3238.61
1313.45	3226.05
1315.04	3233.38
1316.63	3219.77
1318.22	3213.50
1319.81	3212.45
1321.40	3214.54
1322.99	3223.96
1324.58	3197.80
1326.17	3197.80
1327.75	3197.80
1329.34	3203.03
1330.93	3188.38
1332.52	3187.34
1334.11	3185.24
1335.70	3177.92
1337.28	3165.36
1338.87	3174.78
1340.46	3176.87
1342.05	3172.69
1343.63	3159.08
1345.22	3146.53
1346.81	3158.04
1348.39	3155.94
1349.98	3153.85
1351.56	3138.15
1353.15	3138.15
1354.73	3133.97
1356.32	3124.55
1357.90	3121.41
1359.49	3124.55
1361.07	3102.58
1362.66	3094.21
1364.24	3102.58
1365.82	3101.53
1367.41	3114.09
1368.99	3087.93
1370.57	3082.70
1372.16	3092.11
1373.74	3084.79
1375.32	3073.28
1376.91	3061.77
1378.49	3034.56
1380.07	3018.86
1381.65	3007.35
1383.23	2991.66
1384.81	2992.70
1386.39	2979.10
1387.97	2975.96
1389.55	2975.96
1391.14	2965.50
1392.72	2952.94
1394.29	2944.57
1395.87	2942.48
1397.45	2925.74
1399.03	2926.78
1400.61	2917.36
1402.19	2906.90
1403.77	2890.16
1405.35	2908.99
1406.92	2896.44
1408.50	2896.44
1410.08	2894.34
1411.66	2881.79
1413.23	2883.88
1414.81	2894.34
1416.39	2869.23
1417.96	2882.83
1419.54	2861.90
1421.12	2868.18
1422.69	2882.83
1424.27	2870.28
1425.84	2874.46
1427.42	2858.77
1428.99	2858.77
1430.57	2860.86
1432.14	2853.53
1433.71	2862.95
1435.29	2870.28
1436.86	2869.23
1438.43	2861.90
1440.01	2860.86
1441.58	2741.57
1443.15	2865.04
1444.72	2856.67
1446.30	2857.72
1447.87	2859.81
1449.44	2849.35
1451.01	2839.93
1452.58	2859.81
1454.15	2854.58
1455.72	2847.26
1457.29	2852.49
1458.86	2861.90
1460.43	2849.35
1462.00	2873.42
1463.57	2853.53
1465.14	2864.00
1466.71	2847.26
1468.28	2861.90
1469.85	2866.09
1471.41	2867.14
1472.98	2855.63
1474.55	2861.90
1476.12	2848.30
1477.68	2849.35
1479.25	2866.09
1480.82	2859.81
1482.38	2867.14
1483.95	2852.49
1485.51	2865.04
1487.08	2872.37
1488.64	2860.86
1490.21	2865.04
1491.77	2861.90
1493.34	2871.32
1494.90	2860.86
1496.46	2865.04
1498.03	2871.32
1499.59	2870.28
1501.15	2877.60
1502.72	2874.46
1504.28	2875.51
1505.84	2869.23
1507.40	2868.18
1508.97	2881.79
1510.53	2881.79
1512.09	2888.06
1513.65	2892.25
1515.21	2889.11
1516.77	2868.18
1518.33	2891.20
1519.89	2887.02
1521.45	2884.93
1523.01	2891.20
1524.57	2894.34
1526.13	2884.93
1527.68	2892.25
1529.24	2900.62
1530.80	2887.02
1532.36	2897.48
1533.92	2888.06
1535.47	2881.79
1537.03	2890.16
1538.59	2901.67
1540.14	2881.79
1541.70	2877.60
1543.25	2897.48
1544.81	2889.11
1546.36	2893.30
1547.92	2877.60
1549.47	2890.16
1551.03	2894.34
1552.58	2880.74
1554.13	2870.28
1555.69	2885.97
1557.24	2875.51
1558.79	2881.79
1560.35	2875.51
1561.90	2881.79
1563.45	2872.37
1565.00	2877.60
1566.55	2866.09
1568.10	2875.51
1569.66	2861.90
1571.21	2879.69
1572.76	2874.46
1574.31	2877.60
1575.86	2877.60
1577.40	2872.37
1578.95	2874.46
1580.50	2876.55
1582.05	2856.67
1583.60	2866.09
1585.15	2857.72
1586.69	2867.14
1588.24	2862.95
1589.79	2871.32
1591.34	2851.44
1592.88	2868.18
1594.43	2844.12
1595.97	2860.86
1597.52	2858.77
1599.06	2861.90
1600.61	2864.00
1602.15	2872.37
1603.70	2854.58
1605.24	2857.72
1606.79	2856.67
1608.33	2844.12
1609.87	2844.12
1611.41	2854.58
1612.96	2855.63
1614.50	2837.84
1616.04	2843.07
1617.58	2849.35
1619.12	2832.61
1620.67	2848.30
1622.21	2830.51
1623.75	2846.21
1625.29	2831.56
1626.83	2827.37
1628.37	2843.07
1629.90	2817.96
1631.44	2816.91
1632.98	2822.14
1634.52	2800.17
1636.06	2807.49
1637.59	2805.40
1639.13	2792.84
1640.67	2790.75
1642.21	2772.96
1643.74	2784.47
1645.28	2758.31
1646.81	2748.89
1648.35	2754.13
1649.88	2731.10
1651.42	2735.29
1652.95	2717.50
1654.49	2738.43
1656.02	2721.69
1657.55	2718.55
1659.09	2699.71
1660.62	2717.50
1662.15	2695.53
1663.68	2702.85
1665.22	2691.34
1666.75	2696.57
1668.28	2688.20
1669.81	2709.13
1671.34	2695.53
1672.87	2692.39
1674.40	2703.90
1675.93	2685.06
1677.46	2669.37
1678.99	2662.04
1680.52	2675.65
1682.04	2688.20
1683.57	2677.74
1685.10	2684.02
1686.63	2672.51
1688.15	2673.55
1689.68	2665.18
1691.21	2668.32
1692.73	2677.74
1694.26	2677.74
1695.78	2671.46
1697.31	2670.41
1698.83	2652.62
1700.36	2666.23
1701.88	2656.81
1703.40	2669.37
1704.93	2658.90
1706.45	2656.81
