896.35	2859.81
897.98	2862.95
899.60	2866.09
901.22	2879.69
902.85	2879.69
904.47	2883.88
906.10	2896.44
907.72	2892.25
909.34	2908.99
910.97	2913.18
912.59	2924.69
914.21	2936.20
915.84	2957.13
917.46	2981.19
919.08	3001.08
920.71	3007.35
922.33	3030.38
923.95	3019.91
925.58	3042.93
927.20	3034.56
928.82	3050.26
930.44	3064.91
932.07	3061.77
933.69	3045.02
935.31	3063.86
936.93	3067.00
938.56	3080.60
940.18	3071.18
941.80	3073.28
943.42	3075.37
945.05	3094.21
946.67	3079.56
948.29	3091.07
949.91	3081.65
951.53	3097.34
953.16	3095.25
954.78	3092.11
956.40	3090.02
958.02	3093.16
959.64	3080.60
961.26	3080.60
962.88	3091.07
964.51	3083.74
966.13	3096.30
967.75	3100.48
969.37	3078.51
970.99	3090.02
972.61	3080.60
974.23	3090.02
975.85	3083.74
977.47	3102.58
979.09	3090.02
980.71	3079.56
982.33	3095.25
983.95	3098.39
985.57	3105.72
987.19	3101.53
988.81	3108.86
990.43	3103.62
992.05	3102.58
993.67	3123.50
995.29	3109.90
996.91	3101.53
998.53	3130.83
1000.15	3136.06
1001.77	3130.83
1003.39	3125.60
1005.01	3118.27
1006.63	3135.02
1008.25	3138.15
1009.86	3146.53
1011.48	3141.29
1013.10	3150.71
1014.72	3158.04
1016.34	3149.66
1017.96	3163.27
1019.58	3152.80
1021.19	3145.48
1022.81	3150.71
1024.43	3167.45
1026.05	3156.99
1027.66	3165.36
1029.28	3173.73
1030.90	3168.50
1032.52	3163.27
1034.13	3180.01
1035.75	3184.20
1037.37	3177.92
1038.98	3188.38
1040.60	3169.55
1042.22	3161.18
1043.83	3177.92
1045.45	3183.15
1047.07	3172.69
1048.68	3191.52
1050.30	3174.78
1051.92	3190.47
1053.53	3181.06
1055.15	3186.29
1056.76	3175.82
1058.38	3186.29
1059.99	3192.57
1061.61	3193.61
1063.22	3181.06
1064.84	3191.52
1066.46	3185.24
1068.07	3181.06
1069.68	3182.10
1071.30	3195.71
1072.91	3178.96
1074.53	3180.01
1076.14	3192.57
1077.76	3177.92
1079.37	3168.50
1080.98	3159.08
1082.60	3167.45
1084.21	3172.69
1085.83	3167.45
1087.44	3180.01
1089.05	3160.13
1090.67	3169.55
1092.28	3161.18
1093.89	3170.59
1095.50	3163.27
1097.12	3163.27
1098.73	3168.50
1100.34	3159.08
1101.95	3166.41
1103.57	3171.64
1105.18	3148.62
1106.79	3160.13
1108.40	3166.41
1110.01	3163.27
1111.63	3159.08
1113.24	3170.59
1114.85	3172.69
1116.46	3165.36
1118.07	3171.64
1119.68	3155.94
1121.29	3168.50
1122.90	3161.18
1124.51	3162.22
1126.12	3171.64
1127.73	3174.78
1129.34	3172.69
1130.95	3177.92
1132.56	3173.73
1134.17	3139.20
1135.78	3164.31
1137.39	3168.50
1139.00	3161.18
1140.61	3165.36
1142.22	3173.73
1143.83	3164.31
1145.44	3165.36
1147.05	3163.27
1148.65	3172.69
1150.26	3159.08
1151.87	3159.08
1153.48	3165.36
1155.09	3162.22
1156.69	3160.13
1158.30	3146.53
1159.91	3154.90
1161.52	3168.50
1163.12	3165.36
1164.73	3165.36
1166.34	3170.59
1167.94	3162.22
1169.55	3169.55
1171.16	3166.41
1172.76	3167.45
1174.37	3161.18
1175.97	3173.73
1177.58	3156.99
1179.19	3172.69
1180.79	3168.50
1182.40	3168.50
1184.00	3161.18
1185.61	3172.69
1187.21	3177.92
1188.82	3163.27
1190.42	3170.59
1192.02	3163.27
1193.63	3161.18
1195.23	3171.64
1196.84	3178.96
1198.44	3166.41
1200.04	3166.41
1201.65	3167.45
1203.25	3164.31
1204.85	3170.59
1206.46	3159.08
1208.06	3161.18
1209.66	3153.85
1211.26	3155.94
1212.87	3174.78
1214.47	3153.85
1216.07	3166.41
1217.67	3165.36
1219.27	3153.85
1220.87	3158.04
1222.48	3148.62
1224.08	3153.85
1225.68	3161.18
1227.28	3153.85
1228.88	3155.94
1230.48	3156.99
1232.08	3141.29
1233.68	3152.80
1235.28	3164.31
1236.88	3147.57
1238.48	3130.83
1240.08	3165.36
1241.68	3128.74
1243.28	3129.78
1244.87	3127.69
1246.47	3125.60
1248.07	3119.32
1249.67	3123.50
1251.27	3140.25
1252.87	3117.23
1254.46	3106.76
1256.06	3111.99
1257.66	3120.37
1259.26	3106.76
1260.85	3116.18
1262.45	3106.76
1264.05	3114.09
1265.64	3113.04
1267.24	3118.27
1268.83	3118.27
1270.43	3111.99
1272.03	3125.60
1273.62	3115.13
1275.22	3101.53
1276.81	3120.37
1278.41	3113.04
1280.00	3114.09
1281.60	3104.67
1283.19	3095.25
1284.79	3111.99
1286.38	3103.62
1287.97	3106.76
1289.57	3104.67
1291.16	3097.34
1292.75	3087.93
1294.35	3099.44
1295.94	3088.97
1297.53	3093.16
1299.12	3090.02
1300.72	3105.72
1302.31	3078.51
1303.90	3102.58
1305.49	3094.21
1307.08	3076.42
1308.68	3072.23
1310.27	3075.37
1311.86	3081.65
1313.45	3076.42
1315.04	3074.32
1316.63	3072.23
1318.22	3069.09
1319.81	3055.49
1321.40	3068.05
1322.99	3065.95
1324.58	3050.26
1326.17	3052.35
1327.75	3046.07
1329.34	3049.21
1330.93	3040.84
1332.52	3047.12
1334.11	3045.02
1335.70	3031.42
1337.28	3022.00
1338.87	3036.65
1340.46	3040.84
1342.05	3035.61
1343.63	3032.47
1345.22	3026.19
1346.81	3036.65
1348.39	3023.05
1349.98	3028.28
1351.56	3009.45
1353.15	3016.77
1354.73	3015.73
1356.32	2988.52
1357.90	2994.80
1359.49	3003.17
1361.07	2989.57
1362.66	2982.24
1364.24	2982.24
1365.82	2988.52
1367.41	2988.52
1368.99	2963.41
1370.57	2966.54
1372.16	2984.33
1373.74	2975.96
1375.32	2965.50
1376.91	2955.03
1378.49	2938.29
1380.07	2925.74
1381.65	2924.69
1383.23	2907.95
1384.81	2910.04
1386.39	2905.85
1387.97	2904.81
1389.55	2895.39
1391.14	2890.16
1392.72	2877.60
1394.29	2875.51
1395.87	2867.14
1397.45	2871.32
1399.03	2877.60
1400.61	2865.04
1402.19	2854.58
1403.77	2849.35
1405.35	2872.37
1406.92	2858.77
1408.50	2849.35
1410.08	2857.72
1411.66	2836.79
1413.23	2839.93
1414.81	2846.21
1416.39	2829.47
1417.96	2842.02
1419.54	2828.42
1421.12	2843.07
1422.69	2842.02
1424.27	2834.70
1425.84	2834.70
1427.42	2832.61
1428.99	2833.65
1430.57	2834.70
1432.14	2831.56
1433.71	2826.33
1435.29	2842.02
1436.86	2835.74
1438.43	2826.33
1440.01	2822.14
1441.58	2708.08
1443.15	2831.56
1444.72	2838.88
1446.30	2826.33
1447.87	2839.93
1449.44	2829.47
1451.01	2822.14
1452.58	2824.23
1454.15	2829.47
1455.72	2817.96
1457.29	2820.05
1458.86	2830.51
1460.43	2822.14
1462.00	2836.79
1463.57	2821.10
1465.14	2824.23
1466.71	2815.86
1468.28	2827.37
1469.85	2827.37
1471.41	2831.56
1472.98	2823.19
1474.55	2830.51
1476.12	2819.00
1477.68	2821.10
1479.25	2838.88
1480.82	2823.19
1482.38	2834.70
1483.95	2814.82
1485.51	2826.33
1487.08	2835.74
1488.64	2836.79
1490.21	2840.98
1491.77	2823.19
1493.34	2840.98
1494.90	2812.72
1496.46	2824.23
1498.03	2824.23
1499.59	2825.28
1501.15	2827.37
1502.72	2829.47
1504.28	2831.56
1505.84	2827.37
1507.40	2822.14
1508.97	2831.56
1510.53	2825.28
1512.09	2838.88
1513.65	2840.98
1515.21	2842.02
1516.77	2828.42
1518.33	2840.98
1519.89	2836.79
1521.45	2836.79
1523.01	2843.07
1524.57	2844.12
1526.13	2832.61
1527.68	2839.93
1529.24	2842.02
1530.80	2835.74
1532.36	2847.26
1533.92	2832.61
1535.47	2828.42
1537.03	2838.88
1538.59	2837.84
1540.14	2830.51
1541.70	2825.28
1543.25	2843.07
1544.81	2843.07
1546.36	2838.88
1547.92	2833.65
1549.47	2840.98
1551.03	2835.74
1552.58	2833.65
1554.13	2819.00
1555.69	2833.65
1557.24	2821.10
1558.79	2824.23
1560.35	2820.05
1561.90	2829.47
1563.45	2822.14
1565.00	2824.23
1566.55	2816.91
1568.10	2814.82
1569.66	2819.00
1571.21	2833.65
1572.76	2823.19
1574.31	2819.00
1575.86	2821.10
1577.40	2806.45
1578.95	2819.00
1580.50	2815.86
1582.05	2805.40
1583.60	2812.72
1585.15	2795.98
1586.69	2815.86
1588.24	2819.00
1589.79	2825.28
1591.34	2804.35
1592.88	2817.96
1594.43	2798.07
1595.97	2812.72
1597.52	2808.54
1599.06	2808.54
1600.61	2800.17
1602.15	2811.68
1603.70	2798.07
1605.24	2798.07
1606.79	2802.26
1608.33	2791.80
1609.87	2789.70
1611.41	2802.26
1612.96	2797.03
1614.50	2786.56
1616.04	2789.70
1617.58	2802.26
1619.12	2790.75
1620.67	2800.17
1622.21	2764.59
1623.75	2793.89
1625.29	2774.01
1626.83	2782.38
1628.37	2799.12
1629.90	2775.05
1631.44	2774.01
1632.98	2772.96
1634.52	2762.50
1636.06	2765.64
1637.59	2782.38
1639.13	2759.36
1640.67	2757.26
1642.21	2749.94
1643.74	2738.43
1645.28	2724.83
1646.81	2722.73
1648.35	2729.01
1649.88	2709.13
1651.42	2715.41
1652.95	2691.34
1654.49	2718.55
1656.02	2698.67
1657.55	2708.08
1659.09	2688.20
1660.62	2693.43
1662.15	2677.74
1663.68	2695.53
1665.22	2682.97
1666.75	2685.06
1668.28	2675.65
1669.81	2695.53
1671.34	2678.78
1672.87	2680.88
1674.40	2681.92
1675.93	2666.23
1677.46	2670.41
1678.99	2671.46
1680.52	2662.04
1682.04	2671.46
1683.57	2670.41
1685.10	2673.55
1686.63	2664.13
1688.15	2661.00
1689.68	2648.44
1691.21	2656.81
1692.73	2663.09
1694.26	2665.18
1695.78	2659.95
1697.31	2668.32
1698.83	2649.49
1700.36	2651.58
1701.88	2646.35
1703.40	2663.09
1704.93	2649.49
1706.45	2647.39
