896.35	2957.13
897.98	2972.82
899.60	2978.06
901.22	2995.84
902.85	2982.24
904.47	2998.98
906.10	3009.45
907.72	3010.49
909.34	3034.56
910.97	3050.26
912.59	3065.95
914.21	3079.56
915.84	3105.72
917.46	3146.53
919.08	3167.45
920.71	3182.10
922.33	3201.98
923.95	3210.36
925.58	3231.28
927.20	3226.05
928.82	3233.38
930.44	3257.44
932.07	3242.79
933.69	3242.79
935.31	3249.07
936.93	3267.91
938.56	3267.91
940.18	3283.60
941.80	3277.33
943.42	3291.98
945.05	3301.39
946.67	3289.88
948.29	3289.88
949.91	3286.74
951.53	3306.62
953.16	3312.90
954.78	3306.62
956.40	3285.70
958.02	3289.88
959.64	3290.93
961.26	3285.70
962.88	3296.16
964.51	3285.70
966.13	3315.00
967.75	3303.49
969.37	3298.25
970.99	3296.16
972.61	3298.25
974.23	3291.98
975.85	3303.49
977.47	3306.62
979.09	3302.44
980.71	3287.79
982.33	3302.44
983.95	3305.58
985.57	3321.27
987.19	3304.53
988.81	3321.27
990.43	3320.23
992.05	3315.00
993.67	3331.74
995.29	3324.41
996.91	3319.18
998.53	3350.57
1000.15	3345.34
1001.77	3348.48
1003.39	3347.43
1005.01	3355.81
1006.63	3355.81
1008.25	3357.90
1009.86	3366.27
1011.48	3366.27
1013.10	3366.27
1014.72	3387.20
1016.34	3386.15
1017.96	3399.75
1019.58	3384.06
1021.19	3384.06
1022.81	3387.20
1024.43	3409.17
1026.05	3401.85
1027.66	3413.36
1029.28	3411.26
1030.90	3417.54
1032.52	3400.80
1034.13	3418.59
1035.75	3424.87
1037.37	3421.73
1038.98	3430.10
1040.60	3424.87
1042.22	3407.08
1043.83	3422.78
1045.45	3425.91
1047.07	3424.87
1048.68	3426.96
1050.30	3424.87
1051.92	3436.38
1053.53	3433.24
1055.15	3433.24
1056.76	3430.10
1058.38	3429.05
1059.99	3438.47
1061.61	3434.29
1063.22	3421.73
1064.84	3429.05
1066.46	3426.96
1068.07	3417.54
1069.68	3431.15
1071.30	3433.24
1072.91	3421.73
1074.53	3412.31
1076.14	3422.78
1077.76	3409.17
1079.37	3413.36
1080.98	3391.38
1082.60	3414.40
1084.21	3417.54
1085.83	3408.13
1087.44	3406.03
1089.05	3401.85
1090.67	3403.94
1092.28	3403.94
1093.89	3408.13
1095.50	3402.89
1097.12	3394.52
1098.73	3409.17
1100.34	3378.83
1101.95	3404.99
1103.57	3410.22
1105.18	3398.71
1106.79	3377.78
1108.40	3398.71
1110.01	3402.89
1111.63	3399.75
1113.24	3396.62
1114.85	3397.66
1116.46	3395.57
1118.07	3408.13
1119.68	3387.20
1121.29	3400.80
1122.90	3391.38
1124.51	3393.48
1126.12	3403.94
1127.73	3417.54
1129.34	3411.26
1130.95	3407.08
1132.56	3404.99
1134.17	3387.20
1135.78	3392.43
1137.39	3401.85
1139.00	3387.20
1140.61	3400.80
1142.22	3400.80
1143.83	3393.48
1145.44	3387.20
1147.05	3396.62
1148.65	3397.66
1150.26	3384.06
1151.87	3381.97
1153.48	3384.06
1155.09	3390.34
1156.69	3396.62
1158.30	3383.01
1159.91	3393.48
1161.52	3407.08
1163.12	3406.03
1164.73	3385.10
1166.34	3408.13
1167.94	3396.62
1169.55	3406.03
1171.16	3401.85
1172.76	3403.94
1174.37	3397.66
1175.97	3407.08
1177.58	3381.97
1179.19	3407.08
1180.79	3393.48
1182.40	3390.34
1184.00	3383.01
1185.61	3401.85
1187.21	3398.71
1188.82	3398.71
1190.42	3402.89
1192.02	3394.52
1193.63	3379.87
1195.23	3403.94
1196.84	3395.57
1198.44	3395.57
1200.04	3395.57
1201.65	3396.62
1203.25	3401.85
1204.85	3408.13
1206.46	3371.50
1208.06	3390.34
1209.66	3373.59
1211.26	3377.78
1212.87	3398.71
1214.47	3384.06
1216.07	3383.01
1217.67	3391.38
1219.27	3378.83
1220.87	3375.69
1222.48	3373.59
1224.08	3361.04
1225.68	3374.64
1227.28	3380.92
1228.88	3364.18
1230.48	3376.73
1232.08	3348.48
1233.68	3372.55
1235.28	3370.46
1236.88	3355.81
1238.48	3352.67
1240.08	3379.87
1241.68	3344.30
1243.28	3344.30
1244.87	3338.02
1246.47	3344.30
1248.07	3338.02
1249.67	3342.20
1251.27	3344.30
1252.87	3333.83
1254.46	3321.27
1256.06	3323.37
1257.66	3323.37
1259.26	3311.86
1260.85	3317.09
1262.45	3315.00
1264.05	3311.86
1265.64	3323.37
1267.24	3323.37
1268.83	3325.46
1270.43	3315.00
1272.03	3330.69
1273.62	3311.86
1275.22	3300.35
1276.81	3312.90
1278.41	3311.86
1280.00	3312.90
1281.60	3308.72
1283.19	3289.88
1284.79	3294.07
1286.38	3294.07
1287.97	3294.07
1289.57	3289.88
1291.16	3288.84
1292.75	3279.42
1294.35	3289.88
1295.94	3277.33
1297.53	3287.79
1299.12	3273.14
1300.72	3280.46
1302.31	3250.12
1303.90	3283.60
1305.49	3283.60
1307.08	3265.82
1308.68	3262.68
1310.27	3258.49
1311.86	3257.44
1313.45	3246.98
1315.04	3245.93
1316.63	3245.93
1318.22	3252.21
1319.81	3235.47
1321.40	3236.52
1322.99	3239.66
1324.58	3218.73
1326.17	3230.24
1327.75	3223.96
1329.34	3227.10
1330.93	3215.59
1332.52	3218.73
1334.11	3209.31
1335.70	3216.63
1337.28	3207.22
1338.87	3204.08
1340.46	3190.47
1342.05	3187.34
1343.63	3183.15
1345.22	3188.38
1346.81	3194.66
1348.39	3183.15
1349.98	3177.92
1351.56	3169.55
1353.15	3156.99
1354.73	3154.90
1356.32	3145.48
1357.90	3147.57
1359.49	3150.71
1361.07	3120.37
1362.66	3113.04
1364.24	3121.41
1365.82	3122.46
1367.41	3127.69
1368.99	3105.72
1370.57	3099.44
1372.16	3101.53
1373.74	3095.25
1375.32	3085.83
1376.91	3082.70
1378.49	3063.86
1380.07	3030.38
1381.65	3027.24
1383.23	3017.82
1384.81	3009.45
1386.39	3001.08
1387.97	3003.17
1389.55	2991.66
1391.14	2983.29
1392.72	2969.68
1394.29	2974.92
1395.87	2958.17
1397.45	2939.34
1399.03	2942.48
1400.61	2930.97
1402.19	2928.87
1403.77	2913.18
1405.35	2926.78
1406.92	2906.90
1408.50	2908.99
1410.08	2913.18
1411.66	2904.81
1413.23	2910.04
1414.81	2907.95
1416.39	2884.93
1417.96	2890.16
1419.54	2883.88
1421.12	2889.11
1422.69	2891.20
1424.27	2882.83
1425.84	2890.16
1427.42	2885.97
1428.99	2885.97
1430.57	2890.16
1432.14	2879.69
1433.71	2880.74
1435.29	2890.16
1436.86	2887.02
1438.43	2888.06
1440.01	2873.42
1441.58	2758.31
1443.15	2879.69
1444.72	2874.46
1446.30	2865.04
1447.87	2876.55
1449.44	2869.23
1451.01	2860.86
1452.58	2871.32
1454.15	2871.32
1455.72	2864.00
1457.29	2861.90
1458.86	2889.11
1460.43	2869.23
1462.00	2885.97
1463.57	2870.28
1465.14	2878.65
1466.71	2867.14
1468.28	2873.42
1469.85	2872.37
1471.41	2874.46
1472.98	2864.00
1474.55	2880.74
1476.12	2868.18
1477.68	2869.23
1479.25	2887.02
1480.82	2877.60
1482.38	2885.97
1483.95	2872.37
1485.51	2872.37
1487.08	2887.02
1488.64	2890.16
1490.21	2890.16
1491.77	2874.46
1493.34	2891.20
1494.90	2877.60
1496.46	2884.93
1498.03	2882.83
1499.59	2887.02
1501.15	2890.16
1502.72	2883.88
1504.28	2883.88
1505.84	2884.93
1507.40	2883.88
1508.97	2899.58
1510.53	2893.30
1512.09	2908.99
1513.65	2907.95
1515.21	2905.85
1516.77	2889.11
1518.33	2908.99
1519.89	2894.34
1521.45	2896.44
1523.01	2905.85
1524.57	2910.04
1526.13	2901.67
1527.68	2903.76
1529.24	2912.13
1530.80	2902.71
1532.36	2914.22
1533.92	2899.58
1535.47	2892.25
1537.03	2892.25
1538.59	2902.71
1540.14	2906.90
1541.70	2890.16
1543.25	2910.04
1544.81	2900.62
1546.36	2907.95
1547.92	2888.06
1549.47	2906.90
1551.03	2900.62
1552.58	2894.34
1554.13	2887.02
1555.69	2899.58
1557.24	2896.44
1558.79	2898.53
1560.35	2884.93
1561.90	2891.20
1563.45	2882.83
1565.00	2891.20
1566.55	2885.97
1568.10	2887.02
1569.66	2877.60
1571.21	2889.11
1572.76	2884.93
1574.31	2883.88
1575.86	2882.83
1577.40	2875.51
1578.95	2884.93
1580.50	2876.55
1582.05	2862.95
1583.60	2871.32
1585.15	2861.90
1586.69	2871.32
1588.24	2869.23
1589.79	2879.69
1591.34	2854.58
1592.88	2880.74
1594.43	2856.67
1595.97	2869.23
1597.52	2861.90
1599.06	2865.04
1600.61	2853.53
1602.15	2878.65
1603.70	2864.00
1605.24	2865.04
1606.79	2867.14
1608.33	2857.72
1609.87	2847.26
1611.41	2862.95
1612.96	2864.00
1614.50	2851.44
1616.04	2848.30
1617.58	2851.44
1619.12	2842.02
1620.67	2847.26
1622.21	2826.33
1623.75	2854.58
1625.29	2834.70
1626.83	2836.79
1628.37	2851.44
1629.90	2831.56
1631.44	2829.47
1632.98	2834.70
1634.52	2810.63
1636.06	2810.63
1637.59	2811.68
1639.13	2798.07
1640.67	2791.80
1642.21	2779.24
1643.74	2777.15
1645.28	2761.45
1646.81	2750.99
1648.35	2756.22
1649.88	2733.20
1651.42	2749.94
1652.95	2722.73
1654.49	2740.52
1656.02	2719.59
1657.55	2722.73
1659.09	2704.94
1660.62	2714.36
1662.15	2709.13
1663.68	2711.22
1665.22	2700.76
1666.75	2702.85
1668.28	2695.53
1669.81	2713.32
1671.34	2688.20
1672.87	2692.39
1674.40	2705.99
1675.93	2701.81
1677.46	2684.02
1678.99	2679.83
1680.52	2676.69
1682.04	2693.43
1683.57	2677.74
1685.10	2684.02
1686.63	2676.69
1688.15	2677.74
1689.68	2668.32
1691.21	2675.65
1692.73	2677.74
1694.26	2682.97
1695.78	2666.23
1697.31	2673.55
1698.83	2664.13
1700.36	2666.23
1701.88	2658.90
1703.40	2671.46
1704.93	2659.95
1706.45	2661.00
