896.35	2938.29
897.98	2953.99
899.60	2953.99
901.22	2978.06
902.85	2961.31
904.47	2982.24
906.10	2988.52
907.72	2985.38
909.34	3002.12
910.97	3010.49
912.59	3028.28
914.21	3054.44
915.84	3084.79
917.46	3116.18
919.08	3130.83
920.71	3142.34
922.33	3171.64
923.95	3183.15
925.58	3195.71
927.20	3184.20
928.82	3203.03
930.44	3217.68
932.07	3208.26
933.69	3198.85
935.31	3223.96
936.93	3228.14
938.56	3225.01
940.18	3234.42
941.80	3234.42
943.42	3248.03
945.05	3262.68
946.67	3245.93
948.29	3253.26
949.91	3243.84
951.53	3265.82
953.16	3265.82
954.78	3263.72
956.40	3250.12
958.02	3245.93
959.64	3244.89
961.26	3245.93
962.88	3252.21
964.51	3241.75
966.13	3265.82
967.75	3261.63
969.37	3248.03
970.99	3259.54
972.61	3254.30
974.23	3257.44
975.85	3252.21
977.47	3257.44
979.09	3251.17
980.71	3253.26
982.33	3256.40
983.95	3267.91
985.57	3282.56
987.19	3266.86
988.81	3279.42
990.43	3270.00
992.05	3265.82
993.67	3285.70
995.29	3286.74
996.91	3276.28
998.53	3300.35
1000.15	3293.02
1001.77	3303.49
1003.39	3312.90
1005.01	3310.81
1006.63	3315.00
1008.25	3311.86
1009.86	3322.32
1011.48	3315.00
1013.10	3330.69
1014.72	3331.74
1016.34	3336.97
1017.96	3352.67
1019.58	3332.78
1021.19	3331.74
1022.81	3351.62
1024.43	3350.57
1026.05	3348.48
1027.66	3359.99
1029.28	3352.67
1030.90	3358.94
1032.52	3355.81
1034.13	3367.32
1035.75	3372.55
1037.37	3366.27
1038.98	3379.87
1040.60	3369.41
1042.22	3356.85
1043.83	3364.18
1045.45	3377.78
1047.07	3371.50
1048.68	3370.46
1050.30	3363.13
1051.92	3378.83
1053.53	3375.69
1055.15	3375.69
1056.76	3372.55
1058.38	3381.97
1059.99	3385.10
1061.61	3379.87
1063.22	3366.27
1064.84	3371.50
1066.46	3368.36
1068.07	3367.32
1069.68	3366.27
1071.30	3385.10
1072.91	3374.64
1074.53	3358.94
1076.14	3373.59
1077.76	3359.99
1079.37	3359.99
1080.98	3332.78
1082.60	3359.99
1084.21	3361.04
1085.83	3353.71
1087.44	3352.67
1089.05	3339.06
1090.67	3343.25
1092.28	3344.30
1093.89	3350.57
1095.50	3346.39
1097.12	3338.02
1098.73	3345.34
1100.34	3326.51
1101.95	3341.16
1103.57	3344.30
1105.18	3338.02
1106.79	3338.02
1108.40	3338.02
1110.01	3328.60
1111.63	3338.02
1113.24	3344.30
1114.85	3342.20
1116.46	3340.11
1118.07	3346.39
1119.68	3336.97
1121.29	3346.39
1122.90	3346.39
1124.51	3332.78
1126.12	3345.34
1127.73	3342.20
1129.34	3344.30
1130.95	3348.48
1132.56	3351.62
1134.17	3330.69
1135.78	3338.02
1137.39	3339.06
1139.00	3327.55
1140.61	3335.92
1142.22	3341.16
1143.83	3335.92
1145.44	3345.34
1147.05	3341.16
1148.65	3343.25
1150.26	3325.46
1151.87	3325.46
1153.48	3328.60
1155.09	3336.97
1156.69	3331.74
1158.30	3329.65
1159.91	3329.65
1161.52	3335.92
1163.12	3331.74
1164.73	3330.69
1166.34	3334.88
1167.94	3328.60
1169.55	3332.78
1171.16	3338.02
1172.76	3343.25
1174.37	3346.39
1175.97	3351.62
1177.58	3319.18
1179.19	3345.34
1180.79	3338.02
1182.40	3339.06
1184.00	3329.65
1185.61	3341.16
1187.21	3342.20
1188.82	3343.25
1190.42	3348.48
1192.02	3330.69
1193.63	3319.18
1195.23	3336.97
1196.84	3335.92
1198.44	3323.37
1200.04	3335.92
1201.65	3334.88
1203.25	3333.83
1204.85	3336.97
1206.46	3309.76
1208.06	3325.46
1209.66	3320.23
1211.26	3324.41
1212.87	3341.16
1214.47	3321.27
1216.07	3323.37
1217.67	3328.60
1219.27	3325.46
1220.87	3325.46
1222.48	3309.76
1224.08	3311.86
1225.68	3330.69
1227.28	3320.23
1228.88	3300.35
1230.48	3318.14
1232.08	3304.53
1233.68	3315.00
1235.28	3313.95
1236.88	3293.02
1238.48	3289.88
1240.08	3311.86
1241.68	3284.65
1243.28	3290.93
1244.87	3282.56
1246.47	3287.79
1248.07	3277.33
1249.67	3278.37
1251.27	3291.98
1252.87	3275.23
1254.46	3266.86
1256.06	3262.68
1257.66	3265.82
1259.26	3250.12
1260.85	3264.77
1262.45	3255.35
1264.05	3254.30
1265.64	3250.12
1267.24	3260.58
1268.83	3258.49
1270.43	3249.07
1272.03	3256.40
1273.62	3250.12
1275.22	3237.56
1276.81	3254.30
1278.41	3248.03
1280.00	3253.26
1281.60	3244.89
1283.19	3245.93
1284.79	3243.84
1286.38	3226.05
1287.97	3239.66
1289.57	3234.42
1291.16	3235.47
1292.75	3223.96
1294.35	3232.33
1295.94	3222.91
1297.53	3226.05
1299.12	3208.26
1300.72	3227.10
1302.31	3199.89
1303.90	3223.96
1305.49	3228.14
1307.08	3205.12
1308.68	3200.94
1310.27	3199.89
1311.86	3204.08
1313.45	3192.57
1315.04	3190.47
1316.63	3187.34
1318.22	3186.29
1319.81	3174.78
1321.40	3183.15
1322.99	3183.15
1324.58	3172.69
1326.17	3168.50
1327.75	3168.50
1329.34	3169.55
1330.93	3152.80
1332.52	3160.13
1334.11	3150.71
1335.70	3146.53
1337.28	3141.29
1338.87	3142.34
1340.46	3145.48
1342.05	3141.29
1343.63	3138.15
1345.22	3129.78
1346.81	3135.02
1348.39	3130.83
1349.98	3129.78
1351.56	3117.23
1353.15	3110.95
1354.73	3115.13
1356.32	3091.07
1357.90	3099.44
1359.49	3107.81
1361.07	3090.02
1362.66	3086.88
1364.24	3077.46
1365.82	3086.88
1367.41	3085.83
1368.99	3065.95
1370.57	3063.86
1372.16	3067.00
1373.74	3060.72
1375.32	3061.77
1376.91	3040.84
1378.49	3014.68
1380.07	3001.08
1381.65	3000.03
1383.23	2980.15
1384.81	2973.87
1386.39	2966.54
1387.97	2969.68
1389.55	2957.13
1391.14	2949.80
1392.72	2941.43
1394.29	2941.43
1395.87	2932.01
1397.45	2919.46
1399.03	2917.36
1400.61	2905.85
1402.19	2898.53
1403.77	2896.44
1405.35	2910.04
1406.92	2898.53
1408.50	2890.16
1410.08	2898.53
1411.66	2883.88
1413.23	2879.69
1414.81	2885.97
1416.39	2867.14
1417.96	2873.42
1419.54	2864.00
1421.12	2872.37
1422.69	2877.60
1424.27	2857.72
1425.84	2862.95
1427.42	2859.81
1428.99	2861.90
1430.57	2859.81
1432.14	2853.53
1433.71	2858.77
1435.29	2869.23
1436.86	2869.23
1438.43	2858.77
1440.01	2848.30
1441.58	2738.43
1443.15	2851.44
1444.72	2865.04
1446.30	2859.81
1447.87	2862.95
1449.44	2843.07
1451.01	2836.79
1452.58	2850.39
1454.15	2857.72
1455.72	2840.98
1457.29	2842.02
1458.86	2851.44
1460.43	2844.12
1462.00	2872.37
1463.57	2861.90
1465.14	2866.09
1466.71	2849.35
1468.28	2851.44
1469.85	2852.49
1471.41	2857.72
1472.98	2850.39
1474.55	2866.09
1476.12	2848.30
1477.68	2857.72
1479.25	2864.00
1480.82	2851.44
1482.38	2859.81
1483.95	2847.26
1485.51	2862.95
1487.08	2871.32
1488.64	2866.09
1490.21	2866.09
1491.77	2856.67
1493.34	2869.23
1494.90	2852.49
1496.46	2855.63
1498.03	2865.04
1499.59	2864.00
1501.15	2869.23
1502.72	2871.32
1504.28	2873.42
1505.84	2865.04
1507.40	2868.18
1508.97	2878.65
1510.53	2866.09
1512.09	2872.37
1513.65	2882.83
1515.21	2875.51
1516.77	2866.09
1518.33	2880.74
1519.89	2874.46
1521.45	2877.60
1523.01	2881.79
1524.57	2883.88
1526.13	2872.37
1527.68	2877.60
1529.24	2881.79
1530.80	2881.79
1532.36	2883.88
1533.92	2876.55
1535.47	2862.95
1537.03	2871.32
1538.59	2878.65
1540.14	2877.60
1541.70	2871.32
1543.25	2891.20
1544.81	2883.88
1546.36	2888.06
1547.92	2876.55
1549.47	2878.65
1551.03	2875.51
1552.58	2869.23
1554.13	2865.04
1555.69	2873.42
1557.24	2879.69
1558.79	2880.74
1560.35	2858.77
1561.90	2870.28
1563.45	2865.04
1565.00	2872.37
1566.55	2859.81
1568.10	2862.95
1569.66	2856.67
1571.21	2871.32
1572.76	2868.18
1574.31	2872.37
1575.86	2872.37
1577.40	2858.77
1578.95	2856.67
1580.50	2857.72
1582.05	2853.53
1583.60	2851.44
1585.15	2846.21
1586.69	2848.30
1588.24	2856.67
1589.79	2865.04
1591.34	2843.07
1592.88	2853.53
1594.43	2836.79
1595.97	2839.93
1597.52	2850.39
1599.06	2852.49
1600.61	2842.02
1602.15	2858.77
1603.70	2840.98
1605.24	2846.21
1606.79	2844.12
1608.33	2835.74
1609.87	2834.70
1611.41	2848.30
1612.96	2838.88
1614.50	2821.10
1616.04	2825.28
1617.58	2833.65
1619.12	2830.51
1620.67	2833.65
1622.21	2807.49
1623.75	2827.37
1625.29	2807.49
1626.83	2813.77
1628.37	2831.56
1629.90	2807.49
1631.44	2805.40
1632.98	2803.31
1634.52	2783.42
1636.06	2790.75
1637.59	2804.35
1639.13	2786.56
1640.67	2781.33
1642.21	2767.73
1643.74	2768.78
1645.28	2755.17
1646.81	2738.43
1648.35	2742.62
1649.88	2719.59
1651.42	2726.92
1652.95	2708.08
1654.49	2733.20
1656.02	2716.45
1657.55	2719.59
1659.09	2697.62
1660.62	2710.18
1662.15	2695.53
1663.68	2707.04
1665.22	2690.29
1666.75	2687.16
1668.28	2678.78
1669.81	2701.81
1671.34	2681.92
1672.87	2686.11
1674.40	2696.57
1675.93	2688.20
1677.46	2678.78
1678.99	2668.32
1680.52	2666.23
1682.04	2677.74
1683.57	2678.78
1685.10	2684.02
1686.63	2672.51
1688.15	2674.60
1689.68	2666.23
1691.21	2667.27
1692.73	2668.32
1694.26	2666.23
1695.78	2663.09
1697.31	2664.13
1698.83	2651.58
1700.36	2665.18
1701.88	2663.09
1703.40	2670.41
1704.93	2656.81
1706.45	2656.81
