896.35	2914.22
897.98	2906.90
899.60	2907.95
901.22	2933.06
902.85	2932.01
904.47	2942.48
906.10	2939.34
907.72	2941.43
909.34	2957.13
910.97	2973.87
912.59	2987.47
914.21	2998.98
915.84	3028.28
917.46	3050.26
919.08	3074.32
920.71	3075.37
922.33	3101.53
923.95	3107.81
925.58	3128.74
927.20	3119.32
928.82	3126.64
930.44	3153.85
932.07	3139.20
933.69	3128.74
935.31	3139.20
936.93	3144.43
938.56	3150.71
940.18	3163.27
941.80	3167.45
943.42	3171.64
945.05	3190.47
946.67	3170.59
948.29	3178.96
949.91	3166.41
951.53	3185.24
953.16	3186.29
954.78	3187.34
956.40	3170.59
958.02	3170.59
959.64	3176.87
961.26	3181.06
962.88	3180.01
964.51	3171.64
966.13	3192.57
967.75	3188.38
969.37	3169.55
970.99	3176.87
972.61	3178.96
974.23	3185.24
975.85	3177.92
977.47	3190.47
979.09	3180.01
980.71	3175.82
982.33	3184.20
983.95	3190.47
985.57	3198.85
987.19	3187.34
988.81	3190.47
990.43	3187.34
992.05	3186.29
993.67	3205.12
995.29	3197.80
996.91	3194.66
998.53	3215.59
1000.15	3212.45
1001.77	3217.68
1003.39	3223.96
1005.01	3217.68
1006.63	3221.87
1008.25	3223.96
1009.86	3243.84
1011.48	3233.38
1013.10	3237.56
1014.72	3244.89
1016.34	3252.21
1017.96	3259.54
1019.58	3254.30
1021.19	3246.98
1022.81	3250.12
1024.43	3259.54
1026.05	3254.30
1027.66	3260.58
1029.28	3268.95
1030.90	3267.91
1032.52	3261.63
1034.13	3259.54
1035.75	3274.19
1037.37	3270.00
1038.98	3283.60
1040.60	3274.19
1042.22	3273.14
1043.83	3267.91
1045.45	3277.33
1047.07	3281.51
1048.68	3286.74
1050.30	3272.09
1051.92	3282.56
1053.53	3271.05
1055.15	3285.70
1056.76	3265.82
1058.38	3279.42
1059.99	3285.70
1061.61	3280.46
1063.22	3267.91
1064.84	3275.23
1066.46	3260.58
1068.07	3276.28
1069.68	3274.19
1071.30	3278.37
1072.91	3256.40
1074.53	3264.77
1076.14	3276.28
1077.76	3268.95
1079.37	3271.05
1080.98	3243.84
1082.60	3261.63
1084.21	3259.54
1085.83	3259.54
1087.44	3262.68
1089.05	3245.93
1090.67	3249.07
1092.28	3248.03
1093.89	3260.58
1095.50	3246.98
1097.12	3254.30
1098.73	3253.26
1100.34	3237.56
1101.95	3249.07
1103.57	3259.54
1105.18	3246.98
1106.79	3236.52
1108.40	3242.79
1110.01	3246.98
1111.63	3251.17
1113.24	3252.21
1114.85	3253.26
1116.46	3255.35
1118.07	3257.44
1119.68	3249.07
1121.29	3249.07
1122.90	3239.66
1124.51	3244.89
1126.12	3251.17
1127.73	3257.44
1129.34	3264.77
1130.95	3256.40
1132.56	3262.68
1134.17	3236.52
1135.78	3246.98
1137.39	3248.03
1139.00	3232.33
1140.61	3242.79
1142.22	3255.35
1143.83	3233.38
1145.44	3244.89
1147.05	3245.93
1148.65	3254.30
1150.26	3238.61
1151.87	3239.66
1153.48	3242.79
1155.09	3250.12
1156.69	3244.89
1158.30	3235.47
1159.91	3241.75
1161.52	3260.58
1163.12	3253.26
1164.73	3240.70
1166.34	3257.44
1167.94	3249.07
1169.55	3244.89
1171.16	3251.17
1172.76	3251.17
1174.37	3254.30
1175.97	3252.21
1177.58	3220.82
1179.19	3259.54
1180.79	3251.17
1182.40	3250.12
1184.00	3242.79
1185.61	3252.21
1187.21	3259.54
1188.82	3246.98
1190.42	3250.12
1192.02	3242.79
1193.63	3240.70
1195.23	3254.30
1196.84	3253.26
1198.44	3252.21
1200.04	3246.98
1201.65	3248.03
1203.25	3245.93
1204.85	3243.84
1206.46	3229.19
1208.06	3237.56
1209.66	3236.52
1211.26	3229.19
1212.87	3245.93
1214.47	3225.01
1216.07	3237.56
1217.67	3232.33
1219.27	3228.14
1220.87	3233.38
1222.48	3230.24
1224.08	3219.77
1225.68	3222.91
1227.28	3214.54
1228.88	3220.82
1230.48	3226.05
1232.08	3206.17
1233.68	3217.68
1235.28	3228.14
1236.88	3206.17
1238.48	3205.12
1240.08	3215.59
1241.68	3192.57
1243.28	3198.85
1244.87	3196.75
1246.47	3187.34
1248.07	3180.01
1249.67	3185.24
1251.27	3201.98
1252.87	3174.78
1254.46	3169.55
1256.06	3167.45
1257.66	3178.96
1259.26	3167.45
1260.85	3181.06
1262.45	3168.50
1264.05	3178.96
1265.64	3172.69
1267.24	3176.87
1268.83	3176.87
1270.43	3163.27
1272.03	3182.10
1273.62	3168.50
1275.22	3145.48
1276.81	3163.27
1278.41	3152.80
1280.00	3161.18
1281.60	3144.43
1283.19	3146.53
1284.79	3151.76
1286.38	3148.62
1287.97	3154.90
1289.57	3154.90
1291.16	3145.48
1292.75	3139.20
1294.35	3142.34
1295.94	3136.06
1297.53	3138.15
1299.12	3126.64
1300.72	3146.53
1302.31	3118.27
1303.90	3141.29
1305.49	3147.57
1307.08	3127.69
1308.68	3126.64
1310.27	3118.27
1311.86	3127.69
1313.45	3121.41
1315.04	3121.41
1316.63	3123.50
1318.22	3128.74
1319.81	3115.13
1321.40	3121.41
1322.99	3117.23
1324.58	3100.48
1326.17	3107.81
1327.75	3102.58
1329.34	3101.53
1330.93	3087.93
1332.52	3085.83
1334.11	3093.16
1335.70	3092.11
1337.28	3086.88
1338.87	3085.83
1340.46	3080.60
1342.05	3078.51
1343.63	3072.23
1345.22	3076.42
1346.81	3080.60
1348.39	3064.91
1349.98	3071.18
1351.56	3059.67
1353.15	3056.54
1354.73	3059.67
1356.32	3047.12
1357.90	3040.84
1359.49	3056.54
1361.07	3032.47
1362.66	3028.28
1364.24	3027.24
1365.82	3034.56
1367.41	3036.65
1368.99	3017.82
1370.57	3016.77
1372.16	3017.82
1373.74	3005.26
1375.32	3001.08
1376.91	2996.89
1378.49	2970.73
1380.07	2956.08
1381.65	2955.03
1383.23	2939.34
1384.81	2942.48
1386.39	2934.11
1387.97	2947.71
1389.55	2936.20
1391.14	2924.69
1392.72	2903.76
1394.29	2910.04
1395.87	2903.76
1397.45	2896.44
1399.03	2889.11
1400.61	2893.30
1402.19	2884.93
1403.77	2874.46
1405.35	2893.30
1406.92	2874.46
1408.50	2873.42
1410.08	2876.55
1411.66	2868.18
1413.23	2876.55
1414.81	2878.65
1416.39	2858.77
1417.96	2873.42
1419.54	2862.95
1421.12	2864.00
1422.69	2878.65
1424.27	2859.81
1425.84	2865.04
1427.42	2857.72
1428.99	2867.14
1430.57	2858.77
1432.14	2858.77
1433.71	2853.53
1435.29	2871.32
1436.86	2861.90
1438.43	2854.58
1440.01	2860.86
1441.58	2740.52
1443.15	2854.58
1444.72	2854.58
1446.30	2855.63
1447.87	2857.72
1449.44	2846.21
1451.01	2832.61
1452.58	2851.44
1454.15	2848.30
1455.72	2836.79
1457.29	2837.84
1458.86	2847.26
1460.43	2839.93
1462.00	2858.77
1463.57	2845.16
1465.14	2849.35
1466.71	2838.88
1468.28	2849.35
1469.85	2852.49
1471.41	2855.63
1472.98	2847.26
1474.55	2861.90
1476.12	2849.35
1477.68	2838.88
1479.25	2853.53
1480.82	2842.02
1482.38	2846.21
1483.95	2846.21
1485.51	2852.49
1487.08	2862.95
1488.64	2852.49
1490.21	2851.44
1491.77	2840.98
1493.34	2849.35
1494.90	2835.74
1496.46	2835.74
1498.03	2849.35
1499.59	2854.58
1501.15	2854.58
1502.72	2861.90
1504.28	2857.72
1505.84	2847.26
1507.40	2847.26
1508.97	2855.63
1510.53	2850.39
1512.09	2859.81
1513.65	2861.90
1515.21	2861.90
1516.77	2848.30
1518.33	2862.95
1519.89	2856.67
1521.45	2855.63
1523.01	2850.39
1524.57	2873.42
1526.13	2866.09
1527.68	2858.77
1529.24	2859.81
1530.80	2857.72
1532.36	2869.23
1533.92	2857.72
1535.47	2850.39
1537.03	2853.53
1538.59	2857.72
1540.14	2846.21
1541.70	2848.30
1543.25	2864.00
1544.81	2850.39
1546.36	2854.58
1547.92	2847.26
1549.47	2853.53
1551.03	2852.49
1552.58	2843.07
1554.13	2855.63
1555.69	2854.58
1557.24	2840.98
1558.79	2838.88
1560.35	2846.21
1561.90	2861.90
1563.45	2839.93
1565.00	2839.93
1566.55	2833.65
1568.10	2837.84
1569.66	2831.56
1571.21	2842.02
1572.76	2845.16
1574.31	2844.12
1575.86	2836.79
1577.40	2835.74
1578.95	2827.37
1580.50	2834.70
1582.05	2827.37
1583.60	2829.47
1585.15	2812.72
1586.69	2816.91
1588.24	2830.51
1589.79	2834.70
1591.34	2811.68
1592.88	2829.47
1594.43	2811.68
1595.97	2821.10
1597.52	2819.00
1599.06	2817.96
1600.61	2826.33
1602.15	2833.65
1603.70	2813.77
1605.24	2812.72
1606.79	2810.63
1608.33	2806.45
1609.87	2802.26
1611.41	2812.72
1612.96	2812.72
1614.50	2810.63
1616.04	2806.45
1617.58	2809.58
1619.12	2794.94
1620.67	2805.40
1622.21	2776.10
1623.75	2806.45
1625.29	2787.61
1626.83	2791.80
1628.37	2814.82
1629.90	2790.75
1631.44	2785.52
1632.98	2783.42
1634.52	2770.87
1636.06	2772.96
1637.59	2783.42
1639.13	2767.73
1640.67	2767.73
1642.21	2756.22
1643.74	2757.26
1645.28	2737.38
1646.81	2729.01
1648.35	2733.20
1649.88	2709.13
1651.42	2719.59
1652.95	2710.18
1654.49	2727.97
1656.02	2707.04
1657.55	2704.94
1659.09	2685.06
1660.62	2710.18
1662.15	2694.48
1663.68	2701.81
1665.22	2695.53
1666.75	2690.29
1668.28	2678.78
1669.81	2699.71
1671.34	2686.11
1672.87	2685.06
1674.40	2690.29
1675.93	2680.88
1677.46	2666.23
1678.99	2662.04
1680.52	2666.23
1682.04	2671.46
1683.57	2671.46
1685.10	2677.74
1686.63	2666.23
1688.15	2672.51
1689.68	2662.04
1691.21	2661.00
1692.73	2666.23
1694.26	2671.46
1695.78	2658.90
1697.31	2668.32
1698.83	2653.67
1700.36	2664.13
1701.88	2656.81
1703.40	2669.37
1704.93	2653.67
1706.45	2657.86
