896.35	2899.58
897.98	2898.53
899.60	2903.76
901.22	2920.50
902.85	2914.22
904.47	2920.50
906.10	2924.69
907.72	2925.74
909.34	2946.66
910.97	2956.08
912.59	2974.92
914.21	2980.15
915.84	2996.89
917.46	3038.75
919.08	3055.49
920.71	3053.40
922.33	3078.51
923.95	3079.56
925.58	3104.67
927.20	3095.25
928.82	3113.04
930.44	3133.97
932.07	3111.99
933.69	3102.58
935.31	3117.23
936.93	3123.50
938.56	3131.88
940.18	3133.97
941.80	3131.88
943.42	3136.06
945.05	3153.85
946.67	3142.34
948.29	3151.76
949.91	3150.71
951.53	3163.27
953.16	3164.31
954.78	3161.18
956.40	3140.25
958.02	3151.76
959.64	3148.62
961.26	3145.48
962.88	3143.39
964.51	3137.11
966.13	3159.08
967.75	3166.41
969.37	3149.66
970.99	3153.85
972.61	3147.57
974.23	3150.71
975.85	3153.85
977.47	3153.85
979.09	3151.76
980.71	3141.29
982.33	3150.71
983.95	3163.27
985.57	3170.59
987.19	3171.64
988.81	3172.69
990.43	3170.59
992.05	3167.45
993.67	3184.20
995.29	3176.87
996.91	3172.69
998.53	3187.34
1000.15	3194.66
1001.77	3182.10
1003.39	3189.43
1005.01	3190.47
1006.63	3197.80
1008.25	3197.80
1009.86	3215.59
1011.48	3208.26
1013.10	3210.36
1014.72	3223.96
1016.34	3227.10
1017.96	3234.42
1019.58	3212.45
1021.19	3220.82
1022.81	3234.42
1024.43	3231.28
1026.05	3225.01
1027.66	3240.70
1029.28	3236.52
1030.90	3235.47
1032.52	3230.24
1034.13	3243.84
1035.75	3254.30
1037.37	3245.93
1038.98	3270.00
1040.60	3249.07
1042.22	3238.61
1043.83	3236.52
1045.45	3249.07
1047.07	3246.98
1048.68	3254.30
1050.30	3243.84
1051.92	3259.54
1053.53	3252.21
1055.15	3253.26
1056.76	3243.84
1058.38	3250.12
1059.99	3261.63
1061.61	3252.21
1063.22	3237.56
1064.84	3249.07
1066.46	3234.42
1068.07	3236.52
1069.68	3240.70
1071.30	3251.17
1072.91	3240.70
1074.53	3238.61
1076.14	3250.12
1077.76	3249.07
1079.37	3244.89
1080.98	3225.01
1082.60	3240.70
1084.21	3244.89
1085.83	3235.47
1087.44	3248.03
1089.05	3221.87
1090.67	3222.91
1092.28	3222.91
1093.89	3222.91
1095.50	3219.77
1097.12	3226.05
1098.73	3237.56
1100.34	3212.45
1101.95	3218.73
1103.57	3220.82
1105.18	3211.40
1106.79	3209.31
1108.40	3222.91
1110.01	3221.87
1111.63	3226.05
1113.24	3218.73
1114.85	3216.63
1116.46	3225.01
1118.07	3231.28
1119.68	3223.96
1121.29	3221.87
1122.90	3221.87
1124.51	3220.82
1126.12	3234.42
1127.73	3236.52
1129.34	3241.75
1130.95	3233.38
1132.56	3237.56
1134.17	3208.26
1135.78	3226.05
1137.39	3231.28
1139.00	3222.91
1140.61	3214.54
1142.22	3220.82
1143.83	3217.68
1145.44	3215.59
1147.05	3211.40
1148.65	3223.96
1150.26	3210.36
1151.87	3216.63
1153.48	3209.31
1155.09	3219.77
1156.69	3214.54
1158.30	3214.54
1159.91	3211.40
1161.52	3220.82
1163.12	3223.96
1164.73	3217.68
1166.34	3222.91
1167.94	3217.68
1169.55	3231.28
1171.16	3218.73
1172.76	3222.91
1174.37	3229.19
1175.97	3222.91
1177.58	3194.66
1179.19	3228.14
1180.79	3210.36
1182.40	3217.68
1184.00	3217.68
1185.61	3227.10
1187.21	3227.10
1188.82	3219.77
1190.42	3218.73
1192.02	3215.59
1193.63	3211.40
1195.23	3220.82
1196.84	3226.05
1198.44	3225.01
1200.04	3228.14
1201.65	3214.54
1203.25	3215.59
1204.85	3220.82
1206.46	3203.03
1208.06	3210.36
1209.66	3207.22
1211.26	3199.89
1212.87	3217.68
1214.47	3196.75
1216.07	3210.36
1217.67	3212.45
1219.27	3207.22
1220.87	3198.85
1222.48	3201.98
1224.08	3194.66
1225.68	3208.26
1227.28	3204.08
1228.88	3195.71
1230.48	3193.61
1232.08	3177.92
1233.68	3203.03
1235.28	3208.26
1236.88	3190.47
1238.48	3177.92
1240.08	3205.12
1241.68	3182.10
1243.28	3184.20
1244.87	3184.20
1246.47	3175.82
1248.07	3161.18
1249.67	3164.31
1251.27	3186.29
1252.87	3164.31
1254.46	3160.13
1256.06	3156.99
1257.66	3160.13
1259.26	3149.66
1260.85	3163.27
1262.45	3158.04
1264.05	3160.13
1265.64	3156.99
1267.24	3147.57
1268.83	3149.66
1270.43	3142.34
1272.03	3167.45
1273.62	3153.85
1275.22	3132.92
1276.81	3146.53
1278.41	3139.20
1280.00	3146.53
1281.60	3136.06
1283.19	3127.69
1284.79	3138.15
1286.38	3135.02
1287.97	3136.06
1289.57	3128.74
1291.16	3133.97
1292.75	3124.55
1294.35	3127.69
1295.94	3121.41
1297.53	3126.64
1299.12	3114.09
1300.72	3124.55
1302.31	3106.76
1303.90	3130.83
1305.49	3131.88
1307.08	3110.95
1308.68	3100.48
1310.27	3108.86
1311.86	3113.04
1313.45	3104.67
1315.04	3096.30
1316.63	3094.21
1318.22	3104.67
1319.81	3084.79
1321.40	3087.93
1322.99	3097.34
1324.58	3078.51
1326.17	3087.93
1327.75	3073.28
1329.34	3078.51
1330.93	3063.86
1332.52	3059.67
1334.11	3069.09
1335.70	3067.00
1337.28	3054.44
1338.87	3060.72
1340.46	3058.63
1342.05	3046.07
1343.63	3045.02
1345.22	3048.16
1346.81	3065.95
1348.39	3051.30
1349.98	3040.84
1351.56	3032.47
1353.15	3031.42
1354.73	3043.98
1356.32	3019.91
1357.90	3023.05
1359.49	3020.96
1361.07	3005.26
1362.66	3011.54
1364.24	3002.12
1365.82	3015.73
1367.41	3007.35
1368.99	2987.47
1370.57	2980.15
1372.16	2993.75
1373.74	2995.84
1375.32	2990.61
1376.91	2978.06
1378.49	2951.90
1380.07	2938.29
1381.65	2932.01
1383.23	2920.50
1384.81	2920.50
1386.39	2915.27
1387.97	2912.13
1389.55	2904.81
1391.14	2894.34
1392.72	2890.16
1394.29	2883.88
1395.87	2881.79
1397.45	2865.04
1399.03	2867.14
1400.61	2869.23
1402.19	2864.00
1403.77	2853.53
1405.35	2865.04
1406.92	2848.30
1408.50	2839.93
1410.08	2847.26
1411.66	2840.98
1413.23	2842.02
1414.81	2850.39
1416.39	2825.28
1417.96	2843.07
1419.54	2828.42
1421.12	2842.02
1422.69	2834.70
1424.27	2816.91
1425.84	2826.33
1427.42	2826.33
1428.99	2827.37
1430.57	2825.28
1432.14	2819.00
1433.71	2819.00
1435.29	2828.42
1436.86	2822.14
1438.43	2826.33
1440.01	2821.10
1441.58	2714.36
1443.15	2819.00
1444.72	2824.23
1446.30	2824.23
1447.87	2829.47
1449.44	2819.00
1451.01	2805.40
1452.58	2824.23
1454.15	2824.23
1455.72	2811.68
1457.29	2820.05
1458.86	2824.23
1460.43	2808.54
1462.00	2835.74
1463.57	2827.37
1465.14	2825.28
1466.71	2815.86
1468.28	2820.05
1469.85	2825.28
1471.41	2825.28
1472.98	2819.00
1474.55	2824.23
1476.12	2813.77
1477.68	2811.68
1479.25	2827.37
1480.82	2817.96
1482.38	2825.28
1483.95	2813.77
1485.51	2832.61
1487.08	2839.93
1488.64	2831.56
1490.21	2834.70
1491.77	2817.96
1493.34	2834.70
1494.90	2811.68
1496.46	2822.14
1498.03	2834.70
1499.59	2830.51
1501.15	2826.33
1502.72	2825.28
1504.28	2830.51
1505.84	2826.33
1507.40	2822.14
1508.97	2835.74
1510.53	2831.56
1512.09	2846.21
1513.65	2840.98
1515.21	2843.07
1516.77	2833.65
1518.33	2849.35
1519.89	2833.65
1521.45	2835.74
1523.01	2838.88
1524.57	2850.39
1526.13	2835.74
1527.68	2847.26
1529.24	2851.44
1530.80	2840.98
1532.36	2842.02
1533.92	2834.70
1535.47	2832.61
1537.03	2839.93
1538.59	2854.58
1540.14	2836.79
1541.70	2834.70
1543.25	2848.30
1544.81	2839.93
1546.36	2834.70
1547.92	2834.70
1549.47	2843.07
1551.03	2848.30
1552.58	2836.79
1554.13	2842.02
1555.69	2837.84
1557.24	2817.96
1558.79	2827.37
1560.35	2823.19
1561.90	2832.61
1563.45	2821.10
1565.00	2836.79
1566.55	2827.37
1568.10	2827.37
1569.66	2817.96
1571.21	2830.51
1572.76	2835.74
1574.31	2832.61
1575.86	2824.23
1577.40	2820.05
1578.95	2823.19
1580.50	2815.86
1582.05	2813.77
1583.60	2819.00
1585.15	2803.31
1586.69	2820.05
1588.24	2824.23
1589.79	2817.96
1591.34	2791.80
1592.88	2822.14
1594.43	2800.17
1595.97	2811.68
1597.52	2814.82
1599.06	2816.91
1600.61	2801.21
1602.15	2824.23
1603.70	2806.45
1605.24	2811.68
1606.79	2809.58
1608.33	2791.80
1609.87	2801.21
1611.41	2805.40
1612.96	2797.03
1614.50	2788.66
1616.04	2794.94
1617.58	2800.17
1619.12	2785.52
1620.67	2792.84
1622.21	2775.05
1623.75	2799.12
1625.29	2785.52
1626.83	2786.56
1628.37	2804.35
1629.90	2781.33
1631.44	2781.33
1632.98	2778.19
1634.52	2764.59
1636.06	2763.54
1637.59	2776.10
1639.13	2752.03
1640.67	2759.36
1642.21	2737.38
1643.74	2741.57
1645.28	2725.87
1646.81	2730.06
1648.35	2731.10
1649.88	2712.27
1651.42	2714.36
1652.95	2698.67
1654.49	2716.45
1656.02	2704.94
1657.55	2708.08
1659.09	2678.78
1660.62	2689.25
1662.15	2681.92
1663.68	2704.94
1665.22	2689.25
1666.75	2691.34
1668.28	2680.88
1669.81	2694.48
1671.34	2677.74
1672.87	2687.16
1674.40	2692.39
1675.93	2686.11
1677.46	2671.46
1678.99	2663.09
1680.52	2659.95
1682.04	2671.46
1683.57	2669.37
1685.10	2675.65
1686.63	2664.13
1688.15	2665.18
1689.68	2658.90
1691.21	2663.09
1692.73	2662.04
1694.26	2670.41
1695.78	2661.00
1697.31	2667.27
1698.83	2648.44
1700.36	2664.13
1701.88	2642.16
1703.40	2658.90
1704.93	2648.44
1706.45	2651.58
