896.35	3149.66
897.98	3153.85
899.60	3159.08
901.22	3193.61
902.85	3183.15
904.47	3200.94
906.10	3204.08
907.72	3220.82
909.34	3220.82
910.97	3254.30
912.59	3271.05
914.21	3316.04
915.84	3352.67
917.46	3415.45
919.08	3444.75
920.71	3470.91
922.33	3494.98
923.95	3520.09
925.58	3542.06
927.20	3541.02
928.82	3552.53
930.44	3577.64
932.07	3566.13
933.69	3580.78
935.31	3581.83
936.93	3602.76
938.56	3602.76
940.18	3624.73
941.80	3611.13
943.42	3633.10
945.05	3635.19
946.67	3632.06
948.29	3636.24
949.91	3641.47
951.53	3641.47
953.16	3655.08
954.78	3642.52
956.40	3642.52
958.02	3634.15
959.64	3641.47
961.26	3629.96
962.88	3634.15
964.51	3615.31
966.13	3649.84
967.75	3646.70
969.37	3640.43
970.99	3628.92
972.61	3633.10
974.23	3627.87
975.85	3645.66
977.47	3645.66
979.09	3650.89
980.71	3624.73
982.33	3658.22
983.95	3647.75
985.57	3664.49
987.19	3645.66
988.81	3670.77
990.43	3650.89
992.05	3668.68
993.67	3677.05
995.29	3684.38
996.91	3664.49
998.53	3707.40
1000.15	3694.84
1001.77	3706.35
1003.39	3704.26
1005.01	3724.14
1006.63	3725.18
1008.25	3733.56
1009.86	3735.65
1011.48	3744.02
1013.10	3738.79
1014.72	3765.99
1016.34	3755.53
1017.96	3781.69
1019.58	3759.72
1021.19	3775.41
1022.81	3767.04
1024.43	3790.06
1026.05	3776.46
1027.66	3798.43
1029.28	3794.25
1030.90	3808.90
1032.52	3787.97
1034.13	3808.90
1035.75	3816.22
1037.37	3823.55
1038.98	3820.41
1040.60	3830.87
1042.22	3802.62
1043.83	3827.73
1045.45	3824.59
1047.07	3831.92
1048.68	3835.06
1050.30	3831.92
1051.92	3830.87
1053.53	3830.87
1055.15	3824.59
1056.76	3837.15
1058.38	3816.22
1059.99	3828.78
1061.61	3817.27
1063.22	3827.73
1064.84	3819.36
1066.46	3815.18
1068.07	3795.29
1069.68	3820.41
1071.30	3816.22
1072.91	3815.18
1074.53	3796.34
1076.14	3822.50
1077.76	3797.39
1079.37	3810.99
1080.98	3777.50
1082.60	3790.06
1084.21	3777.50
1085.83	3781.69
1087.44	3779.60
1089.05	3779.60
1090.67	3761.81
1092.28	3781.69
1093.89	3775.41
1095.50	3785.88
1097.12	3776.46
1098.73	3792.15
1100.34	3744.02
1101.95	3777.50
1103.57	3774.37
1105.18	3774.37
1106.79	3755.53
1108.40	3774.37
1110.01	3771.23
1111.63	3777.50
1113.24	3774.37
1114.85	3775.41
1116.46	3759.72
1118.07	3772.27
1119.68	3755.53
1121.29	3778.55
1122.90	3761.81
1124.51	3781.69
1126.12	3771.23
1127.73	3786.92
1129.34	3774.37
1130.95	3787.97
1132.56	3775.41
1134.17	3752.39
1135.78	3757.62
1137.39	3775.41
1139.00	3748.21
1140.61	3761.81
1142.22	3760.76
1143.83	3759.72
1145.44	3752.39
1147.05	3759.72
1148.65	3753.44
1150.26	3754.48
1151.87	3748.21
1153.48	3753.44
1155.09	3748.21
1156.69	3769.13
1158.30	3750.30
1159.91	3760.76
1161.52	3754.48
1163.12	3763.90
1164.73	3747.16
1166.34	3763.90
1167.94	3748.21
1169.55	3770.18
1171.16	3758.67
1172.76	3775.41
1174.37	3761.81
1175.97	3777.50
1177.58	3750.30
1179.19	3779.60
1180.79	3756.58
1182.40	3761.81
1184.00	3744.02
1185.61	3759.72
1187.21	3753.44
1188.82	3761.81
1190.42	3759.72
1192.02	3758.67
1193.63	3730.42
1195.23	3749.25
1196.84	3750.30
1198.44	3758.67
1200.04	3752.39
1201.65	3754.48
1203.25	3740.88
1204.85	3759.72
1206.46	3729.37
1208.06	3750.30
1209.66	3726.23
1211.26	3737.74
1212.87	3741.93
1214.47	3722.05
1216.07	3711.58
1217.67	3726.23
1219.27	3714.72
1220.87	3719.95
1222.48	3704.26
1224.08	3705.30
1225.68	3702.16
1227.28	3709.49
1228.88	3704.26
1230.48	3719.95
1232.08	3688.56
1233.68	3703.21
1235.28	3703.21
1236.88	3692.75
1238.48	3674.96
1240.08	3707.40
1241.68	3661.35
1243.28	3669.73
1244.87	3649.84
1246.47	3661.35
1248.07	3645.66
1249.67	3648.80
1251.27	3644.61
1252.87	3632.06
1254.46	3624.73
1256.06	3634.15
1257.66	3624.73
1259.26	3626.82
1260.85	3616.36
1262.45	3615.31
1264.05	3611.13
1265.64	3613.22
1267.24	3605.90
1268.83	3617.41
1270.43	3609.03
1272.03	3627.87
1273.62	3609.03
1275.22	3601.71
1276.81	3600.66
1278.41	3590.20
1280.00	3591.25
1281.60	3598.57
1283.19	3589.15
1284.79	3595.43
1286.38	3576.60
1287.97	3588.11
1289.57	3569.27
1291.16	3577.64
1292.75	3567.18
1294.35	3571.36
1295.94	3553.58
1297.53	3559.85
1299.12	3545.20
1300.72	3557.76
1302.31	3524.28
1303.90	3558.81
1305.49	3547.30
1307.08	3529.51
1308.68	3526.37
1310.27	3532.65
1311.86	3514.86
1313.45	3515.90
1315.04	3512.77
1316.63	3524.28
1318.22	3511.72
1319.81	3498.12
1321.40	3498.12
1322.99	3501.26
1324.58	3473.00
1326.17	3484.51
1327.75	3464.63
1329.34	3477.19
1330.93	3471.96
1332.52	3459.40
1334.11	3455.21
1335.70	3454.17
1337.28	3431.15
1338.87	3445.80
1340.46	3441.61
1342.05	3437.42
1343.63	3430.10
1345.22	3417.54
1346.81	3421.73
1348.39	3418.59
1349.98	3407.08
1351.56	3399.75
1353.15	3376.73
1354.73	3372.55
1356.32	3356.85
1357.90	3353.71
1359.49	3351.62
1361.07	3343.25
1362.66	3333.83
1364.24	3336.97
1365.82	3334.88
1367.41	3331.74
1368.99	3301.39
1370.57	3295.11
1372.16	3309.76
1373.74	3294.07
1375.32	3278.37
1376.91	3261.63
1378.49	3226.05
1380.07	3199.89
1381.65	3180.01
1383.23	3160.13
1384.81	3154.90
1386.39	3151.76
1387.97	3145.48
1389.55	3146.53
1391.14	3128.74
1392.72	3111.99
1394.29	3085.83
1395.87	3077.46
1397.45	3064.91
1399.03	3064.91
1400.61	3045.02
1402.19	3043.98
1403.77	3026.19
1405.35	3042.93
1406.92	3026.19
1408.50	3012.59
1410.08	3016.77
1411.66	3007.35
1413.23	3011.54
1414.81	3002.12
1416.39	2978.06
1417.96	2986.43
1419.54	2974.92
1421.12	2987.47
1422.69	2989.57
1424.27	2978.06
1425.84	2983.29
1427.42	2978.06
1428.99	2985.38
1430.57	2981.19
1432.14	2971.78
1433.71	2961.31
1435.29	2971.78
1436.86	2970.73
1438.43	2966.54
1440.01	2960.27
1441.58	2837.84
1443.15	2964.45
1444.72	2958.17
1446.30	2956.08
1447.87	2971.78
1449.44	2957.13
1451.01	2947.71
1452.58	2959.22
1454.15	2958.17
1455.72	2948.76
1457.29	2944.57
1458.86	2959.22
1460.43	2943.52
1462.00	2969.68
1463.57	2957.13
1465.14	2959.22
1466.71	2941.43
1468.28	2946.66
1469.85	2946.66
1471.41	2957.13
1472.98	2949.80
1474.55	2960.27
1476.12	2950.85
1477.68	2950.85
1479.25	2965.50
1480.82	2964.45
1482.38	2961.31
1483.95	2949.80
1485.51	2959.22
1487.08	2965.50
1488.64	2965.50
1490.21	2977.01
1491.77	2948.76
1493.34	2971.78
1494.90	2960.27
1496.46	2965.50
1498.03	2973.87
1499.59	2977.01
1501.15	2967.59
1502.72	2974.92
1504.28	2969.68
1505.84	2974.92
1507.40	2971.78
1508.97	2985.38
1510.53	2985.38
1512.09	2992.70
1513.65	2993.75
1515.21	2989.57
1516.77	2981.19
1518.33	2997.94
1519.89	2991.66
1521.45	2988.52
1523.01	2988.52
1524.57	2997.94
1526.13	2987.47
1527.68	2997.94
1529.24	3005.26
1530.80	2995.84
1532.36	3001.08
1533.92	3001.08
1535.47	2994.80
1537.03	3000.03
1538.59	3004.22
1540.14	2997.94
1541.70	2989.57
1543.25	3013.63
1544.81	2997.94
1546.36	2997.94
1547.92	2987.47
1549.47	2995.84
1551.03	2991.66
1552.58	2990.61
1554.13	2987.47
1555.69	3001.08
1557.24	2986.43
1558.79	2985.38
1560.35	2986.43
1561.90	2992.70
1563.45	2982.24
1565.00	2989.57
1566.55	2980.15
1568.10	2981.19
1569.66	2967.59
1571.21	2989.57
1572.76	2969.68
1574.31	2974.92
1575.86	2977.01
1577.40	2963.41
1578.95	2965.50
1580.50	2968.64
1582.05	2950.85
1583.60	2953.99
1585.15	2946.66
1586.69	2958.17
1588.24	2956.08
1589.79	2962.36
1591.34	2946.66
1592.88	2968.64
1594.43	2948.76
1595.97	2953.99
1597.52	2953.99
1599.06	2953.99
1600.61	2946.66
1602.15	2955.03
1603.70	2943.52
1605.24	2945.62
1606.79	2939.34
1608.33	2936.20
1609.87	2942.48
1611.41	2951.90
1612.96	2942.48
1614.50	2926.78
1616.04	2928.87
1617.58	2937.25
1619.12	2928.87
1620.67	2938.29
1622.21	2910.04
1623.75	2935.15
1625.29	2914.22
1626.83	2905.85
1628.37	2918.41
1629.90	2896.44
1631.44	2900.62
1632.98	2892.25
1634.52	2871.32
1636.06	2868.18
1637.59	2877.60
1639.13	2856.67
1640.67	2851.44
1642.21	2837.84
1643.74	2832.61
1645.28	2809.58
1646.81	2787.61
1648.35	2797.03
1649.88	2757.26
1651.42	2770.87
1652.95	2752.03
1654.49	2768.78
1656.02	2745.75
1657.55	2750.99
1659.09	2729.01
1660.62	2742.62
1662.15	2735.29
1663.68	2726.92
1665.22	2716.45
1666.75	2723.78
1668.28	2719.59
1669.81	2742.62
1671.34	2719.59
1672.87	2723.78
1674.40	2724.83
1675.93	2712.27
1677.46	2695.53
1678.99	2698.67
1680.52	2697.62
1682.04	2708.08
1683.57	2700.76
1685.10	2705.99
1686.63	2697.62
1688.15	2699.71
1689.68	2688.20
1691.21	2689.25
1692.73	2690.29
1694.26	2700.76
1695.78	2684.02
1697.31	2687.16
1698.83	2670.41
1700.36	2677.74
1701.88	2673.55
1703.40	2686.11
1704.93	2671.46
1706.45	2675.65
