896.35	3139.20
897.98	3152.80
899.60	3151.76
901.22	3181.06
902.85	3162.22
904.47	3191.52
906.10	3193.61
907.72	3206.17
909.34	3220.82
910.97	3244.89
912.59	3264.77
914.21	3302.44
915.84	3345.34
917.46	3402.89
919.08	3428.01
920.71	3455.21
922.33	3468.82
923.95	3498.12
925.58	3523.23
927.20	3529.51
928.82	3539.97
930.44	3570.32
932.07	3550.44
933.69	3555.67
935.31	3561.95
936.93	3586.01
938.56	3578.69
940.18	3604.85
941.80	3588.11
943.42	3617.41
945.05	3619.50
946.67	3611.13
948.29	3610.08
949.91	3613.22
951.53	3628.92
953.16	3638.33
954.78	3619.50
956.40	3611.13
958.02	3605.90
959.64	3620.54
961.26	3618.45
962.88	3627.87
964.51	3598.57
966.13	3631.01
967.75	3621.59
969.37	3629.96
970.99	3617.41
972.61	3621.59
974.23	3613.22
975.85	3618.45
977.47	3622.64
979.09	3635.19
980.71	3614.27
982.33	3638.33
983.95	3639.38
985.57	3650.89
987.19	3627.87
988.81	3648.80
990.43	3640.43
992.05	3639.38
993.67	3659.26
995.29	3664.49
996.91	3645.66
998.53	3687.51
1000.15	3679.14
1001.77	3699.02
1003.39	3696.93
1005.01	3703.21
1006.63	3692.75
1008.25	3708.44
1009.86	3713.67
1011.48	3726.23
1013.10	3715.77
1014.72	3734.60
1016.34	3742.97
1017.96	3763.90
1019.58	3740.88
1021.19	3755.53
1022.81	3751.34
1024.43	3780.64
1026.05	3759.72
1027.66	3776.46
1029.28	3768.09
1030.90	3779.60
1032.52	3763.90
1034.13	3784.83
1035.75	3782.74
1037.37	3795.29
1038.98	3796.34
1040.60	3793.20
1042.22	3773.32
1043.83	3791.11
1045.45	3786.92
1047.07	3806.80
1048.68	3806.80
1050.30	3800.53
1051.92	3802.62
1053.53	3805.76
1055.15	3803.66
1056.76	3809.94
1058.38	3801.57
1059.99	3809.94
1061.61	3791.11
1063.22	3797.39
1064.84	3793.20
1066.46	3802.62
1068.07	3785.88
1069.68	3799.48
1071.30	3802.62
1072.91	3791.11
1074.53	3772.27
1076.14	3801.57
1077.76	3787.97
1079.37	3785.88
1080.98	3741.93
1082.60	3772.27
1084.21	3763.90
1085.83	3774.37
1087.44	3760.76
1089.05	3759.72
1090.67	3746.11
1092.28	3749.25
1093.89	3751.34
1095.50	3756.58
1097.12	3736.70
1098.73	3755.53
1100.34	3731.46
1101.95	3757.62
1103.57	3742.97
1105.18	3731.46
1106.79	3723.09
1108.40	3745.07
1110.01	3733.56
1111.63	3752.39
1113.24	3741.93
1114.85	3749.25
1116.46	3738.79
1118.07	3748.21
1119.68	3723.09
1121.29	3744.02
1122.90	3733.56
1124.51	3751.34
1126.12	3750.30
1127.73	3763.90
1129.34	3751.34
1130.95	3763.90
1132.56	3754.48
1134.17	3731.46
1135.78	3723.09
1137.39	3742.97
1139.00	3738.79
1140.61	3745.07
1142.22	3747.16
1143.83	3746.11
1145.44	3740.88
1147.05	3738.79
1148.65	3741.93
1150.26	3733.56
1151.87	3722.05
1153.48	3735.65
1155.09	3729.37
1156.69	3735.65
1158.30	3724.14
1159.91	3736.70
1161.52	3738.79
1163.12	3737.74
1164.73	3724.14
1166.34	3753.44
1167.94	3731.46
1169.55	3739.83
1171.16	3728.32
1172.76	3757.62
1174.37	3742.97
1175.97	3744.02
1177.58	3719.95
1179.19	3750.30
1180.79	3730.42
1182.40	3737.74
1184.00	3723.09
1185.61	3740.88
1187.21	3729.37
1188.82	3732.51
1190.42	3734.60
1192.02	3731.46
1193.63	3708.44
1195.23	3732.51
1196.84	3722.05
1198.44	3741.93
1200.04	3745.07
1201.65	3742.97
1203.25	3738.79
1204.85	3741.93
1206.46	3711.58
1208.06	3725.18
1209.66	3712.63
1211.26	3717.86
1212.87	3734.60
1214.47	3721.00
1216.07	3712.63
1217.67	3709.49
1219.27	3696.93
1220.87	3705.30
1222.48	3696.93
1224.08	3701.12
1225.68	3686.47
1227.28	3692.75
1228.88	3682.28
1230.48	3690.65
1232.08	3666.59
1233.68	3681.24
1235.28	3673.91
1236.88	3679.14
1238.48	3662.40
1240.08	3696.93
1241.68	3649.84
1243.28	3650.89
1244.87	3636.24
1246.47	3643.57
1248.07	3633.10
1249.67	3640.43
1251.27	3628.92
1252.87	3616.36
1254.46	3609.03
1256.06	3617.41
1257.66	3610.08
1259.26	3609.03
1260.85	3595.43
1262.45	3599.62
1264.05	3596.48
1265.64	3596.48
1267.24	3595.43
1268.83	3598.57
1270.43	3592.29
1272.03	3614.27
1273.62	3584.97
1275.22	3567.18
1276.81	3578.69
1278.41	3579.74
1280.00	3577.64
1281.60	3572.41
1283.19	3555.67
1284.79	3569.27
1286.38	3556.71
1287.97	3557.76
1289.57	3557.76
1291.16	3559.85
1292.75	3531.60
1294.35	3545.20
1295.94	3545.20
1297.53	3541.02
1299.12	3524.28
1300.72	3544.16
1302.31	3510.67
1303.90	3539.97
1305.49	3530.55
1307.08	3525.32
1308.68	3516.95
1310.27	3508.58
1311.86	3500.21
1313.45	3504.39
1315.04	3492.88
1316.63	3494.98
1318.22	3488.70
1319.81	3483.47
1321.40	3473.00
1322.99	3485.56
1324.58	3462.54
1326.17	3464.63
1327.75	3459.40
1329.34	3466.72
1330.93	3443.70
1332.52	3434.29
1334.11	3430.10
1335.70	3432.19
1337.28	3415.45
1338.87	3422.78
1340.46	3414.40
1342.05	3417.54
1343.63	3417.54
1345.22	3410.22
1346.81	3406.03
1348.39	3395.57
1349.98	3386.15
1351.56	3384.06
1353.15	3371.50
1354.73	3370.46
1356.32	3351.62
1357.90	3341.16
1359.49	3338.02
1361.07	3320.23
1362.66	3320.23
1364.24	3318.14
1365.82	3323.37
1367.41	3319.18
1368.99	3293.02
1370.57	3288.84
1372.16	3293.02
1373.74	3283.60
1375.32	3264.77
1376.91	3251.17
1378.49	3214.54
1380.07	3187.34
1381.65	3170.59
1383.23	3156.99
1384.81	3160.13
1386.39	3147.57
1387.97	3136.06
1389.55	3125.60
1391.14	3120.37
1392.72	3096.30
1394.29	3088.97
1395.87	3074.32
1397.45	3061.77
1399.03	3053.40
1400.61	3048.16
1402.19	3038.75
1403.77	3022.00
1405.35	3037.70
1406.92	3025.14
1408.50	3022.00
1410.08	3012.59
1411.66	3014.68
1413.23	3005.26
1414.81	3008.40
1416.39	2979.10
1417.96	2989.57
1419.54	2975.96
1421.12	2998.98
1422.69	2998.98
1424.27	2987.47
1425.84	2992.70
1427.42	2981.19
1428.99	2982.24
1430.57	2984.33
1432.14	2975.96
1433.71	2979.10
1435.29	2982.24
1436.86	2979.10
1438.43	2967.59
1440.01	2966.54
1441.58	2845.16
1443.15	2966.54
1444.72	2965.50
1446.30	2965.50
1447.87	2972.82
1449.44	2960.27
1451.01	2950.85
1452.58	2966.54
1454.15	2964.45
1455.72	2952.94
1457.29	2955.03
1458.86	2967.59
1460.43	2956.08
1462.00	2974.92
1463.57	2956.08
1465.14	2952.94
1466.71	2951.90
1468.28	2957.13
1469.85	2956.08
1471.41	2960.27
1472.98	2955.03
1474.55	2960.27
1476.12	2948.76
1477.68	2956.08
1479.25	2964.45
1480.82	2959.22
1482.38	2958.17
1483.95	2946.66
1485.51	2959.22
1487.08	2971.78
1488.64	2966.54
1490.21	2975.96
1491.77	2961.31
1493.34	2981.19
1494.90	2967.59
1496.46	2963.41
1498.03	2972.82
1499.59	2981.19
1501.15	2984.33
1502.72	2975.96
1504.28	2980.15
1505.84	2973.87
1507.40	2966.54
1508.97	2982.24
1510.53	2977.01
1512.09	2995.84
1513.65	2998.98
1515.21	2991.66
1516.77	2968.64
1518.33	2987.47
1519.89	2979.10
1521.45	2987.47
1523.01	2996.89
1524.57	2998.98
1526.13	2989.57
1527.68	2994.80
1529.24	3000.03
1530.80	3000.03
1532.36	3007.35
1533.92	2992.70
1535.47	2987.47
1537.03	2992.70
1538.59	3004.22
1540.14	2993.75
1541.70	2984.33
1543.25	3001.08
1544.81	2988.52
1546.36	2992.70
1547.92	2986.43
1549.47	2995.84
1551.03	2992.70
1552.58	2993.75
1554.13	2983.29
1555.69	2990.61
1557.24	2977.01
1558.79	2981.19
1560.35	2980.15
1561.90	2983.29
1563.45	2975.96
1565.00	2984.33
1566.55	2975.96
1568.10	2980.15
1569.66	2975.96
1571.21	2985.38
1572.76	2980.15
1574.31	2983.29
1575.86	2969.68
1577.40	2965.50
1578.95	2970.73
1580.50	2959.22
1582.05	2949.80
1583.60	2951.90
1585.15	2951.90
1586.69	2955.03
1588.24	2966.54
1589.79	2970.73
1591.34	2941.43
1592.88	2964.45
1594.43	2944.57
1595.97	2961.31
1597.52	2957.13
1599.06	2953.99
1600.61	2942.48
1602.15	2951.90
1603.70	2945.62
1605.24	2945.62
1606.79	2952.94
1608.33	2939.34
1609.87	2936.20
1611.41	2943.52
1612.96	2940.38
1614.50	2922.60
1616.04	2925.74
1617.58	2936.20
1619.12	2926.78
1620.67	2933.06
1622.21	2899.58
1623.75	2924.69
1625.29	2902.71
1626.83	2907.95
1628.37	2919.46
1629.90	2896.44
1631.44	2893.30
1632.98	2895.39
1634.52	2871.32
1636.06	2872.37
1637.59	2874.46
1639.13	2861.90
1640.67	2850.39
1642.21	2830.51
1643.74	2826.33
1645.28	2805.40
1646.81	2794.94
1648.35	2799.12
1649.88	2766.68
1651.42	2776.10
1652.95	2754.13
1654.49	2765.64
1656.02	2748.89
1657.55	2756.22
1659.09	2723.78
1660.62	2739.48
1662.15	2729.01
1663.68	2735.29
1665.22	2718.55
1666.75	2722.73
1668.28	2710.18
1669.81	2734.24
1671.34	2724.83
1672.87	2726.92
1674.40	2718.55
1675.93	2709.13
1677.46	2701.81
1678.99	2692.39
1680.52	2694.48
1682.04	2707.04
1683.57	2696.57
1685.10	2697.62
1686.63	2687.16
1688.15	2690.29
1689.68	2681.92
1691.21	2689.25
1692.73	2690.29
1694.26	2700.76
1695.78	2685.06
1697.31	2691.34
1698.83	2680.88
1700.36	2685.06
1701.88	2675.65
1703.40	2695.53
1704.93	2681.92
1706.45	2686.11
