896.35	3140.25
897.98	3149.66
899.60	3150.71
901.22	3178.96
902.85	3168.50
904.47	3186.29
906.10	3187.34
907.72	3206.17
909.34	3219.77
910.97	3248.03
912.59	3271.05
914.21	3312.90
915.84	3351.62
917.46	3406.03
919.08	3429.05
920.71	3469.86
922.33	3479.28
923.95	3498.12
925.58	3520.09
927.20	3527.42
928.82	3535.79
930.44	3568.22
932.07	3552.53
933.69	3560.90
935.31	3565.09
936.93	3586.01
938.56	3593.34
940.18	3606.94
941.80	3602.76
943.42	3622.64
945.05	3619.50
946.67	3605.90
948.29	3613.22
949.91	3618.45
951.53	3622.64
953.16	3644.61
954.78	3633.10
956.40	3627.87
958.02	3616.36
959.64	3626.82
961.26	3601.71
962.88	3621.59
964.51	3601.71
966.13	3632.06
967.75	3624.73
969.37	3622.64
970.99	3615.31
972.61	3625.78
974.23	3616.36
975.85	3621.59
977.47	3627.87
979.09	3626.82
980.71	3615.31
982.33	3633.10
983.95	3633.10
985.57	3663.45
987.19	3639.38
988.81	3662.40
990.43	3643.57
992.05	3650.89
993.67	3661.35
995.29	3670.77
996.91	3649.84
998.53	3681.24
1000.15	3684.38
1001.77	3702.16
1003.39	3694.84
1005.01	3705.30
1006.63	3709.49
1008.25	3718.91
1009.86	3730.42
1011.48	3736.70
1013.10	3723.09
1014.72	3738.79
1016.34	3742.97
1017.96	3768.09
1019.58	3748.21
1021.19	3753.44
1022.81	3751.34
1024.43	3776.46
1026.05	3756.58
1027.66	3786.92
1029.28	3775.41
1030.90	3792.15
1032.52	3778.55
1034.13	3795.29
1035.75	3796.34
1037.37	3805.76
1038.98	3812.04
1040.60	3812.04
1042.22	3783.78
1043.83	3800.53
1045.45	3789.02
1047.07	3806.80
1048.68	3806.80
1050.30	3812.04
1051.92	3815.18
1053.53	3815.18
1055.15	3812.04
1056.76	3819.36
1058.38	3801.57
1059.99	3818.31
1061.61	3797.39
1063.22	3804.71
1064.84	3803.66
1066.46	3804.71
1068.07	3793.20
1069.68	3806.80
1071.30	3809.94
1072.91	3787.97
1074.53	3770.18
1076.14	3797.39
1077.76	3783.78
1079.37	3789.02
1080.98	3751.34
1082.60	3781.69
1084.21	3777.50
1085.83	3777.50
1087.44	3767.04
1089.05	3761.81
1090.67	3741.93
1092.28	3752.39
1093.89	3752.39
1095.50	3761.81
1097.12	3741.93
1098.73	3759.72
1100.34	3735.65
1101.95	3764.95
1103.57	3742.97
1105.18	3746.11
1106.79	3738.79
1108.40	3757.62
1110.01	3747.16
1111.63	3758.67
1113.24	3750.30
1114.85	3746.11
1116.46	3748.21
1118.07	3754.48
1119.68	3736.70
1121.29	3752.39
1122.90	3742.97
1124.51	3762.86
1126.12	3752.39
1127.73	3763.90
1129.34	3753.44
1130.95	3764.95
1132.56	3757.62
1134.17	3733.56
1135.78	3732.51
1137.39	3757.62
1139.00	3729.37
1140.61	3738.79
1142.22	3740.88
1143.83	3738.79
1145.44	3744.02
1147.05	3750.30
1148.65	3739.83
1150.26	3740.88
1151.87	3723.09
1153.48	3741.93
1155.09	3739.83
1156.69	3751.34
1158.30	3735.65
1159.91	3747.16
1161.52	3744.02
1163.12	3735.65
1164.73	3729.37
1166.34	3758.67
1167.94	3744.02
1169.55	3755.53
1171.16	3744.02
1172.76	3762.86
1174.37	3742.97
1175.97	3757.62
1177.58	3722.05
1179.19	3751.34
1180.79	3742.97
1182.40	3749.25
1184.00	3727.28
1185.61	3756.58
1187.21	3736.70
1188.82	3741.93
1190.42	3732.51
1192.02	3740.88
1193.63	3726.23
1195.23	3735.65
1196.84	3724.14
1198.44	3735.65
1200.04	3732.51
1201.65	3739.83
1203.25	3724.14
1204.85	3728.32
1206.46	3710.54
1208.06	3728.32
1209.66	3712.63
1211.26	3721.00
1212.87	3728.32
1214.47	3717.86
1216.07	3711.58
1217.67	3723.09
1219.27	3708.44
1220.87	3701.12
1222.48	3687.51
1224.08	3699.02
1225.68	3695.89
1227.28	3705.30
1228.88	3689.61
1230.48	3694.84
1232.08	3671.82
1233.68	3688.56
1235.28	3694.84
1236.88	3685.42
1238.48	3664.49
1240.08	3683.33
1241.68	3639.38
1243.28	3665.54
1244.87	3646.70
1246.47	3648.80
1248.07	3634.15
1249.67	3642.52
1251.27	3639.38
1252.87	3626.82
1254.46	3616.36
1256.06	3622.64
1257.66	3614.27
1259.26	3607.99
1260.85	3607.99
1262.45	3590.20
1264.05	3594.38
1265.64	3594.38
1267.24	3599.62
1268.83	3604.85
1270.43	3580.78
1272.03	3606.94
1273.62	3588.11
1275.22	3573.46
1276.81	3594.38
1278.41	3597.52
1280.00	3597.52
1281.60	3587.06
1283.19	3562.99
1284.79	3567.18
1286.38	3553.58
1287.97	3566.13
1289.57	3551.48
1291.16	3554.62
1292.75	3538.93
1294.35	3551.48
1295.94	3541.02
1297.53	3551.48
1299.12	3541.02
1300.72	3553.58
1302.31	3523.23
1303.90	3553.58
1305.49	3541.02
1307.08	3525.32
1308.68	3509.63
1310.27	3516.95
1311.86	3510.67
1313.45	3514.86
1315.04	3505.44
1316.63	3502.30
1318.22	3489.74
1319.81	3490.79
1321.40	3481.37
1322.99	3491.84
1324.58	3465.68
1326.17	3470.91
1327.75	3459.40
1329.34	3466.72
1330.93	3452.07
1332.52	3445.80
1334.11	3433.24
1335.70	3438.47
1337.28	3426.96
1338.87	3429.05
1340.46	3426.96
1342.05	3410.22
1343.63	3407.08
1345.22	3411.26
1346.81	3408.13
1348.39	3394.52
1349.98	3392.43
1351.56	3385.10
1353.15	3378.83
1354.73	3379.87
1356.32	3357.90
1357.90	3349.53
1359.49	3333.83
1361.07	3327.55
1362.66	3320.23
1364.24	3325.46
1365.82	3322.32
1367.41	3319.18
1368.99	3288.84
1370.57	3286.74
1372.16	3290.93
1373.74	3284.65
1375.32	3280.46
1376.91	3257.44
1378.49	3216.63
1380.07	3183.15
1381.65	3173.73
1383.23	3154.90
1384.81	3152.80
1386.39	3144.43
1387.97	3137.11
1389.55	3126.64
1391.14	3114.09
1392.72	3095.25
1394.29	3092.11
1395.87	3072.23
1397.45	3055.49
1399.03	3058.63
1400.61	3040.84
1402.19	3033.51
1403.77	3017.82
1405.35	3032.47
1406.92	3017.82
1408.50	3017.82
1410.08	3008.40
1411.66	2997.94
1413.23	2992.70
1414.81	2996.89
1416.39	2979.10
1417.96	2991.66
1419.54	2979.10
1421.12	2985.38
1422.69	2985.38
1424.27	2968.64
1425.84	2982.24
1427.42	2978.06
1428.99	2980.15
1430.57	2979.10
1432.14	2973.87
1433.71	2964.45
1435.29	2968.64
1436.86	2973.87
1438.43	2971.78
1440.01	2962.36
1441.58	2842.02
1443.15	2970.73
1444.72	2965.50
1446.30	2955.03
1447.87	2955.03
1449.44	2952.94
1451.01	2953.99
1452.58	2964.45
1454.15	2960.27
1455.72	2945.62
1457.29	2949.80
1458.86	2959.22
1460.43	2947.71
1462.00	2973.87
1463.57	2955.03
1465.14	2956.08
1466.71	2944.57
1468.28	2957.13
1469.85	2958.17
1471.41	2962.36
1472.98	2950.85
1474.55	2963.41
1476.12	2946.66
1477.68	2951.90
1479.25	2958.17
1480.82	2962.36
1482.38	2958.17
1483.95	2946.66
1485.51	2967.59
1487.08	2981.19
1488.64	2975.96
1490.21	2977.01
1491.77	2958.17
1493.34	2977.01
1494.90	2963.41
1496.46	2968.64
1498.03	2972.82
1499.59	2974.92
1501.15	2967.59
1502.72	2970.73
1504.28	2967.59
1505.84	2980.15
1507.40	2984.33
1508.97	2986.43
1510.53	2984.33
1512.09	2994.80
1513.65	2993.75
1515.21	2989.57
1516.77	2978.06
1518.33	3000.03
1519.89	2996.89
1521.45	2992.70
1523.01	2983.29
1524.57	2995.84
1526.13	2984.33
1527.68	2993.75
1529.24	3003.17
1530.80	2994.80
1532.36	3005.26
1533.92	3001.08
1535.47	2983.29
1537.03	3000.03
1538.59	2997.94
1540.14	2991.66
1541.70	2991.66
1543.25	3011.54
1544.81	2997.94
1546.36	3000.03
1547.92	2986.43
1549.47	2989.57
1551.03	2988.52
1552.58	2987.47
1554.13	2986.43
1555.69	2990.61
1557.24	2977.01
1558.79	2983.29
1560.35	2977.01
1561.90	2987.47
1563.45	2980.15
1565.00	2987.47
1566.55	2978.06
1568.10	2972.82
1569.66	2961.31
1571.21	2975.96
1572.76	2983.29
1574.31	2980.15
1575.86	2973.87
1577.40	2966.54
1578.95	2967.59
1580.50	2966.54
1582.05	2950.85
1583.60	2969.68
1585.15	2947.71
1586.69	2949.80
1588.24	2961.31
1589.79	2969.68
1591.34	2953.99
1592.88	2966.54
1594.43	2937.25
1595.97	2956.08
1597.52	2949.80
1599.06	2949.80
1600.61	2950.85
1602.15	2956.08
1603.70	2939.34
1605.24	2942.48
1606.79	2944.57
1608.33	2935.15
1609.87	2926.78
1611.41	2944.57
1612.96	2941.43
1614.50	2930.97
1616.04	2928.87
1617.58	2938.29
1619.12	2918.41
1620.67	2923.64
1622.21	2904.81
1623.75	2933.06
1625.29	2913.18
1626.83	2910.04
1628.37	2918.41
1629.90	2897.48
1631.44	2894.34
1632.98	2899.58
1634.52	2869.23
1636.06	2870.28
1637.59	2874.46
1639.13	2861.90
1640.67	2846.21
1642.21	2829.47
1643.74	2827.37
1645.28	2808.54
1646.81	2792.84
1648.35	2799.12
1649.88	2768.78
1651.42	2766.68
1652.95	2756.22
1654.49	2774.01
1656.02	2743.66
1657.55	2755.17
1659.09	2735.29
1660.62	2747.85
1662.15	2725.87
1663.68	2726.92
1665.22	2718.55
1666.75	2722.73
1668.28	2721.69
1669.81	2733.20
1671.34	2717.50
1672.87	2725.87
1674.40	2718.55
1675.93	2709.13
1677.46	2700.76
1678.99	2697.62
1680.52	2698.67
1682.04	2708.08
1683.57	2691.34
1685.10	2705.99
1686.63	2693.43
1688.15	2698.67
1689.68	2685.06
1691.21	2686.11
1692.73	2696.57
1694.26	2694.48
1695.78	2689.25
1697.31	2696.57
1698.83	2679.83
1700.36	2684.02
1701.88	2675.65
1703.40	2685.06
1704.93	2676.69
1706.45	2678.78
