896.35	2947.71
897.98	2946.66
899.60	2959.22
901.22	2977.01
902.85	2960.27
904.47	2969.68
906.10	2981.19
907.72	2985.38
909.34	2998.98
910.97	3012.59
912.59	3030.38
914.21	3053.40
915.84	3077.46
917.46	3114.09
919.08	3138.15
920.71	3142.34
922.33	3162.22
923.95	3162.22
925.58	3188.38
927.20	3174.78
928.82	3187.34
930.44	3213.50
932.07	3203.03
933.69	3198.85
935.31	3211.40
936.93	3216.63
938.56	3214.54
940.18	3219.77
941.80	3234.42
943.42	3232.33
945.05	3249.07
946.67	3232.33
948.29	3242.79
949.91	3239.66
951.53	3246.98
953.16	3249.07
954.78	3253.26
956.40	3235.47
958.02	3245.93
959.64	3239.66
961.26	3241.75
962.88	3236.52
964.51	3232.33
966.13	3257.44
967.75	3251.17
969.37	3238.61
970.99	3250.12
972.61	3241.75
974.23	3243.84
975.85	3243.84
977.47	3249.07
979.09	3245.93
980.71	3234.42
982.33	3243.84
983.95	3253.26
985.57	3264.77
987.19	3253.26
988.81	3268.95
990.43	3257.44
992.05	3260.58
993.67	3266.86
995.29	3268.95
996.91	3262.68
998.53	3293.02
1000.15	3285.70
1001.77	3296.16
1003.39	3295.11
1005.01	3289.88
1006.63	3301.39
1008.25	3306.62
1009.86	3318.14
1011.48	3317.09
1013.10	3311.86
1014.72	3316.04
1016.34	3315.00
1017.96	3334.88
1019.58	3323.37
1021.19	3319.18
1022.81	3327.55
1024.43	3332.78
1026.05	3327.55
1027.66	3334.88
1029.28	3336.97
1030.90	3338.02
1032.52	3338.02
1034.13	3344.30
1035.75	3366.27
1037.37	3348.48
1038.98	3362.08
1040.60	3353.71
1042.22	3344.30
1043.83	3353.71
1045.45	3362.08
1047.07	3350.57
1048.68	3361.04
1050.30	3348.48
1051.92	3367.32
1053.53	3350.57
1055.15	3359.99
1056.76	3355.81
1058.38	3359.99
1059.99	3362.08
1061.61	3356.85
1063.22	3347.43
1064.84	3356.85
1066.46	3343.25
1068.07	3347.43
1069.68	3345.34
1071.30	3362.08
1072.91	3347.43
1074.53	3345.34
1076.14	3349.53
1077.76	3341.16
1079.37	3340.11
1080.98	3311.86
1082.60	3335.92
1084.21	3339.06
1085.83	3330.69
1087.44	3339.06
1089.05	3318.14
1090.67	3324.41
1092.28	3326.51
1093.89	3341.16
1095.50	3324.41
1097.12	3321.27
1098.73	3326.51
1100.34	3308.72
1101.95	3322.32
1103.57	3322.32
1105.18	3311.86
1106.79	3306.62
1108.40	3313.95
1110.01	3313.95
1111.63	3312.90
1113.24	3325.46
1114.85	3320.23
1116.46	3323.37
1118.07	3322.32
1119.68	3309.76
1121.29	3328.60
1122.90	3320.23
1124.51	3312.90
1126.12	3332.78
1127.73	3321.27
1129.34	3327.55
1130.95	3319.18
1132.56	3330.69
1134.17	3306.62
1135.78	3317.09
1137.39	3320.23
1139.00	3307.67
1140.61	3312.90
1142.22	3320.23
1143.83	3304.53
1145.44	3310.81
1147.05	3308.72
1148.65	3312.90
1150.26	3300.35
1151.87	3304.53
1153.48	3317.09
1155.09	3322.32
1156.69	3318.14
1158.30	3306.62
1159.91	3311.86
1161.52	3319.18
1163.12	3310.81
1164.73	3306.62
1166.34	3322.32
1167.94	3310.81
1169.55	3308.72
1171.16	3313.95
1172.76	3319.18
1174.37	3317.09
1175.97	3317.09
1177.58	3302.44
1179.19	3322.32
1180.79	3303.49
1182.40	3307.67
1184.00	3306.62
1185.61	3321.27
1187.21	3319.18
1188.82	3308.72
1190.42	3308.72
1192.02	3306.62
1193.63	3298.25
1195.23	3312.90
1196.84	3317.09
1198.44	3318.14
1200.04	3321.27
1201.65	3309.76
1203.25	3313.95
1204.85	3309.76
1206.46	3287.79
1208.06	3298.25
1209.66	3302.44
1211.26	3299.30
1212.87	3316.04
1214.47	3288.84
1216.07	3293.02
1217.67	3298.25
1219.27	3294.07
1220.87	3294.07
1222.48	3286.74
1224.08	3280.46
1225.68	3289.88
1227.28	3283.60
1228.88	3285.70
1230.48	3289.88
1232.08	3270.00
1233.68	3283.60
1235.28	3293.02
1236.88	3268.95
1238.48	3264.77
1240.08	3287.79
1241.68	3254.30
1243.28	3264.77
1244.87	3254.30
1246.47	3244.89
1248.07	3244.89
1249.67	3258.49
1251.27	3270.00
1252.87	3239.66
1254.46	3233.38
1256.06	3236.52
1257.66	3231.28
1259.26	3227.10
1260.85	3239.66
1262.45	3234.42
1264.05	3236.52
1265.64	3235.47
1267.24	3233.38
1268.83	3227.10
1270.43	3217.68
1272.03	3239.66
1273.62	3225.01
1275.22	3218.73
1276.81	3228.14
1278.41	3213.50
1280.00	3221.87
1281.60	3210.36
1283.19	3210.36
1284.79	3209.31
1286.38	3209.31
1287.97	3219.77
1289.57	3209.31
1291.16	3198.85
1292.75	3203.03
1294.35	3201.98
1295.94	3196.75
1297.53	3201.98
1299.12	3188.38
1300.72	3198.85
1302.31	3178.96
1303.90	3203.03
1305.49	3194.66
1307.08	3169.55
1308.68	3164.31
1310.27	3171.64
1311.86	3172.69
1313.45	3171.64
1315.04	3174.78
1316.63	3164.31
1318.22	3165.36
1319.81	3153.85
1321.40	3166.41
1322.99	3155.94
1324.58	3139.20
1326.17	3152.80
1327.75	3144.43
1329.34	3149.66
1330.93	3132.92
1332.52	3131.88
1334.11	3130.83
1335.70	3124.55
1337.28	3122.46
1338.87	3121.41
1340.46	3125.60
1342.05	3113.04
1343.63	3102.58
1345.22	3109.90
1346.81	3126.64
1348.39	3102.58
1349.98	3105.72
1351.56	3102.58
1353.15	3096.30
1354.73	3090.02
1356.32	3076.42
1357.90	3068.05
1359.49	3081.65
1361.07	3059.67
1362.66	3068.05
1364.24	3061.77
1365.82	3075.37
1367.41	3063.86
1368.99	3036.65
1370.57	3037.70
1372.16	3042.93
1373.74	3041.89
1375.32	3038.75
1376.91	3022.00
1378.49	3002.12
1380.07	2981.19
1381.65	2974.92
1383.23	2959.22
1384.81	2971.78
1386.39	2962.36
1387.97	2961.31
1389.55	2945.62
1391.14	2941.43
1392.72	2926.78
1394.29	2925.74
1395.87	2922.60
1397.45	2905.85
1399.03	2905.85
1400.61	2904.81
1402.19	2902.71
1403.77	2882.83
1405.35	2901.67
1406.92	2890.16
1408.50	2883.88
1410.08	2882.83
1411.66	2873.42
1413.23	2876.55
1414.81	2873.42
1416.39	2862.95
1417.96	2872.37
1419.54	2867.14
1421.12	2867.14
1422.69	2875.51
1424.27	2858.77
1425.84	2862.95
1427.42	2860.86
1428.99	2865.04
1430.57	2868.18
1432.14	2858.77
1433.71	2857.72
1435.29	2867.14
1436.86	2862.95
1438.43	2861.90
1440.01	2854.58
1441.58	2737.38
1443.15	2861.90
1444.72	2859.81
1446.30	2852.49
1447.87	2861.90
1449.44	2857.72
1451.01	2846.21
1452.58	2856.67
1454.15	2845.16
1455.72	2838.88
1457.29	2843.07
1458.86	2843.07
1460.43	2840.98
1462.00	2865.04
1463.57	2851.44
1465.14	2856.67
1466.71	2846.21
1468.28	2844.12
1469.85	2852.49
1471.41	2858.77
1472.98	2838.88
1474.55	2852.49
1476.12	2835.74
1477.68	2843.07
1479.25	2857.72
1480.82	2847.26
1482.38	2847.26
1483.95	2837.84
1485.51	2850.39
1487.08	2860.86
1488.64	2851.44
1490.21	2856.67
1491.77	2840.98
1493.34	2854.58
1494.90	2844.12
1496.46	2851.44
1498.03	2850.39
1499.59	2856.67
1501.15	2854.58
1502.72	2852.49
1504.28	2859.81
1505.84	2851.44
1507.40	2844.12
1508.97	2864.00
1510.53	2858.77
1512.09	2868.18
1513.65	2868.18
1515.21	2867.14
1516.77	2852.49
1518.33	2870.28
1519.89	2858.77
1521.45	2862.95
1523.01	2861.90
1524.57	2879.69
1526.13	2869.23
1527.68	2872.37
1529.24	2875.51
1530.80	2868.18
1532.36	2883.88
1533.92	2860.86
1535.47	2855.63
1537.03	2860.86
1538.59	2868.18
1540.14	2861.90
1541.70	2853.53
1543.25	2877.60
1544.81	2878.65
1546.36	2876.55
1547.92	2860.86
1549.47	2872.37
1551.03	2870.28
1552.58	2868.18
1554.13	2853.53
1555.69	2866.09
1557.24	2855.63
1558.79	2852.49
1560.35	2851.44
1561.90	2864.00
1563.45	2846.21
1565.00	2860.86
1566.55	2848.30
1568.10	2845.16
1569.66	2838.88
1571.21	2858.77
1572.76	2859.81
1574.31	2856.67
1575.86	2849.35
1577.40	2840.98
1578.95	2842.02
1580.50	2843.07
1582.05	2826.33
1583.60	2837.84
1585.15	2837.84
1586.69	2844.12
1588.24	2846.21
1589.79	2850.39
1591.34	2828.42
1592.88	2846.21
1594.43	2820.05
1595.97	2834.70
1597.52	2834.70
1599.06	2836.79
1600.61	2829.47
1602.15	2842.02
1603.70	2832.61
1605.24	2835.74
1606.79	2830.51
1608.33	2817.96
1609.87	2821.10
1611.41	2830.51
1612.96	2829.47
1614.50	2819.00
1616.04	2816.91
1617.58	2822.14
1619.12	2807.49
1620.67	2821.10
1622.21	2797.03
1623.75	2817.96
1625.29	2800.17
1626.83	2798.07
1628.37	2813.77
1629.90	2791.80
1631.44	2789.70
1632.98	2785.52
1634.52	2776.10
1636.06	2778.19
1637.59	2792.84
1639.13	2779.24
1640.67	2782.38
1642.21	2756.22
1643.74	2759.36
1645.28	2740.52
1646.81	2736.34
1648.35	2742.62
1649.88	2715.41
1651.42	2721.69
1652.95	2701.81
1654.49	2730.06
1656.02	2704.94
1657.55	2712.27
1659.09	2685.06
1660.62	2710.18
1662.15	2689.25
1663.68	2697.62
1665.22	2693.43
1666.75	2692.39
1668.28	2690.29
1669.81	2701.81
1671.34	2682.97
1672.87	2681.92
1674.40	2694.48
1675.93	2678.78
1677.46	2673.55
1678.99	2671.46
1680.52	2668.32
1682.04	2679.83
1683.57	2669.37
1685.10	2673.55
1686.63	2668.32
1688.15	2675.65
1689.68	2655.76
1691.21	2665.18
1692.73	2661.00
1694.26	2667.27
1695.78	2655.76
1697.31	2659.95
1698.83	2652.62
1700.36	2664.13
1701.88	2650.53
1703.40	2657.86
1704.93	2647.39
1706.45	2649.49
