896.35	2872.37
897.98	2881.79
899.60	2883.88
901.22	2903.76
902.85	2898.53
904.47	2900.62
906.10	2895.39
907.72	2902.71
909.34	2921.55
910.97	2924.69
912.59	2942.48
914.21	2951.90
915.84	2975.96
917.46	2991.66
919.08	3013.63
920.71	3022.00
922.33	3043.98
923.95	3047.12
925.58	3070.14
927.20	3063.86
928.82	3073.28
930.44	3091.07
932.07	3083.74
933.69	3068.05
935.31	3086.88
936.93	3079.56
938.56	3095.25
940.18	3099.44
941.80	3086.88
943.42	3098.39
945.05	3115.13
946.67	3101.53
948.29	3117.23
949.91	3104.67
951.53	3118.27
953.16	3122.46
954.78	3121.41
956.40	3103.62
958.02	3108.86
959.64	3109.90
961.26	3106.76
962.88	3107.81
964.51	3100.48
966.13	3120.37
967.75	3121.41
969.37	3107.81
970.99	3106.76
972.61	3099.44
974.23	3106.76
975.85	3110.95
977.47	3125.60
979.09	3121.41
980.71	3119.32
982.33	3122.46
983.95	3129.78
985.57	3135.02
987.19	3128.74
988.81	3132.92
990.43	3135.02
992.05	3124.55
993.67	3149.66
995.29	3140.25
996.91	3136.06
998.53	3153.85
1000.15	3153.85
1001.77	3152.80
1003.39	3155.94
1005.01	3159.08
1006.63	3160.13
1008.25	3165.36
1009.86	3178.96
1011.48	3170.59
1013.10	3170.59
1014.72	3174.78
1016.34	3183.15
1017.96	3192.57
1019.58	3184.20
1021.19	3171.64
1022.81	3189.43
1024.43	3196.75
1026.05	3189.43
1027.66	3201.98
1029.28	3203.03
1030.90	3200.94
1032.52	3189.43
1034.13	3203.03
1035.75	3218.73
1037.37	3209.31
1038.98	3212.45
1040.60	3201.98
1042.22	3195.71
1043.83	3205.12
1045.45	3207.22
1047.07	3206.17
1048.68	3212.45
1050.30	3200.94
1051.92	3212.45
1053.53	3205.12
1055.15	3215.59
1056.76	3209.31
1058.38	3219.77
1059.99	3218.73
1061.61	3218.73
1063.22	3207.22
1064.84	3214.54
1066.46	3203.03
1068.07	3204.08
1069.68	3210.36
1071.30	3226.05
1072.91	3207.22
1074.53	3201.98
1076.14	3210.36
1077.76	3204.08
1079.37	3206.17
1080.98	3182.10
1082.60	3201.98
1084.21	3198.85
1085.83	3197.80
1087.44	3200.94
1089.05	3193.61
1090.67	3201.98
1092.28	3191.52
1093.89	3201.98
1095.50	3198.85
1097.12	3192.57
1098.73	3203.03
1100.34	3172.69
1101.95	3189.43
1103.57	3192.57
1105.18	3185.24
1106.79	3187.34
1108.40	3189.43
1110.01	3199.89
1111.63	3196.75
1113.24	3199.89
1114.85	3190.47
1116.46	3190.47
1118.07	3199.89
1119.68	3187.34
1121.29	3199.89
1122.90	3187.34
1124.51	3184.20
1126.12	3204.08
1127.73	3201.98
1129.34	3197.80
1130.95	3200.94
1132.56	3198.85
1134.17	3175.82
1135.78	3186.29
1137.39	3192.57
1139.00	3175.82
1140.61	3191.52
1142.22	3199.89
1143.83	3188.38
1145.44	3183.15
1147.05	3190.47
1148.65	3195.71
1150.26	3177.92
1151.87	3173.73
1153.48	3180.01
1155.09	3188.38
1156.69	3190.47
1158.30	3181.06
1159.91	3189.43
1161.52	3184.20
1163.12	3177.92
1164.73	3175.82
1166.34	3194.66
1167.94	3189.43
1169.55	3195.71
1171.16	3187.34
1172.76	3193.61
1174.37	3187.34
1175.97	3198.85
1177.58	3185.24
1179.19	3195.71
1180.79	3174.78
1182.40	3181.06
1184.00	3177.92
1185.61	3201.98
1187.21	3195.71
1188.82	3188.38
1190.42	3191.52
1192.02	3185.24
1193.63	3178.96
1195.23	3194.66
1196.84	3185.24
1198.44	3185.24
1200.04	3188.38
1201.65	3193.61
1203.25	3187.34
1204.85	3192.57
1206.46	3173.73
1208.06	3183.15
1209.66	3182.10
1211.26	3183.15
1212.87	3206.17
1214.47	3190.47
1216.07	3191.52
1217.67	3183.15
1219.27	3172.69
1220.87	3173.73
1222.48	3183.15
1224.08	3169.55
1225.68	3178.96
1227.28	3176.87
1228.88	3175.82
1230.48	3183.15
1232.08	3158.04
1233.68	3178.96
1235.28	3186.29
1236.88	3169.55
1238.48	3150.71
1240.08	3182.10
1241.68	3147.57
1243.28	3159.08
1244.87	3153.85
1246.47	3148.62
1248.07	3154.90
1249.67	3155.94
1251.27	3174.78
1252.87	3139.20
1254.46	3127.69
1256.06	3142.34
1257.66	3146.53
1259.26	3135.02
1260.85	3136.06
1262.45	3133.97
1264.05	3143.39
1265.64	3138.15
1267.24	3138.15
1268.83	3137.11
1270.43	3122.46
1272.03	3146.53
1273.62	3136.06
1275.22	3119.32
1276.81	3128.74
1278.41	3126.64
1280.00	3129.78
1281.60	3128.74
1283.19	3115.13
1284.79	3124.55
1286.38	3114.09
1287.97	3131.88
1289.57	3119.32
1291.16	3113.04
1292.75	3097.34
1294.35	3110.95
1295.94	3106.76
1297.53	3108.86
1299.12	3103.62
1300.72	3119.32
1302.31	3085.83
1303.90	3114.09
1305.49	3113.04
1307.08	3087.93
1308.68	3079.56
1310.27	3093.16
1311.86	3099.44
1313.45	3091.07
1315.04	3084.79
1316.63	3080.60
1318.22	3086.88
1319.81	3078.51
1321.40	3078.51
1322.99	3080.60
1324.58	3065.95
1326.17	3069.09
1327.75	3065.95
1329.34	3070.14
1330.93	3068.05
1332.52	3053.40
1334.11	3052.35
1335.70	3050.26
1337.28	3035.61
1338.87	3046.07
1340.46	3051.30
1342.05	3045.02
1343.63	3038.75
1345.22	3031.42
1346.81	3045.02
1348.39	3034.56
1349.98	3041.89
1351.56	3019.91
1353.15	3020.96
1354.73	3025.14
1356.32	3007.35
1357.90	3007.35
1359.49	3014.68
1361.07	2995.84
1362.66	2986.43
1364.24	2995.84
1365.82	2984.33
1367.41	2995.84
1368.99	2980.15
1370.57	2978.06
1372.16	2982.24
1373.74	2978.06
1375.32	2971.78
1376.91	2958.17
1378.49	2945.62
1380.07	2917.36
1381.65	2916.32
1383.23	2911.09
1384.81	2918.41
1386.39	2895.39
1387.97	2895.39
1389.55	2891.20
1391.14	2888.06
1392.72	2876.55
1394.29	2877.60
1395.87	2871.32
1397.45	2864.00
1399.03	2865.04
1400.61	2860.86
1402.19	2853.53
1403.77	2838.88
1405.35	2854.58
1406.92	2842.02
1408.50	2843.07
1410.08	2845.16
1411.66	2835.74
1413.23	2836.79
1414.81	2835.74
1416.39	2821.10
1417.96	2822.14
1419.54	2815.86
1421.12	2834.70
1422.69	2834.70
1424.27	2815.86
1425.84	2830.51
1427.42	2823.19
1428.99	2821.10
1430.57	2824.23
1432.14	2820.05
1433.71	2826.33
1435.29	2835.74
1436.86	2823.19
1438.43	2814.82
1440.01	2817.96
1441.58	2705.99
1443.15	2823.19
1444.72	2823.19
1446.30	2816.91
1447.87	2826.33
1449.44	2810.63
1451.01	2806.45
1452.58	2815.86
1454.15	2817.96
1455.72	2810.63
1457.29	2811.68
1458.86	2816.91
1460.43	2812.72
1462.00	2829.47
1463.57	2813.77
1465.14	2819.00
1466.71	2810.63
1468.28	2816.91
1469.85	2815.86
1471.41	2815.86
1472.98	2801.21
1474.55	2826.33
1476.12	2814.82
1477.68	2806.45
1479.25	2820.05
1480.82	2824.23
1482.38	2829.47
1483.95	2803.31
1485.51	2823.19
1487.08	2834.70
1488.64	2831.56
1490.21	2828.42
1491.77	2810.63
1493.34	2832.61
1494.90	2814.82
1496.46	2817.96
1498.03	2828.42
1499.59	2835.74
1501.15	2829.47
1502.72	2829.47
1504.28	2830.51
1505.84	2821.10
1507.40	2822.14
1508.97	2836.79
1510.53	2832.61
1512.09	2835.74
1513.65	2840.98
1515.21	2833.65
1516.77	2814.82
1518.33	2833.65
1519.89	2830.51
1521.45	2833.65
1523.01	2829.47
1524.57	2835.74
1526.13	2831.56
1527.68	2833.65
1529.24	2835.74
1530.80	2831.56
1532.36	2850.39
1533.92	2842.02
1535.47	2827.37
1537.03	2834.70
1538.59	2846.21
1540.14	2835.74
1541.70	2831.56
1543.25	2843.07
1544.81	2830.51
1546.36	2834.70
1547.92	2825.28
1549.47	2831.56
1551.03	2836.79
1552.58	2832.61
1554.13	2828.42
1555.69	2838.88
1557.24	2827.37
1558.79	2825.28
1560.35	2829.47
1561.90	2837.84
1563.45	2820.05
1565.00	2822.14
1566.55	2824.23
1568.10	2824.23
1569.66	2811.68
1571.21	2827.37
1572.76	2824.23
1574.31	2825.28
1575.86	2821.10
1577.40	2810.63
1578.95	2817.96
1580.50	2822.14
1582.05	2807.49
1583.60	2804.35
1585.15	2805.40
1586.69	2820.05
1588.24	2812.72
1589.79	2819.00
1591.34	2797.03
1592.88	2819.00
1594.43	2799.12
1595.97	2812.72
1597.52	2805.40
1599.06	2803.31
1600.61	2808.54
1602.15	2821.10
1603.70	2795.98
1605.24	2804.35
1606.79	2811.68
1608.33	2794.94
1609.87	2794.94
1611.41	2800.17
1612.96	2799.12
1614.50	2793.89
1616.04	2794.94
1617.58	2806.45
1619.12	2786.56
1620.67	2787.61
1622.21	2768.78
1623.75	2799.12
1625.29	2781.33
1626.83	2784.47
1628.37	2791.80
1629.90	2770.87
1631.44	2772.96
1632.98	2771.91
1634.52	2757.26
1636.06	2761.45
1637.59	2776.10
1639.13	2757.26
1640.67	2767.73
1642.21	2736.34
1643.74	2740.52
1645.28	2734.24
1646.81	2725.87
1648.35	2731.10
1649.88	2710.18
1651.42	2713.32
1652.95	2700.76
1654.49	2721.69
1656.02	2699.71
1657.55	2699.71
1659.09	2679.83
1660.62	2692.39
1662.15	2681.92
1663.68	2695.53
1665.22	2677.74
1666.75	2678.78
1668.28	2680.88
1669.81	2696.57
1671.34	2677.74
1672.87	2679.83
1674.40	2688.20
1675.93	2669.37
1677.46	2661.00
1678.99	2668.32
1680.52	2671.46
1682.04	2680.88
1683.57	2671.46
1685.10	2671.46
1686.63	2665.18
1688.15	2668.32
1689.68	2663.09
1691.21	2663.09
1692.73	2665.18
1694.26	2661.00
1695.78	2650.53
1697.31	2652.62
1698.83	2656.81
1700.36	2659.95
1701.88	2648.44
1703.40	2659.95
1704.93	2650.53
1706.45	2652.62
