896.35	3047.12
897.98	3062.81
899.60	3061.77
901.22	3095.25
902.85	3078.51
904.47	3103.62
906.10	3105.72
907.72	3111.99
909.34	3127.69
910.97	3150.71
912.59	3161.18
914.21	3193.61
915.84	3227.10
917.46	3279.42
919.08	3312.90
920.71	3329.65
922.33	3345.34
923.95	3373.59
925.58	3380.92
927.20	3385.10
928.82	3389.29
930.44	3432.19
932.07	3413.36
933.69	3410.22
935.31	3417.54
936.93	3439.52
938.56	3434.29
940.18	3451.03
941.80	3434.29
943.42	3464.63
945.05	3470.91
946.67	3461.49
948.29	3466.72
949.91	3473.00
951.53	3473.00
953.16	3480.33
954.78	3476.14
956.40	3462.54
958.02	3461.49
959.64	3470.91
961.26	3466.72
962.88	3474.05
964.51	3456.26
966.13	3488.70
967.75	3468.82
969.37	3469.86
970.99	3462.54
972.61	3474.05
974.23	3461.49
975.85	3478.23
977.47	3477.19
979.09	3479.28
980.71	3456.26
982.33	3482.42
983.95	3476.14
985.57	3497.07
987.19	3481.37
988.81	3503.35
990.43	3479.28
992.05	3491.84
993.67	3502.30
995.29	3514.86
996.91	3501.26
998.53	3532.65
1000.15	3525.32
1001.77	3538.93
1003.39	3526.37
1005.01	3545.20
1006.63	3547.30
1008.25	3559.85
1009.86	3566.13
1011.48	3560.90
1013.10	3554.62
1014.72	3577.64
1016.34	3578.69
1017.96	3606.94
1019.58	3583.92
1021.19	3589.15
1022.81	3587.06
1024.43	3611.13
1026.05	3602.76
1027.66	3619.50
1029.28	3610.08
1030.90	3634.15
1032.52	3605.90
1034.13	3623.68
1035.75	3629.96
1037.37	3641.47
1038.98	3639.38
1040.60	3642.52
1042.22	3615.31
1043.83	3638.33
1045.45	3632.06
1047.07	3652.98
1048.68	3641.47
1050.30	3637.29
1051.92	3642.52
1053.53	3645.66
1055.15	3649.84
1056.76	3650.89
1058.38	3638.33
1059.99	3661.35
1061.61	3639.38
1063.22	3646.70
1064.84	3646.70
1066.46	3651.94
1068.07	3639.38
1069.68	3638.33
1071.30	3640.43
1072.91	3640.43
1074.53	3622.64
1076.14	3649.84
1077.76	3628.92
1079.37	3637.29
1080.98	3599.62
1082.60	3623.68
1084.21	3623.68
1085.83	3632.06
1087.44	3623.68
1089.05	3616.36
1090.67	3607.99
1092.28	3612.17
1093.89	3609.03
1095.50	3623.68
1097.12	3604.85
1098.73	3628.92
1100.34	3592.29
1101.95	3622.64
1103.57	3612.17
1105.18	3601.71
1106.79	3583.92
1108.40	3613.22
1110.01	3609.03
1111.63	3615.31
1113.24	3613.22
1114.85	3621.59
1116.46	3605.90
1118.07	3618.45
1119.68	3596.48
1121.29	3611.13
1122.90	3602.76
1124.51	3617.41
1126.12	3610.08
1127.73	3620.54
1129.34	3610.08
1130.95	3620.54
1132.56	3610.08
1134.17	3595.43
1135.78	3587.06
1137.39	3612.17
1139.00	3591.25
1140.61	3597.52
1142.22	3596.48
1143.83	3600.66
1145.44	3598.57
1147.05	3595.43
1148.65	3593.34
1150.26	3583.92
1151.87	3571.36
1153.48	3582.87
1155.09	3584.97
1156.69	3596.48
1158.30	3574.50
1159.91	3584.97
1161.52	3587.06
1163.12	3591.25
1164.73	3579.74
1166.34	3601.71
1167.94	3580.78
1169.55	3592.29
1171.16	3596.48
1172.76	3605.90
1174.37	3590.20
1175.97	3604.85
1177.58	3586.01
1179.19	3610.08
1180.79	3588.11
1182.40	3607.99
1184.00	3590.20
1185.61	3614.27
1187.21	3595.43
1188.82	3600.66
1190.42	3594.38
1192.02	3604.85
1193.63	3580.78
1195.23	3599.62
1196.84	3588.11
1198.44	3603.80
1200.04	3597.52
1201.65	3607.99
1203.25	3597.52
1204.85	3603.80
1206.46	3574.50
1208.06	3598.57
1209.66	3575.55
1211.26	3586.01
1212.87	3595.43
1214.47	3587.06
1216.07	3587.06
1217.67	3591.25
1219.27	3579.74
1220.87	3586.01
1222.48	3568.22
1224.08	3571.36
1225.68	3571.36
1227.28	3582.87
1228.88	3557.76
1230.48	3576.60
1232.08	3557.76
1233.68	3588.11
1235.28	3567.18
1236.88	3559.85
1238.48	3546.25
1240.08	3574.50
1241.68	3535.79
1243.28	3544.16
1244.87	3528.46
1246.47	3527.42
1248.07	3524.28
1249.67	3538.93
1251.27	3532.65
1252.87	3520.09
1254.46	3500.21
1256.06	3510.67
1257.66	3509.63
1259.26	3508.58
1260.85	3512.77
1262.45	3505.44
1264.05	3502.30
1265.64	3505.44
1267.24	3494.98
1268.83	3509.63
1270.43	3484.51
1272.03	3510.67
1273.62	3487.65
1275.22	3480.33
1276.81	3483.47
1278.41	3481.37
1280.00	3478.23
1281.60	3483.47
1283.19	3474.05
1284.79	3490.79
1286.38	3467.77
1287.97	3477.19
1289.57	3463.58
1291.16	3464.63
1292.75	3451.03
1294.35	3479.28
1295.94	3459.40
1297.53	3462.54
1299.12	3439.52
1300.72	3453.12
1302.31	3429.05
1303.90	3461.49
1305.49	3445.80
1307.08	3430.10
1308.68	3416.50
1310.27	3420.68
1311.86	3412.31
1313.45	3420.68
1315.04	3413.36
1316.63	3416.50
1318.22	3407.08
1319.81	3391.38
1321.40	3385.10
1322.99	3400.80
1324.58	3387.20
1326.17	3392.43
1327.75	3369.41
1329.34	3371.50
1330.93	3357.90
1332.52	3363.13
1334.11	3351.62
1335.70	3352.67
1337.28	3331.74
1338.87	3343.25
1340.46	3334.88
1342.05	3331.74
1343.63	3325.46
1345.22	3333.83
1346.81	3334.88
1348.39	3311.86
1349.98	3301.39
1351.56	3295.11
1353.15	3289.88
1354.73	3289.88
1356.32	3257.44
1357.90	3260.58
1359.49	3250.12
1361.07	3242.79
1362.66	3236.52
1364.24	3244.89
1365.82	3239.66
1367.41	3240.70
1368.99	3213.50
1370.57	3208.26
1372.16	3211.40
1373.74	3204.08
1375.32	3188.38
1376.91	3176.87
1378.49	3137.11
1380.07	3107.81
1381.65	3092.11
1383.23	3082.70
1384.81	3075.37
1386.39	3063.86
1387.97	3063.86
1389.55	3053.40
1391.14	3039.79
1392.72	3019.91
1394.29	3007.35
1395.87	2986.43
1397.45	2980.15
1399.03	2975.96
1400.61	2963.41
1402.19	2955.03
1403.77	2940.38
1405.35	2952.94
1406.92	2940.38
1408.50	2936.20
1410.08	2929.92
1411.66	2921.55
1413.23	2924.69
1414.81	2922.60
1416.39	2899.58
1417.96	2913.18
1419.54	2894.34
1421.12	2910.04
1422.69	2905.85
1424.27	2892.25
1425.84	2900.62
1427.42	2902.71
1428.99	2904.81
1430.57	2895.39
1432.14	2887.02
1433.71	2891.20
1435.29	2900.62
1436.86	2890.16
1438.43	2885.97
1440.01	2885.97
1441.58	2772.96
1443.15	2898.53
1444.72	2899.58
1446.30	2889.11
1447.87	2897.48
1449.44	2873.42
1451.01	2871.32
1452.58	2888.06
1454.15	2884.93
1455.72	2880.74
1457.29	2872.37
1458.86	2888.06
1460.43	2880.74
1462.00	2902.71
1463.57	2890.16
1465.14	2895.39
1466.71	2880.74
1468.28	2885.97
1469.85	2890.16
1471.41	2894.34
1472.98	2881.79
1474.55	2900.62
1476.12	2884.93
1477.68	2882.83
1479.25	2891.20
1480.82	2885.97
1482.38	2896.44
1483.95	2893.30
1485.51	2898.53
1487.08	2910.04
1488.64	2904.81
1490.21	2910.04
1491.77	2893.30
1493.34	2912.13
1494.90	2892.25
1496.46	2907.95
1498.03	2919.46
1499.59	2912.13
1501.15	2902.71
1502.72	2915.27
1504.28	2913.18
1505.84	2908.99
1507.40	2910.04
1508.97	2925.74
1510.53	2924.69
1512.09	2933.06
1513.65	2929.92
1515.21	2936.20
1516.77	2925.74
1518.33	2945.62
1519.89	2929.92
1521.45	2932.01
1523.01	2934.11
1524.57	2946.66
1526.13	2935.15
1527.68	2947.71
1529.24	2952.94
1530.80	2942.48
1532.36	2946.66
1533.92	2946.66
1535.47	2935.15
1537.03	2942.48
1538.59	2947.71
1540.14	2939.34
1541.70	2932.01
1543.25	2953.99
1544.81	2951.90
1546.36	2952.94
1547.92	2928.87
1549.47	2942.48
1551.03	2943.52
1552.58	2942.48
1554.13	2935.15
1555.69	2938.29
1557.24	2933.06
1558.79	2933.06
1560.35	2927.83
1561.90	2942.48
1563.45	2929.92
1565.00	2945.62
1566.55	2929.92
1568.10	2936.20
1569.66	2918.41
1571.21	2934.11
1572.76	2935.15
1574.31	2935.15
1575.86	2933.06
1577.40	2923.64
1578.95	2923.64
1580.50	2926.78
1582.05	2916.32
1583.60	2919.46
1585.15	2915.27
1586.69	2917.36
1588.24	2918.41
1589.79	2922.60
1591.34	2905.85
1592.88	2932.01
1594.43	2906.90
1595.97	2920.50
1597.52	2912.13
1599.06	2917.36
1600.61	2910.04
1602.15	2921.55
1603.70	2908.99
1605.24	2908.99
1606.79	2917.36
1608.33	2906.90
1609.87	2900.62
1611.41	2902.71
1612.96	2900.62
1614.50	2894.34
1616.04	2897.48
1617.58	2911.09
1619.12	2893.30
1620.67	2904.81
1622.21	2866.09
1623.75	2891.20
1625.29	2874.46
1626.83	2878.65
1628.37	2898.53
1629.90	2865.04
1631.44	2867.14
1632.98	2870.28
1634.52	2846.21
1636.06	2848.30
1637.59	2854.58
1639.13	2838.88
1640.67	2824.23
1642.21	2817.96
1643.74	2816.91
1645.28	2793.89
1646.81	2783.42
1648.35	2780.29
1649.88	2745.75
1651.42	2762.50
1652.95	2737.38
1654.49	2756.22
1656.02	2736.34
1657.55	2732.15
1659.09	2712.27
1660.62	2730.06
1662.15	2724.83
1663.68	2732.15
1665.22	2719.59
1666.75	2718.55
1668.28	2702.85
1669.81	2722.73
1671.34	2709.13
1672.87	2713.32
1674.40	2714.36
1675.93	2703.90
1677.46	2693.43
1678.99	2694.48
1680.52	2687.16
1682.04	2698.67
1683.57	2682.97
1685.10	2697.62
1686.63	2686.11
1688.15	2681.92
1689.68	2676.69
1691.21	2682.97
1692.73	2682.97
1694.26	2689.25
1695.78	2676.69
1697.31	2681.92
1698.83	2670.41
1700.36	2676.69
1701.88	2667.27
1703.40	2679.83
1704.93	2656.81
1706.45	2675.65
