896.35	3064.91
897.98	3074.32
899.60	3082.70
901.22	3102.58
902.85	3084.79
904.47	3100.48
906.10	3103.62
907.72	3116.18
909.34	3130.83
910.97	3150.71
912.59	3169.55
914.21	3208.26
915.84	3230.24
917.46	3285.70
919.08	3306.62
920.71	3335.92
922.33	3351.62
923.95	3373.59
925.58	3389.29
927.20	3395.57
928.82	3400.80
930.44	3435.33
932.07	3414.40
933.69	3422.78
935.31	3423.82
936.93	3447.89
938.56	3451.03
940.18	3465.68
941.80	3458.35
943.42	3473.00
945.05	3471.96
946.67	3475.10
948.29	3471.96
949.91	3478.23
951.53	3486.61
953.16	3501.26
954.78	3485.56
956.40	3481.37
958.02	3474.05
959.64	3481.37
961.26	3463.58
962.88	3482.42
964.51	3460.45
966.13	3494.98
967.75	3480.33
969.37	3478.23
970.99	3480.33
972.61	3480.33
974.23	3470.91
975.85	3481.37
977.47	3482.42
979.09	3493.93
980.71	3476.14
982.33	3496.02
983.95	3490.79
985.57	3506.49
987.19	3486.61
988.81	3516.95
990.43	3497.07
992.05	3513.81
993.67	3507.53
995.29	3519.04
996.91	3499.16
998.53	3538.93
1000.15	3531.60
1001.77	3541.02
1003.39	3541.02
1005.01	3555.67
1006.63	3554.62
1008.25	3568.22
1009.86	3568.22
1011.48	3569.27
1013.10	3561.95
1014.72	3595.43
1016.34	3589.15
1017.96	3610.08
1019.58	3591.25
1021.19	3603.80
1022.81	3602.76
1024.43	3631.01
1026.05	3610.08
1027.66	3637.29
1029.28	3623.68
1030.90	3626.82
1032.52	3609.03
1034.13	3644.61
1035.75	3642.52
1037.37	3641.47
1038.98	3645.66
1040.60	3651.94
1042.22	3631.01
1043.83	3662.40
1045.45	3647.75
1047.07	3658.22
1048.68	3649.84
1050.30	3656.12
1051.92	3662.40
1053.53	3671.82
1055.15	3650.89
1056.76	3655.08
1058.38	3648.80
1059.99	3678.10
1061.61	3646.70
1063.22	3654.03
1064.84	3651.94
1066.46	3663.45
1068.07	3643.57
1069.68	3668.68
1071.30	3655.08
1072.91	3645.66
1074.53	3639.38
1076.14	3659.26
1077.76	3645.66
1079.37	3651.94
1080.98	3609.03
1082.60	3637.29
1084.21	3633.10
1085.83	3633.10
1087.44	3625.78
1089.05	3618.45
1090.67	3607.99
1092.28	3625.78
1093.89	3614.27
1095.50	3622.64
1097.12	3610.08
1098.73	3637.29
1100.34	3598.57
1101.95	3623.68
1103.57	3613.22
1105.18	3614.27
1106.79	3597.52
1108.40	3622.64
1110.01	3615.31
1111.63	3616.36
1113.24	3611.13
1114.85	3626.82
1116.46	3615.31
1118.07	3626.82
1119.68	3600.66
1121.29	3626.82
1122.90	3602.76
1124.51	3616.36
1126.12	3613.22
1127.73	3631.01
1129.34	3629.96
1130.95	3635.19
1132.56	3636.24
1134.17	3606.94
1135.78	3604.85
1137.39	3619.50
1139.00	3602.76
1140.61	3615.31
1142.22	3611.13
1143.83	3614.27
1145.44	3604.85
1147.05	3614.27
1148.65	3601.71
1150.26	3599.62
1151.87	3583.92
1153.48	3610.08
1155.09	3605.90
1156.69	3613.22
1158.30	3582.87
1159.91	3601.71
1161.52	3605.90
1163.12	3610.08
1164.73	3601.71
1166.34	3621.59
1167.94	3601.71
1169.55	3617.41
1171.16	3609.03
1172.76	3614.27
1174.37	3603.80
1175.97	3615.31
1177.58	3588.11
1179.19	3617.41
1180.79	3604.85
1182.40	3616.36
1184.00	3605.90
1185.61	3633.10
1187.21	3612.17
1188.82	3617.41
1190.42	3605.90
1192.02	3620.54
1193.63	3591.25
1195.23	3613.22
1196.84	3597.52
1198.44	3614.27
1200.04	3611.13
1201.65	3620.54
1203.25	3604.85
1204.85	3617.41
1206.46	3591.25
1208.06	3607.99
1209.66	3593.34
1211.26	3603.80
1212.87	3610.08
1214.47	3598.57
1216.07	3595.43
1217.67	3605.90
1219.27	3583.92
1220.87	3593.34
1222.48	3582.87
1224.08	3593.34
1225.68	3580.78
1227.28	3597.52
1228.88	3579.74
1230.48	3596.48
1232.08	3566.13
1233.68	3576.60
1235.28	3576.60
1236.88	3576.60
1238.48	3552.53
1240.08	3587.06
1241.68	3546.25
1243.28	3560.90
1244.87	3555.67
1246.47	3545.20
1248.07	3529.51
1249.67	3534.74
1251.27	3533.69
1252.87	3529.51
1254.46	3515.90
1256.06	3532.65
1257.66	3515.90
1259.26	3519.04
1260.85	3515.90
1262.45	3515.90
1264.05	3508.58
1265.64	3514.86
1267.24	3503.35
1268.83	3511.72
1270.43	3488.70
1272.03	3509.63
1273.62	3499.16
1275.22	3488.70
1276.81	3499.16
1278.41	3496.02
1280.00	3483.47
1281.60	3492.88
1283.19	3476.14
1284.79	3492.88
1286.38	3470.91
1287.97	3481.37
1289.57	3454.17
1291.16	3474.05
1292.75	3458.35
1294.35	3474.05
1295.94	3460.45
1297.53	3469.86
1299.12	3443.70
1300.72	3464.63
1302.31	3437.42
1303.90	3458.35
1305.49	3461.49
1307.08	3445.80
1308.68	3426.96
1310.27	3434.29
1311.86	3421.73
1313.45	3430.10
1315.04	3425.91
1316.63	3433.24
1318.22	3423.82
1319.81	3412.31
1321.40	3410.22
1322.99	3425.91
1324.58	3388.24
1326.17	3395.57
1327.75	3378.83
1329.34	3385.10
1330.93	3363.13
1332.52	3363.13
1334.11	3359.99
1335.70	3364.18
1337.28	3348.48
1338.87	3358.94
1340.46	3353.71
1342.05	3346.39
1343.63	3334.88
1345.22	3327.55
1346.81	3335.92
1348.39	3323.37
1349.98	3316.04
1351.56	3309.76
1353.15	3290.93
1354.73	3290.93
1356.32	3267.91
1357.90	3273.14
1359.49	3268.95
1361.07	3251.17
1362.66	3248.03
1364.24	3253.26
1365.82	3244.89
1367.41	3240.70
1368.99	3215.59
1370.57	3213.50
1372.16	3216.63
1373.74	3214.54
1375.32	3210.36
1376.91	3194.66
1378.49	3150.71
1380.07	3117.23
1381.65	3104.67
1383.23	3092.11
1384.81	3088.97
1386.39	3080.60
1387.97	3074.32
1389.55	3063.86
1391.14	3047.12
1392.72	3027.24
1394.29	3019.91
1395.87	2996.89
1397.45	2988.52
1399.03	2988.52
1400.61	2980.15
1402.19	2961.31
1403.77	2949.80
1405.35	2961.31
1406.92	2941.43
1408.50	2940.38
1410.08	2940.38
1411.66	2930.97
1413.23	2926.78
1414.81	2929.92
1416.39	2918.41
1417.96	2930.97
1419.54	2905.85
1421.12	2914.22
1422.69	2922.60
1424.27	2905.85
1425.84	2913.18
1427.42	2905.85
1428.99	2910.04
1430.57	2906.90
1432.14	2903.76
1433.71	2898.53
1435.29	2901.67
1436.86	2901.67
1438.43	2902.71
1440.01	2898.53
1441.58	2781.33
1443.15	2903.76
1444.72	2899.58
1446.30	2895.39
1447.87	2899.58
1449.44	2893.30
1451.01	2883.88
1452.58	2899.58
1454.15	2897.48
1455.72	2885.97
1457.29	2887.02
1458.86	2894.34
1460.43	2884.93
1462.00	2915.27
1463.57	2896.44
1465.14	2895.39
1466.71	2884.93
1468.28	2895.39
1469.85	2895.39
1471.41	2901.67
1472.98	2889.11
1474.55	2908.99
1476.12	2891.20
1477.68	2894.34
1479.25	2911.09
1480.82	2903.76
1482.38	2908.99
1483.95	2899.58
1485.51	2903.76
1487.08	2913.18
1488.64	2908.99
1490.21	2913.18
1491.77	2902.71
1493.34	2922.60
1494.90	2908.99
1496.46	2921.55
1498.03	2925.74
1499.59	2921.55
1501.15	2919.46
1502.72	2923.64
1504.28	2932.01
1505.84	2930.97
1507.40	2921.55
1508.97	2940.38
1510.53	2936.20
1512.09	2944.57
1513.65	2935.15
1515.21	2942.48
1516.77	2941.43
1518.33	2955.03
1519.89	2942.48
1521.45	2945.62
1523.01	2951.90
1524.57	2952.94
1526.13	2942.48
1527.68	2947.71
1529.24	2951.90
1530.80	2957.13
1532.36	2955.03
1533.92	2945.62
1535.47	2939.34
1537.03	2945.62
1538.59	2955.03
1540.14	2949.80
1541.70	2941.43
1543.25	2965.50
1544.81	2953.99
1546.36	2962.36
1547.92	2946.66
1549.47	2963.41
1551.03	2953.99
1552.58	2946.66
1554.13	2940.38
1555.69	2951.90
1557.24	2949.80
1558.79	2947.71
1560.35	2943.52
1561.90	2951.90
1563.45	2936.20
1565.00	2946.66
1566.55	2944.57
1568.10	2944.57
1569.66	2934.11
1571.21	2949.80
1572.76	2945.62
1574.31	2949.80
1575.86	2946.66
1577.40	2930.97
1578.95	2932.01
1580.50	2935.15
1582.05	2924.69
1583.60	2930.97
1585.15	2922.60
1586.69	2922.60
1588.24	2926.78
1589.79	2936.20
1591.34	2919.46
1592.88	2934.11
1594.43	2911.09
1595.97	2923.64
1597.52	2925.74
1599.06	2928.87
1600.61	2915.27
1602.15	2933.06
1603.70	2917.36
1605.24	2919.46
1606.79	2907.95
1608.33	2905.85
1609.87	2907.95
1611.41	2921.55
1612.96	2916.32
1614.50	2900.62
1616.04	2899.58
1617.58	2903.76
1619.12	2887.02
1620.67	2900.62
1622.21	2873.42
1623.75	2907.95
1625.29	2887.02
1626.83	2885.97
1628.37	2895.39
1629.90	2874.46
1631.44	2871.32
1632.98	2871.32
1634.52	2851.44
1636.06	2855.63
1637.59	2859.81
1639.13	2844.12
1640.67	2835.74
1642.21	2825.28
1643.74	2808.54
1645.28	2787.61
1646.81	2777.15
1648.35	2783.42
1649.88	2764.59
1651.42	2766.68
1652.95	2739.48
1654.49	2762.50
1656.02	2735.29
1657.55	2741.57
1659.09	2725.87
1660.62	2733.20
1662.15	2714.36
1663.68	2730.06
1665.22	2722.73
1666.75	2720.64
1668.28	2711.22
1669.81	2730.06
1671.34	2707.04
1672.87	2714.36
1674.40	2718.55
1675.93	2708.08
1677.46	2700.76
1678.99	2693.43
1680.52	2692.39
1682.04	2704.94
1683.57	2696.57
1685.10	2696.57
1686.63	2694.48
1688.15	2701.81
1689.68	2680.88
1691.21	2687.16
1692.73	2690.29
1694.26	2690.29
1695.78	2681.92
1697.31	2688.20
1698.83	2676.69
1700.36	2681.92
1701.88	2676.69
1703.40	2696.57
1704.93	2677.74
1706.45	2676.69
