896.35	3311.86
897.98	3340.11
899.60	3334.88
901.22	3375.69
902.85	3350.57
904.47	3390.34
906.10	3387.20
907.72	3410.22
909.34	3418.59
910.97	3464.63
912.59	3487.65
914.21	3559.85
915.84	3600.66
917.46	3684.38
919.08	3701.12
920.71	3755.53
922.33	3772.27
923.95	3826.69
925.58	3828.78
927.20	3858.08
928.82	3845.52
930.44	3911.44
932.07	3883.19
933.69	3915.63
935.31	3904.12
936.93	3938.65
938.56	3927.14
940.18	3970.04
941.80	3949.11
943.42	3998.30
945.05	3981.55
946.67	3992.02
948.29	3975.27
949.91	4000.39
951.53	3990.97
953.16	4020.27
954.78	3990.97
956.40	4002.48
958.02	3977.37
959.64	4008.76
961.26	3985.74
962.88	4019.22
964.51	3973.18
966.13	4027.59
967.75	3990.97
969.37	4008.76
970.99	3995.16
972.61	4024.46
974.23	3997.25
975.85	4015.04
977.47	4001.43
979.09	4025.50
980.71	3994.11
982.33	4028.64
983.95	4011.90
985.57	4047.48
987.19	4020.27
988.81	4049.57
990.43	4018.18
992.05	4054.80
993.67	4046.43
995.29	4079.91
996.91	4053.75
998.53	4109.21
1000.15	4075.73
1001.77	4114.45
1003.39	4105.03
1005.01	4137.47
1006.63	4119.68
1008.25	4163.63
1009.86	4144.79
1011.48	4166.77
1013.10	4140.61
1014.72	4185.60
1016.34	4166.77
1017.96	4198.16
1019.58	4153.16
1021.19	4198.16
1022.81	4176.18
1024.43	4224.32
1026.05	4185.60
1027.66	4233.74
1029.28	4211.76
1030.90	4238.97
1032.52	4207.58
1034.13	4253.62
1035.75	4236.87
1037.37	4278.73
1038.98	4241.06
1040.60	4263.03
1042.22	4230.60
1043.83	4274.54
1045.45	4241.06
1047.07	4278.73
1048.68	4249.43
1050.30	4274.54
1051.92	4252.57
1053.53	4271.41
1055.15	4242.11
1056.76	4273.50
1058.38	4235.83
1059.99	4280.82
1061.61	4250.48
1063.22	4268.27
1064.84	4241.06
1066.46	4272.45
1068.07	4234.78
1069.68	4272.45
1071.30	4249.43
1072.91	4253.62
1074.53	4219.09
1076.14	4264.08
1077.76	4233.74
1079.37	4251.52
1080.98	4195.02
1082.60	4234.78
1084.21	4205.48
1085.83	4230.60
1087.44	4200.25
1089.05	4218.04
1090.67	4191.88
1092.28	4224.32
1093.89	4196.06
1095.50	4230.60
1097.12	4188.74
1098.73	4223.27
1100.34	4179.32
1101.95	4222.22
1103.57	4188.74
1105.18	4211.76
1106.79	4182.46
1108.40	4221.18
1110.01	4201.30
1111.63	4237.92
1113.24	4206.53
1114.85	4238.97
1116.46	4209.67
1118.07	4241.06
1119.68	4203.39
1121.29	4235.83
1122.90	4205.48
1124.51	4235.83
1126.12	4213.85
1127.73	4249.43
1129.34	4233.74
1130.95	4266.17
1132.56	4234.78
1134.17	4236.87
1135.78	4219.09
1137.39	4264.08
1139.00	4231.64
1140.61	4265.13
1142.22	4256.76
1143.83	4282.92
1145.44	4255.71
1147.05	4281.87
1148.65	4269.31
1150.26	4279.78
1151.87	4257.80
1153.48	4295.47
1155.09	4279.78
1156.69	4309.08
1158.30	4270.36
1159.91	4311.17
1161.52	4295.47
1163.12	4327.91
1164.73	4299.66
1166.34	4345.70
1167.94	4306.98
1169.55	4338.38
1171.16	4302.80
1172.76	4350.93
1174.37	4314.31
1175.97	4341.51
1177.58	4293.38
1179.19	4338.38
1180.79	4303.84
1182.40	4336.28
1184.00	4309.08
1185.61	4355.12
1187.21	4322.68
1188.82	4346.75
1190.42	4318.49
1192.02	4344.65
1193.63	4318.49
1195.23	4353.02
1196.84	4322.68
1198.44	4354.07
1200.04	4331.05
1201.65	4338.38
1203.25	4300.70
1204.85	4345.70
1206.46	4297.57
1208.06	4328.96
1209.66	4302.80
1211.26	4320.59
1212.87	4316.40
1214.47	4334.19
1216.07	4303.84
1217.67	4324.77
1219.27	4289.19
1220.87	4305.94
1222.48	4282.92
1224.08	4308.03
1225.68	4269.31
1227.28	4291.29
1228.88	4253.62
1230.48	4282.92
1232.08	4249.43
1233.68	4279.78
1235.28	4244.20
1236.88	4265.13
1238.48	4225.36
1240.08	4275.59
1241.68	4211.76
1243.28	4237.92
1244.87	4198.16
1246.47	4222.22
1248.07	4180.37
1249.67	4207.58
1251.27	4181.42
1252.87	4184.55
1254.46	4140.61
1256.06	4167.81
1257.66	4144.79
1259.26	4154.21
1260.85	4142.70
1262.45	4159.44
1264.05	4131.19
1265.64	4155.26
1267.24	4139.56
1268.83	4159.44
1270.43	4127.00
1272.03	4161.53
1273.62	4121.77
1275.22	4132.23
1276.81	4128.05
1278.41	4128.05
1280.00	4105.03
1281.60	4139.56
1283.19	4100.84
1284.79	4121.77
1286.38	4095.61
1287.97	4117.58
1289.57	4091.42
1291.16	4101.89
1292.75	4070.50
1294.35	4100.84
1295.94	4071.54
1297.53	4098.75
1299.12	4056.89
1300.72	4089.33
1302.31	4043.29
1303.90	4090.38
1305.49	4067.36
1307.08	4080.96
1308.68	4047.48
1310.27	4069.45
1311.86	4044.34
1313.45	4064.22
1315.04	4043.29
1316.63	4063.17
1318.22	4049.57
1319.81	4057.94
1321.40	4034.92
1322.99	4060.03
1324.58	4019.22
1326.17	4045.38
1327.75	4022.36
1329.34	4042.24
1330.93	4013.99
1332.52	4029.69
1334.11	4016.08
1335.70	4029.69
1337.28	4001.43
1338.87	4031.78
1340.46	4009.81
1342.05	4017.13
1343.63	4005.62
1345.22	4016.08
1346.81	3988.88
1348.39	3998.30
1349.98	3982.60
1351.56	3992.02
1353.15	3953.30
1354.73	3958.53
1356.32	3922.95
1357.90	3935.51
1359.49	3908.30
1361.07	3890.52
1362.66	3881.10
1364.24	3905.17
1365.82	3885.28
1367.41	3906.21
1368.99	3863.31
1370.57	3874.82
1372.16	3874.82
1373.74	3876.91
1375.32	3839.24
1376.91	3835.06
1378.49	3774.37
1380.07	3737.74
1381.65	3704.26
1383.23	3705.30
1384.81	3703.21
1386.39	3737.74
1387.97	3719.95
1389.55	3754.48
1391.14	3740.88
1392.72	3744.02
1394.29	3730.42
1395.87	3728.32
1397.45	3741.93
1399.03	3750.30
1400.61	3721.00
1402.19	3768.09
1403.77	3752.39
1405.35	3780.64
1406.92	3749.25
1408.50	3777.50
1410.08	3781.69
1411.66	3809.94
1413.23	3797.39
1414.81	3818.31
1416.39	3795.29
1417.96	3805.76
1419.54	3777.50
1421.12	3818.31
1422.69	3809.94
1424.27	3814.13
1425.84	3818.31
1427.42	3821.45
1428.99	3803.66
1430.57	3822.50
1432.14	3787.97
1433.71	3801.57
1435.29	3791.11
1436.86	3801.57
1438.43	3783.78
1440.01	3799.48
1441.58	3651.94
1443.15	3790.06
1444.72	3763.90
1446.30	3779.60
1447.87	3778.55
1449.44	3771.23
1451.01	3736.70
1452.58	3772.27
1454.15	3749.25
1455.72	3756.58
1457.29	3732.51
1458.86	3759.72
1460.43	3730.42
1462.00	3760.76
1463.57	3718.91
1465.14	3728.32
1466.71	3697.98
1468.28	3709.49
1469.85	3684.38
1471.41	3701.12
1472.98	3667.63
1474.55	3692.75
1476.12	3668.68
1477.68	3664.49
1479.25	3660.31
1480.82	3662.40
1482.38	3643.57
1483.95	3635.19
1485.51	3631.01
1487.08	3662.40
1488.64	3641.47
1490.21	3655.08
1491.77	3615.31
1493.34	3646.70
1494.90	3599.62
1496.46	3623.68
1498.03	3596.48
1499.59	3618.45
1501.15	3592.29
1502.72	3606.94
1504.28	3584.97
1505.84	3595.43
1507.40	3579.74
1508.97	3598.57
1510.53	3580.78
1512.09	3598.57
1513.65	3580.78
1515.21	3581.83
1516.77	3545.20
1518.33	3575.55
1519.89	3552.53
1521.45	3564.04
1523.01	3549.39
1524.57	3557.76
1526.13	3544.16
1527.68	3556.71
1529.24	3542.06
1530.80	3548.34
1532.36	3524.28
1533.92	3530.55
1535.47	3508.58
1537.03	3520.09
1538.59	3502.30
1540.14	3500.21
1541.70	3477.19
1543.25	3506.49
1544.81	3487.65
1546.36	3496.02
1547.92	3462.54
1549.47	3480.33
1551.03	3467.77
1552.58	3470.91
1554.13	3444.75
1555.69	3453.12
1557.24	3430.10
1558.79	3431.15
1560.35	3416.50
1561.90	3433.24
1563.45	3415.45
1565.00	3414.40
1566.55	3397.66
1568.10	3410.22
1569.66	3389.29
1571.21	3413.36
1572.76	3393.48
1574.31	3395.57
1575.86	3380.92
1577.40	3377.78
1578.95	3366.27
1580.50	3368.36
1582.05	3345.34
1583.60	3355.81
1585.15	3332.78
1586.69	3342.20
1588.24	3335.92
1589.79	3355.81
1591.34	3326.51
1592.88	3345.34
1594.43	3311.86
1595.97	3328.60
1597.52	3311.86
1599.06	3322.32
1600.61	3306.62
1602.15	3326.51
1603.70	3308.72
1605.24	3307.67
1606.79	3289.88
1608.33	3286.74
1609.87	3270.00
1611.41	3294.07
1612.96	3280.46
1614.50	3267.91
1616.04	3258.49
1617.58	3265.82
1619.12	3240.70
1620.67	3257.44
1622.21	3219.77
1623.75	3244.89
1625.29	3222.91
1626.83	3213.50
1628.37	3215.59
1629.90	3189.43
1631.44	3165.36
1632.98	3160.13
1634.52	3122.46
1636.06	3119.32
1637.59	3110.95
1639.13	3077.46
1640.67	3035.61
1642.21	3018.86
1643.74	2997.94
1645.28	2961.31
1646.81	2929.92
1648.35	2925.74
1649.88	2884.93
1651.42	2887.02
1652.95	2853.53
1654.49	2862.95
1656.02	2827.37
1657.55	2829.47
1659.09	2804.35
1660.62	2816.91
1662.15	2790.75
1663.68	2794.94
1665.22	2776.10
1666.75	2775.05
1668.28	2763.54
1669.81	2783.42
1671.34	2762.50
1672.87	2769.82
1674.40	2762.50
1675.93	2744.71
1677.46	2732.15
1678.99	2734.24
1680.52	2734.24
1682.04	2745.75
1683.57	2732.15
1685.10	2736.34
1686.63	2726.92
1688.15	2737.38
1689.68	2714.36
1691.21	2716.45
1692.73	2713.32
1694.26	2721.69
1695.78	2711.22
1697.31	2717.50
1698.83	2703.90
1700.36	2713.32
1701.88	2704.94
1703.40	2718.55
1704.93	2698.67
1706.45	2704.94
