896.35	2648.44
897.98	2648.44
899.60	2653.67
901.22	2659.95
902.85	2654.72
904.47	2661.00
906.10	2673.55
907.72	2657.86
909.34	2663.09
910.97	2667.27
912.59	2672.51
914.21	2663.09
915.84	2668.32
917.46	2671.46
919.08	2678.78
920.71	2663.09
922.33	2696.57
923.95	2679.83
925.58	2704.94
927.20	2671.46
928.82	2682.97
930.44	2681.92
932.07	2684.02
933.69	2667.27
935.31	2690.29
936.93	2680.88
938.56	2695.53
940.18	2687.16
941.80	2681.92
943.42	2682.97
945.05	2709.13
946.67	2681.92
948.29	2699.71
949.91	2681.92
951.53	2712.27
953.16	2690.29
954.78	2701.81
956.40	2677.74
958.02	2701.81
959.64	2688.20
961.26	2697.62
962.88	2687.16
964.51	2694.48
966.13	2704.94
967.75	2713.32
969.37	2694.48
970.99	2703.90
972.61	2684.02
974.23	2700.76
975.85	2696.57
977.47	2717.50
979.09	2692.39
980.71	2704.94
982.33	2692.39
983.95	2712.27
985.57	2702.85
987.19	2700.76
988.81	2699.71
990.43	2716.45
992.05	2696.57
993.67	2714.36
995.29	2692.39
996.91	2697.62
998.53	2705.99
1000.15	2722.73
1001.77	2702.85
1003.39	2715.41
1005.01	2694.48
1006.63	2717.50
1008.25	2705.99
1009.86	2721.69
1011.48	2711.22
1013.10	2713.32
1014.72	2704.94
1016.34	2723.78
1017.96	2722.73
1019.58	2716.45
1021.19	2700.76
1022.81	2711.22
1024.43	2708.08
1026.05	2711.22
1027.66	2711.22
1029.28	2721.69
1030.90	2710.18
1032.52	2704.94
1034.13	2703.90
1035.75	2725.87
1037.37	2709.13
1038.98	2734.24
1040.60	2708.08
1042.22	2704.94
1043.83	2694.48
1045.45	2719.59
1047.07	2713.32
1048.68	2722.73
1050.30	2697.62
1051.92	2722.73
1053.53	2709.13
1055.15	2721.69
1056.76	2704.94
1058.38	2719.59
1059.99	2719.59
1061.61	2730.06
1063.22	2703.90
1064.84	2720.64
1066.46	2703.90
1068.07	2713.32
1069.68	2712.27
1071.30	2735.29
1072.91	2712.27
1074.53	2718.55
1076.14	2722.73
1077.76	2718.55
1079.37	2714.36
1080.98	2696.57
1082.60	2711.22
1084.21	2727.97
1085.83	2713.32
1087.44	2723.78
1089.05	2696.57
1090.67	2713.32
1092.28	2704.94
1093.89	2729.01
1095.50	2718.55
1097.12	2716.45
1098.73	2717.50
1100.34	2705.99
1101.95	2712.27
1103.57	2725.87
1105.18	2699.71
1106.79	2718.55
1108.40	2711.22
1110.01	2724.83
1111.63	2711.22
1113.24	2727.97
1114.85	2719.59
1116.46	2721.69
1118.07	2721.69
1119.68	2724.83
1121.29	2719.59
1122.90	2723.78
1124.51	2711.22
1126.12	2734.24
1127.73	2721.69
1129.34	2738.43
1130.95	2727.97
1132.56	2734.24
1134.17	2702.85
1135.78	2722.73
1137.39	2704.94
1139.00	2710.18
1140.61	2710.18
1142.22	2737.38
1143.83	2713.32
1145.44	2725.87
1147.05	2714.36
1148.65	2733.20
1150.26	2712.27
1151.87	2713.32
1153.48	2704.94
1155.09	2716.45
1156.69	2714.36
1158.30	2719.59
1159.91	2705.99
1161.52	2717.50
1163.12	2715.41
1164.73	2715.41
1166.34	2714.36
1167.94	2717.50
1169.55	2716.45
1171.16	2723.78
1172.76	2721.69
1174.37	2727.97
1175.97	2713.32
1177.58	2702.85
1179.19	2727.97
1180.79	2721.69
1182.40	2709.13
1184.00	2716.45
1185.61	2713.32
1187.21	2727.97
1188.82	2713.32
1190.42	2722.73
1192.02	2705.99
1193.63	2701.81
1195.23	2709.13
1196.84	2717.50
1198.44	2711.22
1200.04	2725.87
1201.65	2714.36
1203.25	2723.78
1204.85	2719.59
1206.46	2711.22
1208.06	2711.22
1209.66	2713.32
1211.26	2700.76
1212.87	2736.34
1214.47	2711.22
1216.07	2722.73
1217.67	2715.41
1219.27	2720.64
1220.87	2713.32
1222.48	2725.87
1224.08	2711.22
1225.68	2722.73
1227.28	2711.22
1228.88	2720.64
1230.48	2726.92
1232.08	2722.73
1233.68	2715.41
1235.28	2737.38
1236.88	2717.50
1238.48	2718.55
1240.08	2735.29
1241.68	2720.64
1243.28	2716.45
1244.87	2720.64
1246.47	2709.13
1248.07	2713.32
1249.67	2716.45
1251.27	2737.38
1252.87	2713.32
1254.46	2718.55
1256.06	2710.18
1257.66	2721.69
1259.26	2701.81
1260.85	2723.78
1262.45	2714.36
1264.05	2725.87
1265.64	2710.18
1267.24	2722.73
1268.83	2720.64
1270.43	2723.78
1272.03	2732.15
1273.62	2720.64
1275.22	2703.90
1276.81	2725.87
1278.41	2715.41
1280.00	2725.87
1281.60	2713.32
1283.19	2715.41
1284.79	2714.36
1286.38	2723.78
1287.97	2719.59
1289.57	2715.41
1291.16	2709.13
1292.75	2715.41
1294.35	2719.59
1295.94	2718.55
1297.53	2712.27
1299.12	2705.99
1300.72	2719.59
1302.31	2697.62
1303.90	2725.87
1305.49	2736.34
1307.08	2710.18
1308.68	2712.27
1310.27	2701.81
1311.86	2715.41
1313.45	2703.90
1315.04	2712.27
1316.63	2707.04
1318.22	2721.69
1319.81	2698.67
1321.40	2708.08
1322.99	2707.04
1324.58	2699.71
1326.17	2698.67
1327.75	2700.76
1329.34	2705.99
1330.93	2713.32
1332.52	2699.71
1334.11	2710.18
1335.70	2702.85
1337.28	2700.76
1338.87	2701.81
1340.46	2709.13
1342.05	2697.62
1343.63	2700.76
1345.22	2696.57
1346.81	2715.41
1348.39	2709.13
1349.98	2712.27
1351.56	2690.29
1353.15	2698.67
1354.73	2713.32
1356.32	2703.90
1357.90	2700.76
1359.49	2711.22
1361.07	2700.76
1362.66	2707.04
1364.24	2701.81
1365.82	2717.50
1367.41	2705.99
1368.99	2694.48
1370.57	2693.43
1372.16	2707.04
1373.74	2705.99
1375.32	2712.27
1376.91	2712.27
1378.49	2702.85
1380.07	2700.76
1381.65	2712.27
1383.23	2705.99
1384.81	2704.94
1386.39	2698.67
1387.97	2702.85
1389.55	2688.20
1391.14	2695.53
1392.72	2692.39
1394.29	2702.85
1395.87	2701.81
1397.45	2698.67
1399.03	2695.53
1400.61	2708.08
1402.19	2688.20
1403.77	2692.39
1405.35	2714.36
1406.92	2702.85
1408.50	2709.13
1410.08	2707.04
1411.66	2700.76
1413.23	2703.90
1414.81	2713.32
1416.39	2696.57
1417.96	2700.76
1419.54	2700.76
1421.12	2700.76
1422.69	2710.18
1424.27	2700.76
1425.84	2711.22
1427.42	2704.94
1428.99	2700.76
1430.57	2704.94
1432.14	2702.85
1433.71	2699.71
1435.29	2703.90
1436.86	2705.99
1438.43	2707.04
1440.01	2704.94
1441.58	2583.56
1443.15	2704.94
1444.72	2708.08
1446.30	2699.71
1447.87	2708.08
1449.44	2697.62
1451.01	2696.57
1452.58	2707.04
1454.15	2702.85
1455.72	2696.57
1457.29	2695.53
1458.86	2703.90
1460.43	2702.85
1462.00	2715.41
1463.57	2702.85
1465.14	2709.13
1466.71	2693.43
1468.28	2699.71
1469.85	2705.99
1471.41	2711.22
1472.98	2705.99
1474.55	2716.45
1476.12	2702.85
1477.68	2694.48
1479.25	2703.90
1480.82	2699.71
1482.38	2707.04
1483.95	2695.53
1485.51	2711.22
1487.08	2713.32
1488.64	2707.04
1490.21	2710.18
1491.77	2689.25
1493.34	2703.90
1494.90	2694.48
1496.46	2692.39
1498.03	2695.53
1499.59	2696.57
1501.15	2698.67
1502.72	2702.85
1504.28	2710.18
1505.84	2697.62
1507.40	2689.25
1508.97	2698.67
1510.53	2700.76
1512.09	2709.13
1513.65	2715.41
1515.21	2703.90
1516.77	2694.48
1518.33	2707.04
1519.89	2693.43
1521.45	2689.25
1523.01	2696.57
1524.57	2698.67
1526.13	2691.34
1527.68	2698.67
1529.24	2705.99
1530.80	2692.39
1532.36	2705.99
1533.92	2701.81
1535.47	2691.34
1537.03	2693.43
1538.59	2698.67
1540.14	2680.88
1541.70	2682.97
1543.25	2700.76
1544.81	2696.57
1546.36	2703.90
1547.92	2690.29
1549.47	2695.53
1551.03	2700.76
1552.58	2675.65
1554.13	2677.74
1555.69	2697.62
1557.24	2688.20
1558.79	2681.92
1560.35	2679.83
1561.90	2692.39
1563.45	2681.92
1565.00	2688.20
1566.55	2686.11
1568.10	2686.11
1569.66	2671.46
1571.21	2679.83
1572.76	2692.39
1574.31	2691.34
1575.86	2690.29
1577.40	2681.92
1578.95	2682.97
1580.50	2679.83
1582.05	2675.65
1583.60	2671.46
1585.15	2669.37
1586.69	2670.41
1588.24	2673.55
1589.79	2682.97
1591.34	2666.23
1592.88	2688.20
1594.43	2661.00
1595.97	2668.32
1597.52	2671.46
1599.06	2672.51
1600.61	2667.27
1602.15	2681.92
1603.70	2669.37
1605.24	2668.32
1606.79	2677.74
1608.33	2665.18
1609.87	2662.04
1611.41	2673.55
1612.96	2676.69
1614.50	2655.76
1616.04	2662.04
1617.58	2666.23
1619.12	2659.95
1620.67	2670.41
1622.21	2639.02
1623.75	2657.86
1625.29	2649.49
1626.83	2656.81
1628.37	2669.37
1629.90	2652.62
1631.44	2649.49
1632.98	2656.81
1634.52	2643.21
1636.06	2655.76
1637.59	2670.41
1639.13	2667.27
1640.67	2668.32
1642.21	2655.76
1643.74	2664.13
1645.28	2648.44
1646.81	2655.76
1648.35	2665.18
1649.88	2649.49
1651.42	2652.62
1652.95	2646.35
1654.49	2673.55
1656.02	2654.72
1657.55	2657.86
1659.09	2634.84
1660.62	2646.35
1662.15	2637.97
1663.68	2653.67
1665.22	2644.25
1666.75	2652.62
1668.28	2641.11
1669.81	2663.09
1671.34	2641.11
1672.87	2646.35
1674.40	2655.76
1675.93	2640.07
1677.46	2624.37
1678.99	2626.46
1680.52	2622.28
1682.04	2647.39
1683.57	2642.16
1685.10	2639.02
1686.63	2635.88
1688.15	2635.88
1689.68	2628.56
1691.21	2627.51
1692.73	2631.70
1694.26	2631.70
1695.78	2617.05
1697.31	2626.46
1698.83	2618.09
1700.36	2628.56
1701.88	2618.09
1703.40	2635.88
1704.93	2618.09
1706.45	2619.14
