896.35	2906.90
897.98	2901.67
899.60	2905.85
901.22	2912.83
902.85	2917.36
904.47	2923.64
906.10	2927.13
907.72	2932.01
909.34	2934.46
910.97	2945.27
912.59	2953.99
914.21	2963.75
915.84	2978.06
917.46	2994.45
919.08	3001.42
920.71	3010.14
922.33	3013.28
923.95	3032.47
925.58	3035.26
927.20	3043.28
928.82	3045.37
930.44	3051.30
932.07	3049.91
933.69	3046.77
935.31	3049.56
936.93	3056.88
938.56	3060.37
940.18	3065.26
941.80	3069.79
943.42	3082.35
945.05	3081.30
946.67	3088.28
948.29	3078.16
949.91	3087.93
951.53	3086.18
953.16	3095.60
954.78	3088.28
956.40	3085.83
958.02	3080.95
959.64	3085.83
961.26	3088.62
962.88	3090.37
964.51	3090.72
966.13	3096.30
967.75	3094.21
969.37	3097.34
970.99	3088.97
972.61	3093.16
974.23	3087.58
975.85	3093.16
977.47	3091.42
979.09	3093.51
980.71	3094.21
982.33	3100.83
983.95	3105.02
985.57	3104.32
987.19	3105.72
988.81	3105.37
990.43	3104.67
992.05	3109.20
993.67	3111.65
995.29	3115.13
996.91	3116.53
998.53	3124.55
1000.15	3131.53
1001.77	3130.13
1003.39	3126.30
1005.01	3130.48
1006.63	3133.62
1008.25	3141.29
1009.86	3138.50
1011.48	3137.81
1013.10	3137.11
1014.72	3143.04
1016.34	3152.80
1017.96	3155.59
1019.58	3154.55
1021.19	3153.15
1022.81	3156.64
1024.43	3161.52
1026.05	3162.92
1027.66	3164.66
1029.28	3162.92
1030.90	3161.52
1032.52	3158.73
1034.13	3167.45
1035.75	3167.45
1037.37	3176.52
1038.98	3167.45
1040.60	3167.45
1042.22	3160.13
1043.83	3169.55
1045.45	3173.38
1047.07	3181.41
1048.68	3173.73
1050.30	3178.62
1051.92	3171.64
1053.53	3182.10
1055.15	3176.17
1056.76	3185.59
1058.38	3185.59
1059.99	3191.17
1061.61	3183.15
1063.22	3182.45
1064.84	3180.71
1066.46	3183.15
1068.07	3178.27
1069.68	3183.15
1071.30	3181.75
1072.91	3180.71
1074.53	3177.22
1076.14	3180.36
1077.76	3185.24
1079.37	3178.62
1080.98	3173.73
1082.60	3170.94
1084.21	3176.52
1085.83	3181.75
1087.44	3175.13
1089.05	3172.69
1090.67	3167.10
1092.28	3173.38
1093.89	3174.08
1095.50	3173.03
1097.12	3175.82
1098.73	3174.43
1100.34	3178.62
1101.95	3175.82
1103.57	3172.69
1105.18	3167.45
1106.79	3161.18
1108.40	3164.66
1110.01	3169.55
1111.63	3178.62
1113.24	3181.06
1114.85	3177.92
1116.46	3174.78
1118.07	3172.69
1119.68	3176.87
1121.29	3178.27
1122.90	3178.27
1124.51	3180.71
1126.12	3182.10
1127.73	3188.03
1129.34	3190.13
1130.95	3193.61
1132.56	3186.64
1134.17	3181.75
1135.78	3175.82
1137.39	3179.66
1139.00	3177.57
1140.61	3181.06
1142.22	3179.66
1143.83	3181.75
1145.44	3175.48
1147.05	3176.87
1148.65	3172.69
1150.26	3173.38
1151.87	3169.90
1153.48	3176.17
1155.09	3179.66
1156.69	3181.41
1158.30	3174.43
1159.91	3176.17
1161.52	3177.92
1163.12	3182.10
1164.73	3184.20
1166.34	3186.29
1167.94	3188.73
1169.55	3188.38
1171.16	3191.87
1172.76	3195.71
1174.37	3194.66
1175.97	3188.03
1177.58	3189.08
1179.19	3187.34
1180.79	3192.22
1182.40	3190.47
1184.00	3195.71
1185.61	3199.54
1187.21	3198.85
1188.82	3198.50
1190.42	3192.92
1192.02	3188.73
1193.63	3185.24
1195.23	3188.73
1196.84	3193.61
1198.44	3198.50
1200.04	3201.29
1201.65	3201.98
1203.25	3202.68
1204.85	3194.31
1206.46	3190.82
1208.06	3186.29
1209.66	3191.52
1211.26	3200.24
1212.87	3200.59
1214.47	3204.43
1216.07	3200.59
1217.67	3204.78
1219.27	3200.24
1220.87	3200.59
1222.48	3194.66
1224.08	3198.85
1225.68	3198.50
1227.28	3202.68
1228.88	3202.68
1230.48	3203.38
1232.08	3201.64
1233.68	3201.64
1235.28	3196.75
1236.88	3194.66
1238.48	3199.19
1240.08	3198.85
1241.68	3199.54
1243.28	3189.08
1244.87	3191.52
1246.47	3189.78
1248.07	3188.73
1249.67	3193.26
1251.27	3189.78
1252.87	3190.82
1254.46	3182.80
1256.06	3187.68
1257.66	3182.80
1259.26	3183.85
1260.85	3180.71
1262.45	3186.29
1264.05	3184.89
1265.64	3190.13
1267.24	3186.64
1268.83	3189.08
1270.43	3191.87
1272.03	3195.36
1273.62	3189.78
1275.22	3188.73
1276.81	3185.24
1278.41	3192.92
1280.00	3188.38
1281.60	3190.47
1283.19	3186.64
1284.79	3185.94
1286.38	3187.68
1287.97	3188.38
1289.57	3185.59
1291.16	3180.36
1292.75	3177.92
1294.35	3177.57
1295.94	3176.52
1297.53	3170.24
1299.12	3175.13
1300.72	3171.99
1302.31	3181.75
1303.90	3182.80
1305.49	3186.29
1307.08	3178.62
1308.68	3171.64
1310.27	3170.59
1311.86	3171.29
1313.45	3167.80
1315.04	3165.71
1316.63	3165.36
1318.22	3163.27
1319.81	3164.66
1321.40	3167.45
1322.99	3167.45
1324.58	3162.92
1326.17	3155.25
1327.75	3153.15
1329.34	3150.36
1330.93	3145.83
1332.52	3147.57
1334.11	3148.27
1335.70	3146.18
1337.28	3140.60
1338.87	3139.90
1340.46	3136.76
1342.05	3133.27
1343.63	3125.60
1345.22	3130.48
1346.81	3130.13
1348.39	3132.92
1349.98	3125.95
1351.56	3122.46
1353.15	3119.32
1354.73	3113.74
1356.32	3109.90
1357.90	3104.67
1359.49	3101.88
1361.07	3098.74
1362.66	3095.60
1364.24	3098.39
1365.82	3099.79
1367.41	3096.30
1368.99	3085.14
1370.57	3080.60
1372.16	3080.25
1373.74	3086.18
1375.32	3086.18
1376.91	3078.51
1378.49	3064.56
1380.07	3047.12
1381.65	3033.86
1383.23	3028.98
1384.81	3025.49
1386.39	3026.54
1387.97	3020.96
1389.55	3015.73
1391.14	3006.66
1392.72	3001.08
1394.29	2995.84
1395.87	2991.66
1397.45	2986.08
1399.03	2982.59
1400.61	2980.15
1402.19	2974.57
1403.77	2975.26
1405.35	2969.68
1406.92	2971.08
1408.50	2963.06
1410.08	2956.78
1411.66	2948.06
1413.23	2947.01
1414.81	2942.13
1416.39	2945.97
1417.96	2939.69
1419.54	2945.27
1421.12	2946.31
1422.69	2946.31
1424.27	2946.31
1425.84	2942.48
1427.42	2943.87
1428.99	2943.18
1430.57	2941.43
1432.14	2939.69
1433.71	2941.43
1435.29	2941.43
1436.86	2942.83
1438.43	2940.73
1440.01	2882.48
1441.58	2879.34
1443.15	2878.65
1444.72	2937.94
1446.30	2943.87
1447.87	2943.52
1449.44	2937.94
1451.01	2936.55
1452.58	2938.29
1454.15	2940.73
1455.72	2939.34
1457.29	2939.69
1458.86	2941.08
1460.43	2945.97
1462.00	2942.83
1463.57	2944.57
1465.14	2940.38
1466.71	2942.13
1468.28	2944.57
1469.85	2946.66
1471.41	2947.36
1472.98	2949.45
1474.55	2946.31
1476.12	2944.57
1477.68	2945.97
1479.25	2949.45
1480.82	2956.08
1482.38	2950.50
1483.95	2950.15
1485.51	2954.34
1487.08	2960.96
1488.64	2968.64
1490.21	2962.36
1491.77	2963.41
1493.34	2954.34
1494.90	2955.03
1496.46	2956.43
1498.03	2962.01
1499.59	2964.45
1501.15	2964.80
1502.72	2968.99
1504.28	2973.87
1505.84	2970.73
1507.40	2972.13
1508.97	2970.73
1510.53	2978.40
1512.09	2980.15
1513.65	2982.59
1515.21	2975.96
1516.77	2975.61
1518.33	2977.71
1519.89	2984.33
1521.45	2985.73
1523.01	2988.52
1524.57	2990.61
1526.13	2990.96
1527.68	2990.96
1529.24	2988.52
1530.80	2993.40
1532.36	2994.10
1533.92	2995.84
1535.47	2991.31
1537.03	2991.31
1538.59	2991.66
1540.14	2991.66
1541.70	2996.19
1543.25	2997.59
1544.81	3001.77
1546.36	2994.45
1547.92	2995.15
1549.47	2993.05
1551.03	2993.75
1552.58	2993.05
1554.13	2995.15
1555.69	2997.94
1557.24	2997.24
1558.79	2995.15
1560.35	2997.24
1561.90	2998.63
1563.45	3001.08
1565.00	2997.59
1566.55	2998.63
1568.10	2995.15
1569.66	3000.73
1571.21	3000.73
1572.76	3004.91
1574.31	3001.08
1575.86	2997.24
1577.40	2993.05
1578.95	2992.01
1580.50	2990.96
1582.05	2989.22
1583.60	2986.08
1585.15	2986.78
1586.69	2989.57
1588.24	2993.75
1589.79	2990.26
1591.34	2991.66
1592.88	2985.03
1594.43	2990.26
1595.97	2985.03
1597.52	2990.61
1599.06	2989.57
1600.61	2994.45
1602.15	2992.70
1603.70	2990.96
1605.24	2986.43
1606.79	2979.45
1608.33	2978.06
1609.87	2978.06
1611.41	2984.68
1612.96	2984.68
1614.50	2981.19
1616.04	2980.15
1617.58	2978.75
1619.12	2980.15
1620.67	2966.54
1622.21	2967.24
1623.75	2964.10
1625.29	2968.64
1626.83	2967.94
1628.37	2964.80
1629.90	2961.66
1631.44	2956.78
1632.98	2950.85
1634.52	2948.06
1636.06	2944.57
1637.59	2942.48
1639.13	2940.38
1640.67	2928.87
1642.21	2920.85
1643.74	2906.90
1645.28	2894.69
1646.81	2886.67
1648.35	2872.02
1649.88	2865.39
1651.42	2850.74
1652.95	2853.18
1654.49	2843.07
1656.02	2840.98
1657.55	2824.58
1659.09	2825.28
1660.62	2816.56
1662.15	2821.44
1663.68	2813.42
1665.22	2810.28
1666.75	2801.21
1668.28	2802.96
1669.81	2800.17
1671.34	2800.17
1672.87	2797.73
1674.40	2794.94
1675.93	2787.96
1677.46	2778.54
1678.99	2772.26
1680.52	2776.10
1682.04	2774.70
1683.57	2776.80
1685.10	2768.78
1686.63	2767.38
1688.15	2760.40
1689.68	2760.40
1691.21	2756.57
1692.73	2761.80
1694.26	2760.75
1695.78	2762.50
1697.31	2756.22
1698.83	2756.57
1700.36	2750.64
1701.88	2756.92
1703.40	2753.08
1704.93	2755.17
1706.45	2749.94
