896.35	2877.60
897.98	2874.11
899.60	2878.30
901.22	2882.83
902.85	2887.02
904.47	2894.34
906.10	2895.74
907.72	2902.02
909.34	2900.97
910.97	2912.48
912.59	2917.36
914.21	2925.74
915.84	2934.80
917.46	2948.76
919.08	2957.48
920.71	2969.34
922.33	2974.92
923.95	2992.01
925.58	2990.96
927.20	2997.24
928.82	2996.19
930.44	3006.31
932.07	3004.91
933.69	3004.22
935.31	3002.12
936.93	3007.70
938.56	3009.80
940.18	3014.33
941.80	3015.03
943.42	3024.79
945.05	3022.35
946.67	3031.42
948.29	3023.05
949.91	3034.21
951.53	3033.86
953.16	3042.58
954.78	3031.07
956.40	3030.03
958.02	3025.49
959.64	3035.61
961.26	3033.51
962.88	3033.51
964.51	3034.91
966.13	3041.89
967.75	3039.79
969.37	3039.10
970.99	3032.12
972.61	3037.00
974.23	3033.51
975.85	3040.49
977.47	3039.10
979.09	3040.84
980.71	3036.65
982.33	3043.63
983.95	3047.12
985.57	3049.91
987.19	3052.00
988.81	3053.74
990.43	3051.65
992.05	3053.74
993.67	3053.05
995.29	3055.14
996.91	3057.58
998.53	3064.56
1000.15	3071.88
1001.77	3071.18
1003.39	3064.91
1005.01	3067.00
1006.63	3065.95
1008.25	3074.32
1009.86	3073.63
1011.48	3079.21
1013.10	3082.00
1014.72	3087.93
1016.34	3093.86
1017.96	3097.00
1019.58	3094.55
1021.19	3091.42
1022.81	3092.46
1024.43	3100.14
1026.05	3101.88
1027.66	3103.62
1029.28	3098.74
1030.90	3095.60
1032.52	3092.11
1034.13	3098.04
1035.75	3098.74
1037.37	3107.81
1038.98	3102.58
1040.60	3105.72
1042.22	3097.00
1043.83	3102.58
1045.45	3100.14
1047.07	3107.81
1048.68	3106.06
1050.30	3115.13
1051.92	3112.69
1053.53	3118.97
1055.15	3111.30
1056.76	3114.09
1058.38	3109.20
1059.99	3114.09
1061.61	3105.02
1063.22	3111.65
1064.84	3110.25
1066.46	3115.48
1068.07	3104.32
1069.68	3109.20
1071.30	3108.51
1072.91	3113.04
1074.53	3111.30
1076.14	3114.44
1077.76	3115.83
1079.37	3106.06
1080.98	3102.23
1082.60	3101.18
1084.21	3104.67
1085.83	3107.46
1087.44	3099.44
1089.05	3098.39
1090.67	3096.65
1092.28	3107.11
1093.89	3112.34
1095.50	3110.60
1097.12	3108.51
1098.73	3104.67
1100.34	3106.06
1101.95	3106.41
1103.57	3103.62
1105.18	3103.27
1106.79	3100.14
1108.40	3104.32
1110.01	3103.97
1111.63	3108.86
1113.24	3108.16
1114.85	3109.55
1116.46	3108.16
1118.07	3111.30
1119.68	3113.39
1121.29	3111.65
1122.90	3107.46
1124.51	3109.20
1126.12	3109.20
1127.73	3116.53
1129.34	3115.83
1130.95	3121.41
1132.56	3108.16
1134.17	3103.97
1135.78	3098.04
1137.39	3106.41
1139.00	3105.37
1140.61	3110.95
1142.22	3109.90
1143.83	3112.69
1145.44	3104.32
1147.05	3108.86
1148.65	3104.67
1150.26	3105.72
1151.87	3098.04
1153.48	3105.72
1155.09	3108.86
1156.69	3112.34
1158.30	3105.72
1159.91	3107.81
1161.52	3109.55
1163.12	3113.39
1164.73	3118.97
1166.34	3122.11
1167.94	3122.11
1169.55	3117.23
1171.16	3115.13
1172.76	3116.53
1174.37	3117.23
1175.97	3115.48
1177.58	3118.97
1179.19	3116.18
1180.79	3117.92
1182.40	3113.74
1184.00	3117.92
1185.61	3121.06
1187.21	3121.41
1188.82	3124.55
1190.42	3120.37
1192.02	3116.88
1193.63	3107.81
1195.23	3114.44
1196.84	3119.32
1198.44	3129.09
1200.04	3126.64
1201.65	3129.78
1203.25	3130.13
1204.85	3126.99
1206.46	3126.30
1208.06	3120.71
1209.66	3119.32
1211.26	3123.50
1212.87	3122.46
1214.47	3131.53
1216.07	3123.85
1217.67	3129.43
1219.27	3125.60
1220.87	3129.78
1222.48	3124.55
1224.08	3126.30
1225.68	3125.95
1227.28	3128.04
1228.88	3128.04
1230.48	3121.76
1232.08	3121.41
1233.68	3124.90
1235.28	3129.43
1236.88	3130.13
1238.48	3132.22
1240.08	3130.13
1241.68	3126.99
1243.28	3117.23
1244.87	3116.53
1246.47	3117.92
1248.07	3118.27
1249.67	3126.64
1251.27	3123.16
1252.87	3121.41
1254.46	3108.51
1256.06	3110.60
1257.66	3109.20
1259.26	3115.83
1260.85	3111.65
1262.45	3113.04
1264.05	3108.51
1265.64	3111.30
1267.24	3109.20
1268.83	3110.95
1270.43	3118.62
1272.03	3122.81
1273.62	3116.18
1275.22	3110.25
1276.81	3105.02
1278.41	3114.78
1280.00	3111.30
1281.60	3114.09
1283.19	3109.90
1284.79	3113.39
1286.38	3113.74
1287.97	3112.69
1289.57	3110.25
1291.16	3106.41
1292.75	3107.81
1294.35	3106.06
1295.94	3106.41
1297.53	3100.83
1299.12	3102.58
1300.72	3097.00
1302.31	3103.27
1303.90	3104.67
1305.49	3108.16
1307.08	3101.53
1308.68	3095.25
1310.27	3095.25
1311.86	3094.21
1313.45	3094.21
1315.04	3094.21
1316.63	3096.30
1318.22	3091.42
1319.81	3091.42
1321.40	3092.11
1322.99	3092.81
1324.58	3087.58
1326.17	3081.30
1327.75	3078.51
1329.34	3080.25
1330.93	3080.60
1332.52	3082.35
1334.11	3080.25
1335.70	3073.63
1337.28	3068.74
1338.87	3067.70
1340.46	3072.23
1342.05	3073.63
1343.63	3067.70
1345.22	3066.65
1346.81	3062.46
1348.39	3063.86
1349.98	3057.58
1351.56	3055.14
1353.15	3052.70
1354.73	3047.82
1356.32	3043.63
1357.90	3042.58
1359.49	3043.98
1361.07	3046.77
1362.66	3041.19
1364.24	3041.19
1365.82	3041.19
1367.41	3038.05
1368.99	3031.42
1370.57	3029.33
1372.16	3034.21
1373.74	3040.14
1375.32	3035.61
1376.91	3024.10
1378.49	3009.45
1380.07	3002.12
1381.65	2996.19
1383.23	2993.75
1384.81	2987.82
1386.39	2988.17
1387.97	2985.03
1389.55	2984.68
1391.14	2977.71
1392.72	2975.26
1394.29	2967.24
1395.87	2963.06
1397.45	2958.17
1399.03	2956.08
1400.61	2953.99
1402.19	2945.27
1403.77	2944.57
1405.35	2942.48
1406.92	2945.27
1408.50	2942.13
1410.08	2938.29
1411.66	2936.55
1413.23	2937.25
1414.81	2930.62
1416.39	2929.57
1417.96	2922.94
1419.54	2927.83
1421.12	2930.62
1422.69	2932.36
1424.27	2936.20
1425.84	2933.41
1427.42	2935.50
1428.99	2934.46
1430.57	2933.76
1432.14	2930.27
1433.71	2931.32
1435.29	2929.92
1436.86	2932.01
1438.43	2927.83
1440.01	2868.88
1441.58	2870.28
1443.15	2873.76
1444.72	2932.01
1446.30	2932.01
1447.87	2928.53
1449.44	2926.43
1451.01	2922.25
1452.58	2923.29
1454.15	2921.90
1455.72	2922.25
1457.29	2924.34
1458.86	2926.08
1460.43	2933.41
1462.00	2931.32
1463.57	2935.15
1465.14	2928.87
1466.71	2933.06
1468.28	2934.46
1469.85	2935.50
1471.41	2932.01
1472.98	2936.20
1474.55	2936.90
1476.12	2935.15
1477.68	2935.15
1479.25	2936.90
1480.82	2943.18
1482.38	2937.59
1483.95	2937.94
1485.51	2938.99
1487.08	2942.13
1488.64	2945.97
1490.21	2942.83
1491.77	2947.01
1493.34	2939.34
1494.90	2939.34
1496.46	2939.69
1498.03	2944.57
1499.59	2947.01
1501.15	2946.31
1502.72	2948.41
1504.28	2949.45
1505.84	2946.31
1507.40	2949.45
1508.97	2952.59
1510.53	2962.01
1512.09	2963.06
1513.65	2963.06
1515.21	2953.29
1516.77	2952.24
1518.33	2952.24
1519.89	2956.43
1521.45	2957.48
1523.01	2961.66
1524.57	2968.29
1526.13	2967.94
1527.68	2967.59
1529.24	2964.45
1530.80	2969.68
1532.36	2967.24
1533.92	2964.80
1535.47	2960.62
1537.03	2960.62
1538.59	2961.31
1540.14	2956.43
1541.70	2960.62
1543.25	2963.41
1544.81	2969.68
1546.36	2965.50
1547.92	2967.24
1549.47	2967.24
1551.03	2966.54
1552.58	2963.41
1554.13	2960.62
1555.69	2959.92
1557.24	2958.17
1558.79	2957.48
1560.35	2961.66
1561.90	2963.75
1563.45	2964.80
1565.00	2959.92
1566.55	2960.62
1568.10	2959.22
1569.66	2965.50
1571.21	2968.29
1572.76	2971.43
1574.31	2965.85
1575.86	2957.82
1577.40	2956.08
1578.95	2956.78
1580.50	2954.69
1582.05	2950.50
1583.60	2945.62
1585.15	2948.41
1586.69	2952.24
1588.24	2957.13
1589.79	2953.99
1591.34	2954.34
1592.88	2946.31
1594.43	2948.76
1595.97	2945.62
1597.52	2952.24
1599.06	2949.80
1600.61	2953.29
1602.15	2949.80
1603.70	2949.80
1605.24	2944.22
1606.79	2940.38
1608.33	2939.69
1609.87	2939.69
1611.41	2944.57
1612.96	2943.18
1614.50	2937.59
1616.04	2935.15
1617.58	2933.06
1619.12	2938.64
1620.67	2930.62
1622.21	2935.15
1623.75	2927.48
1625.29	2930.62
1626.83	2927.48
1628.37	2925.74
1629.90	2920.85
1631.44	2916.67
1632.98	2911.43
1634.52	2911.43
1636.06	2912.13
1637.59	2911.43
1639.13	2908.30
1640.67	2896.09
1642.21	2888.41
1643.74	2873.07
1645.28	2861.90
1646.81	2857.72
1648.35	2848.65
1649.88	2844.46
1651.42	2830.86
1652.95	2834.35
1654.49	2825.98
1656.02	2826.33
1657.55	2812.72
1659.09	2815.86
1660.62	2806.10
1662.15	2806.79
1663.68	2795.98
1665.22	2794.24
1666.75	2791.10
1668.28	2794.94
1669.81	2794.59
1671.34	2791.45
1672.87	2788.31
1674.40	2785.87
1675.93	2781.33
1677.46	2774.01
1678.99	2767.38
1680.52	2769.82
1682.04	2766.68
1683.57	2770.17
1685.10	2765.29
1686.63	2767.03
1688.15	2759.01
1689.68	2755.52
1691.21	2750.64
1692.73	2755.17
1694.26	2758.66
1695.78	2759.36
1697.31	2753.43
1698.83	2749.94
1700.36	2744.71
1701.88	2750.29
1703.40	2747.15
1704.93	2748.89
1706.45	2744.71
