896.35	2884.93
897.98	2881.44
899.60	2886.32
901.22	2891.90
902.85	2892.95
904.47	2896.78
906.10	2898.18
907.72	2905.85
909.34	2906.20
910.97	2917.71
912.59	2921.90
914.21	2932.36
915.84	2942.83
917.46	2960.27
919.08	2968.29
920.71	2980.15
922.33	2982.94
923.95	2997.59
925.58	2994.10
927.20	2998.29
928.82	2998.63
930.44	3009.10
932.07	3008.40
933.69	3007.70
935.31	3007.35
936.93	3014.33
938.56	3016.07
940.18	3018.86
941.80	3020.96
943.42	3031.07
945.05	3027.24
946.67	3033.51
948.29	3024.79
949.91	3035.96
951.53	3033.51
953.16	3039.79
954.78	3032.47
956.40	3034.21
958.02	3030.38
959.64	3037.35
961.26	3033.17
962.88	3032.82
964.51	3032.47
966.13	3040.49
967.75	3041.19
969.37	3043.63
970.99	3037.35
972.61	3044.68
974.23	3038.75
975.85	3045.72
977.47	3040.84
979.09	3045.02
980.71	3039.79
982.33	3047.47
983.95	3051.65
985.57	3056.19
987.19	3056.19
988.81	3056.88
990.43	3055.84
992.05	3060.72
993.67	3058.28
995.29	3058.98
996.91	3057.58
998.53	3065.60
1000.15	3074.67
1001.77	3077.46
1003.39	3075.37
1005.01	3079.21
1006.63	3080.95
1008.25	3089.32
1009.86	3085.83
1011.48	3088.28
1013.10	3087.93
1014.72	3095.95
1016.34	3103.62
1017.96	3103.97
1019.58	3098.39
1021.19	3093.51
1022.81	3096.65
1024.43	3102.93
1026.05	3103.62
1027.66	3106.76
1029.28	3104.32
1030.90	3103.62
1032.52	3096.30
1034.13	3101.53
1035.75	3101.88
1037.37	3115.83
1038.98	3109.20
1040.60	3111.65
1042.22	3100.14
1043.83	3110.60
1045.45	3112.34
1047.07	3122.11
1048.68	3115.13
1050.30	3120.37
1051.92	3115.13
1053.53	3121.41
1055.15	3113.74
1056.76	3116.88
1058.38	3116.53
1059.99	3122.81
1061.61	3117.23
1063.22	3121.06
1064.84	3115.13
1066.46	3117.92
1068.07	3109.90
1069.68	3120.02
1071.30	3121.06
1072.91	3124.55
1074.53	3119.32
1076.14	3121.41
1077.76	3122.11
1079.37	3116.18
1080.98	3112.34
1082.60	3114.78
1084.21	3117.58
1085.83	3121.76
1087.44	3110.95
1089.05	3108.86
1090.67	3100.48
1092.28	3108.86
1093.89	3112.34
1095.50	3113.39
1097.12	3111.65
1098.73	3104.67
1100.34	3107.81
1101.95	3112.34
1103.57	3113.74
1105.18	3111.65
1106.79	3103.62
1108.40	3109.20
1110.01	3111.99
1111.63	3121.76
1113.24	3120.02
1114.85	3118.97
1116.46	3113.04
1118.07	3113.39
1119.68	3116.53
1121.29	3117.92
1122.90	3119.67
1124.51	3124.55
1126.12	3125.95
1127.73	3130.48
1129.34	3129.43
1130.95	3130.83
1132.56	3120.02
1134.17	3114.09
1135.78	3110.25
1137.39	3117.23
1139.00	3114.44
1140.61	3115.48
1142.22	3114.78
1143.83	3120.02
1145.44	3117.23
1147.05	3121.41
1148.65	3118.27
1150.26	3119.67
1151.87	3113.74
1153.48	3119.32
1155.09	3120.71
1156.69	3124.20
1158.30	3119.67
1159.91	3121.76
1161.52	3120.37
1163.12	3118.97
1164.73	3119.67
1166.34	3121.76
1167.94	3125.95
1169.55	3125.95
1171.16	3126.30
1172.76	3128.04
1174.37	3126.64
1175.97	3122.46
1177.58	3125.60
1179.19	3123.85
1180.79	3125.25
1182.40	3121.06
1184.00	3125.95
1185.61	3134.67
1187.21	3135.36
1188.82	3134.67
1190.42	3126.99
1192.02	3123.50
1193.63	3122.46
1195.23	3128.04
1196.84	3131.18
1198.44	3136.06
1200.04	3135.02
1201.65	3139.20
1203.25	3137.11
1204.85	3133.97
1206.46	3129.09
1208.06	3126.30
1209.66	3128.39
1211.26	3135.36
1212.87	3132.57
1214.47	3134.67
1216.07	3128.74
1217.67	3132.92
1219.27	3129.09
1220.87	3132.57
1222.48	3129.78
1224.08	3138.15
1225.68	3134.67
1227.28	3135.36
1228.88	3128.74
1230.48	3126.99
1232.08	3129.43
1233.68	3136.76
1235.28	3140.25
1236.88	3140.25
1238.48	3141.29
1240.08	3137.81
1241.68	3133.27
1243.28	3124.20
1244.87	3124.20
1246.47	3126.99
1248.07	3126.99
1249.67	3135.71
1251.27	3131.53
1252.87	3130.48
1254.46	3118.27
1256.06	3122.46
1257.66	3117.92
1259.26	3123.16
1260.85	3117.92
1262.45	3126.30
1264.05	3121.76
1265.64	3124.90
1267.24	3120.71
1268.83	3124.55
1270.43	3128.74
1272.03	3130.13
1273.62	3122.81
1275.22	3122.81
1276.81	3117.92
1278.41	3126.30
1280.00	3119.32
1281.60	3123.85
1283.19	3121.41
1284.79	3122.46
1286.38	3117.92
1287.97	3114.78
1289.57	3110.95
1291.16	3109.20
1292.75	3111.99
1294.35	3116.88
1295.94	3120.02
1297.53	3114.44
1299.12	3112.69
1300.72	3107.46
1302.31	3114.78
1303.90	3120.02
1305.49	3123.16
1307.08	3116.53
1308.68	3108.86
1310.27	3110.95
1311.86	3110.95
1313.45	3109.90
1315.04	3103.97
1316.63	3102.58
1318.22	3098.74
1319.81	3100.83
1321.40	3104.32
1322.99	3103.27
1324.58	3100.14
1326.17	3094.21
1327.75	3095.25
1329.34	3094.55
1330.93	3090.02
1332.52	3088.28
1334.11	3087.23
1335.70	3085.83
1337.28	3081.30
1338.87	3080.25
1340.46	3080.95
1342.05	3082.00
1343.63	3077.11
1345.22	3082.35
1346.81	3084.09
1348.39	3085.83
1349.98	3076.42
1351.56	3069.44
1353.15	3068.39
1354.73	3063.16
1356.32	3060.02
1357.90	3055.14
1359.49	3055.49
1361.07	3053.05
1362.66	3047.47
1364.24	3048.51
1365.82	3054.09
1367.41	3053.74
1368.99	3045.02
1370.57	3040.84
1372.16	3044.68
1373.74	3051.65
1375.32	3049.91
1376.91	3041.54
1378.49	3027.93
1380.07	3015.73
1381.65	3004.56
1383.23	3001.08
1384.81	2998.29
1386.39	3002.47
1387.97	3001.42
1389.55	2998.63
1391.14	2989.91
1392.72	2987.12
1394.29	2982.24
1395.87	2980.85
1397.45	2979.45
1399.03	2980.15
1400.61	2974.57
1402.19	2965.15
1403.77	2965.15
1405.35	2967.24
1406.92	2968.99
1408.50	2964.10
1410.08	2959.92
1411.66	2957.13
1413.23	2957.48
1414.81	2952.24
1416.39	2956.43
1417.96	2952.24
1419.54	2958.17
1421.12	2957.48
1422.69	2956.43
1424.27	2957.82
1425.84	2954.69
1427.42	2956.78
1428.99	2955.73
1430.57	2953.29
1432.14	2951.20
1433.71	2952.59
1435.29	2956.08
1436.86	2957.48
1438.43	2951.90
1440.01	2906.90
1441.58	2906.55
1443.15	2911.78
1444.72	2954.34
1446.30	2957.13
1447.87	2951.90
1449.44	2948.76
1451.01	2949.10
1452.58	2954.69
1454.15	2955.03
1455.72	2949.45
1457.29	2948.76
1458.86	2950.50
1460.43	2959.57
1462.00	2957.48
1463.57	2960.62
1465.14	2953.64
1466.71	2955.03
1468.28	2957.48
1469.85	2962.71
1471.41	2962.71
1472.98	2964.45
1474.55	2958.52
1476.12	2957.48
1477.68	2958.17
1479.25	2961.66
1480.82	2965.85
1482.38	2960.27
1483.95	2960.96
1485.51	2965.50
1487.08	2970.73
1488.64	2975.26
1490.21	2968.99
1491.77	2973.17
1493.34	2967.59
1494.90	2968.64
1496.46	2966.89
1498.03	2969.68
1499.59	2970.38
1501.15	2966.89
1502.72	2968.99
1504.28	2967.24
1505.84	2966.20
1507.40	2973.17
1508.97	2978.06
1510.53	2985.38
1512.09	2979.45
1513.65	2980.15
1515.21	2974.92
1516.77	2976.66
1518.33	2974.92
1519.89	2975.61
1521.45	2973.87
1523.01	2977.01
1524.57	2976.66
1526.13	2975.61
1527.68	2977.71
1529.24	2981.54
1530.80	2986.08
1532.36	2982.59
1533.92	2976.31
1535.47	2972.47
1537.03	2971.78
1538.59	2977.36
1540.14	2977.01
1541.70	2981.54
1543.25	2984.33
1544.81	2986.43
1546.36	2980.15
1547.92	2979.80
1549.47	2978.40
1551.03	2977.71
1552.58	2972.47
1554.13	2975.96
1555.69	2978.40
1557.24	2980.15
1558.79	2975.96
1560.35	2978.06
1561.90	2978.06
1563.45	2979.45
1565.00	2977.71
1566.55	2976.31
1568.10	2974.22
1569.66	2976.31
1571.21	2978.75
1572.76	2980.15
1574.31	2975.96
1575.86	2973.17
1577.40	2970.38
1578.95	2971.08
1580.50	2967.24
1582.05	2964.45
1583.60	2958.52
1585.15	2959.22
1586.69	2961.66
1588.24	2966.89
1589.79	2964.45
1591.34	2965.50
1592.88	2956.78
1594.43	2959.57
1595.97	2956.78
1597.52	2962.01
1599.06	2959.22
1600.61	2962.71
1602.15	2960.62
1603.70	2962.01
1605.24	2954.34
1606.79	2952.94
1608.33	2952.59
1609.87	2955.73
1611.41	2959.22
1612.96	2955.73
1614.50	2949.80
1616.04	2948.76
1617.58	2947.36
1619.12	2950.50
1620.67	2938.64
1622.21	2938.99
1623.75	2932.71
1625.29	2934.80
1626.83	2938.99
1628.37	2938.64
1629.90	2937.25
1631.44	2928.18
1632.98	2923.99
1634.52	2920.15
1636.06	2919.11
1637.59	2917.02
1639.13	2914.92
1640.67	2905.85
1642.21	2900.27
1643.74	2888.76
1645.28	2877.25
1646.81	2868.88
1648.35	2855.63
1649.88	2849.70
1651.42	2834.70
1652.95	2837.49
1654.49	2828.07
1656.02	2824.93
1657.55	2809.58
1659.09	2810.28
1660.62	2803.31
1662.15	2808.89
1663.68	2798.07
1665.22	2795.98
1666.75	2786.56
1668.28	2792.14
1669.81	2792.84
1671.34	2793.54
1672.87	2789.70
1674.40	2785.52
1675.93	2778.54
1677.46	2768.78
1678.99	2764.59
1680.52	2769.82
1682.04	2772.61
1683.57	2774.70
1685.10	2767.38
1686.63	2765.64
1688.15	2757.26
1689.68	2754.13
1691.21	2751.34
1692.73	2759.01
1694.26	2761.80
1695.78	2758.31
1697.31	2749.24
1698.83	2746.10
1700.36	2745.06
1701.88	2750.64
1703.40	2749.24
1704.93	2748.89
1706.45	2743.66
