896.35	2914.22
897.98	2913.18
899.60	2926.78
901.22	2943.52
902.85	2933.06
904.47	2945.62
906.10	2946.66
907.72	2942.48
909.34	2956.08
910.97	2978.06
912.59	2991.66
914.21	3006.31
915.84	3025.14
917.46	3055.49
919.08	3074.32
920.71	3079.56
922.33	3103.62
923.95	3119.32
925.58	3141.29
927.20	3127.69
928.82	3132.92
930.44	3150.71
932.07	3143.39
933.69	3138.15
935.31	3149.66
936.93	3155.94
938.56	3159.08
940.18	3173.73
941.80	3165.36
943.42	3177.92
945.05	3189.43
946.67	3175.82
948.29	3189.43
949.91	3185.24
951.53	3195.71
953.16	3203.03
954.78	3197.80
956.40	3180.01
958.02	3195.71
959.64	3188.38
961.26	3191.52
962.88	3194.66
964.51	3183.15
966.13	3201.98
967.75	3194.66
969.37	3187.34
970.99	3182.10
972.61	3190.47
974.23	3191.52
975.85	3198.85
977.47	3205.12
979.09	3198.85
980.71	3192.57
982.33	3199.89
983.95	3206.17
985.57	3218.73
987.19	3215.59
988.81	3220.82
990.43	3203.03
992.05	3201.98
993.67	3221.87
995.29	3223.96
996.91	3215.59
998.53	3232.33
1000.15	3227.10
1001.77	3234.42
1003.39	3232.33
1005.01	3237.56
1006.63	3240.70
1008.25	3244.89
1009.86	3258.49
1011.48	3255.35
1013.10	3258.49
1014.72	3264.77
1016.34	3266.86
1017.96	3275.23
1019.58	3266.86
1021.19	3262.68
1022.81	3283.60
1024.43	3281.51
1026.05	3274.19
1027.66	3296.16
1029.28	3287.79
1030.90	3291.98
1032.52	3287.79
1034.13	3288.84
1035.75	3304.53
1037.37	3298.25
1038.98	3315.00
1040.60	3299.30
1042.22	3290.93
1043.83	3289.88
1045.45	3297.21
1047.07	3299.30
1048.68	3302.44
1050.30	3293.02
1051.92	3307.67
1053.53	3297.21
1055.15	3307.67
1056.76	3301.39
1058.38	3306.62
1059.99	3307.67
1061.61	3298.25
1063.22	3290.93
1064.84	3305.58
1066.46	3303.49
1068.07	3296.16
1069.68	3291.98
1071.30	3304.53
1072.91	3290.93
1074.53	3294.07
1076.14	3299.30
1077.76	3295.11
1079.37	3297.21
1080.98	3266.86
1082.60	3278.37
1084.21	3291.98
1085.83	3294.07
1087.44	3288.84
1089.05	3279.42
1090.67	3281.51
1092.28	3275.23
1093.89	3278.37
1095.50	3276.28
1097.12	3275.23
1098.73	3279.42
1100.34	3266.86
1101.95	3279.42
1103.57	3280.46
1105.18	3272.09
1106.79	3260.58
1108.40	3278.37
1110.01	3276.28
1111.63	3273.14
1113.24	3278.37
1114.85	3281.51
1116.46	3281.51
1118.07	3287.79
1119.68	3273.14
1121.29	3284.65
1122.90	3272.09
1124.51	3277.33
1126.12	3287.79
1127.73	3280.46
1129.34	3290.93
1130.95	3291.98
1132.56	3288.84
1134.17	3258.49
1135.78	3272.09
1137.39	3288.84
1139.00	3276.28
1140.61	3280.46
1142.22	3282.56
1143.83	3278.37
1145.44	3273.14
1147.05	3277.33
1148.65	3284.65
1150.26	3271.05
1151.87	3276.28
1153.48	3279.42
1155.09	3294.07
1156.69	3290.93
1158.30	3273.14
1159.91	3270.00
1161.52	3282.56
1163.12	3281.51
1164.73	3278.37
1166.34	3296.16
1167.94	3291.98
1169.55	3289.88
1171.16	3283.60
1172.76	3296.16
1174.37	3293.02
1175.97	3296.16
1177.58	3265.82
1179.19	3287.79
1180.79	3281.51
1182.40	3287.79
1184.00	3278.37
1185.61	3300.35
1187.21	3291.98
1188.82	3290.93
1190.42	3295.11
1192.02	3285.70
1193.63	3279.42
1195.23	3298.25
1196.84	3296.16
1198.44	3284.65
1200.04	3290.93
1201.65	3290.93
1203.25	3286.74
1204.85	3285.70
1206.46	3276.28
1208.06	3284.65
1209.66	3275.23
1211.26	3277.33
1212.87	3296.16
1214.47	3275.23
1216.07	3285.70
1217.67	3285.70
1219.27	3283.60
1220.87	3279.42
1222.48	3276.28
1224.08	3266.86
1225.68	3275.23
1227.28	3268.95
1228.88	3266.86
1230.48	3268.95
1232.08	3255.35
1233.68	3266.86
1235.28	3263.72
1236.88	3254.30
1238.48	3251.17
1240.08	3273.14
1241.68	3244.89
1243.28	3252.21
1244.87	3250.12
1246.47	3243.84
1248.07	3236.52
1249.67	3251.17
1251.27	3259.54
1252.87	3236.52
1254.46	3223.96
1256.06	3230.24
1257.66	3238.61
1259.26	3228.14
1260.85	3230.24
1262.45	3222.91
1264.05	3231.28
1265.64	3226.05
1267.24	3219.77
1268.83	3219.77
1270.43	3222.91
1272.03	3239.66
1273.62	3225.01
1275.22	3207.22
1276.81	3217.68
1278.41	3215.59
1280.00	3219.77
1281.60	3216.63
1283.19	3209.31
1284.79	3208.26
1286.38	3210.36
1287.97	3217.68
1289.57	3205.12
1291.16	3207.22
1292.75	3188.38
1294.35	3200.94
1295.94	3193.61
1297.53	3198.85
1299.12	3183.15
1300.72	3198.85
1302.31	3172.69
1303.90	3197.80
1305.49	3205.12
1307.08	3180.01
1308.68	3170.59
1310.27	3172.69
1311.86	3177.92
1313.45	3183.15
1315.04	3168.50
1316.63	3172.69
1318.22	3163.27
1319.81	3164.31
1321.40	3164.31
1322.99	3178.96
1324.58	3138.15
1326.17	3149.66
1327.75	3146.53
1329.34	3161.18
1330.93	3142.34
1332.52	3142.34
1334.11	3138.15
1335.70	3136.06
1337.28	3131.88
1338.87	3136.06
1340.46	3140.25
1342.05	3124.55
1343.63	3122.46
1345.22	3113.04
1346.81	3129.78
1348.39	3119.32
1349.98	3114.09
1351.56	3111.99
1353.15	3099.44
1354.73	3111.99
1356.32	3095.25
1357.90	3092.11
1359.49	3094.21
1361.07	3079.56
1362.66	3063.86
1364.24	3071.18
1365.82	3073.28
1367.41	3080.60
1368.99	3069.09
1370.57	3057.58
1372.16	3059.67
1373.74	3056.54
1375.32	3053.40
1376.91	3046.07
1378.49	3018.86
1380.07	2994.80
1381.65	2998.98
1383.23	2984.33
1384.81	2991.66
1386.39	2975.96
1387.97	2977.01
1389.55	2972.82
1391.14	2960.27
1392.72	2945.62
1394.29	2944.57
1395.87	2941.43
1397.45	2935.15
1399.03	2943.52
1400.61	2921.55
1402.19	2912.13
1403.77	2905.85
1405.35	2923.64
1406.92	2913.18
1408.50	2906.90
1410.08	2911.09
1411.66	2903.76
1413.23	2902.71
1414.81	2905.85
1416.39	2895.39
1417.96	2900.62
1419.54	2889.11
1421.12	2897.48
1422.69	2897.48
1424.27	2878.65
1425.84	2890.16
1427.42	2893.30
1428.99	2883.88
1430.57	2881.79
1432.14	2878.65
1433.71	2889.11
1435.29	2899.58
1436.86	2896.44
1438.43	2882.83
1440.01	2881.79
1441.58	2761.45
1443.15	2882.83
1444.72	2881.79
1446.30	2876.55
1447.87	2889.11
1449.44	2877.60
1451.01	2861.90
1452.58	2874.46
1454.15	2872.37
1455.72	2870.28
1457.29	2867.14
1458.86	2876.55
1460.43	2871.32
1462.00	2890.16
1463.57	2871.32
1465.14	2880.74
1466.71	2867.14
1468.28	2872.37
1469.85	2871.32
1471.41	2878.65
1472.98	2873.42
1474.55	2883.88
1476.12	2874.46
1477.68	2868.18
1479.25	2884.93
1480.82	2879.69
1482.38	2883.88
1483.95	2869.23
1485.51	2881.79
1487.08	2895.39
1488.64	2896.44
1490.21	2890.16
1491.77	2879.69
1493.34	2891.20
1494.90	2880.74
1496.46	2884.93
1498.03	2884.93
1499.59	2885.97
1501.15	2888.06
1502.72	2888.06
1504.28	2893.30
1505.84	2882.83
1507.40	2878.65
1508.97	2895.39
1510.53	2887.02
1512.09	2898.53
1513.65	2898.53
1515.21	2901.67
1516.77	2881.79
1518.33	2895.39
1519.89	2885.97
1521.45	2885.97
1523.01	2891.20
1524.57	2899.58
1526.13	2889.11
1527.68	2893.30
1529.24	2895.39
1530.80	2896.44
1532.36	2896.44
1533.92	2892.25
1535.47	2885.97
1537.03	2895.39
1538.59	2893.30
1540.14	2888.06
1541.70	2874.46
1543.25	2897.48
1544.81	2894.34
1546.36	2896.44
1547.92	2880.74
1549.47	2891.20
1551.03	2893.30
1552.58	2879.69
1554.13	2881.79
1555.69	2890.16
1557.24	2875.51
1558.79	2879.69
1560.35	2868.18
1561.90	2877.60
1563.45	2874.46
1565.00	2881.79
1566.55	2873.42
1568.10	2882.83
1569.66	2870.28
1571.21	2876.55
1572.76	2876.55
1574.31	2881.79
1575.86	2874.46
1577.40	2869.23
1578.95	2868.18
1580.50	2872.37
1582.05	2851.44
1583.60	2853.53
1585.15	2849.35
1586.69	2854.58
1588.24	2859.81
1589.79	2857.72
1591.34	2837.84
1592.88	2864.00
1594.43	2843.07
1595.97	2864.00
1597.52	2855.63
1599.06	2854.58
1600.61	2837.84
1602.15	2864.00
1603.70	2849.35
1605.24	2852.49
1606.79	2851.44
1608.33	2839.93
1609.87	2839.93
1611.41	2843.07
1612.96	2846.21
1614.50	2828.42
1616.04	2830.51
1617.58	2846.21
1619.12	2833.65
1620.67	2842.02
1622.21	2812.72
1623.75	2835.74
1625.29	2822.14
1626.83	2824.23
1628.37	2835.74
1629.90	2816.91
1631.44	2819.00
1632.98	2815.86
1634.52	2781.33
1636.06	2792.84
1637.59	2804.35
1639.13	2791.80
1640.67	2786.56
1642.21	2774.01
1643.74	2763.54
1645.28	2748.89
1646.81	2745.75
1648.35	2744.71
1649.88	2714.36
1651.42	2734.24
1652.95	2716.45
1654.49	2729.01
1656.02	2698.67
1657.55	2710.18
1659.09	2692.39
1660.62	2707.04
1662.15	2694.48
1663.68	2707.04
1665.22	2695.53
1666.75	2699.71
1668.28	2685.06
1669.81	2697.62
1671.34	2692.39
1672.87	2698.67
1674.40	2693.43
1675.93	2686.11
1677.46	2675.65
1678.99	2674.60
1680.52	2668.32
1682.04	2679.83
1683.57	2673.55
1685.10	2673.55
1686.63	2673.55
1688.15	2675.65
1689.68	2663.09
1691.21	2654.72
1692.73	2664.13
1694.26	2671.46
1695.78	2662.04
1697.31	2663.09
1698.83	2653.67
1700.36	2666.23
1701.88	2652.62
1703.40	2668.32
1704.93	2647.39
1706.45	2649.49
