896.35	3323.37
897.98	3344.30
899.60	3339.06
901.22	3373.59
902.85	3359.99
904.47	3392.43
906.10	3391.38
907.72	3418.59
909.34	3424.87
910.97	3468.82
912.59	3496.02
914.21	3569.27
915.84	3606.94
917.46	3686.47
919.08	3713.67
920.71	3761.81
922.33	3777.50
923.95	3820.41
925.58	3841.34
927.20	3860.17
928.82	3852.85
930.44	3911.44
932.07	3893.66
933.69	3911.44
935.31	3908.30
936.93	3942.84
938.56	3935.51
940.18	3975.27
941.80	3950.16
943.42	3987.83
945.05	3978.41
946.67	3988.88
948.29	3982.60
949.91	3998.30
951.53	3984.69
953.16	4022.36
954.78	3998.30
956.40	4008.76
958.02	3995.16
959.64	4021.32
961.26	3996.20
962.88	4016.08
964.51	3985.74
966.13	4032.83
967.75	4004.57
969.37	4008.76
970.99	3997.25
972.61	4010.85
974.23	3997.25
975.85	4022.36
977.47	4018.18
979.09	4039.10
980.71	4018.18
982.33	4041.20
983.95	4018.18
985.57	4049.57
987.19	4015.04
988.81	4058.99
990.43	4039.10
992.05	4060.03
993.67	4047.48
995.29	4071.54
996.91	4052.71
998.53	4108.17
1000.15	4095.61
1001.77	4125.96
1003.39	4103.98
1005.01	4124.91
1006.63	4124.91
1008.25	4156.30
1009.86	4147.93
1011.48	4165.72
1013.10	4142.70
1014.72	4174.09
1016.34	4156.30
1017.96	4207.58
1019.58	4178.28
1021.19	4209.67
1022.81	4193.97
1024.43	4228.50
1026.05	4204.44
1027.66	4236.87
1029.28	4225.36
1030.90	4249.43
1032.52	4216.99
1034.13	4238.97
1035.75	4246.29
1037.37	4258.85
1038.98	4252.57
1040.60	4263.03
1042.22	4232.69
1043.83	4257.80
1045.45	4249.43
1047.07	4279.78
1048.68	4249.43
1050.30	4265.13
1051.92	4259.90
1053.53	4275.59
1055.15	4264.08
1056.76	4289.19
1058.38	4261.99
1059.99	4294.43
1061.61	4248.38
1063.22	4278.73
1064.84	4253.62
1066.46	4270.36
1068.07	4248.38
1069.68	4268.27
1071.30	4245.25
1072.91	4258.85
1074.53	4244.20
1076.14	4272.45
1077.76	4235.83
1079.37	4255.71
1080.98	4207.58
1082.60	4241.06
1084.21	4222.22
1085.83	4234.78
1087.44	4215.95
1089.05	4224.32
1090.67	4201.30
1092.28	4220.13
1093.89	4210.71
1095.50	4227.46
1097.12	4199.20
1098.73	4229.55
1100.34	4196.06
1101.95	4222.22
1103.57	4205.48
1105.18	4208.62
1106.79	4192.93
1108.40	4223.27
1110.01	4203.39
1111.63	4221.18
1113.24	4210.71
1114.85	4235.83
1116.46	4215.95
1118.07	4234.78
1119.68	4207.58
1121.29	4229.55
1122.90	4206.53
1124.51	4236.87
1126.12	4228.50
1127.73	4255.71
1129.34	4228.50
1130.95	4259.90
1132.56	4246.29
1134.17	4235.83
1135.78	4225.36
1137.39	4257.80
1139.00	4237.92
1140.61	4264.08
1142.22	4261.99
1143.83	4272.45
1145.44	4263.03
1147.05	4285.01
1148.65	4278.73
1150.26	4288.15
1151.87	4261.99
1153.48	4288.15
1155.09	4287.10
1156.69	4303.84
1158.30	4276.64
1159.91	4311.17
1161.52	4293.38
1163.12	4321.63
1164.73	4305.94
1166.34	4328.96
1167.94	4302.80
1169.55	4334.19
1171.16	4319.54
1172.76	4346.75
1174.37	4310.12
1175.97	4344.65
1177.58	4292.33
1179.19	4337.33
1180.79	4310.12
1182.40	4337.33
1184.00	4317.45
1185.61	4342.56
1187.21	4335.24
1188.82	4339.42
1190.42	4322.68
1192.02	4342.56
1193.63	4315.35
1195.23	4341.51
1196.84	4316.40
1198.44	4336.28
1200.04	4317.45
1201.65	4340.47
1203.25	4309.08
1204.85	4338.38
1206.46	4301.75
1208.06	4332.10
1209.66	4296.52
1211.26	4312.22
1212.87	4312.22
1214.47	4316.40
1216.07	4291.29
1217.67	4318.49
1219.27	4285.01
1220.87	4296.52
1222.48	4274.54
1224.08	4282.92
1225.68	4264.08
1227.28	4288.15
1228.88	4257.80
1230.48	4280.82
1232.08	4240.01
1233.68	4288.15
1235.28	4261.99
1236.88	4254.66
1238.48	4220.13
1240.08	4261.99
1241.68	4210.71
1243.28	4213.85
1244.87	4189.79
1246.47	4197.11
1248.07	4167.81
1249.67	4188.74
1251.27	4167.81
1252.87	4165.72
1254.46	4146.88
1256.06	4166.77
1257.66	4150.02
1259.26	4146.88
1260.85	4142.70
1262.45	4140.61
1264.05	4136.42
1265.64	4147.93
1267.24	4131.19
1268.83	4143.74
1270.43	4121.77
1272.03	4148.98
1273.62	4121.77
1275.22	4134.33
1276.81	4117.58
1278.41	4125.96
1280.00	4108.17
1281.60	4112.35
1283.19	4088.29
1284.79	4115.49
1286.38	4085.15
1287.97	4108.17
1289.57	4088.29
1291.16	4090.38
1292.75	4073.64
1294.35	4095.61
1295.94	4075.73
1297.53	4098.75
1299.12	4069.45
1300.72	4090.38
1302.31	4049.57
1303.90	4094.56
1305.49	4071.54
1307.08	4074.68
1308.68	4039.10
1310.27	4068.40
1311.86	4042.24
1313.45	4048.52
1315.04	4032.83
1316.63	4055.85
1318.22	4040.15
1319.81	4049.57
1321.40	4034.92
1322.99	4054.80
1324.58	4020.27
1326.17	4024.46
1327.75	4006.67
1329.34	4024.46
1330.93	4000.39
1332.52	4013.99
1334.11	4004.57
1335.70	4015.04
1337.28	3989.92
1338.87	4016.08
1340.46	3999.34
1342.05	4003.53
1343.63	3980.51
1345.22	4004.57
1346.81	3989.92
1348.39	3989.92
1349.98	3970.04
1351.56	3970.04
1353.15	3943.88
1354.73	3948.07
1356.32	3921.91
1357.90	3924.00
1359.49	3897.84
1361.07	3876.91
1362.66	3864.36
1364.24	3886.33
1365.82	3879.01
1367.41	3895.75
1368.99	3851.80
1370.57	3861.22
1372.16	3853.89
1373.74	3867.50
1375.32	3841.34
1376.91	3840.29
1378.49	3771.23
1380.07	3740.88
1381.65	3704.26
1383.23	3691.70
1384.81	3715.77
1386.39	3731.46
1387.97	3715.77
1389.55	3741.93
1391.14	3730.42
1392.72	3732.51
1394.29	3722.05
1395.87	3707.40
1397.45	3715.77
1399.03	3747.16
1400.61	3721.00
1402.19	3745.07
1403.77	3729.37
1405.35	3765.99
1406.92	3742.97
1408.50	3765.99
1410.08	3757.62
1411.66	3786.92
1413.23	3780.64
1414.81	3798.43
1416.39	3764.95
1417.96	3803.66
1419.54	3780.64
1421.12	3812.04
1422.69	3808.90
1424.27	3806.80
1425.84	3801.57
1427.42	3807.85
1428.99	3795.29
1430.57	3814.13
1432.14	3790.06
1433.71	3804.71
1435.29	3797.39
1436.86	3808.90
1438.43	3783.78
1440.01	3783.78
1441.58	3646.70
1443.15	3793.20
1444.72	3765.99
1446.30	3770.18
1447.87	3767.04
1449.44	3763.90
1451.01	3724.14
1452.58	3760.76
1454.15	3735.65
1455.72	3734.60
1457.29	3721.00
1458.86	3739.83
1460.43	3705.30
1462.00	3739.83
1463.57	3700.07
1465.14	3714.72
1466.71	3681.24
1468.28	3695.89
1469.85	3676.00
1471.41	3689.61
1472.98	3647.75
1474.55	3670.77
1476.12	3629.96
1477.68	3636.24
1479.25	3637.29
1480.82	3624.73
1482.38	3613.22
1483.95	3607.99
1485.51	3616.36
1487.08	3637.29
1488.64	3622.64
1490.21	3632.06
1491.77	3600.66
1493.34	3622.64
1494.90	3589.15
1496.46	3595.43
1498.03	3588.11
1499.59	3589.15
1501.15	3575.55
1502.72	3578.69
1504.28	3571.36
1505.84	3568.22
1507.40	3548.34
1508.97	3571.36
1510.53	3552.53
1512.09	3564.04
1513.65	3553.58
1515.21	3566.13
1516.77	3536.83
1518.33	3561.95
1519.89	3549.39
1521.45	3555.67
1523.01	3533.69
1524.57	3545.20
1526.13	3521.14
1527.68	3529.51
1529.24	3515.90
1530.80	3524.28
1532.36	3522.18
1533.92	3513.81
1535.47	3488.70
1537.03	3496.02
1538.59	3485.56
1540.14	3477.19
1541.70	3466.72
1543.25	3480.33
1544.81	3469.86
1546.36	3473.00
1547.92	3448.94
1549.47	3466.72
1551.03	3444.75
1552.58	3446.84
1554.13	3433.24
1555.69	3449.98
1557.24	3426.96
1558.79	3431.15
1560.35	3415.45
1561.90	3418.59
1563.45	3390.34
1565.00	3412.31
1566.55	3389.29
1568.10	3389.29
1569.66	3364.18
1571.21	3378.83
1572.76	3375.69
1574.31	3372.55
1575.86	3355.81
1577.40	3354.76
1578.95	3345.34
1580.50	3354.76
1582.05	3334.88
1583.60	3333.83
1585.15	3318.14
1586.69	3328.60
1588.24	3321.27
1589.79	3330.69
1591.34	3296.16
1592.88	3321.27
1594.43	3293.02
1595.97	3311.86
1597.52	3294.07
1599.06	3303.49
1600.61	3279.42
1602.15	3310.81
1603.70	3278.37
1605.24	3281.51
1606.79	3268.95
1608.33	3265.82
1609.87	3257.44
1611.41	3271.05
1612.96	3263.72
1614.50	3248.03
1616.04	3235.47
1617.58	3251.17
1619.12	3230.24
1620.67	3246.98
1622.21	3213.50
1623.75	3222.91
1625.29	3201.98
1626.83	3198.85
1628.37	3198.85
1629.90	3175.82
1631.44	3154.90
1632.98	3154.90
1634.52	3115.13
1636.06	3106.76
1637.59	3099.44
1639.13	3068.05
1640.67	3041.89
1642.21	3006.31
1643.74	2986.43
1645.28	2949.80
1646.81	2921.55
1648.35	2928.87
1649.88	2879.69
1651.42	2878.65
1652.95	2854.58
1654.49	2862.95
1656.02	2832.61
1657.55	2830.51
1659.09	2798.07
1660.62	2812.72
1662.15	2791.80
1663.68	2799.12
1665.22	2785.52
1666.75	2768.78
1668.28	2760.40
1669.81	2781.33
1671.34	2763.54
1672.87	2759.36
1674.40	2762.50
1675.93	2752.03
1677.46	2736.34
1678.99	2739.48
1680.52	2736.34
1682.04	2738.43
1683.57	2722.73
1685.10	2730.06
1686.63	2725.87
1688.15	2733.20
1689.68	2718.55
1691.21	2718.55
1692.73	2719.59
1694.26	2724.83
1695.78	2715.41
1697.31	2720.64
1698.83	2709.13
1700.36	2718.55
1701.88	2704.94
1703.40	2714.36
1704.93	2694.48
1706.45	2697.62
