896.35	2913.18
897.98	2908.64
899.60	2914.22
901.22	2920.15
902.85	2922.94
904.47	2927.83
906.10	2928.87
907.72	2935.15
909.34	2935.50
910.97	2944.92
912.59	2950.85
914.21	2959.92
915.84	2972.82
917.46	2992.36
919.08	3002.12
920.71	3014.33
922.33	3018.17
923.95	3037.00
925.58	3037.70
927.20	3044.33
928.82	3045.37
930.44	3053.74
932.07	3049.91
933.69	3047.12
935.31	3048.51
936.93	3056.54
938.56	3060.37
940.18	3065.60
941.80	3073.28
943.42	3085.14
945.05	3084.09
946.67	3089.32
948.29	3078.86
949.91	3086.88
951.53	3086.18
953.16	3095.95
954.78	3091.07
956.40	3090.37
958.02	3084.79
959.64	3090.02
961.26	3089.67
962.88	3094.21
964.51	3095.25
966.13	3100.48
967.75	3095.95
969.37	3096.65
970.99	3088.97
972.61	3092.81
974.23	3090.02
975.85	3098.74
977.47	3098.04
979.09	3100.48
980.71	3095.25
982.33	3103.27
983.95	3107.46
985.57	3108.86
987.19	3109.90
988.81	3109.55
990.43	3109.20
992.05	3110.95
993.67	3110.60
995.29	3110.25
996.91	3110.60
998.53	3116.53
1000.15	3127.69
1001.77	3129.78
1003.39	3127.69
1005.01	3132.22
1006.63	3133.97
1008.25	3143.39
1009.86	3139.90
1011.48	3139.20
1013.10	3138.15
1014.72	3141.64
1016.34	3151.06
1017.96	3152.80
1019.58	3150.36
1021.19	3146.87
1022.81	3149.32
1024.43	3156.64
1026.05	3159.78
1027.66	3162.57
1029.28	3162.57
1030.90	3161.18
1032.52	3156.64
1034.13	3161.87
1035.75	3162.22
1037.37	3174.08
1038.98	3166.06
1040.60	3167.45
1042.22	3157.34
1043.83	3167.45
1045.45	3167.10
1047.07	3176.17
1048.68	3169.20
1050.30	3176.52
1051.92	3171.64
1053.53	3182.10
1055.15	3177.22
1056.76	3184.20
1058.38	3181.41
1059.99	3183.50
1061.61	3173.03
1063.22	3174.43
1064.84	3172.34
1066.46	3174.78
1068.07	3168.85
1069.68	3177.57
1071.30	3180.01
1072.91	3181.75
1074.53	3176.87
1076.14	3178.62
1077.76	3181.06
1079.37	3171.99
1080.98	3170.24
1082.60	3171.64
1084.21	3179.31
1085.83	3183.85
1087.44	3176.52
1089.05	3171.29
1090.67	3162.22
1092.28	3167.10
1093.89	3169.55
1095.50	3170.24
1097.12	3166.41
1098.73	3162.22
1100.34	3163.27
1101.95	3166.06
1103.57	3166.06
1105.18	3164.31
1106.79	3158.73
1108.40	3164.66
1110.01	3167.80
1111.63	3175.13
1113.24	3174.78
1114.85	3174.43
1116.46	3173.03
1118.07	3172.69
1119.68	3177.22
1121.29	3176.17
1122.90	3175.13
1124.51	3176.87
1126.12	3180.01
1127.73	3188.38
1129.34	3190.13
1130.95	3191.87
1132.56	3177.92
1134.17	3173.03
1135.78	3171.29
1137.39	3181.41
1139.00	3179.31
1140.61	3182.10
1142.22	3177.92
1143.83	3179.31
1145.44	3174.78
1147.05	3181.41
1148.65	3180.01
1150.26	3177.92
1151.87	3171.99
1153.48	3181.75
1155.09	3187.34
1156.69	3189.08
1158.30	3179.66
1159.91	3184.20
1161.52	3187.34
1163.12	3189.08
1164.73	3186.29
1166.34	3184.54
1167.94	3187.34
1169.55	3186.99
1171.16	3190.47
1172.76	3189.08
1174.37	3187.68
1175.97	3187.34
1177.58	3198.15
1179.19	3199.19
1180.79	3196.75
1182.40	3185.59
1184.00	3191.17
1185.61	3197.45
1187.21	3201.29
1188.82	3199.89
1190.42	3198.15
1192.02	3197.10
1193.63	3195.36
1195.23	3197.80
1196.84	3202.33
1198.44	3206.87
1200.04	3208.61
1201.65	3208.96
1203.25	3209.31
1204.85	3203.73
1206.46	3200.94
1208.06	3193.96
1209.66	3195.36
1211.26	3201.64
1212.87	3200.94
1214.47	3202.33
1216.07	3195.01
1217.67	3199.89
1219.27	3198.85
1220.87	3201.98
1222.48	3196.40
1224.08	3199.19
1225.68	3199.54
1227.28	3203.73
1228.88	3204.43
1230.48	3200.24
1232.08	3201.29
1233.68	3204.43
1235.28	3205.47
1236.88	3202.68
1238.48	3204.43
1240.08	3200.24
1241.68	3198.85
1243.28	3191.87
1244.87	3192.92
1246.47	3192.57
1248.07	3191.17
1249.67	3199.89
1251.27	3198.15
1252.87	3196.06
1254.46	3186.64
1256.06	3189.78
1257.66	3184.89
1259.26	3188.03
1260.85	3186.64
1262.45	3195.01
1264.05	3192.57
1265.64	3192.57
1267.24	3189.08
1268.83	3189.08
1270.43	3193.96
1272.03	3194.31
1273.62	3188.73
1275.22	3185.59
1276.81	3180.71
1278.41	3189.43
1280.00	3185.94
1281.60	3188.03
1283.19	3185.59
1284.79	3184.20
1286.38	3186.99
1287.97	3186.64
1289.57	3185.94
1291.16	3179.66
1292.75	3178.62
1294.35	3177.92
1295.94	3180.71
1297.53	3177.22
1299.12	3180.36
1300.72	3174.78
1302.31	3181.41
1303.90	3183.50
1305.49	3186.99
1307.08	3177.92
1308.68	3171.29
1310.27	3169.55
1311.86	3169.90
1313.45	3169.90
1315.04	3170.59
1316.63	3170.24
1318.22	3165.36
1319.81	3167.10
1321.40	3170.59
1322.99	3169.20
1324.58	3160.83
1326.17	3152.46
1327.75	3153.85
1329.34	3155.59
1330.93	3155.25
1332.52	3153.15
1334.11	3154.20
1335.70	3151.06
1337.28	3151.06
1338.87	3151.06
1340.46	3152.80
1342.05	3151.41
1343.63	3145.48
1345.22	3146.18
1346.81	3144.08
1348.39	3144.43
1349.98	3138.15
1351.56	3136.41
1353.15	3134.32
1354.73	3129.78
1356.32	3124.55
1357.90	3120.37
1359.49	3118.97
1361.07	3117.23
1362.66	3112.34
1364.24	3113.39
1365.82	3115.48
1367.41	3115.13
1368.99	3110.25
1370.57	3107.11
1372.16	3106.76
1373.74	3109.90
1375.32	3108.86
1376.91	3102.23
1378.49	3088.28
1380.07	3073.98
1381.65	3058.28
1383.23	3052.35
1384.81	3047.82
1386.39	3053.05
1387.97	3051.65
1389.55	3049.91
1391.14	3041.19
1392.72	3038.05
1394.29	3031.07
1395.87	3025.49
1397.45	3018.52
1399.03	3015.73
1400.61	3013.28
1402.19	3005.26
1403.77	3003.87
1405.35	3001.77
1406.92	3003.52
1408.50	2998.63
1410.08	2995.15
1411.66	2990.61
1413.23	2991.66
1414.81	2987.12
1416.39	2992.36
1417.96	2985.03
1419.54	2986.43
1421.12	2982.59
1422.69	2981.19
1424.27	2983.64
1425.84	2982.24
1427.42	2984.33
1428.99	2984.33
1430.57	2979.80
1432.14	2978.40
1433.71	2980.15
1435.29	2986.43
1436.86	2989.57
1438.43	2985.03
1440.01	2919.81
1441.58	2918.76
1443.15	2919.11
1444.72	2978.06
1446.30	2978.75
1447.87	2977.01
1449.44	2970.03
1451.01	2967.24
1452.58	2970.38
1454.15	2976.31
1455.72	2973.87
1457.29	2973.17
1458.86	2974.22
1460.43	2983.64
1462.00	2980.50
1463.57	2981.54
1465.14	2973.17
1466.71	2973.17
1468.28	2975.96
1469.85	2979.10
1471.41	2982.59
1472.98	2988.17
1474.55	2986.78
1476.12	2986.43
1477.68	2986.43
1479.25	2987.82
1480.82	2991.31
1482.38	2983.64
1483.95	2985.38
1485.51	2990.96
1487.08	2998.29
1488.64	3002.82
1490.21	2993.40
1491.77	2997.59
1493.34	2990.96
1494.90	2994.10
1496.46	2994.10
1498.03	3001.42
1499.59	3005.96
1501.15	3004.91
1502.72	3005.61
1504.28	3005.61
1505.84	3003.17
1507.40	3005.96
1508.97	3008.40
1510.53	3016.07
1512.09	3018.17
1513.65	3020.96
1515.21	3016.77
1516.77	3017.12
1518.33	3016.77
1519.89	3018.86
1521.45	3017.12
1523.01	3019.91
1524.57	3020.96
1526.13	3023.40
1527.68	3026.54
1529.24	3027.24
1530.80	3030.38
1532.36	3024.79
1533.92	3022.35
1535.47	3019.56
1537.03	3023.40
1538.59	3026.54
1540.14	3023.40
1541.70	3025.49
1543.25	3027.93
1544.81	3035.96
1546.36	3031.42
1547.92	3033.17
1549.47	3031.77
1551.03	3030.72
1552.58	3027.24
1554.13	3027.24
1555.69	3029.33
1557.24	3029.33
1558.79	3025.84
1560.35	3027.58
1561.90	3026.19
1563.45	3025.14
1565.00	3023.05
1566.55	3023.40
1568.10	3021.66
1569.66	3023.40
1571.21	3026.19
1572.76	3029.68
1574.31	3027.24
1575.86	3023.05
1577.40	3019.56
1578.95	3019.21
1580.50	3015.03
1582.05	3014.33
1583.60	3008.05
1585.15	3008.05
1586.69	3008.40
1588.24	3014.68
1589.79	3012.94
1591.34	3014.68
1592.88	3007.35
1594.43	3013.28
1595.97	3009.80
1597.52	3013.63
1599.06	3009.80
1600.61	3013.98
1602.15	3012.94
1603.70	3013.28
1605.24	3010.14
1606.79	3007.70
1608.33	3005.26
1609.87	3003.52
1611.41	3005.96
1612.96	3003.52
1614.50	2999.68
1616.04	2998.29
1617.58	3000.03
1619.12	3001.77
1620.67	2991.66
1622.21	2993.40
1623.75	2988.87
1625.29	2991.31
1626.83	2990.26
1628.37	2988.52
1629.90	2985.73
1631.44	2977.01
1632.98	2968.29
1634.52	2963.75
1636.06	2962.71
1637.59	2962.36
1639.13	2958.87
1640.67	2945.97
1642.21	2937.25
1643.74	2921.90
1645.28	2907.60
1646.81	2900.62
1648.35	2885.97
1649.88	2881.44
1651.42	2861.90
1652.95	2864.35
1654.49	2853.53
1656.02	2854.23
1657.55	2839.23
1659.09	2837.49
1660.62	2828.07
1662.15	2829.82
1663.68	2820.05
1665.22	2815.17
1666.75	2808.19
1668.28	2813.07
1669.81	2810.28
1671.34	2810.63
1672.87	2807.14
1674.40	2805.05
1675.93	2797.38
1677.46	2787.26
1678.99	2780.63
1680.52	2780.63
1682.04	2780.63
1683.57	2784.82
1685.10	2780.63
1686.63	2780.98
1688.15	2772.61
1689.68	2770.87
1691.21	2766.68
1692.73	2771.57
1694.26	2772.26
1695.78	2769.47
1697.31	2762.85
1698.83	2759.36
1700.36	2754.82
1701.88	2759.71
1703.40	2756.92
1704.93	2760.75
1706.45	2760.40
