896.35	2946.66
897.98	2942.48
899.60	2945.97
901.22	2950.50
902.85	2952.94
904.47	2958.52
906.10	2964.45
907.72	2969.34
909.34	2972.47
910.97	2982.94
912.59	2992.36
914.21	3003.52
915.84	3014.68
917.46	3033.86
919.08	3046.07
920.71	3063.16
922.33	3072.58
923.95	3090.37
925.58	3092.81
927.20	3098.04
928.82	3100.48
930.44	3108.51
932.07	3107.81
933.69	3105.02
935.31	3106.41
936.93	3115.83
938.56	3120.02
940.18	3121.76
941.80	3124.90
943.42	3140.25
945.05	3143.04
946.67	3149.32
948.29	3138.85
949.91	3147.57
951.53	3150.71
953.16	3159.08
954.78	3152.46
956.40	3148.27
958.02	3144.43
959.64	3149.66
961.26	3147.22
962.88	3144.43
964.51	3146.87
966.13	3155.25
967.75	3155.25
969.37	3152.46
970.99	3142.34
972.61	3147.22
974.23	3146.53
975.85	3158.73
977.47	3157.34
979.09	3159.43
980.71	3153.50
982.33	3160.48
983.95	3165.01
985.57	3171.29
987.19	3174.43
988.81	3174.78
990.43	3170.94
992.05	3172.69
993.67	3174.08
995.29	3174.43
996.91	3174.78
998.53	3182.45
1000.15	3195.01
1001.77	3196.75
1003.39	3190.13
1005.01	3192.92
1006.63	3199.19
1008.25	3211.05
1009.86	3207.22
1011.48	3205.12
1013.10	3202.68
1014.72	3207.22
1016.34	3218.38
1017.96	3222.22
1019.58	3221.87
1021.19	3216.29
1022.81	3220.12
1024.43	3224.31
1026.05	3225.35
1027.66	3226.05
1029.28	3227.80
1030.90	3227.45
1032.52	3225.01
1034.13	3230.24
1035.75	3232.33
1037.37	3242.79
1038.98	3237.91
1040.60	3236.52
1042.22	3227.80
1043.83	3233.03
1045.45	3238.26
1047.07	3249.77
1048.68	3246.63
1050.30	3253.96
1051.92	3246.28
1053.53	3254.30
1055.15	3245.93
1056.76	3251.86
1058.38	3249.42
1059.99	3251.17
1061.61	3243.14
1063.22	3244.19
1064.84	3241.40
1066.46	3240.70
1068.07	3233.38
1069.68	3240.00
1071.30	3243.14
1072.91	3246.63
1074.53	3245.93
1076.14	3245.93
1077.76	3248.72
1079.37	3238.26
1080.98	3237.56
1082.60	3233.38
1084.21	3239.31
1085.83	3244.54
1087.44	3239.66
1089.05	3236.86
1090.67	3224.31
1092.28	3229.89
1093.89	3234.42
1095.50	3238.61
1097.12	3237.91
1098.73	3230.24
1100.34	3231.98
1101.95	3233.03
1103.57	3234.42
1105.18	3231.28
1106.79	3228.49
1108.40	3232.33
1110.01	3237.21
1111.63	3241.05
1113.24	3244.19
1114.85	3243.84
1116.46	3245.58
1118.07	3241.75
1119.68	3242.79
1121.29	3239.66
1122.90	3243.49
1124.51	3248.38
1126.12	3251.86
1127.73	3254.30
1129.34	3252.21
1130.95	3255.35
1132.56	3245.24
1134.17	3243.84
1135.78	3238.96
1137.39	3247.68
1139.00	3245.93
1140.61	3250.12
1142.22	3248.03
1143.83	3250.82
1145.44	3246.98
1147.05	3252.56
1148.65	3248.38
1150.26	3245.58
1151.87	3240.35
1153.48	3249.07
1155.09	3253.26
1156.69	3252.56
1158.30	3246.28
1159.91	3250.12
1161.52	3253.26
1163.12	3254.30
1164.73	3258.49
1166.34	3261.28
1167.94	3266.16
1169.55	3264.77
1171.16	3268.95
1172.76	3270.35
1174.37	3267.56
1175.97	3261.98
1177.58	3265.82
1179.19	3264.42
1180.79	3267.56
1182.40	3263.72
1184.00	3270.35
1185.61	3274.54
1187.21	3273.14
1188.82	3270.70
1190.42	3268.61
1192.02	3265.82
1193.63	3264.77
1195.23	3267.21
1196.84	3274.88
1198.44	3279.42
1200.04	3278.37
1201.65	3277.67
1203.25	3279.07
1204.85	3278.02
1206.46	3275.58
1208.06	3270.70
1209.66	3270.35
1211.26	3278.37
1212.87	3277.67
1214.47	3280.81
1216.07	3274.88
1217.67	3277.67
1219.27	3274.19
1220.87	3276.98
1222.48	3272.09
1224.08	3273.49
1225.68	3270.00
1227.28	3270.70
1228.88	3274.54
1230.48	3275.23
1232.08	3279.77
1233.68	3280.12
1235.28	3277.67
1236.88	3273.84
1238.48	3276.63
1240.08	3273.49
1241.68	3272.79
1243.28	3262.68
1244.87	3262.68
1246.47	3262.68
1248.07	3260.93
1249.67	3269.30
1251.27	3265.47
1252.87	3264.77
1254.46	3254.65
1256.06	3257.79
1257.66	3258.14
1259.26	3263.02
1260.85	3263.02
1262.45	3264.77
1264.05	3262.33
1265.64	3262.68
1267.24	3262.33
1268.83	3258.84
1270.43	3258.49
1272.03	3256.75
1273.62	3252.56
1275.22	3253.61
1276.81	3252.56
1278.41	3260.93
1280.00	3255.70
1281.60	3255.00
1283.19	3252.91
1284.79	3255.70
1286.38	3259.19
1287.97	3257.10
1289.57	3251.86
1291.16	3242.45
1292.75	3241.75
1294.35	3245.58
1295.94	3251.86
1297.53	3249.42
1299.12	3250.82
1300.72	3246.28
1302.31	3252.56
1303.90	3251.86
1305.49	3255.00
1307.08	3246.63
1308.68	3241.75
1310.27	3238.61
1311.86	3241.05
1313.45	3238.61
1315.04	3237.56
1316.63	3235.12
1318.22	3231.63
1319.81	3232.33
1321.40	3236.86
1322.99	3237.91
1324.58	3236.17
1326.17	3229.54
1327.75	3228.14
1329.34	3223.26
1330.93	3218.03
1332.52	3216.98
1334.11	3220.47
1335.70	3217.68
1337.28	3215.94
1338.87	3214.89
1340.46	3219.77
1342.05	3218.73
1343.63	3213.84
1345.22	3212.45
1346.81	3211.40
1348.39	3210.70
1349.98	3204.43
1351.56	3197.80
1353.15	3193.61
1354.73	3188.03
1356.32	3183.50
1357.90	3178.96
1359.49	3174.43
1361.07	3171.99
1362.66	3168.50
1364.24	3170.24
1365.82	3175.13
1367.41	3171.29
1368.99	3164.31
1370.57	3159.43
1372.16	3162.57
1373.74	3168.15
1375.32	3167.10
1376.91	3155.59
1378.49	3140.94
1380.07	3124.90
1381.65	3111.99
1383.23	3104.32
1384.81	3100.48
1386.39	3105.37
1387.97	3108.16
1389.55	3105.37
1391.14	3092.81
1392.72	3084.44
1394.29	3077.46
1395.87	3075.72
1397.45	3072.23
1399.03	3069.79
1400.61	3067.35
1402.19	3059.33
1403.77	3062.12
1405.35	3060.02
1406.92	3061.07
1408.50	3053.74
1410.08	3050.61
1411.66	3049.91
1413.23	3049.56
1414.81	3043.98
1416.39	3045.02
1417.96	3040.49
1419.54	3045.02
1421.12	3043.28
1422.69	3038.40
1424.27	3035.96
1425.84	3031.07
1427.42	3032.82
1428.99	3033.51
1430.57	3031.77
1432.14	3030.72
1433.71	3034.21
1435.29	3034.91
1436.86	3035.96
1438.43	3027.24
1440.01	2964.10
1441.58	2964.10
1443.15	2968.29
1444.72	3030.03
1446.30	3032.47
1447.87	3030.03
1449.44	3026.19
1451.01	3024.79
1452.58	3024.79
1454.15	3023.75
1455.72	3019.91
1457.29	3023.05
1458.86	3026.89
1460.43	3037.00
1462.00	3034.91
1463.57	3037.00
1465.14	3027.93
1466.71	3027.93
1468.28	3029.33
1469.85	3033.51
1471.41	3034.21
1472.98	3035.26
1474.55	3030.38
1476.12	3029.33
1477.68	3031.77
1479.25	3038.40
1480.82	3045.37
1482.38	3041.54
1483.95	3039.79
1485.51	3043.98
1487.08	3049.91
1488.64	3055.49
1490.21	3048.86
1491.77	3052.70
1493.34	3045.72
1494.90	3045.37
1496.46	3046.77
1498.03	3053.40
1499.59	3060.02
1501.15	3058.63
1502.72	3059.33
1504.28	3058.28
1505.84	3053.74
1507.40	3056.88
1508.97	3058.28
1510.53	3068.74
1512.09	3070.84
1513.65	3073.98
1515.21	3066.30
1516.77	3065.95
1518.33	3064.21
1519.89	3068.74
1521.45	3068.74
1523.01	3075.02
1524.57	3077.46
1526.13	3078.16
1527.68	3079.21
1529.24	3076.77
1530.80	3079.21
1532.36	3074.32
1533.92	3072.58
1535.47	3070.14
1537.03	3072.58
1538.59	3076.42
1540.14	3073.28
1541.70	3076.77
1543.25	3076.42
1544.81	3085.49
1546.36	3078.51
1547.92	3079.90
1549.47	3073.98
1551.03	3075.02
1552.58	3073.28
1554.13	3076.77
1555.69	3079.21
1557.24	3078.51
1558.79	3071.88
1560.35	3072.58
1561.90	3072.23
1563.45	3075.72
1565.00	3069.09
1566.55	3068.74
1568.10	3065.26
1569.66	3069.44
1571.21	3070.14
1572.76	3072.93
1574.31	3070.84
1575.86	3067.00
1577.40	3063.16
1578.95	3064.91
1580.50	3064.21
1582.05	3067.00
1583.60	3061.42
1585.15	3065.26
1586.69	3068.05
1588.24	3073.98
1589.79	3070.14
1591.34	3068.39
1592.88	3055.84
1594.43	3058.28
1595.97	3054.79
1597.52	3064.56
1599.06	3062.12
1600.61	3065.60
1602.15	3062.46
1603.70	3061.42
1605.24	3057.58
1606.79	3053.74
1608.33	3053.05
1609.87	3052.35
1611.41	3053.74
1612.96	3048.16
1614.50	3043.63
1616.04	3042.58
1617.58	3041.54
1619.12	3041.89
1620.67	3031.42
1622.21	3034.56
1623.75	3026.89
1625.29	3028.63
1626.83	3026.19
1628.37	3025.14
1629.90	3024.10
1631.44	3017.82
1632.98	3011.54
1634.52	3004.22
1636.06	3002.47
1637.59	3000.38
1639.13	2997.24
1640.67	2980.85
1642.21	2970.38
1643.74	2954.69
1645.28	2941.78
1646.81	2928.87
1648.35	2910.39
1649.88	2901.32
1651.42	2885.62
1652.95	2887.02
1654.49	2873.42
1656.02	2866.09
1657.55	2847.95
1659.09	2846.21
1660.62	2836.44
1662.15	2839.93
1663.68	2832.26
1665.22	2832.61
1666.75	2826.33
1668.28	2828.07
1669.81	2821.79
1671.34	2816.91
1672.87	2813.77
1674.40	2810.98
1675.93	2802.26
1677.46	2792.49
1678.99	2785.52
1680.52	2790.40
1682.04	2790.40
1683.57	2796.68
1685.10	2793.54
1686.63	2793.54
1688.15	2784.47
1689.68	2779.24
1691.21	2775.05
1692.73	2780.98
1694.26	2780.63
1695.78	2777.84
1697.31	2769.12
1698.83	2768.43
1700.36	2765.29
1701.88	2768.78
1703.40	2763.19
1704.93	2762.15
1706.45	2759.36
