896.35	2903.76
897.98	2897.48
899.60	2903.41
901.22	2911.78
902.85	2914.57
904.47	2917.71
906.10	2917.71
907.72	2926.78
909.34	2928.87
910.97	2941.43
912.59	2948.06
914.21	2959.57
915.84	2971.78
917.46	2986.43
919.08	2992.36
920.71	3001.77
922.33	3005.61
923.95	3025.84
925.58	3025.84
927.20	3033.17
928.82	3033.17
930.44	3043.63
932.07	3042.23
933.69	3041.19
935.31	3039.79
936.93	3048.86
938.56	3052.00
940.18	3059.67
941.80	3062.12
943.42	3071.53
945.05	3066.65
946.67	3075.02
948.29	3067.00
949.91	3080.60
951.53	3080.95
953.16	3087.93
954.78	3080.25
956.40	3077.81
958.02	3073.28
959.64	3078.86
961.26	3079.21
962.88	3082.35
964.51	3081.65
966.13	3086.88
967.75	3085.14
969.37	3088.62
970.99	3078.16
972.61	3082.35
974.23	3077.11
975.85	3086.88
977.47	3083.74
979.09	3084.44
980.71	3077.81
982.33	3084.09
983.95	3087.93
985.57	3093.86
987.19	3094.90
988.81	3095.25
990.43	3092.46
992.05	3099.44
993.67	3103.27
995.29	3104.32
996.91	3104.32
998.53	3109.55
1000.15	3121.06
1001.77	3121.06
1003.39	3118.27
1005.01	3120.02
1006.63	3119.67
1008.25	3128.39
1009.86	3127.69
1011.48	3131.53
1013.10	3130.48
1014.72	3132.92
1016.34	3141.64
1017.96	3142.34
1019.58	3139.90
1021.19	3133.62
1022.81	3135.36
1024.43	3140.60
1026.05	3143.39
1027.66	3146.87
1029.28	3146.18
1030.90	3146.53
1032.52	3140.94
1034.13	3148.97
1035.75	3149.32
1037.37	3164.31
1038.98	3155.59
1040.60	3153.85
1042.22	3138.85
1043.83	3145.13
1045.45	3146.87
1047.07	3158.73
1048.68	3154.55
1050.30	3161.87
1051.92	3156.64
1053.53	3165.71
1055.15	3161.18
1056.76	3165.71
1058.38	3161.87
1059.99	3162.92
1061.61	3153.50
1063.22	3155.94
1064.84	3154.20
1066.46	3159.78
1068.07	3154.90
1069.68	3162.57
1071.30	3162.22
1072.91	3163.97
1074.53	3160.83
1076.14	3161.18
1077.76	3163.97
1079.37	3153.15
1080.98	3151.41
1082.60	3151.41
1084.21	3157.69
1085.83	3163.97
1087.44	3155.94
1089.05	3155.94
1090.67	3147.22
1092.28	3151.76
1093.89	3155.25
1095.50	3157.34
1097.12	3160.48
1098.73	3153.50
1100.34	3155.94
1101.95	3152.46
1103.57	3151.41
1105.18	3147.92
1106.79	3145.48
1108.40	3154.90
1110.01	3159.08
1111.63	3166.06
1113.24	3161.87
1114.85	3159.08
1116.46	3155.25
1118.07	3156.99
1119.68	3162.92
1121.29	3162.92
1122.90	3160.13
1124.51	3161.18
1126.12	3163.97
1127.73	3170.59
1129.34	3172.34
1130.95	3177.22
1132.56	3166.06
1134.17	3159.43
1135.78	3152.80
1137.39	3159.08
1139.00	3156.64
1140.61	3159.78
1142.22	3161.87
1143.83	3167.45
1145.44	3163.97
1147.05	3168.15
1148.65	3165.01
1150.26	3168.15
1151.87	3163.97
1153.48	3169.55
1155.09	3168.50
1156.69	3166.41
1158.30	3161.52
1159.91	3167.10
1161.52	3173.73
1163.12	3176.17
1164.73	3178.62
1166.34	3176.52
1167.94	3180.01
1169.55	3178.27
1171.16	3181.06
1172.76	3179.66
1174.37	3177.92
1175.97	3175.13
1177.58	3180.36
1179.19	3176.87
1180.79	3178.27
1182.40	3173.73
1184.00	3181.41
1185.61	3186.64
1187.21	3186.29
1188.82	3185.24
1190.42	3182.10
1192.02	3180.36
1193.63	3178.96
1195.23	3182.45
1196.84	3187.68
1198.44	3191.87
1200.04	3191.52
1201.65	3191.87
1203.25	3190.47
1204.85	3185.24
1206.46	3183.85
1208.06	3182.45
1209.66	3185.24
1211.26	3192.92
1212.87	3188.38
1214.47	3191.87
1216.07	3186.29
1217.67	3191.52
1219.27	3189.78
1220.87	3193.26
1222.48	3190.13
1224.08	3193.61
1225.68	3190.13
1227.28	3190.13
1228.88	3189.43
1230.48	3186.29
1232.08	3186.64
1233.68	3187.68
1235.28	3188.73
1236.88	3189.43
1238.48	3190.13
1240.08	3185.94
1241.68	3182.45
1243.28	3175.13
1244.87	3175.48
1246.47	3178.62
1248.07	3180.71
1249.67	3189.43
1251.27	3183.15
1252.87	3178.62
1254.46	3165.71
1256.06	3169.20
1257.66	3166.41
1259.26	3172.69
1260.85	3172.69
1262.45	3177.22
1264.05	3173.73
1265.64	3176.52
1267.24	3176.52
1268.83	3180.36
1270.43	3182.80
1272.03	3184.20
1273.62	3177.57
1275.22	3177.22
1276.81	3172.69
1278.41	3180.71
1280.00	3175.13
1281.60	3173.73
1283.19	3171.29
1284.79	3169.20
1286.38	3170.59
1287.97	3169.20
1289.57	3167.80
1291.16	3166.06
1292.75	3166.06
1294.35	3167.10
1295.94	3170.24
1297.53	3165.01
1299.12	3169.20
1300.72	3162.57
1302.31	3171.29
1303.90	3171.99
1305.49	3176.52
1307.08	3169.20
1308.68	3160.83
1310.27	3160.13
1311.86	3158.38
1313.45	3158.73
1315.04	3156.64
1316.63	3157.69
1318.22	3156.29
1319.81	3159.43
1321.40	3162.22
1322.99	3157.69
1324.58	3150.71
1326.17	3145.83
1327.75	3146.87
1329.34	3148.27
1330.93	3144.08
1332.52	3142.69
1334.11	3140.25
1335.70	3137.81
1337.28	3138.50
1338.87	3139.90
1340.46	3140.25
1342.05	3138.85
1343.63	3134.67
1345.22	3138.50
1346.81	3136.76
1348.39	3134.67
1349.98	3126.30
1351.56	3123.85
1353.15	3122.46
1354.73	3120.71
1356.32	3114.44
1357.90	3112.34
1359.49	3110.95
1361.07	3111.99
1362.66	3106.76
1364.24	3106.76
1365.82	3108.16
1367.41	3107.81
1368.99	3100.48
1370.57	3098.04
1372.16	3099.79
1373.74	3105.02
1375.32	3104.67
1376.91	3098.04
1378.49	3084.09
1380.07	3070.84
1381.65	3057.58
1383.23	3054.09
1384.81	3049.21
1386.39	3052.70
1387.97	3047.47
1389.55	3045.37
1391.14	3037.35
1392.72	3038.75
1394.29	3034.56
1395.87	3030.03
1397.45	3025.84
1399.03	3023.75
1400.61	3022.00
1402.19	3015.73
1403.77	3017.82
1405.35	3017.47
1406.92	3019.91
1408.50	3015.38
1410.08	3013.63
1411.66	3011.19
1413.23	3012.24
1414.81	3004.91
1416.39	3007.01
1417.96	3000.73
1419.54	3007.01
1421.12	3008.75
1422.69	3006.66
1424.27	3008.75
1425.84	3000.73
1427.42	3002.47
1428.99	2999.68
1430.57	3000.03
1432.14	3000.38
1433.71	3006.66
1435.29	3009.10
1436.86	3010.49
1438.43	3002.82
1440.01	2940.04
1441.58	2939.34
1443.15	2942.83
1444.72	3000.38
1446.30	3000.73
1447.87	2996.54
1449.44	2992.36
1451.01	2993.40
1452.58	2995.84
1454.15	3001.77
1455.72	2999.68
1457.29	3002.12
1458.86	3002.47
1460.43	3007.70
1462.00	3005.61
1463.57	3009.10
1465.14	3003.17
1466.71	3000.03
1468.28	2998.63
1469.85	3002.12
1471.41	3003.87
1472.98	3010.49
1474.55	3007.70
1476.12	3005.26
1477.68	3003.52
1479.25	3006.66
1480.82	3016.07
1482.38	3010.84
1483.95	3012.59
1485.51	3014.68
1487.08	3022.00
1488.64	3024.45
1490.21	3015.03
1491.77	3017.47
1493.34	3010.49
1494.90	3014.33
1496.46	3015.03
1498.03	3019.21
1499.59	3023.40
1501.15	3017.82
1502.72	3023.05
1504.28	3020.61
1505.84	3019.21
1507.40	3018.52
1508.97	3021.66
1510.53	3030.03
1512.09	3031.07
1513.65	3033.17
1515.21	3027.58
1516.77	3026.89
1518.33	3025.14
1519.89	3024.79
1521.45	3025.14
1523.01	3030.72
1524.57	3035.96
1526.13	3039.10
1527.68	3041.19
1529.24	3040.49
1530.80	3040.49
1532.36	3031.42
1533.92	3025.84
1535.47	3022.00
1537.03	3027.58
1538.59	3032.82
1540.14	3032.47
1541.70	3035.26
1543.25	3035.61
1544.81	3040.14
1546.36	3034.56
1547.92	3036.65
1549.47	3033.51
1551.03	3031.07
1552.58	3025.14
1554.13	3026.89
1555.69	3030.03
1557.24	3031.77
1558.79	3028.28
1560.35	3028.28
1561.90	3027.24
1563.45	3029.33
1565.00	3025.84
1566.55	3025.84
1568.10	3020.96
1569.66	3024.10
1571.21	3028.28
1572.76	3031.77
1574.31	3031.07
1575.86	3023.40
1577.40	3020.61
1578.95	3018.86
1580.50	3016.07
1582.05	3015.38
1583.60	3010.49
1585.15	3014.33
1586.69	3016.07
1588.24	3020.96
1589.79	3017.12
1591.34	3017.82
1592.88	3010.84
1594.43	3014.33
1595.97	3008.05
1597.52	3011.89
1599.06	3008.40
1600.61	3016.77
1602.15	3016.07
1603.70	3017.12
1605.24	3009.80
1606.79	3005.61
1608.33	3003.52
1609.87	3003.17
1611.41	3005.61
1612.96	3002.82
1614.50	2997.24
1616.04	2997.24
1617.58	3000.38
1619.12	3003.87
1620.67	2993.05
1622.21	2991.31
1623.75	2986.08
1625.29	2986.78
1626.83	2986.43
1628.37	2984.33
1629.90	2981.89
1631.44	2978.06
1632.98	2970.73
1634.52	2967.24
1636.06	2964.10
1637.59	2963.41
1639.13	2961.31
1640.67	2948.76
1642.21	2940.04
1643.74	2925.74
1645.28	2910.04
1646.81	2901.67
1648.35	2888.06
1649.88	2885.62
1651.42	2869.58
1652.95	2871.32
1654.49	2857.02
1656.02	2854.23
1657.55	2837.14
1659.09	2837.49
1660.62	2827.72
1662.15	2829.47
1663.68	2818.65
1665.22	2815.86
1666.75	2805.40
1668.28	2809.58
1669.81	2805.40
1671.34	2807.49
1672.87	2805.05
1674.40	2801.56
1675.93	2792.14
1677.46	2782.03
1678.99	2779.59
1680.52	2785.17
1682.04	2785.17
1683.57	2786.91
1685.10	2779.94
1686.63	2781.68
1688.15	2777.84
1689.68	2778.19
1691.21	2772.61
1692.73	2773.31
1694.26	2770.87
1695.78	2768.43
1697.31	2763.89
1698.83	2762.50
1700.36	2757.26
1701.88	2760.06
1703.40	2756.92
1704.93	2761.45
1706.45	2761.45
