896.35	3096.30
897.98	3099.09
899.60	3111.30
901.22	3120.37
902.85	3129.43
904.47	3134.67
906.10	3140.94
907.72	3148.97
909.34	3158.04
910.97	3172.34
912.59	3188.03
914.21	3208.96
915.84	3241.05
917.46	3274.54
919.08	3301.39
920.71	3324.41
922.33	3343.25
923.95	3366.27
925.58	3374.64
927.20	3381.27
928.82	3389.99
930.44	3399.75
932.07	3408.47
933.69	3409.17
935.31	3417.89
936.93	3425.57
938.56	3438.12
940.18	3443.35
941.80	3453.47
943.42	3458.70
945.05	3461.14
946.67	3467.07
948.29	3464.63
949.91	3471.96
951.53	3473.35
953.16	3474.75
954.78	3471.26
956.40	3467.77
958.02	3469.51
959.64	3475.79
961.26	3479.28
962.88	3475.44
964.51	3474.40
966.13	3474.75
967.75	3475.79
969.37	3475.44
970.99	3471.96
972.61	3478.23
974.23	3475.79
975.85	3483.12
977.47	3484.51
979.09	3486.95
980.71	3489.74
982.33	3495.67
983.95	3507.88
985.57	3503.70
987.19	3507.88
988.81	3501.26
990.43	3504.05
992.05	3505.09
993.67	3512.77
995.29	3511.02
996.91	3517.30
998.53	3522.88
1000.15	3539.62
1001.77	3540.67
1003.39	3542.06
1005.01	3545.55
1006.63	3552.18
1008.25	3561.25
1009.86	3566.83
1011.48	3566.13
1013.10	3570.67
1014.72	3570.67
1016.34	3587.06
1017.96	3586.71
1019.58	3592.29
1021.19	3583.92
1022.81	3592.29
1024.43	3598.57
1026.05	3611.13
1027.66	3613.92
1029.28	3619.15
1030.90	3614.27
1032.52	3617.06
1034.13	3619.15
1035.75	3626.47
1037.37	3633.80
1038.98	3632.40
1040.60	3628.22
1042.22	3620.89
1043.83	3625.08
1045.45	3632.06
1047.07	3640.78
1048.68	3643.91
1050.30	3644.96
1051.92	3645.31
1053.53	3646.36
1055.15	3647.05
1056.76	3648.10
1058.38	3649.84
1059.99	3649.50
1061.61	3645.31
1063.22	3643.91
1064.84	3645.66
1066.46	3644.96
1068.07	3641.82
1069.68	3642.17
1071.30	3646.36
1072.91	3644.61
1074.53	3646.36
1076.14	3639.38
1077.76	3644.96
1079.37	3631.71
1080.98	3634.85
1082.60	3630.31
1084.21	3637.98
1085.83	3639.73
1087.44	3633.80
1089.05	3628.57
1090.67	3621.59
1092.28	3624.03
1093.89	3627.52
1095.50	3624.03
1097.12	3626.82
1098.73	3617.06
1100.34	3621.94
1101.95	3620.20
1103.57	3627.17
1105.18	3622.99
1106.79	3619.50
1108.40	3619.50
1110.01	3629.26
1111.63	3639.03
1113.24	3646.70
1114.85	3641.12
1116.46	3643.57
1118.07	3639.38
1119.68	3647.75
1121.29	3639.38
1122.90	3638.33
1124.51	3635.89
1126.12	3642.52
1127.73	3642.52
1129.34	3644.26
1130.95	3642.52
1132.56	3640.78
1134.17	3634.15
1135.78	3634.85
1137.39	3638.68
1139.00	3642.87
1140.61	3647.05
1142.22	3650.89
1143.83	3650.89
1145.44	3649.84
1147.05	3652.98
1148.65	3656.12
1150.26	3650.19
1151.87	3649.84
1153.48	3653.68
1155.09	3662.40
1156.69	3662.05
1158.30	3661.35
1159.91	3663.10
1161.52	3670.77
1163.12	3671.47
1164.73	3678.45
1166.34	3671.12
1167.94	3675.66
1169.55	3667.98
1171.16	3676.35
1172.76	3675.31
1174.37	3681.93
1175.97	3677.05
1177.58	3685.07
1179.19	3679.14
1180.79	3686.82
1182.40	3680.89
1184.00	3692.75
1185.61	3695.54
1187.21	3700.07
1188.82	3694.49
1190.42	3696.58
1192.02	3694.49
1193.63	3698.33
1195.23	3694.84
1196.84	3699.37
1198.44	3702.16
1200.04	3707.40
1201.65	3705.65
1203.25	3707.05
1204.85	3699.02
1206.46	3702.51
1208.06	3697.63
1209.66	3705.65
1211.26	3706.35
1212.87	3706.70
1214.47	3705.65
1216.07	3705.30
1217.67	3708.09
1219.27	3710.54
1220.87	3708.79
1222.48	3702.86
1224.08	3701.82
1225.68	3705.30
1227.28	3707.40
1228.88	3706.70
1230.48	3696.23
1232.08	3695.54
1233.68	3692.40
1235.28	3696.58
1236.88	3693.10
1238.48	3697.28
1240.08	3689.96
1241.68	3686.12
1243.28	3670.07
1244.87	3672.17
1246.47	3671.82
1248.07	3674.61
1249.67	3676.70
1251.27	3674.61
1252.87	3670.77
1254.46	3662.75
1256.06	3662.05
1257.66	3661.70
1259.26	3659.26
1260.85	3657.17
1262.45	3656.82
1264.05	3659.61
1265.64	3663.45
1267.24	3668.68
1268.83	3666.94
1270.43	3670.07
1272.03	3664.84
1273.62	3662.40
1275.22	3659.96
1276.81	3661.35
1278.41	3663.80
1280.00	3657.52
1281.60	3655.08
1283.19	3658.22
1284.79	3658.56
1286.38	3661.35
1287.97	3658.22
1289.57	3658.22
1291.16	3652.98
1292.75	3656.47
1294.35	3655.42
1295.94	3658.22
1297.53	3646.01
1299.12	3652.29
1300.72	3644.96
1302.31	3654.38
1303.90	3649.15
1305.49	3654.03
1307.08	3647.40
1308.68	3646.36
1310.27	3641.47
1311.86	3640.43
1313.45	3634.50
1315.04	3636.94
1316.63	3635.89
1318.22	3632.75
1319.81	3626.47
1321.40	3627.87
1322.99	3622.99
1324.58	3624.38
1326.17	3616.36
1327.75	3620.89
1329.34	3617.41
1330.93	3616.36
1332.52	3612.87
1334.11	3613.92
1335.70	3610.43
1337.28	3610.08
1338.87	3607.64
1340.46	3608.34
1342.05	3603.45
1343.63	3595.08
1345.22	3590.20
1346.81	3587.06
1348.39	3586.36
1349.98	3579.39
1351.56	3568.57
1353.15	3560.55
1354.73	3545.90
1356.32	3536.14
1357.90	3523.58
1359.49	3521.14
1361.07	3509.98
1362.66	3504.05
1364.24	3500.21
1365.82	3506.14
1367.41	3501.26
1368.99	3495.67
1370.57	3489.05
1372.16	3494.98
1373.74	3497.42
1375.32	3493.58
1376.91	3471.26
1378.49	3440.91
1380.07	3409.87
1381.65	3382.66
1383.23	3371.50
1384.81	3366.27
1386.39	3364.87
1387.97	3360.69
1389.55	3353.02
1391.14	3341.50
1392.72	3329.65
1394.29	3315.69
1395.87	3305.58
1397.45	3295.11
1399.03	3281.16
1400.61	3271.40
1402.19	3255.70
1403.77	3253.96
1405.35	3243.84
1406.92	3238.61
1408.50	3228.84
1410.08	3223.96
1411.66	3217.68
1413.23	3218.03
1414.81	3209.66
1416.39	3210.01
1417.96	3197.10
1419.54	3200.24
1421.12	3198.50
1422.69	3198.50
1424.27	3196.40
1425.84	3193.61
1427.42	3192.92
1428.99	3190.47
1430.57	3186.29
1432.14	3183.15
1433.71	3185.94
1435.29	3188.38
1436.86	3190.47
1438.43	3182.80
1440.01	3116.18
1441.58	3118.27
1443.15	3123.85
1444.72	3189.08
1446.30	3190.82
1447.87	3188.73
1449.44	3183.50
1451.01	3182.80
1452.58	3183.50
1454.15	3185.24
1455.72	3181.41
1457.29	3185.94
1458.86	3184.89
1460.43	3192.92
1462.00	3188.73
1463.57	3192.92
1465.14	3184.54
1466.71	3184.54
1468.28	3187.68
1469.85	3193.61
1471.41	3196.40
1472.98	3203.03
1474.55	3201.64
1476.12	3201.98
1477.68	3200.24
1479.25	3203.38
1480.82	3210.01
1482.38	3209.66
1483.95	3215.24
1485.51	3223.96
1487.08	3233.03
1488.64	3242.45
1490.21	3238.96
1491.77	3245.58
1493.34	3241.40
1494.90	3245.58
1496.46	3245.93
1498.03	3249.07
1499.59	3250.47
1501.15	3250.47
1502.72	3253.96
1504.28	3261.28
1505.84	3259.54
1507.40	3265.82
1508.97	3267.91
1510.53	3280.12
1512.09	3285.70
1513.65	3291.28
1515.21	3288.14
1516.77	3289.18
1518.33	3287.44
1519.89	3291.28
1521.45	3290.58
1523.01	3300.00
1524.57	3303.83
1526.13	3307.67
1527.68	3309.07
1529.24	3311.16
1530.80	3315.00
1532.36	3313.60
1533.92	3312.21
1535.47	3311.51
1537.03	3311.16
1538.59	3317.09
1540.14	3317.09
1541.70	3324.41
1543.25	3325.46
1544.81	3332.44
1546.36	3324.06
1547.92	3325.11
1549.47	3320.93
1551.03	3327.20
1552.58	3328.60
1554.13	3333.83
1555.69	3333.48
1557.24	3334.53
1558.79	3328.60
1560.35	3331.04
1561.90	3329.30
1563.45	3335.23
1565.00	3332.78
1566.55	3334.18
1568.10	3328.25
1569.66	3331.39
1571.21	3332.44
1572.76	3340.46
1574.31	3342.55
1575.86	3341.16
1577.40	3333.83
1578.95	3327.55
1580.50	3320.93
1582.05	3323.37
1583.60	3323.37
1585.15	3327.20
1586.69	3325.11
1588.24	3326.86
1589.79	3320.93
1591.34	3324.06
1592.88	3315.00
1594.43	3323.02
1595.97	3318.48
1597.52	3325.81
1599.06	3319.88
1600.61	3326.86
1602.15	3323.02
1603.70	3324.76
1605.24	3316.04
1606.79	3312.90
1608.33	3308.37
1609.87	3308.02
1611.41	3310.81
1612.96	3309.07
1614.50	3305.23
1616.04	3307.67
1617.58	3306.28
1619.12	3308.02
1620.67	3294.07
1622.21	3296.16
1623.75	3287.09
1625.29	3286.05
1626.83	3281.86
1628.37	3278.02
1629.90	3270.35
1631.44	3260.58
1632.98	3248.03
1634.52	3238.61
1636.06	3226.05
1637.59	3213.84
1639.13	3196.06
1640.67	3173.03
1642.21	3152.80
1643.74	3129.09
1645.28	3097.69
1646.81	3074.67
1648.35	3043.63
1649.88	3028.98
1651.42	2997.94
1652.95	2989.91
1654.49	2965.85
1656.02	2956.08
1657.55	2931.32
1659.09	2924.69
1660.62	2910.04
1662.15	2906.55
1663.68	2893.30
1665.22	2889.46
1666.75	2881.09
1668.28	2881.09
1669.81	2870.28
1671.34	2864.00
1672.87	2859.11
1674.40	2856.32
1675.93	2848.30
1677.46	2833.65
1678.99	2828.07
1680.52	2832.26
1682.04	2832.95
1683.57	2832.95
1685.10	2821.10
1686.63	2819.00
1688.15	2809.93
1689.68	2809.24
1691.21	2804.00
1692.73	2806.10
1694.26	2804.70
1695.78	2803.31
1697.31	2796.33
1698.83	2793.19
1700.36	2787.61
1701.88	2793.19
1703.40	2791.45
1704.93	2792.49
1706.45	2786.56
