896.35	2878.65
897.98	2878.30
899.60	2884.93
901.22	2891.90
902.85	2891.90
904.47	2896.78
906.10	2898.88
907.72	2905.50
909.34	2907.25
910.97	2916.67
912.59	2921.90
914.21	2929.92
915.84	2938.99
917.46	2955.38
919.08	2962.36
920.71	2975.96
922.33	2978.75
923.95	2996.19
925.58	2995.50
927.20	3000.73
928.82	3000.03
930.44	3007.35
932.07	3005.96
933.69	3003.87
935.31	3005.26
936.93	3015.03
938.56	3017.47
940.18	3017.47
941.80	3016.77
943.42	3026.89
945.05	3024.79
946.67	3030.38
948.29	3019.91
949.91	3033.17
951.53	3036.30
953.16	3046.42
954.78	3037.35
956.40	3034.56
958.02	3027.58
959.64	3035.26
961.26	3034.91
962.88	3037.35
964.51	3037.35
966.13	3041.89
967.75	3041.54
969.37	3041.89
970.99	3034.21
972.61	3040.49
974.23	3038.05
975.85	3048.51
977.47	3045.72
979.09	3049.21
980.71	3046.42
982.33	3056.19
983.95	3060.37
985.57	3064.56
987.19	3064.21
988.81	3065.60
990.43	3064.56
992.05	3067.00
993.67	3065.95
995.29	3063.16
996.91	3062.12
998.53	3068.05
1000.15	3077.46
1001.77	3078.16
1003.39	3073.98
1005.01	3076.77
1006.63	3079.21
1008.25	3087.93
1009.86	3084.44
1011.48	3086.18
1013.10	3087.93
1014.72	3095.95
1016.34	3103.62
1017.96	3101.88
1019.58	3097.69
1021.19	3094.90
1022.81	3098.04
1024.43	3103.97
1026.05	3105.02
1027.66	3107.11
1029.28	3104.67
1030.90	3102.23
1032.52	3098.39
1034.13	3105.37
1035.75	3108.51
1037.37	3120.02
1038.98	3110.60
1040.60	3108.51
1042.22	3098.04
1043.83	3108.51
1045.45	3113.74
1047.07	3122.46
1048.68	3114.09
1050.30	3116.53
1051.92	3111.30
1053.53	3120.37
1055.15	3113.74
1056.76	3118.97
1058.38	3116.88
1059.99	3123.16
1061.61	3114.44
1063.22	3115.83
1064.84	3108.86
1066.46	3114.09
1068.07	3110.60
1069.68	3121.06
1071.30	3119.67
1072.91	3121.41
1074.53	3116.88
1076.14	3119.32
1077.76	3120.71
1079.37	3113.04
1080.98	3109.55
1082.60	3108.51
1084.21	3114.44
1085.83	3120.37
1087.44	3112.34
1089.05	3111.30
1090.67	3104.32
1092.28	3113.74
1093.89	3114.44
1095.50	3115.13
1097.12	3112.69
1098.73	3108.51
1100.34	3108.51
1101.95	3110.95
1103.57	3110.95
1105.18	3110.95
1106.79	3105.02
1108.40	3110.25
1110.01	3113.04
1111.63	3118.97
1113.24	3116.53
1114.85	3114.44
1116.46	3113.74
1118.07	3114.78
1119.68	3119.32
1121.29	3116.88
1122.90	3113.39
1124.51	3114.09
1126.12	3116.18
1127.73	3126.30
1129.34	3129.43
1130.95	3135.36
1132.56	3122.46
1134.17	3116.88
1135.78	3112.69
1137.39	3123.16
1139.00	3121.76
1140.61	3123.50
1142.22	3120.37
1143.83	3125.25
1145.44	3121.76
1147.05	3126.30
1148.65	3118.27
1150.26	3118.97
1151.87	3115.48
1153.48	3125.60
1155.09	3125.25
1156.69	3124.90
1158.30	3117.23
1159.91	3120.02
1161.52	3120.37
1163.12	3121.06
1164.73	3123.85
1166.34	3125.25
1167.94	3130.48
1169.55	3129.43
1171.16	3131.18
1172.76	3131.53
1174.37	3128.04
1175.97	3126.99
1177.58	3128.04
1179.19	3128.74
1180.79	3126.99
1182.40	3124.20
1184.00	3130.83
1185.61	3137.81
1187.21	3137.11
1188.82	3137.11
1190.42	3135.02
1192.02	3136.06
1193.63	3131.53
1195.23	3136.06
1196.84	3140.94
1198.44	3147.57
1200.04	3145.83
1201.65	3146.18
1203.25	3146.53
1204.85	3143.39
1206.46	3140.60
1208.06	3133.27
1209.66	3136.06
1211.26	3140.94
1212.87	3139.55
1214.47	3138.50
1216.07	3132.57
1217.67	3136.06
1219.27	3132.92
1220.87	3136.06
1222.48	3135.02
1224.08	3139.90
1225.68	3138.50
1227.28	3140.25
1228.88	3142.34
1230.48	3140.25
1232.08	3140.25
1233.68	3141.64
1235.28	3141.64
1236.88	3140.94
1238.48	3143.04
1240.08	3140.25
1241.68	3138.15
1243.28	3129.43
1244.87	3130.13
1246.47	3129.78
1248.07	3127.69
1249.67	3136.76
1251.27	3134.32
1252.87	3136.06
1254.46	3124.55
1256.06	3128.04
1257.66	3121.41
1259.26	3127.69
1260.85	3125.95
1262.45	3133.62
1264.05	3128.04
1265.64	3128.04
1267.24	3123.85
1268.83	3124.55
1270.43	3128.04
1272.03	3129.43
1273.62	3123.50
1275.22	3123.16
1276.81	3120.02
1278.41	3130.83
1280.00	3127.69
1281.60	3129.43
1283.19	3126.30
1284.79	3123.50
1286.38	3123.50
1287.97	3122.46
1289.57	3122.46
1291.16	3118.27
1292.75	3117.23
1294.35	3116.53
1295.94	3120.71
1297.53	3117.92
1299.12	3122.11
1300.72	3117.58
1302.31	3122.81
1303.90	3122.81
1305.49	3124.90
1307.08	3117.58
1308.68	3111.30
1310.27	3109.55
1311.86	3111.65
1313.45	3109.55
1315.04	3108.86
1316.63	3107.81
1318.22	3107.11
1319.81	3110.95
1321.40	3116.18
1322.99	3113.39
1324.58	3106.06
1326.17	3099.09
1327.75	3098.74
1329.34	3101.53
1330.93	3096.65
1332.52	3095.95
1334.11	3090.02
1335.70	3086.53
1337.28	3084.44
1338.87	3086.88
1340.46	3089.67
1342.05	3088.28
1343.63	3083.04
1345.22	3086.53
1346.81	3087.23
1348.39	3090.72
1349.98	3083.39
1351.56	3082.35
1353.15	3076.77
1354.73	3072.58
1356.32	3065.95
1357.90	3065.60
1359.49	3065.60
1361.07	3067.00
1362.66	3062.81
1364.24	3063.51
1365.82	3063.86
1367.41	3063.16
1368.99	3056.54
1370.57	3056.19
1372.16	3053.40
1373.74	3057.93
1375.32	3055.84
1376.91	3050.26
1378.49	3035.61
1380.07	3022.35
1381.65	3014.33
1383.23	3013.28
1384.81	3008.75
1386.39	3009.45
1387.97	3008.40
1389.55	3009.80
1391.14	3004.56
1392.72	3001.08
1394.29	2994.80
1395.87	2989.57
1397.45	2985.03
1399.03	2982.24
1400.61	2979.45
1402.19	2971.43
1403.77	2970.38
1405.35	2966.89
1406.92	2968.99
1408.50	2965.85
1410.08	2963.75
1411.66	2960.96
1413.23	2959.92
1414.81	2954.69
1416.39	2956.08
1417.96	2951.20
1419.54	2955.73
1421.12	2951.55
1422.69	2947.71
1424.27	2948.06
1425.84	2944.92
1427.42	2946.31
1428.99	2943.18
1430.57	2941.78
1432.14	2942.13
1433.71	2945.97
1435.29	2951.20
1436.86	2955.73
1438.43	2951.20
1440.01	2888.06
1441.58	2885.62
1443.15	2889.81
1444.72	2949.80
1446.30	2953.64
1447.87	2950.15
1449.44	2945.97
1451.01	2942.83
1452.58	2946.66
1454.15	2951.55
1455.72	2948.41
1457.29	2947.01
1458.86	2942.83
1460.43	2948.76
1462.00	2948.06
1463.57	2952.59
1465.14	2944.92
1466.71	2943.18
1468.28	2946.31
1469.85	2952.24
1471.41	2953.29
1472.98	2956.78
1474.55	2953.29
1476.12	2952.94
1477.68	2952.94
1479.25	2954.69
1480.82	2960.62
1482.38	2954.69
1483.95	2956.43
1485.51	2958.87
1487.08	2964.80
1488.64	2967.59
1490.21	2957.82
1491.77	2957.82
1493.34	2953.64
1494.90	2959.92
1496.46	2962.01
1498.03	2965.85
1499.59	2967.94
1501.15	2965.50
1502.72	2966.89
1504.28	2968.64
1505.84	2968.29
1507.40	2972.47
1508.97	2973.52
1510.53	2978.75
1512.09	2980.50
1513.65	2983.64
1515.21	2981.19
1516.77	2982.24
1518.33	2980.50
1519.89	2981.19
1521.45	2978.75
1523.01	2982.24
1524.57	2988.52
1526.13	2989.22
1527.68	2993.40
1529.24	2992.01
1530.80	2997.24
1532.36	2990.61
1533.92	2985.73
1535.47	2980.15
1537.03	2982.24
1538.59	2986.78
1540.14	2983.98
1541.70	2986.43
1543.25	2987.82
1544.81	2995.84
1546.36	2991.31
1547.92	2990.61
1549.47	2988.17
1551.03	2987.82
1552.58	2987.82
1554.13	2988.87
1555.69	2993.05
1557.24	2991.31
1558.79	2986.78
1560.35	2986.78
1561.90	2985.38
1563.45	2987.12
1565.00	2983.64
1566.55	2987.12
1568.10	2985.03
1569.66	2988.52
1571.21	2989.91
1572.76	2993.75
1574.31	2988.52
1575.86	2981.19
1577.40	2977.36
1578.95	2978.75
1580.50	2974.22
1582.05	2973.17
1583.60	2969.34
1585.15	2972.13
1586.69	2973.17
1588.24	2979.45
1589.79	2978.40
1591.34	2979.10
1592.88	2970.03
1594.43	2973.17
1595.97	2971.08
1597.52	2976.31
1599.06	2973.17
1600.61	2978.40
1602.15	2978.75
1603.70	2976.66
1605.24	2969.34
1606.79	2963.41
1608.33	2964.45
1609.87	2964.45
1611.41	2969.34
1612.96	2968.99
1614.50	2965.15
1616.04	2959.57
1617.58	2958.17
1619.12	2961.31
1620.67	2953.99
1622.21	2956.08
1623.75	2951.55
1625.29	2953.29
1626.83	2952.24
1628.37	2948.41
1629.90	2943.87
1631.44	2937.25
1632.98	2933.41
1634.52	2933.06
1636.06	2932.01
1637.59	2929.22
1639.13	2927.13
1640.67	2918.06
1642.21	2915.97
1643.74	2904.11
1645.28	2891.55
1646.81	2883.18
1648.35	2869.93
1649.88	2865.39
1651.42	2849.70
1652.95	2853.18
1654.49	2842.02
1656.02	2837.84
1657.55	2823.19
1659.09	2825.63
1660.62	2819.35
1662.15	2820.75
1663.68	2810.63
1665.22	2810.28
1666.75	2804.70
1668.28	2810.63
1669.81	2804.00
1671.34	2804.00
1672.87	2799.47
1674.40	2795.63
1675.93	2785.17
1677.46	2775.75
1678.99	2774.01
1680.52	2778.54
1682.04	2776.80
1683.57	2779.94
1685.10	2773.66
1686.63	2775.05
1688.15	2767.73
1689.68	2765.64
1691.21	2760.40
1692.73	2762.15
1694.26	2763.89
1695.78	2765.64
1697.31	2760.40
1698.83	2756.92
1700.36	2750.29
1701.88	2754.13
1703.40	2751.68
1704.93	2754.13
1706.45	2753.08
