896.35	2951.90
897.98	2950.85
899.60	2959.92
901.22	2969.68
902.85	2973.87
904.47	2978.40
906.10	2979.10
907.72	2988.52
909.34	2993.75
910.97	3007.35
912.59	3015.73
914.21	3027.93
915.84	3045.37
917.46	3067.00
919.08	3076.77
920.71	3090.37
922.33	3096.30
923.95	3118.97
925.58	3121.41
927.20	3128.04
928.82	3130.48
930.44	3140.25
932.07	3140.94
933.69	3137.46
935.31	3139.20
936.93	3147.92
938.56	3153.15
940.18	3154.90
941.80	3159.43
943.42	3173.38
945.05	3173.38
946.67	3178.27
948.29	3167.10
949.91	3178.96
951.53	3182.45
953.16	3189.43
954.78	3181.75
956.40	3176.52
958.02	3172.34
959.64	3178.27
961.26	3179.66
962.88	3181.75
964.51	3182.45
966.13	3186.99
967.75	3183.85
969.37	3186.64
970.99	3181.41
972.61	3190.13
974.23	3186.64
975.85	3193.61
977.47	3188.38
979.09	3188.73
980.71	3184.54
982.33	3194.66
983.95	3200.24
985.57	3204.43
987.19	3205.12
988.81	3204.78
990.43	3203.73
992.05	3206.87
993.67	3208.61
995.29	3206.87
996.91	3208.96
998.53	3212.10
1000.15	3224.31
1001.77	3222.56
1003.39	3223.96
1005.01	3226.40
1006.63	3230.24
1008.25	3238.26
1009.86	3239.31
1011.48	3242.10
1013.10	3244.89
1014.72	3251.51
1016.34	3261.63
1017.96	3258.14
1019.58	3254.30
1021.19	3248.38
1022.81	3255.70
1024.43	3259.89
1026.05	3264.07
1027.66	3266.16
1029.28	3268.95
1030.90	3266.16
1032.52	3263.02
1034.13	3267.56
1035.75	3273.14
1037.37	3285.00
1038.98	3283.60
1040.60	3283.60
1042.22	3275.23
1043.83	3279.77
1045.45	3280.81
1047.07	3290.23
1048.68	3283.95
1050.30	3288.84
1051.92	3282.56
1053.53	3288.49
1055.15	3283.60
1056.76	3287.79
1058.38	3288.49
1059.99	3291.28
1061.61	3284.65
1063.22	3286.74
1064.84	3285.00
1066.46	3288.84
1068.07	3285.00
1069.68	3291.63
1071.30	3291.63
1072.91	3290.58
1074.53	3289.53
1076.14	3290.58
1077.76	3293.02
1079.37	3281.51
1080.98	3279.07
1082.60	3276.98
1084.21	3278.37
1085.83	3279.07
1087.44	3272.79
1089.05	3275.58
1090.67	3272.44
1092.28	3279.42
1093.89	3281.16
1095.50	3280.46
1097.12	3280.81
1098.73	3275.23
1100.34	3280.12
1101.95	3281.16
1103.57	3282.21
1105.18	3275.93
1106.79	3270.35
1108.40	3272.09
1110.01	3276.63
1111.63	3282.56
1113.24	3286.05
1114.85	3283.26
1116.46	3280.81
1118.07	3277.67
1119.68	3283.26
1121.29	3282.56
1122.90	3283.60
1124.51	3286.39
1126.12	3290.93
1127.73	3298.25
1129.34	3300.00
1130.95	3301.39
1132.56	3291.28
1134.17	3285.70
1135.78	3285.35
1137.39	3291.28
1139.00	3288.14
1140.61	3286.05
1142.22	3284.65
1143.83	3291.28
1145.44	3290.58
1147.05	3295.11
1148.65	3292.67
1150.26	3293.02
1151.87	3290.93
1153.48	3296.16
1155.09	3299.30
1156.69	3300.35
1158.30	3296.51
1159.91	3297.56
1161.52	3301.74
1163.12	3304.53
1164.73	3309.07
1166.34	3308.37
1167.94	3309.07
1169.55	3308.37
1171.16	3311.86
1172.76	3312.21
1174.37	3310.81
1175.97	3305.58
1177.58	3310.46
1179.19	3308.72
1180.79	3311.51
1182.40	3303.83
1184.00	3305.58
1185.61	3311.16
1187.21	3315.69
1188.82	3319.18
1190.42	3316.04
1192.02	3313.25
1193.63	3311.86
1195.23	3317.44
1196.84	3323.37
1198.44	3325.81
1200.04	3321.97
1201.65	3324.76
1203.25	3326.51
1204.85	3323.02
1206.46	3318.48
1208.06	3315.69
1209.66	3319.53
1211.26	3324.76
1212.87	3321.62
1214.47	3325.11
1216.07	3319.18
1217.67	3321.62
1219.27	3316.74
1220.87	3318.83
1222.48	3313.95
1224.08	3318.83
1225.68	3320.93
1227.28	3324.06
1228.88	3323.02
1230.48	3320.58
1232.08	3326.51
1233.68	3330.34
1235.28	3328.60
1236.88	3321.27
1238.48	3321.97
1240.08	3323.37
1241.68	3324.41
1243.28	3315.69
1244.87	3312.90
1246.47	3311.16
1248.07	3311.86
1249.67	3317.79
1251.27	3315.00
1252.87	3310.81
1254.46	3300.00
1256.06	3302.79
1257.66	3296.16
1259.26	3298.25
1260.85	3295.81
1262.45	3304.53
1264.05	3304.18
1265.64	3308.02
1267.24	3304.53
1268.83	3305.58
1270.43	3304.53
1272.03	3305.23
1273.62	3298.95
1275.22	3298.95
1276.81	3297.56
1278.41	3304.18
1280.00	3298.25
1281.60	3297.56
1283.19	3292.67
1284.79	3294.77
1286.38	3296.86
1287.97	3298.60
1289.57	3294.77
1291.16	3289.53
1292.75	3292.32
1294.35	3293.37
1295.94	3294.42
1297.53	3288.84
1299.12	3292.67
1300.72	3289.18
1302.31	3292.32
1303.90	3291.28
1305.49	3294.42
1307.08	3289.88
1308.68	3286.39
1310.27	3284.65
1311.86	3287.79
1313.45	3284.65
1315.04	3284.30
1316.63	3280.81
1318.22	3279.77
1319.81	3280.12
1321.40	3281.86
1322.99	3278.37
1324.58	3275.93
1326.17	3270.35
1327.75	3272.09
1329.34	3268.26
1330.93	3265.12
1332.52	3264.07
1334.11	3265.12
1335.70	3261.63
1337.28	3256.75
1338.87	3257.44
1340.46	3258.14
1342.05	3257.10
1343.63	3248.03
1345.22	3248.72
1346.81	3248.38
1348.39	3249.77
1349.98	3244.54
1351.56	3238.26
1353.15	3234.42
1354.73	3226.75
1356.32	3224.31
1357.90	3223.26
1359.49	3220.12
1361.07	3213.84
1362.66	3205.47
1364.24	3206.87
1365.82	3212.10
1367.41	3210.01
1368.99	3205.12
1370.57	3203.03
1372.16	3204.43
1373.74	3205.82
1375.32	3197.45
1376.91	3187.68
1378.49	3169.90
1380.07	3155.94
1381.65	3140.60
1383.23	3137.46
1384.81	3132.92
1386.39	3135.36
1387.97	3132.92
1389.55	3131.88
1391.14	3123.16
1392.72	3115.13
1394.29	3103.97
1395.87	3096.65
1397.45	3090.72
1399.03	3087.93
1400.61	3082.70
1402.19	3072.93
1403.77	3067.00
1405.35	3063.16
1406.92	3064.21
1408.50	3060.72
1410.08	3056.19
1411.66	3051.65
1413.23	3052.35
1414.81	3045.02
1416.39	3046.77
1417.96	3039.10
1419.54	3042.23
1421.12	3040.14
1422.69	3038.05
1424.27	3040.84
1425.84	3039.10
1427.42	3039.44
1428.99	3037.00
1430.57	3033.51
1432.14	3033.51
1433.71	3035.61
1435.29	3034.91
1436.86	3037.70
1438.43	3034.91
1440.01	2974.57
1441.58	2970.03
1443.15	2971.78
1444.72	3033.17
1446.30	3038.05
1447.87	3035.61
1449.44	3030.72
1451.01	3030.72
1452.58	3034.21
1454.15	3037.35
1455.72	3034.56
1457.29	3034.56
1458.86	3033.51
1460.43	3039.10
1462.00	3039.44
1463.57	3046.07
1465.14	3042.93
1466.71	3039.10
1468.28	3038.75
1469.85	3038.75
1471.41	3040.84
1472.98	3041.19
1474.55	3039.44
1476.12	3039.44
1477.68	3041.19
1479.25	3044.33
1480.82	3048.16
1482.38	3043.28
1483.95	3047.12
1485.51	3055.14
1487.08	3062.12
1488.64	3067.00
1490.21	3057.23
1491.77	3061.42
1493.34	3055.84
1494.90	3060.72
1496.46	3060.37
1498.03	3061.42
1499.59	3063.16
1501.15	3063.16
1502.72	3066.65
1504.28	3067.70
1505.84	3064.56
1507.40	3070.14
1508.97	3071.88
1510.53	3080.25
1512.09	3079.56
1513.65	3084.79
1515.21	3082.70
1516.77	3086.18
1518.33	3084.09
1519.89	3087.58
1521.45	3086.53
1523.01	3094.55
1524.57	3095.95
1526.13	3095.95
1527.68	3096.30
1529.24	3098.04
1530.80	3103.27
1532.36	3098.04
1533.92	3095.60
1535.47	3090.02
1537.03	3091.76
1538.59	3094.55
1540.14	3095.95
1541.70	3102.58
1543.25	3103.62
1544.81	3108.86
1546.36	3100.48
1547.92	3101.53
1549.47	3098.39
1551.03	3099.44
1552.58	3097.34
1554.13	3099.79
1555.69	3105.02
1557.24	3108.16
1558.79	3106.76
1560.35	3105.02
1561.90	3101.18
1563.45	3100.83
1565.00	3098.04
1566.55	3098.04
1568.10	3096.65
1569.66	3099.79
1571.21	3103.62
1572.76	3106.76
1574.31	3108.51
1575.86	3106.06
1577.40	3103.62
1578.95	3103.97
1580.50	3095.60
1582.05	3093.16
1583.60	3084.79
1585.15	3089.67
1586.69	3091.07
1588.24	3097.00
1589.79	3092.46
1591.34	3093.86
1592.88	3082.00
1594.43	3087.93
1595.97	3080.60
1597.52	3085.83
1599.06	3080.60
1600.61	3087.93
1602.15	3086.18
1603.70	3087.58
1605.24	3082.00
1606.79	3078.16
1608.33	3075.02
1609.87	3072.23
1611.41	3076.77
1612.96	3076.07
1614.50	3073.98
1616.04	3073.28
1617.58	3072.23
1619.12	3072.23
1620.67	3058.63
1622.21	3060.37
1623.75	3056.19
1625.29	3060.72
1626.83	3062.12
1628.37	3062.46
1629.90	3058.98
1631.44	3050.61
1632.98	3040.14
1634.52	3033.86
1636.06	3028.28
1637.59	3022.35
1639.13	3015.73
1640.67	3000.38
1642.21	2994.45
1643.74	2978.75
1645.28	2962.71
1646.81	2946.31
1648.35	2927.13
1649.88	2916.67
1651.42	2897.83
1652.95	2897.13
1654.49	2881.79
1656.02	2878.30
1657.55	2859.81
1659.09	2859.11
1660.62	2847.95
1662.15	2848.30
1663.68	2836.09
1665.22	2830.16
1666.75	2822.84
1668.28	2826.68
1669.81	2824.23
1671.34	2824.23
1672.87	2820.05
1674.40	2817.61
1675.93	2809.24
1677.46	2797.03
1678.99	2790.75
1680.52	2793.54
1682.04	2797.73
1683.57	2799.12
1685.10	2793.19
1686.63	2791.80
1688.15	2786.22
1689.68	2785.17
1691.21	2782.03
1692.73	2786.22
1694.26	2784.82
1695.78	2782.03
1697.31	2772.96
1698.83	2769.12
1700.36	2761.10
1701.88	2766.33
1703.40	2763.54
1704.93	2765.64
1706.45	2759.36
