896.35	2934.11
897.98	2936.20
899.60	2945.62
901.22	2952.94
902.85	2955.38
904.47	2962.01
906.10	2965.50
907.72	2972.47
909.34	2972.13
910.97	2983.29
912.59	2989.91
914.21	3001.42
915.84	3017.82
917.46	3038.40
919.08	3050.95
920.71	3061.07
922.33	3069.79
923.95	3087.93
925.58	3093.16
927.20	3101.18
928.82	3106.76
930.44	3115.13
932.07	3113.04
933.69	3110.60
935.31	3113.39
936.93	3122.11
938.56	3123.85
940.18	3128.39
941.80	3132.92
943.42	3144.43
945.05	3141.64
946.67	3146.53
948.29	3137.81
949.91	3148.97
951.53	3149.66
953.16	3159.43
954.78	3152.11
956.40	3151.06
958.02	3145.83
959.64	3154.55
961.26	3153.85
962.88	3153.85
964.51	3150.36
966.13	3153.85
967.75	3151.06
969.37	3153.85
970.99	3149.32
972.61	3160.83
974.23	3159.78
975.85	3169.20
977.47	3165.36
979.09	3167.45
980.71	3163.97
982.33	3170.24
983.95	3172.34
985.57	3175.13
987.19	3177.57
988.81	3179.66
990.43	3178.62
992.05	3180.01
993.67	3180.01
995.29	3178.62
996.91	3180.36
998.53	3187.34
1000.15	3197.80
1001.77	3198.15
1003.39	3194.31
1005.01	3198.15
1006.63	3201.29
1008.25	3212.80
1009.86	3212.10
1011.48	3215.59
1013.10	3216.29
1014.72	3219.77
1016.34	3227.45
1017.96	3226.05
1019.58	3224.66
1021.19	3222.22
1022.81	3228.84
1024.43	3234.77
1026.05	3236.17
1027.66	3235.47
1029.28	3235.82
1030.90	3231.98
1032.52	3230.24
1034.13	3237.56
1035.75	3241.75
1037.37	3252.91
1038.98	3246.28
1040.60	3248.03
1042.22	3236.17
1043.83	3243.49
1045.45	3243.49
1047.07	3255.70
1048.68	3249.77
1050.30	3254.65
1051.92	3246.63
1053.53	3252.91
1055.15	3247.68
1056.76	3252.91
1058.38	3252.56
1059.99	3256.75
1061.61	3250.12
1063.22	3250.47
1064.84	3247.33
1066.46	3250.82
1068.07	3245.93
1069.68	3256.05
1071.30	3255.00
1072.91	3258.14
1074.53	3251.17
1076.14	3254.65
1077.76	3255.70
1079.37	3250.12
1080.98	3244.54
1082.60	3242.79
1084.21	3245.93
1085.83	3252.21
1087.44	3245.58
1089.05	3241.05
1090.67	3235.47
1092.28	3245.24
1093.89	3249.42
1095.50	3248.72
1097.12	3244.89
1098.73	3240.70
1100.34	3243.49
1101.95	3246.28
1103.57	3246.63
1105.18	3244.19
1106.79	3239.31
1108.40	3245.24
1110.01	3246.98
1111.63	3251.17
1113.24	3250.82
1114.85	3251.17
1116.46	3252.21
1118.07	3251.86
1119.68	3252.91
1121.29	3250.82
1122.90	3249.77
1124.51	3255.00
1126.12	3258.14
1127.73	3264.42
1129.34	3264.77
1130.95	3269.65
1132.56	3261.28
1134.17	3258.49
1135.78	3253.61
1137.39	3258.49
1139.00	3253.96
1140.61	3255.35
1142.22	3256.40
1143.83	3262.68
1145.44	3261.28
1147.05	3267.56
1148.65	3264.07
1150.26	3264.07
1151.87	3258.84
1153.48	3264.07
1155.09	3267.56
1156.69	3266.16
1158.30	3261.28
1159.91	3263.02
1161.52	3268.61
1163.12	3271.74
1164.73	3274.19
1166.34	3272.44
1167.94	3275.93
1169.55	3275.58
1171.16	3281.86
1172.76	3284.65
1174.37	3284.65
1175.97	3278.02
1177.58	3280.12
1179.19	3278.72
1180.79	3279.77
1182.40	3273.49
1184.00	3276.28
1185.61	3283.60
1187.21	3288.14
1188.82	3287.44
1190.42	3282.56
1192.02	3278.37
1193.63	3278.02
1195.23	3282.91
1196.84	3288.49
1198.44	3293.37
1200.04	3292.32
1201.65	3292.67
1203.25	3292.67
1204.85	3289.18
1206.46	3286.39
1208.06	3282.21
1209.66	3284.65
1211.26	3293.02
1212.87	3291.98
1214.47	3296.16
1216.07	3290.23
1217.67	3293.02
1219.27	3289.53
1220.87	3290.23
1222.48	3284.65
1224.08	3290.93
1225.68	3291.28
1227.28	3295.46
1228.88	3293.72
1230.48	3293.02
1232.08	3296.86
1233.68	3298.25
1235.28	3296.86
1236.88	3290.93
1238.48	3291.98
1240.08	3290.58
1241.68	3288.84
1243.28	3279.07
1244.87	3276.98
1246.47	3279.07
1248.07	3281.51
1249.67	3289.88
1251.27	3285.35
1252.87	3277.33
1254.46	3266.51
1256.06	3267.56
1257.66	3266.16
1259.26	3267.56
1260.85	3265.82
1262.45	3271.40
1264.05	3271.40
1265.64	3276.63
1267.24	3275.93
1268.83	3276.28
1270.43	3276.28
1272.03	3275.58
1273.62	3269.65
1275.22	3267.21
1276.81	3264.07
1278.41	3272.79
1280.00	3270.70
1281.60	3272.79
1283.19	3266.86
1284.79	3266.51
1286.38	3267.91
1287.97	3266.86
1289.57	3263.37
1291.16	3258.49
1292.75	3262.68
1294.35	3265.12
1295.94	3267.91
1297.53	3259.19
1299.12	3260.93
1300.72	3256.75
1302.31	3267.21
1303.90	3269.30
1305.49	3271.40
1307.08	3261.28
1308.68	3253.26
1310.27	3252.21
1311.86	3257.10
1313.45	3258.14
1315.04	3256.75
1316.63	3252.56
1318.22	3246.63
1319.81	3246.98
1321.40	3252.21
1322.99	3254.65
1324.58	3250.82
1326.17	3243.49
1327.75	3243.49
1329.34	3245.58
1330.93	3242.45
1332.52	3240.00
1334.11	3236.17
1335.70	3233.03
1337.28	3232.68
1338.87	3235.12
1340.46	3237.91
1342.05	3236.17
1343.63	3229.89
1345.22	3232.68
1346.81	3230.59
1348.39	3233.73
1349.98	3226.05
1351.56	3222.91
1353.15	3219.08
1354.73	3210.36
1356.32	3207.22
1357.90	3203.73
1359.49	3203.03
1361.07	3196.75
1362.66	3190.47
1364.24	3191.87
1365.82	3195.36
1367.41	3192.22
1368.99	3186.99
1370.57	3182.45
1372.16	3185.24
1373.74	3191.87
1375.32	3194.66
1376.91	3185.24
1378.49	3167.80
1380.07	3151.06
1381.65	3139.90
1383.23	3135.02
1384.81	3130.48
1386.39	3130.48
1387.97	3129.09
1389.55	3128.39
1391.14	3123.16
1392.72	3119.32
1394.29	3113.04
1395.87	3107.11
1397.45	3102.23
1399.03	3100.14
1400.61	3100.14
1402.19	3097.00
1403.77	3099.44
1405.35	3100.14
1406.92	3101.88
1408.50	3096.65
1410.08	3094.55
1411.66	3088.62
1413.23	3091.76
1414.81	3085.14
1416.39	3090.72
1417.96	3083.39
1419.54	3088.97
1421.12	3087.58
1422.69	3086.53
1424.27	3085.83
1425.84	3085.83
1427.42	3087.23
1428.99	3089.32
1430.57	3086.88
1432.14	3087.23
1433.71	3086.53
1435.29	3086.88
1436.86	3088.28
1438.43	3084.09
1440.01	3020.26
1441.58	3018.17
1443.15	3019.91
1444.72	3082.00
1446.30	3084.79
1447.87	3082.35
1449.44	3077.46
1451.01	3077.11
1452.58	3077.46
1454.15	3078.86
1455.72	3074.32
1457.29	3076.42
1458.86	3076.07
1460.43	3084.09
1462.00	3080.25
1463.57	3084.09
1465.14	3077.46
1466.71	3081.30
1468.28	3083.04
1469.85	3087.23
1471.41	3087.23
1472.98	3090.37
1474.55	3087.93
1476.12	3086.18
1477.68	3086.18
1479.25	3085.83
1480.82	3091.42
1482.38	3086.18
1483.95	3088.97
1485.51	3094.21
1487.08	3102.58
1488.64	3106.76
1490.21	3098.04
1491.77	3097.69
1493.34	3091.76
1494.90	3093.51
1496.46	3092.46
1498.03	3096.65
1499.59	3099.79
1501.15	3098.04
1502.72	3099.09
1504.28	3100.48
1505.84	3098.74
1507.40	3104.67
1508.97	3104.32
1510.53	3110.60
1512.09	3108.86
1513.65	3110.95
1515.21	3107.11
1516.77	3107.46
1518.33	3107.81
1519.89	3111.30
1521.45	3108.86
1523.01	3112.69
1524.57	3113.74
1526.13	3118.62
1527.68	3120.71
1529.24	3121.06
1530.80	3120.71
1532.36	3113.04
1533.92	3110.25
1535.47	3106.06
1537.03	3110.95
1538.59	3114.44
1540.14	3113.04
1541.70	3116.88
1543.25	3116.88
1544.81	3125.25
1546.36	3117.23
1547.92	3121.41
1549.47	3116.18
1551.03	3115.13
1552.58	3109.90
1554.13	3112.34
1555.69	3115.13
1557.24	3114.78
1558.79	3107.81
1560.35	3109.55
1561.90	3104.67
1563.45	3108.16
1565.00	3103.97
1566.55	3105.37
1568.10	3100.14
1569.66	3099.44
1571.21	3102.58
1572.76	3107.81
1574.31	3109.20
1575.86	3102.93
1577.40	3098.74
1578.95	3097.34
1580.50	3097.34
1582.05	3098.74
1583.60	3092.81
1585.15	3092.46
1586.69	3091.76
1588.24	3097.34
1589.79	3096.65
1591.34	3097.34
1592.88	3086.53
1594.43	3087.23
1595.97	3082.70
1597.52	3090.72
1599.06	3083.74
1600.61	3086.18
1602.15	3083.04
1603.70	3088.62
1605.24	3084.44
1606.79	3082.70
1608.33	3079.56
1609.87	3081.30
1611.41	3083.74
1612.96	3082.35
1614.50	3074.32
1616.04	3071.53
1617.58	3069.44
1619.12	3071.53
1620.67	3058.63
1622.21	3060.37
1623.75	3055.84
1625.29	3059.67
1626.83	3058.63
1628.37	3056.88
1629.90	3054.79
1631.44	3049.21
1632.98	3040.49
1634.52	3033.51
1636.06	3031.07
1637.59	3028.98
1639.13	3022.70
1640.67	3002.82
1642.21	2987.12
1643.74	2966.89
1645.28	2950.15
1646.81	2940.38
1648.35	2924.69
1649.88	2915.97
1651.42	2895.74
1652.95	2895.74
1654.49	2881.79
1656.02	2875.16
1657.55	2856.32
1659.09	2855.98
1660.62	2849.00
1662.15	2849.35
1663.68	2838.19
1665.22	2833.65
1666.75	2827.37
1668.28	2828.77
1669.81	2823.54
1671.34	2820.75
1672.87	2815.51
1674.40	2813.07
1675.93	2806.79
1677.46	2798.77
1678.99	2794.94
1680.52	2798.77
1682.04	2796.68
1683.57	2795.98
1685.10	2787.61
1686.63	2786.91
1688.15	2781.68
1689.68	2780.63
1691.21	2778.54
1692.73	2782.38
1694.26	2780.29
1695.78	2778.19
1697.31	2771.22
1698.83	2770.87
1700.36	2765.64
1701.88	2770.87
1703.40	2767.73
1704.93	2769.82
1706.45	2764.59
