896.35	2891.20
897.98	2888.76
899.60	2892.95
901.22	2899.92
902.85	2899.92
904.47	2906.20
906.10	2907.60
907.72	2916.67
909.34	2919.81
910.97	2930.62
912.59	2938.29
914.21	2947.71
915.84	2958.87
917.46	2973.87
919.08	2982.24
920.71	2995.15
922.33	2999.68
923.95	3015.03
925.58	3015.38
927.20	3020.26
928.82	3023.05
930.44	3030.03
932.07	3026.54
933.69	3022.00
935.31	3022.35
936.93	3032.12
938.56	3034.21
940.18	3037.00
941.80	3038.05
943.42	3051.65
945.05	3052.35
946.67	3059.67
948.29	3047.82
949.91	3055.49
951.53	3055.49
953.16	3065.60
954.78	3058.98
956.40	3057.58
958.02	3052.35
959.64	3060.72
961.26	3060.37
962.88	3062.81
964.51	3062.81
966.13	3069.44
967.75	3066.65
969.37	3068.05
970.99	3060.37
972.61	3067.35
974.23	3061.07
975.85	3067.00
977.47	3063.16
979.09	3067.35
980.71	3064.21
982.33	3073.63
983.95	3079.90
985.57	3084.09
987.19	3083.04
988.81	3084.44
990.43	3083.74
992.05	3087.23
993.67	3082.35
995.29	3084.44
996.91	3085.83
998.53	3095.95
1000.15	3103.97
1001.77	3105.37
1003.39	3100.83
1005.01	3103.27
1006.63	3101.88
1008.25	3107.46
1009.86	3103.27
1011.48	3105.72
1013.10	3105.72
1014.72	3113.74
1016.34	3120.37
1017.96	3124.55
1019.58	3121.41
1021.19	3120.71
1022.81	3124.20
1024.43	3129.78
1026.05	3131.18
1027.66	3131.88
1029.28	3131.18
1030.90	3130.48
1032.52	3125.25
1034.13	3131.53
1035.75	3135.36
1037.37	3148.97
1038.98	3143.04
1040.60	3139.90
1042.22	3127.34
1043.83	3134.67
1045.45	3134.67
1047.07	3145.13
1048.68	3136.76
1050.30	3144.43
1051.92	3139.20
1053.53	3148.97
1055.15	3143.74
1056.76	3149.66
1058.38	3147.92
1059.99	3152.80
1061.61	3144.08
1063.22	3146.18
1064.84	3140.60
1066.46	3144.08
1068.07	3137.81
1069.68	3144.43
1071.30	3143.39
1072.91	3144.43
1074.53	3140.94
1076.14	3141.64
1077.76	3142.34
1079.37	3133.27
1080.98	3131.88
1082.60	3132.57
1084.21	3138.85
1085.83	3143.74
1087.44	3137.11
1089.05	3135.02
1090.67	3126.64
1092.28	3133.62
1093.89	3136.41
1095.50	3136.76
1097.12	3134.67
1098.73	3129.09
1100.34	3131.53
1101.95	3133.97
1103.57	3134.32
1105.18	3135.36
1106.79	3129.78
1108.40	3136.06
1110.01	3137.46
1111.63	3144.08
1113.24	3141.99
1114.85	3140.60
1116.46	3138.85
1118.07	3140.94
1119.68	3144.78
1121.29	3140.60
1122.90	3137.46
1124.51	3136.76
1126.12	3139.55
1127.73	3147.22
1129.34	3150.01
1130.95	3156.29
1132.56	3144.08
1134.17	3136.76
1135.78	3129.09
1137.39	3136.41
1139.00	3136.41
1140.61	3142.34
1142.22	3140.60
1143.83	3145.13
1145.44	3141.64
1147.05	3146.87
1148.65	3144.78
1150.26	3143.39
1151.87	3138.15
1153.48	3144.08
1155.09	3148.27
1156.69	3150.71
1158.30	3146.18
1159.91	3150.01
1161.52	3151.06
1163.12	3151.06
1164.73	3151.76
1166.34	3152.46
1167.94	3156.64
1169.55	3154.55
1171.16	3156.99
1172.76	3155.59
1174.37	3153.15
1175.97	3147.22
1177.58	3149.32
1179.19	3147.57
1180.79	3149.32
1182.40	3145.83
1184.00	3150.71
1185.61	3158.73
1187.21	3162.22
1188.82	3162.57
1190.42	3157.69
1192.02	3154.90
1193.63	3153.50
1195.23	3159.43
1196.84	3162.92
1198.44	3168.85
1200.04	3168.15
1201.65	3169.55
1203.25	3168.50
1204.85	3164.31
1206.46	3160.48
1208.06	3153.85
1209.66	3153.85
1211.26	3161.18
1212.87	3161.18
1214.47	3163.27
1216.07	3157.69
1217.67	3162.57
1219.27	3160.48
1220.87	3166.41
1222.48	3162.22
1224.08	3166.41
1225.68	3161.18
1227.28	3159.78
1228.88	3159.08
1230.48	3156.64
1232.08	3160.83
1233.68	3165.36
1235.28	3165.71
1236.88	3164.31
1238.48	3165.71
1240.08	3163.62
1241.68	3162.22
1243.28	3153.50
1244.87	3152.11
1246.47	3150.71
1248.07	3148.27
1249.67	3159.43
1251.27	3158.04
1252.87	3157.69
1254.46	3147.22
1256.06	3151.06
1257.66	3146.53
1259.26	3148.62
1260.85	3145.48
1262.45	3153.15
1264.05	3149.66
1265.64	3152.11
1267.24	3147.22
1268.83	3147.57
1270.43	3148.97
1272.03	3152.11
1273.62	3147.92
1275.22	3147.22
1276.81	3142.69
1278.41	3149.66
1280.00	3144.78
1281.60	3147.22
1283.19	3144.78
1284.79	3147.22
1286.38	3148.62
1287.97	3148.62
1289.57	3145.13
1291.16	3140.60
1292.75	3140.60
1294.35	3140.25
1295.94	3143.39
1297.53	3139.90
1299.12	3140.25
1300.72	3135.36
1302.31	3140.60
1303.90	3146.18
1305.49	3147.22
1307.08	3141.99
1308.68	3136.06
1310.27	3137.81
1311.86	3135.02
1313.45	3130.83
1315.04	3128.39
1316.63	3131.18
1318.22	3130.83
1319.81	3132.22
1321.40	3132.57
1322.99	3129.78
1324.58	3120.71
1326.17	3117.23
1327.75	3118.27
1329.34	3121.41
1330.93	3116.18
1332.52	3111.99
1334.11	3109.55
1335.70	3105.02
1337.28	3105.02
1338.87	3104.67
1340.46	3107.81
1342.05	3103.62
1343.63	3097.00
1345.22	3098.74
1346.81	3098.04
1348.39	3099.09
1349.98	3092.46
1351.56	3091.07
1353.15	3089.67
1354.73	3085.49
1356.32	3078.86
1357.90	3077.81
1359.49	3073.98
1361.07	3074.67
1362.66	3068.74
1364.24	3071.18
1365.82	3072.58
1367.41	3071.53
1368.99	3063.16
1370.57	3060.02
1372.16	3058.98
1373.74	3067.35
1375.32	3066.30
1376.91	3060.37
1378.49	3044.68
1380.07	3032.82
1381.65	3022.00
1383.23	3019.21
1384.81	3014.33
1386.39	3015.73
1387.97	3012.59
1389.55	3012.24
1391.14	3002.82
1392.72	3000.73
1394.29	2992.36
1395.87	2989.22
1397.45	2980.85
1399.03	2975.96
1400.61	2972.82
1402.19	2965.15
1403.77	2965.50
1405.35	2961.66
1406.92	2961.31
1408.50	2954.69
1410.08	2950.85
1411.66	2949.80
1413.23	2951.55
1414.81	2945.27
1416.39	2945.62
1417.96	2938.64
1419.54	2943.18
1421.12	2941.08
1422.69	2939.34
1424.27	2939.69
1425.84	2936.55
1427.42	2939.34
1428.99	2939.34
1430.57	2940.38
1432.14	2939.69
1433.71	2944.22
1435.29	2944.92
1436.86	2945.62
1438.43	2938.64
1440.01	2876.55
1441.58	2875.86
1443.15	2879.00
1444.72	2939.69
1446.30	2942.13
1447.87	2938.64
1449.44	2935.50
1451.01	2935.15
1452.58	2938.29
1454.15	2936.90
1455.72	2934.80
1457.29	2936.90
1458.86	2940.73
1460.43	2946.66
1462.00	2944.57
1463.57	2949.45
1465.14	2945.27
1466.71	2945.27
1468.28	2943.52
1469.85	2945.27
1471.41	2943.87
1472.98	2949.10
1474.55	2945.62
1476.12	2947.01
1477.68	2946.31
1479.25	2948.41
1480.82	2952.24
1482.38	2945.62
1483.95	2945.97
1485.51	2951.20
1487.08	2957.48
1488.64	2964.80
1490.21	2956.43
1491.77	2961.66
1493.34	2954.34
1494.90	2958.17
1496.46	2955.03
1498.03	2960.96
1499.59	2965.15
1501.15	2965.15
1502.72	2966.89
1504.28	2963.75
1505.84	2960.27
1507.40	2962.01
1508.97	2964.80
1510.53	2973.87
1512.09	2978.06
1513.65	2981.54
1515.21	2974.92
1516.77	2971.08
1518.33	2971.08
1519.89	2975.26
1521.45	2975.61
1523.01	2975.61
1524.57	2979.80
1526.13	2982.59
1527.68	2987.47
1529.24	2986.43
1530.80	2989.91
1532.36	2987.12
1533.92	2985.38
1535.47	2979.80
1537.03	2980.50
1538.59	2981.54
1540.14	2981.89
1541.70	2985.73
1543.25	2990.26
1544.81	2995.84
1546.36	2988.87
1547.92	2988.52
1549.47	2986.43
1551.03	2988.17
1552.58	2986.78
1554.13	2986.43
1555.69	2986.43
1557.24	2983.29
1558.79	2979.10
1560.35	2980.85
1561.90	2978.75
1563.45	2980.85
1565.00	2976.31
1566.55	2978.75
1568.10	2975.96
1569.66	2980.15
1571.21	2984.33
1572.76	2988.52
1574.31	2988.17
1575.86	2982.59
1577.40	2980.15
1578.95	2980.50
1580.50	2978.40
1582.05	2976.66
1583.60	2971.08
1585.15	2971.43
1586.69	2974.92
1588.24	2980.15
1589.79	2977.01
1591.34	2978.75
1592.88	2968.99
1594.43	2973.52
1595.97	2968.64
1597.52	2974.57
1599.06	2973.87
1600.61	2978.75
1602.15	2977.01
1603.70	2976.31
1605.24	2971.08
1606.79	2966.54
1608.33	2962.36
1609.87	2959.57
1611.41	2964.10
1612.96	2964.80
1614.50	2961.66
1616.04	2960.62
1617.58	2960.62
1619.12	2965.50
1620.67	2955.38
1622.21	2957.82
1623.75	2950.50
1625.29	2953.64
1626.83	2952.24
1628.37	2950.15
1629.90	2947.36
1631.44	2941.78
1632.98	2936.90
1634.52	2933.76
1636.06	2930.97
1637.59	2927.48
1639.13	2923.29
1640.67	2910.74
1642.21	2904.11
1643.74	2892.25
1645.28	2883.88
1646.81	2877.60
1648.35	2865.04
1649.88	2858.42
1651.42	2841.67
1652.95	2842.02
1654.49	2832.61
1656.02	2830.51
1657.55	2817.96
1659.09	2818.65
1660.62	2814.12
1662.15	2817.26
1663.68	2808.54
1665.22	2803.66
1666.75	2795.28
1668.28	2797.03
1669.81	2796.68
1671.34	2798.42
1672.87	2798.77
1674.40	2797.38
1675.93	2791.10
1677.46	2779.94
1678.99	2775.05
1680.52	2777.50
1682.04	2777.15
1683.57	2778.54
1685.10	2772.61
1686.63	2771.57
1688.15	2764.94
1689.68	2762.85
1691.21	2759.71
1692.73	2761.80
1694.26	2761.10
1695.78	2760.75
1697.31	2755.52
1698.83	2754.82
1700.36	2748.54
1701.88	2752.73
1703.40	2747.50
1704.93	2748.54
1706.45	2744.71
