896.35	2761.45
897.98	2757.61
899.60	2761.45
901.22	2763.89
902.85	2765.29
904.47	2766.68
906.10	2766.68
907.72	2772.26
909.34	2772.26
910.97	2777.84
912.59	2772.96
914.21	2771.22
915.84	2770.87
917.46	2781.33
919.08	2782.03
920.71	2787.26
922.33	2784.82
923.95	2798.77
925.58	2797.38
927.20	2799.12
928.82	2793.54
930.44	2797.73
932.07	2789.70
933.69	2785.52
935.31	2780.63
936.93	2793.54
938.56	2796.33
940.18	2802.26
941.80	2801.21
943.42	2810.28
945.05	2806.79
946.67	2811.33
948.29	2800.52
949.91	2810.63
951.53	2809.93
953.16	2818.65
954.78	2808.89
956.40	2809.93
958.02	2806.45
959.64	2816.21
961.26	2812.72
962.88	2814.12
964.51	2812.72
966.13	2821.79
967.75	2819.35
969.37	2822.14
970.99	2813.77
972.61	2824.58
974.23	2821.44
975.85	2829.47
977.47	2821.79
979.09	2824.93
980.71	2820.05
982.33	2830.86
983.95	2832.61
985.57	2836.09
987.19	2834.35
988.81	2836.09
990.43	2831.91
992.05	2835.05
993.67	2830.86
995.29	2832.61
996.91	2827.02
998.53	2831.91
1000.15	2834.70
1001.77	2839.58
1003.39	2835.05
1005.01	2840.98
1006.63	2836.44
1008.25	2846.56
1009.86	2840.63
1011.48	2842.37
1013.10	2837.84
1014.72	2842.37
1016.34	2846.56
1017.96	2846.56
1019.58	2839.93
1021.19	2837.49
1022.81	2838.88
1024.43	2845.51
1026.05	2843.77
1027.66	2843.42
1029.28	2840.28
1030.90	2839.58
1032.52	2834.35
1034.13	2840.98
1035.75	2842.72
1037.37	2853.88
1038.98	2845.51
1040.60	2843.42
1042.22	2831.21
1043.83	2837.14
1045.45	2836.09
1047.07	2847.26
1048.68	2839.23
1050.30	2847.60
1051.92	2837.84
1053.53	2846.21
1055.15	2836.44
1056.76	2842.02
1058.38	2839.58
1059.99	2850.74
1061.61	2844.81
1063.22	2851.44
1064.84	2842.02
1066.46	2844.81
1068.07	2835.40
1069.68	2845.86
1071.30	2844.12
1072.91	2849.35
1074.53	2844.12
1076.14	2850.05
1077.76	2850.74
1079.37	2845.51
1080.98	2841.67
1082.60	2841.67
1084.21	2843.77
1085.83	2850.74
1087.44	2845.16
1089.05	2847.26
1090.67	2839.93
1092.28	2848.30
1093.89	2847.60
1095.50	2848.65
1097.12	2843.77
1098.73	2840.98
1100.34	2840.28
1101.95	2843.07
1103.57	2841.33
1105.18	2842.72
1106.79	2837.84
1108.40	2846.91
1110.01	2846.56
1111.63	2854.23
1113.24	2850.39
1114.85	2851.79
1116.46	2849.00
1118.07	2853.18
1119.68	2855.28
1121.29	2852.49
1122.90	2847.60
1124.51	2850.05
1126.12	2854.93
1127.73	2861.21
1129.34	2860.51
1130.95	2860.86
1132.56	2847.60
1134.17	2842.72
1135.78	2836.09
1137.39	2843.77
1139.00	2838.88
1140.61	2844.81
1142.22	2846.56
1143.83	2854.93
1145.44	2851.79
1147.05	2854.58
1148.65	2849.70
1150.26	2848.30
1151.87	2841.33
1153.48	2846.56
1155.09	2846.21
1156.69	2850.05
1158.30	2844.12
1159.91	2851.09
1161.52	2850.39
1163.12	2853.88
1164.73	2851.09
1166.34	2852.14
1167.94	2851.79
1169.55	2852.14
1171.16	2852.49
1172.76	2854.93
1174.37	2851.44
1175.97	2847.26
1177.58	2847.95
1179.19	2846.91
1180.79	2846.21
1182.40	2839.58
1184.00	2840.98
1185.61	2850.05
1187.21	2850.39
1188.82	2852.84
1190.42	2847.95
1192.02	2850.74
1193.63	2846.91
1195.23	2849.00
1196.84	2852.14
1198.44	2859.81
1200.04	2858.77
1201.65	2858.77
1203.25	2855.28
1204.85	2853.18
1206.46	2846.21
1208.06	2843.07
1209.66	2841.67
1211.26	2852.84
1212.87	2850.74
1214.47	2856.67
1216.07	2850.05
1217.67	2855.63
1219.27	2853.18
1220.87	2856.67
1222.48	2851.79
1224.08	2857.02
1225.68	2854.58
1227.28	2858.07
1228.88	2852.49
1230.48	2852.14
1232.08	2852.84
1233.68	2860.16
1235.28	2860.16
1236.88	2859.81
1238.48	2859.81
1240.08	2857.72
1241.68	2856.67
1243.28	2853.53
1244.87	2854.58
1246.47	2854.93
1248.07	2848.65
1249.67	2857.72
1251.27	2855.63
1252.87	2859.11
1254.46	2848.30
1256.06	2851.44
1257.66	2845.16
1259.26	2849.35
1260.85	2845.86
1262.45	2854.23
1264.05	2852.14
1265.64	2858.42
1267.24	2857.02
1268.83	2857.72
1270.43	2855.28
1272.03	2854.23
1273.62	2847.95
1275.22	2850.74
1276.81	2846.56
1278.41	2854.93
1280.00	2847.60
1281.60	2851.09
1283.19	2850.39
1284.79	2855.98
1286.38	2856.67
1287.97	2855.98
1289.57	2851.44
1291.16	2849.35
1292.75	2848.30
1294.35	2852.14
1295.94	2855.63
1297.53	2853.88
1299.12	2854.58
1300.72	2849.35
1302.31	2855.63
1303.90	2858.07
1305.49	2859.46
1307.08	2853.18
1308.68	2846.56
1310.27	2847.26
1311.86	2845.16
1313.45	2845.16
1315.04	2842.72
1316.63	2844.46
1318.22	2837.49
1319.81	2840.98
1321.40	2843.77
1322.99	2845.86
1324.58	2840.63
1326.17	2832.61
1327.75	2831.21
1329.34	2832.95
1330.93	2832.95
1332.52	2835.40
1334.11	2830.86
1335.70	2830.16
1337.28	2827.72
1338.87	2831.91
1340.46	2833.30
1342.05	2835.40
1343.63	2832.95
1345.22	2839.93
1346.81	2843.42
1348.39	2843.07
1349.98	2833.65
1351.56	2828.77
1353.15	2830.51
1354.73	2830.51
1356.32	2828.42
1357.90	2828.77
1359.49	2832.26
1361.07	2840.28
1362.66	2839.23
1364.24	2840.28
1365.82	2839.58
1367.41	2837.14
1368.99	2832.95
1370.57	2830.51
1372.16	2834.35
1373.74	2841.33
1375.32	2841.67
1376.91	2839.23
1378.49	2831.21
1380.07	2830.86
1381.65	2828.07
1383.23	2831.56
1384.81	2825.28
1386.39	2831.91
1387.97	2830.51
1389.55	2834.70
1391.14	2828.07
1392.72	2829.12
1394.29	2828.77
1395.87	2828.07
1397.45	2827.02
1399.03	2827.72
1400.61	2828.77
1402.19	2826.33
1403.77	2831.56
1405.35	2834.70
1406.92	2838.88
1408.50	2837.49
1410.08	2835.40
1411.66	2835.05
1413.23	2836.44
1414.81	2832.26
1416.39	2835.74
1417.96	2832.26
1419.54	2838.88
1421.12	2839.23
1422.69	2834.70
1424.27	2834.35
1425.84	2830.86
1427.42	2834.70
1428.99	2835.40
1430.57	2834.00
1432.14	2832.26
1433.71	2837.49
1435.29	2841.67
1436.86	2843.42
1438.43	2836.09
1440.01	2774.70
1441.58	2772.26
1443.15	2777.15
1444.72	2836.44
1446.30	2841.67
1447.87	2836.79
1449.44	2830.86
1451.01	2827.02
1452.58	2830.51
1454.15	2835.05
1455.72	2835.05
1457.29	2835.74
1458.86	2833.65
1460.43	2838.88
1462.00	2836.44
1463.57	2841.67
1465.14	2834.70
1466.71	2831.21
1468.28	2831.21
1469.85	2836.09
1471.41	2840.98
1472.98	2842.72
1474.55	2840.28
1476.12	2835.74
1477.68	2835.05
1479.25	2834.70
1480.82	2838.88
1482.38	2831.21
1483.95	2831.56
1485.51	2833.65
1487.08	2837.14
1488.64	2839.93
1490.21	2832.95
1491.77	2835.05
1493.34	2829.12
1494.90	2829.47
1496.46	2830.16
1498.03	2830.86
1499.59	2833.30
1501.15	2829.82
1502.72	2832.26
1504.28	2830.51
1505.84	2828.42
1507.40	2827.72
1508.97	2828.07
1510.53	2832.95
1512.09	2832.61
1513.65	2830.86
1515.21	2823.89
1516.77	2823.19
1518.33	2824.58
1519.89	2825.98
1521.45	2824.23
1523.01	2824.58
1524.57	2825.98
1526.13	2826.33
1527.68	2828.42
1529.24	2827.37
1530.80	2828.07
1532.36	2822.14
1533.92	2820.05
1535.47	2818.65
1537.03	2823.19
1538.59	2825.28
1540.14	2823.89
1541.70	2824.58
1543.25	2823.54
1544.81	2826.33
1546.36	2821.10
1547.92	2823.19
1549.47	2821.79
1551.03	2819.70
1552.58	2817.96
1554.13	2816.56
1555.69	2819.70
1557.24	2815.86
1558.79	2813.07
1560.35	2811.33
1561.90	2809.93
1563.45	2809.93
1565.00	2808.19
1566.55	2809.24
1568.10	2804.70
1569.66	2805.05
1571.21	2807.84
1572.76	2812.38
1574.31	2812.03
1575.86	2804.00
1577.40	2799.47
1578.95	2798.77
1580.50	2798.77
1582.05	2799.82
1583.60	2795.63
1585.15	2797.73
1586.69	2799.12
1588.24	2804.35
1589.79	2803.31
1591.34	2804.70
1592.88	2796.33
1594.43	2799.47
1595.97	2793.89
1597.52	2795.63
1599.06	2790.05
1600.61	2793.54
1602.15	2794.94
1603.70	2794.94
1605.24	2790.75
1606.79	2787.26
1608.33	2786.91
1609.87	2788.31
1611.41	2791.80
1612.96	2789.70
1614.50	2785.52
1616.04	2785.52
1617.58	2788.66
1619.12	2791.45
1620.67	2783.08
1622.21	2783.42
1623.75	2778.89
1625.29	2779.24
1626.83	2780.29
1628.37	2778.19
1629.90	2779.24
1631.44	2774.36
1632.98	2772.96
1634.52	2772.96
1636.06	2776.80
1637.59	2780.63
1639.13	2783.42
1640.67	2778.89
1642.21	2781.68
1643.74	2779.24
1645.28	2776.10
1646.81	2774.70
1648.35	2769.12
1649.88	2768.78
1651.42	2761.80
1652.95	2769.12
1654.49	2767.03
1656.02	2769.12
1657.55	2760.06
1659.09	2764.59
1660.62	2761.10
1662.15	2763.89
1663.68	2757.26
1665.22	2757.26
1666.75	2755.87
1668.28	2762.15
1669.81	2760.06
1671.34	2760.06
1672.87	2759.01
1674.40	2758.31
1675.93	2751.68
1677.46	2743.31
1678.99	2738.78
1680.52	2743.66
1682.04	2742.96
1683.57	2747.50
1685.10	2742.27
1686.63	2744.36
1688.15	2738.43
1689.68	2737.03
1691.21	2733.90
1692.73	2737.38
1694.26	2736.69
1695.78	2734.59
1697.31	2727.62
1698.83	2727.97
1700.36	2723.08
1701.88	2729.36
1703.40	2725.52
1704.93	2727.62
1706.45	2723.78
