896.35	2895.39
897.98	2896.09
899.60	2902.02
901.22	2908.64
902.85	2909.69
904.47	2913.53
906.10	2915.27
907.72	2922.25
909.34	2925.39
910.97	2936.20
912.59	2943.52
914.21	2954.34
915.84	2963.41
917.46	2977.01
919.08	2985.03
920.71	2998.29
922.33	3003.87
923.95	3019.21
925.58	3019.21
927.20	3025.49
928.82	3027.58
930.44	3035.61
932.07	3031.77
933.69	3029.68
935.31	3031.42
936.93	3043.63
938.56	3046.77
940.18	3047.82
941.80	3048.86
943.42	3057.23
945.05	3057.58
946.67	3062.81
948.29	3054.44
949.91	3066.30
951.53	3067.35
953.16	3076.77
954.78	3067.70
956.40	3068.39
958.02	3062.81
959.64	3068.05
961.26	3063.16
962.88	3066.30
964.51	3068.05
966.13	3076.42
967.75	3075.02
969.37	3075.37
970.99	3067.00
972.61	3072.58
974.23	3070.14
975.85	3079.56
977.47	3076.42
979.09	3077.11
980.71	3072.23
982.33	3077.11
983.95	3083.39
985.57	3086.88
987.19	3090.37
988.81	3090.37
990.43	3089.67
992.05	3093.16
993.67	3093.86
995.29	3092.11
996.91	3091.07
998.53	3097.00
1000.15	3106.76
1001.77	3109.90
1003.39	3107.11
1005.01	3109.55
1006.63	3107.46
1008.25	3116.88
1009.86	3116.18
1011.48	3121.41
1013.10	3119.32
1014.72	3127.34
1016.34	3136.41
1017.96	3138.15
1019.58	3130.48
1021.19	3122.81
1022.81	3127.34
1024.43	3138.50
1026.05	3143.39
1027.66	3143.39
1029.28	3138.50
1030.90	3135.71
1032.52	3133.27
1034.13	3142.69
1035.75	3145.13
1037.37	3155.59
1038.98	3147.57
1040.60	3146.53
1042.22	3133.97
1043.83	3139.90
1045.45	3141.64
1047.07	3150.71
1048.68	3143.39
1050.30	3149.32
1051.92	3145.48
1053.53	3155.59
1055.15	3148.62
1056.76	3154.90
1058.38	3150.71
1059.99	3153.50
1061.61	3141.99
1063.22	3146.53
1064.84	3147.57
1066.46	3153.50
1068.07	3146.53
1069.68	3151.06
1071.30	3151.41
1072.91	3156.64
1074.53	3154.20
1076.14	3155.25
1077.76	3154.20
1079.37	3146.53
1080.98	3146.53
1082.60	3145.83
1084.21	3148.62
1085.83	3150.71
1087.44	3146.18
1089.05	3144.78
1090.67	3138.15
1092.28	3143.04
1093.89	3147.22
1095.50	3150.36
1097.12	3150.36
1098.73	3143.74
1100.34	3145.83
1101.95	3147.22
1103.57	3149.66
1105.18	3146.87
1106.79	3140.94
1108.40	3144.08
1110.01	3148.27
1111.63	3156.29
1113.24	3157.69
1114.85	3154.20
1116.46	3150.36
1118.07	3148.97
1119.68	3150.71
1121.29	3150.01
1122.90	3148.62
1124.51	3153.15
1126.12	3154.90
1127.73	3163.27
1129.34	3162.57
1130.95	3167.10
1132.56	3156.29
1134.17	3152.80
1135.78	3148.27
1137.39	3153.85
1139.00	3151.41
1140.61	3153.50
1142.22	3151.76
1143.83	3158.04
1145.44	3155.25
1147.05	3162.22
1148.65	3156.99
1150.26	3155.25
1151.87	3150.01
1153.48	3156.99
1155.09	3159.78
1156.69	3161.18
1158.30	3155.25
1159.91	3155.59
1161.52	3156.64
1163.12	3157.34
1164.73	3159.08
1166.34	3157.69
1167.94	3159.43
1169.55	3162.57
1171.16	3168.50
1172.76	3172.69
1174.37	3170.94
1175.97	3164.31
1177.58	3165.01
1179.19	3161.18
1180.79	3160.48
1182.40	3154.90
1184.00	3159.08
1185.61	3167.80
1187.21	3169.90
1188.82	3172.69
1190.42	3169.20
1192.02	3168.50
1193.63	3165.01
1195.23	3167.45
1196.84	3171.99
1198.44	3178.96
1200.04	3180.01
1201.65	3178.96
1203.25	3175.82
1204.85	3170.24
1206.46	3169.20
1208.06	3165.01
1209.66	3166.06
1211.26	3171.64
1212.87	3169.90
1214.47	3174.78
1216.07	3168.85
1217.67	3172.69
1219.27	3169.55
1220.87	3171.99
1222.48	3168.50
1224.08	3171.64
1225.68	3168.85
1227.28	3173.03
1228.88	3173.03
1230.48	3175.82
1232.08	3177.22
1233.68	3181.75
1235.28	3180.01
1236.88	3175.48
1238.48	3175.48
1240.08	3173.03
1241.68	3171.64
1243.28	3162.92
1244.87	3163.27
1246.47	3166.06
1248.07	3163.97
1249.67	3168.15
1251.27	3162.92
1252.87	3163.97
1254.46	3157.69
1256.06	3160.83
1257.66	3155.94
1259.26	3157.69
1260.85	3157.34
1262.45	3164.66
1264.05	3162.92
1265.64	3165.36
1267.24	3161.87
1268.83	3163.27
1270.43	3164.66
1272.03	3163.97
1273.62	3156.99
1275.22	3157.34
1276.81	3154.90
1278.41	3162.22
1280.00	3155.25
1281.60	3154.90
1283.19	3151.41
1284.79	3151.76
1286.38	3153.15
1287.97	3152.46
1289.57	3149.66
1291.16	3147.22
1292.75	3151.76
1294.35	3153.50
1295.94	3156.64
1297.53	3150.36
1299.12	3153.85
1300.72	3148.27
1302.31	3156.64
1303.90	3156.29
1305.49	3159.43
1307.08	3150.01
1308.68	3144.43
1310.27	3146.87
1311.86	3147.57
1313.45	3147.22
1315.04	3142.69
1316.63	3142.34
1318.22	3137.46
1319.81	3138.85
1321.40	3140.25
1322.99	3140.60
1324.58	3135.71
1326.17	3130.13
1327.75	3129.43
1329.34	3128.39
1330.93	3126.30
1332.52	3125.25
1334.11	3125.25
1335.70	3122.11
1337.28	3118.27
1338.87	3117.23
1340.46	3118.62
1342.05	3120.37
1343.63	3116.18
1345.22	3118.62
1346.81	3116.53
1348.39	3118.97
1349.98	3112.34
1351.56	3108.51
1353.15	3103.97
1354.73	3097.69
1356.32	3091.42
1357.90	3086.18
1359.49	3086.18
1361.07	3088.62
1362.66	3085.14
1364.24	3086.88
1365.82	3087.23
1367.41	3085.14
1368.99	3076.42
1370.57	3072.58
1372.16	3074.67
1373.74	3079.21
1375.32	3077.46
1376.91	3068.74
1378.49	3054.44
1380.07	3039.79
1381.65	3028.98
1383.23	3024.79
1384.81	3021.66
1386.39	3024.45
1387.97	3023.40
1389.55	3020.61
1391.14	3008.40
1392.72	3001.08
1394.29	2997.94
1395.87	2997.59
1397.45	2994.45
1399.03	2988.87
1400.61	2983.64
1402.19	2975.96
1403.77	2977.01
1405.35	2975.61
1406.92	2975.26
1408.50	2970.03
1410.08	2965.50
1411.66	2961.66
1413.23	2958.17
1414.81	2952.24
1416.39	2955.03
1417.96	2951.20
1419.54	2957.13
1421.12	2956.78
1422.69	2954.34
1424.27	2955.38
1425.84	2951.55
1427.42	2957.13
1428.99	2953.99
1430.57	2954.69
1432.14	2951.90
1433.71	2953.29
1435.29	2953.29
1436.86	2953.99
1438.43	2950.50
1440.01	2890.16
1441.58	2886.67
1443.15	2886.67
1444.72	2945.27
1446.30	2951.20
1447.87	2949.10
1449.44	2946.31
1451.01	2944.22
1452.58	2950.50
1454.15	2951.90
1455.72	2948.76
1457.29	2946.66
1458.86	2947.36
1460.43	2955.73
1462.00	2957.13
1463.57	2959.92
1465.14	2954.34
1466.71	2955.38
1468.28	2958.52
1469.85	2962.36
1471.41	2958.87
1472.98	2960.62
1474.55	2956.08
1476.12	2957.82
1477.68	2957.82
1479.25	2960.27
1480.82	2963.06
1482.38	2958.17
1483.95	2960.62
1485.51	2967.24
1487.08	2970.03
1488.64	2972.13
1490.21	2963.75
1491.77	2968.29
1493.34	2963.41
1494.90	2965.15
1496.46	2965.85
1498.03	2971.08
1499.59	2974.57
1501.15	2973.87
1502.72	2972.82
1504.28	2973.87
1505.84	2971.78
1507.40	2977.01
1508.97	2979.10
1510.53	2985.73
1512.09	2987.47
1513.65	2988.17
1515.21	2985.03
1516.77	2986.43
1518.33	2986.08
1519.89	2987.47
1521.45	2986.08
1523.01	2990.26
1524.57	2991.66
1526.13	2992.36
1527.68	2995.15
1529.24	2997.59
1530.80	3000.38
1532.36	2994.80
1533.92	2989.22
1535.47	2984.33
1537.03	2987.12
1538.59	2991.66
1540.14	2990.61
1541.70	2994.80
1543.25	2999.68
1544.81	3008.75
1546.36	3001.42
1547.92	2999.68
1549.47	2996.54
1551.03	2999.68
1552.58	2998.98
1554.13	3000.73
1555.69	3000.03
1557.24	2998.29
1558.79	2995.15
1560.35	2997.94
1561.90	2997.59
1563.45	2996.89
1565.00	2995.84
1566.55	2996.19
1568.10	2995.15
1569.66	2995.84
1571.21	2997.24
1572.76	2997.59
1574.31	2995.15
1575.86	2991.66
1577.40	2991.66
1578.95	2993.40
1580.50	2990.61
1582.05	2989.91
1583.60	2981.89
1585.15	2981.89
1586.69	2981.89
1588.24	2988.17
1589.79	2986.78
1591.34	2989.57
1592.88	2983.29
1594.43	2988.52
1595.97	2981.54
1597.52	2982.94
1599.06	2980.85
1600.61	2988.52
1602.15	2988.52
1603.70	2987.47
1605.24	2978.75
1606.79	2974.57
1608.33	2969.34
1609.87	2971.08
1611.41	2976.66
1612.96	2975.61
1614.50	2971.08
1616.04	2967.59
1617.58	2968.64
1619.12	2970.03
1620.67	2960.27
1622.21	2959.22
1623.75	2952.24
1625.29	2954.34
1626.83	2956.43
1628.37	2956.78
1629.90	2953.99
1631.44	2945.27
1632.98	2938.29
1634.52	2933.06
1636.06	2933.41
1637.59	2930.97
1639.13	2928.87
1640.67	2917.71
1642.21	2913.53
1643.74	2899.92
1645.28	2887.02
1646.81	2877.95
1648.35	2864.35
1649.88	2861.21
1651.42	2846.56
1652.95	2851.79
1654.49	2839.93
1656.02	2838.19
1657.55	2823.54
1659.09	2823.89
1660.62	2814.47
1662.15	2817.61
1663.68	2807.84
1665.22	2804.00
1666.75	2794.94
1668.28	2798.07
1669.81	2796.33
1671.34	2797.38
1672.87	2794.59
1674.40	2792.14
1675.93	2784.47
1677.46	2776.80
1678.99	2772.96
1680.52	2777.84
1682.04	2774.70
1683.57	2776.80
1685.10	2767.73
1686.63	2769.47
1688.15	2762.50
1689.68	2764.59
1691.21	2761.80
1692.73	2767.03
1694.26	2761.80
1695.78	2759.01
1697.31	2748.89
1698.83	2751.34
1700.36	2747.85
1701.88	2754.13
1703.40	2749.24
1704.93	2749.24
1706.45	2744.71
