896.35	2925.74
897.98	2918.41
899.60	2921.55
901.22	2927.83
902.85	2928.87
904.47	2932.01
906.10	2933.41
907.72	2941.08
909.34	2943.52
910.97	2954.34
912.59	2964.10
914.21	2977.71
915.84	2993.75
917.46	3010.49
919.08	3021.66
920.71	3037.00
922.33	3042.93
923.95	3059.33
925.58	3058.63
927.20	3064.21
928.82	3065.60
930.44	3073.98
932.07	3073.98
933.69	3074.67
935.31	3075.37
936.93	3083.74
938.56	3086.18
940.18	3091.07
941.80	3093.51
943.42	3102.58
945.05	3102.58
946.67	3108.16
948.29	3099.44
949.91	3107.46
951.53	3109.20
953.16	3119.32
954.78	3113.04
956.40	3109.90
958.02	3103.27
959.64	3108.51
961.26	3109.20
962.88	3111.65
964.51	3112.69
966.13	3118.27
967.75	3117.23
969.37	3119.67
970.99	3115.83
972.61	3122.46
974.23	3118.62
975.85	3123.85
977.47	3121.41
979.09	3122.46
980.71	3120.37
982.33	3125.95
983.95	3130.83
985.57	3131.88
987.19	3132.92
988.81	3135.02
990.43	3133.27
992.05	3135.71
993.67	3132.22
995.29	3135.71
996.91	3139.20
998.53	3149.66
1000.15	3158.73
1001.77	3159.08
1003.39	3155.94
1005.01	3158.73
1006.63	3159.08
1008.25	3165.36
1009.86	3161.52
1011.48	3165.71
1013.10	3167.45
1014.72	3175.13
1016.34	3185.59
1017.96	3189.08
1019.58	3186.99
1021.19	3181.41
1022.81	3182.10
1024.43	3189.78
1026.05	3193.96
1027.66	3198.15
1029.28	3192.92
1030.90	3188.73
1032.52	3185.59
1034.13	3193.61
1035.75	3197.10
1037.37	3204.43
1038.98	3200.94
1040.60	3201.29
1042.22	3196.06
1043.83	3204.43
1045.45	3207.22
1047.07	3213.84
1048.68	3206.17
1050.30	3207.91
1051.92	3203.73
1053.53	3209.31
1055.15	3204.43
1056.76	3209.66
1058.38	3209.66
1059.99	3217.33
1061.61	3209.31
1063.22	3209.31
1064.84	3201.29
1066.46	3202.68
1068.07	3199.19
1069.68	3206.87
1071.30	3207.57
1072.91	3209.31
1074.53	3208.61
1076.14	3209.31
1077.76	3209.66
1079.37	3200.94
1080.98	3200.24
1082.60	3199.19
1084.21	3202.68
1085.83	3205.47
1087.44	3199.54
1089.05	3197.45
1090.67	3190.47
1092.28	3196.75
1093.89	3199.54
1095.50	3201.64
1097.12	3200.59
1098.73	3193.61
1100.34	3193.61
1101.95	3192.22
1103.57	3195.36
1105.18	3195.36
1106.79	3195.36
1108.40	3199.19
1110.01	3200.94
1111.63	3203.38
1113.24	3203.38
1114.85	3205.82
1116.46	3207.91
1118.07	3210.01
1119.68	3211.40
1121.29	3205.47
1122.90	3200.59
1124.51	3201.29
1126.12	3205.82
1127.73	3212.10
1129.34	3212.10
1130.95	3216.29
1132.56	3207.57
1134.17	3201.29
1135.78	3197.10
1137.39	3202.68
1139.00	3204.78
1140.61	3208.96
1142.22	3211.05
1143.83	3214.54
1145.44	3211.75
1147.05	3214.89
1148.65	3208.61
1150.26	3206.52
1151.87	3203.38
1153.48	3209.66
1155.09	3210.36
1156.69	3208.26
1158.30	3206.87
1159.91	3211.05
1161.52	3215.59
1163.12	3216.29
1164.73	3215.94
1166.34	3215.24
1167.94	3215.94
1169.55	3215.24
1171.16	3218.38
1172.76	3220.12
1174.37	3221.17
1175.97	3217.68
1177.58	3221.17
1179.19	3218.38
1180.79	3222.22
1182.40	3220.47
1184.00	3225.70
1185.61	3228.84
1187.21	3226.05
1188.82	3225.01
1190.42	3219.42
1192.02	3220.12
1193.63	3219.42
1195.23	3223.96
1196.84	3228.14
1198.44	3232.33
1200.04	3231.98
1201.65	3231.28
1203.25	3231.28
1204.85	3226.05
1206.46	3226.40
1208.06	3223.26
1209.66	3227.80
1211.26	3233.73
1212.87	3232.33
1214.47	3233.38
1216.07	3226.75
1217.67	3229.19
1219.27	3227.80
1220.87	3229.89
1222.48	3225.35
1224.08	3226.75
1225.68	3225.70
1227.28	3227.80
1228.88	3227.80
1230.48	3222.22
1232.08	3224.66
1233.68	3228.14
1235.28	3230.59
1236.88	3227.80
1238.48	3230.94
1240.08	3232.68
1241.68	3235.47
1243.28	3227.45
1244.87	3225.35
1246.47	3219.77
1248.07	3216.63
1249.67	3221.52
1251.27	3220.12
1252.87	3219.08
1254.46	3211.75
1256.06	3217.33
1257.66	3215.24
1259.26	3217.68
1260.85	3213.50
1262.45	3218.73
1264.05	3216.29
1265.64	3219.08
1267.24	3216.63
1268.83	3216.29
1270.43	3216.98
1272.03	3218.03
1273.62	3214.54
1275.22	3213.15
1276.81	3208.26
1278.41	3213.50
1280.00	3207.91
1281.60	3209.66
1283.19	3208.61
1284.79	3209.31
1286.38	3210.36
1287.97	3210.01
1289.57	3209.31
1291.16	3205.47
1292.75	3206.52
1294.35	3206.52
1295.94	3207.91
1297.53	3203.38
1299.12	3206.87
1300.72	3205.12
1302.31	3209.31
1303.90	3211.75
1305.49	3208.61
1307.08	3200.24
1308.68	3192.22
1310.27	3195.36
1311.86	3198.85
1313.45	3198.85
1315.04	3197.80
1316.63	3193.61
1318.22	3190.47
1319.81	3190.47
1321.40	3194.66
1322.99	3191.52
1324.58	3185.24
1326.17	3178.62
1327.75	3178.62
1329.34	3178.96
1330.93	3178.96
1332.52	3179.66
1334.11	3180.01
1335.70	3174.43
1337.28	3173.38
1338.87	3171.64
1340.46	3173.03
1342.05	3170.94
1343.63	3165.36
1345.22	3166.41
1346.81	3161.18
1348.39	3161.87
1349.98	3154.55
1351.56	3151.76
1353.15	3149.32
1354.73	3144.43
1356.32	3140.60
1357.90	3138.50
1359.49	3137.81
1361.07	3134.67
1362.66	3128.39
1364.24	3127.69
1365.82	3129.78
1367.41	3124.90
1368.99	3117.23
1370.57	3113.74
1372.16	3114.78
1373.74	3118.27
1375.32	3115.13
1376.91	3108.16
1378.49	3094.90
1380.07	3082.00
1381.65	3071.18
1383.23	3066.30
1384.81	3060.02
1386.39	3060.02
1387.97	3056.54
1389.55	3055.14
1391.14	3045.37
1392.72	3041.19
1394.29	3033.17
1395.87	3028.63
1397.45	3023.75
1399.03	3020.96
1400.61	3015.03
1402.19	3003.87
1403.77	3001.42
1405.35	2998.63
1406.92	2999.68
1408.50	2994.80
1410.08	2993.05
1411.66	2989.57
1413.23	2989.57
1414.81	2983.29
1416.39	2983.98
1417.96	2977.01
1419.54	2978.75
1421.12	2978.40
1422.69	2976.31
1424.27	2977.36
1425.84	2973.17
1427.42	2974.57
1428.99	2972.13
1430.57	2970.03
1432.14	2967.59
1433.71	2972.13
1435.29	2973.87
1436.86	2975.26
1438.43	2968.64
1440.01	2908.99
1441.58	2908.64
1443.15	2910.39
1444.72	2968.29
1446.30	2970.73
1447.87	2968.29
1449.44	2964.80
1451.01	2965.85
1452.58	2968.99
1454.15	2971.08
1455.72	2967.94
1457.29	2969.34
1458.86	2969.34
1460.43	2975.26
1462.00	2972.13
1463.57	2974.22
1465.14	2967.24
1466.71	2966.54
1468.28	2967.94
1469.85	2973.17
1471.41	2977.36
1472.98	2981.54
1474.55	2976.66
1476.12	2974.92
1477.68	2975.26
1479.25	2981.54
1480.82	2987.12
1482.38	2982.24
1483.95	2982.59
1485.51	2985.38
1487.08	2992.70
1488.64	2995.15
1490.21	2992.01
1491.77	2997.59
1493.34	2994.10
1494.90	2994.45
1496.46	2991.66
1498.03	2996.19
1499.59	3000.73
1501.15	3001.08
1502.72	3003.87
1504.28	3004.56
1505.84	3001.08
1507.40	3005.96
1508.97	3006.66
1510.53	3015.73
1512.09	3015.38
1513.65	3018.86
1515.21	3016.07
1516.77	3018.86
1518.33	3019.91
1519.89	3022.70
1521.45	3020.96
1523.01	3024.10
1524.57	3024.79
1526.13	3028.28
1527.68	3031.77
1529.24	3034.91
1530.80	3034.91
1532.36	3032.82
1533.92	3026.54
1535.47	3024.45
1537.03	3023.05
1538.59	3028.63
1540.14	3025.49
1541.70	3029.68
1543.25	3032.47
1544.81	3040.14
1546.36	3034.91
1547.92	3034.91
1549.47	3032.82
1551.03	3033.86
1552.58	3030.38
1554.13	3030.72
1555.69	3030.72
1557.24	3028.28
1558.79	3023.40
1560.35	3026.89
1561.90	3027.93
1563.45	3033.17
1565.00	3029.68
1566.55	3031.77
1568.10	3026.19
1569.66	3027.93
1571.21	3031.42
1572.76	3035.96
1574.31	3034.21
1575.86	3028.63
1577.40	3023.40
1578.95	3022.70
1580.50	3019.21
1582.05	3022.00
1583.60	3019.56
1585.15	3021.66
1586.69	3020.61
1588.24	3023.75
1589.79	3021.31
1591.34	3025.14
1592.88	3017.12
1594.43	3021.31
1595.97	3017.12
1597.52	3022.35
1599.06	3017.12
1600.61	3020.61
1602.15	3019.91
1603.70	3024.45
1605.24	3017.47
1606.79	3014.33
1608.33	3009.45
1609.87	3011.54
1611.41	3013.98
1612.96	3013.28
1614.50	3005.96
1616.04	3003.87
1617.58	3001.77
1619.12	3007.35
1620.67	2999.68
1622.21	3000.73
1623.75	2993.75
1625.29	2994.10
1626.83	2994.80
1628.37	2989.22
1629.90	2983.64
1631.44	2974.92
1632.98	2970.03
1634.52	2966.54
1636.06	2963.75
1637.59	2958.87
1639.13	2952.59
1640.67	2938.29
1642.21	2928.53
1643.74	2914.92
1645.28	2900.62
1646.81	2895.04
1648.35	2882.48
1649.88	2878.65
1651.42	2862.25
1652.95	2861.56
1654.49	2849.35
1656.02	2845.51
1657.55	2830.51
1659.09	2831.56
1660.62	2823.19
1662.15	2823.54
1663.68	2813.77
1665.22	2812.72
1666.75	2806.10
1668.28	2806.79
1669.81	2801.56
1671.34	2800.52
1672.87	2798.42
1674.40	2797.73
1675.93	2793.89
1677.46	2784.47
1678.99	2778.54
1680.52	2781.33
1682.04	2780.29
1683.57	2782.73
1685.10	2775.05
1686.63	2775.75
1688.15	2768.78
1689.68	2766.33
1691.21	2760.75
1692.73	2763.89
1694.26	2765.98
1695.78	2767.73
1697.31	2760.75
1698.83	2755.87
1700.36	2747.50
1701.88	2753.43
1703.40	2751.68
1704.93	2755.17
1706.45	2749.94
