896.35	2923.64
897.98	2920.85
899.60	2927.83
901.22	2934.80
902.85	2937.25
904.47	2941.43
906.10	2946.31
907.72	2954.34
909.34	2957.48
910.97	2970.03
912.59	2978.06
914.21	2986.08
915.84	2996.54
917.46	3012.59
919.08	3026.54
920.71	3039.79
922.33	3047.47
923.95	3068.05
925.58	3070.84
927.20	3080.60
928.82	3079.90
930.44	3086.88
932.07	3080.95
933.69	3078.86
935.31	3081.65
936.93	3090.37
938.56	3093.16
940.18	3094.90
941.80	3098.74
943.42	3108.51
945.05	3110.95
946.67	3119.32
948.29	3110.95
949.91	3119.32
951.53	3119.32
953.16	3128.74
954.78	3122.81
956.40	3121.76
958.02	3118.97
959.64	3125.95
961.26	3125.25
962.88	3126.30
964.51	3126.64
966.13	3131.88
967.75	3130.48
969.37	3132.92
970.99	3127.34
972.61	3133.62
974.23	3126.64
975.85	3128.74
977.47	3125.60
979.09	3130.13
980.71	3130.48
982.33	3138.85
983.95	3144.08
985.57	3147.57
987.19	3147.57
988.81	3148.62
990.43	3147.22
992.05	3152.46
993.67	3152.80
995.29	3156.99
996.91	3154.20
998.53	3158.38
1000.15	3163.97
1001.77	3167.45
1003.39	3168.85
1005.01	3173.38
1006.63	3175.48
1008.25	3178.27
1009.86	3175.82
1011.48	3176.87
1013.10	3179.66
1014.72	3186.64
1016.34	3197.45
1017.96	3199.89
1019.58	3197.80
1021.19	3192.92
1022.81	3196.06
1024.43	3202.68
1026.05	3207.91
1027.66	3208.61
1029.28	3207.22
1030.90	3205.12
1032.52	3204.78
1034.13	3213.84
1035.75	3217.33
1037.37	3228.14
1038.98	3220.82
1040.60	3219.77
1042.22	3212.10
1043.83	3218.38
1045.45	3219.08
1047.07	3226.40
1048.68	3221.87
1050.30	3225.01
1051.92	3218.73
1053.53	3225.01
1055.15	3223.26
1056.76	3229.89
1058.38	3226.40
1059.99	3227.80
1061.61	3217.33
1063.22	3221.17
1064.84	3217.68
1066.46	3222.91
1068.07	3216.98
1069.68	3223.61
1071.30	3223.96
1072.91	3227.45
1074.53	3226.40
1076.14	3225.35
1077.76	3226.75
1079.37	3217.33
1080.98	3215.24
1082.60	3215.24
1084.21	3216.98
1085.83	3221.87
1087.44	3215.24
1089.05	3217.33
1090.67	3211.40
1092.28	3215.59
1093.89	3218.38
1095.50	3220.47
1097.12	3220.12
1098.73	3213.84
1100.34	3214.54
1101.95	3215.94
1103.57	3215.24
1105.18	3212.10
1106.79	3206.52
1108.40	3212.10
1110.01	3215.94
1111.63	3224.66
1113.24	3228.14
1114.85	3230.24
1116.46	3228.49
1118.07	3225.70
1119.68	3225.01
1121.29	3222.91
1122.90	3223.26
1124.51	3226.05
1126.12	3228.14
1127.73	3232.33
1129.34	3234.77
1130.95	3241.75
1132.56	3234.77
1134.17	3229.54
1135.78	3225.01
1137.39	3230.24
1139.00	3226.40
1140.61	3226.05
1142.22	3226.75
1143.83	3233.03
1145.44	3230.94
1147.05	3236.52
1148.65	3235.82
1150.26	3235.12
1151.87	3229.19
1153.48	3234.77
1155.09	3237.56
1156.69	3236.86
1158.30	3230.59
1159.91	3233.03
1161.52	3233.73
1163.12	3234.42
1164.73	3236.86
1166.34	3240.70
1167.94	3245.24
1169.55	3247.68
1171.16	3249.77
1172.76	3253.61
1174.37	3251.51
1175.97	3249.77
1177.58	3252.21
1179.19	3250.47
1180.79	3253.26
1182.40	3250.47
1184.00	3253.26
1185.61	3256.05
1187.21	3253.61
1188.82	3256.40
1190.42	3256.75
1192.02	3259.19
1193.63	3256.40
1195.23	3257.10
1196.84	3258.84
1198.44	3265.12
1200.04	3264.07
1201.65	3265.12
1203.25	3261.63
1204.85	3258.49
1206.46	3256.05
1208.06	3255.70
1209.66	3261.28
1211.26	3268.95
1212.87	3265.12
1214.47	3267.91
1216.07	3264.42
1217.67	3270.35
1219.27	3264.77
1220.87	3265.47
1222.48	3257.44
1224.08	3260.93
1225.68	3259.89
1227.28	3264.42
1228.88	3265.12
1230.48	3261.98
1232.08	3261.63
1233.68	3261.63
1235.28	3260.58
1236.88	3259.19
1238.48	3262.68
1240.08	3260.23
1241.68	3260.93
1243.28	3253.96
1244.87	3257.10
1246.47	3255.35
1248.07	3251.17
1249.67	3254.65
1251.27	3250.47
1252.87	3246.98
1254.46	3235.82
1256.06	3241.05
1257.66	3241.05
1259.26	3247.68
1260.85	3246.98
1262.45	3254.30
1264.05	3250.12
1265.64	3249.42
1267.24	3244.19
1268.83	3247.68
1270.43	3250.82
1272.03	3252.21
1273.62	3245.93
1275.22	3249.07
1276.81	3245.58
1278.41	3253.61
1280.00	3247.68
1281.60	3246.98
1283.19	3242.45
1284.79	3239.66
1286.38	3246.28
1287.97	3247.33
1289.57	3246.98
1291.16	3237.21
1292.75	3237.21
1294.35	3237.21
1295.94	3244.19
1297.53	3240.35
1299.12	3244.19
1300.72	3236.52
1302.31	3240.00
1303.90	3238.26
1305.49	3240.35
1307.08	3233.03
1308.68	3226.75
1310.27	3228.14
1311.86	3228.84
1313.45	3228.49
1315.04	3228.49
1316.63	3228.84
1318.22	3227.80
1319.81	3227.80
1321.40	3230.24
1322.99	3228.84
1324.58	3225.70
1326.17	3220.82
1327.75	3220.47
1329.34	3220.12
1330.93	3218.03
1332.52	3217.68
1334.11	3213.50
1335.70	3210.70
1337.28	3209.31
1338.87	3213.15
1340.46	3215.24
1342.05	3215.24
1343.63	3208.96
1345.22	3211.05
1346.81	3209.31
1348.39	3212.10
1349.98	3206.52
1351.56	3202.33
1353.15	3197.45
1354.73	3189.43
1356.32	3180.01
1357.90	3174.43
1359.49	3172.69
1361.07	3173.38
1362.66	3169.90
1364.24	3169.55
1365.82	3171.64
1367.41	3169.55
1368.99	3163.97
1370.57	3161.87
1372.16	3162.92
1373.74	3168.85
1375.32	3165.36
1376.91	3155.59
1378.49	3138.85
1380.07	3124.90
1381.65	3111.65
1383.23	3108.16
1384.81	3105.72
1386.39	3111.30
1387.97	3109.20
1389.55	3108.51
1391.14	3099.09
1392.72	3093.16
1394.29	3087.58
1395.87	3085.49
1397.45	3083.39
1399.03	3079.90
1400.61	3074.32
1402.19	3065.26
1403.77	3064.56
1405.35	3062.46
1406.92	3063.51
1408.50	3054.44
1410.08	3050.95
1411.66	3048.86
1413.23	3050.95
1414.81	3046.42
1416.39	3048.51
1417.96	3044.33
1419.54	3048.86
1421.12	3049.21
1422.69	3046.77
1424.27	3045.02
1425.84	3038.75
1427.42	3040.49
1428.99	3042.23
1430.57	3044.33
1432.14	3043.98
1433.71	3047.82
1435.29	3050.26
1436.86	3053.05
1438.43	3046.77
1440.01	2983.64
1441.58	2980.85
1443.15	2984.68
1444.72	3043.28
1446.30	3049.21
1447.87	3046.77
1449.44	3043.28
1451.01	3041.19
1452.58	3042.23
1454.15	3046.77
1455.72	3041.19
1457.29	3042.93
1458.86	3040.14
1460.43	3049.21
1462.00	3047.47
1463.57	3051.30
1465.14	3044.68
1466.71	3045.72
1468.28	3045.72
1469.85	3049.91
1471.41	3048.86
1472.98	3054.44
1474.55	3049.56
1476.12	3048.86
1477.68	3045.02
1479.25	3047.82
1480.82	3054.09
1482.38	3050.95
1483.95	3053.05
1485.51	3057.58
1487.08	3065.26
1488.64	3069.79
1490.21	3062.12
1491.77	3064.21
1493.34	3056.19
1494.90	3056.19
1496.46	3054.09
1498.03	3061.07
1499.59	3066.65
1501.15	3069.09
1502.72	3067.70
1504.28	3064.91
1505.84	3060.72
1507.40	3064.56
1508.97	3067.70
1510.53	3076.07
1512.09	3077.81
1513.65	3078.51
1515.21	3071.88
1516.77	3071.18
1518.33	3069.44
1519.89	3073.28
1521.45	3073.63
1523.01	3078.86
1524.57	3081.65
1526.13	3084.09
1527.68	3088.28
1529.24	3088.28
1530.80	3090.72
1532.36	3084.79
1533.92	3081.30
1535.47	3079.56
1537.03	3082.35
1538.59	3087.23
1540.14	3084.79
1541.70	3088.97
1543.25	3088.28
1544.81	3092.11
1546.36	3086.88
1547.92	3089.67
1549.47	3085.14
1551.03	3083.39
1552.58	3079.90
1554.13	3083.39
1555.69	3085.49
1557.24	3085.83
1558.79	3083.39
1560.35	3085.49
1561.90	3083.04
1563.45	3083.74
1565.00	3081.30
1566.55	3081.65
1568.10	3078.51
1569.66	3078.16
1571.21	3078.86
1572.76	3082.70
1574.31	3080.25
1575.86	3077.11
1577.40	3074.32
1578.95	3077.11
1580.50	3074.32
1582.05	3072.93
1583.60	3067.35
1585.15	3067.35
1586.69	3068.05
1588.24	3071.18
1589.79	3071.18
1591.34	3071.88
1592.88	3063.86
1594.43	3067.35
1595.97	3062.12
1597.52	3066.65
1599.06	3059.33
1600.61	3065.26
1602.15	3062.81
1603.70	3067.00
1605.24	3060.37
1606.79	3056.19
1608.33	3049.91
1609.87	3048.51
1611.41	3054.09
1612.96	3054.44
1614.50	3050.61
1616.04	3047.82
1617.58	3046.07
1619.12	3048.51
1620.67	3038.05
1622.21	3040.14
1623.75	3033.86
1625.29	3038.40
1626.83	3038.40
1628.37	3036.65
1629.90	3030.72
1631.44	3023.40
1632.98	3015.38
1634.52	3009.80
1636.06	3004.56
1637.59	3000.03
1639.13	2993.40
1640.67	2977.36
1642.21	2965.50
1643.74	2948.76
1645.28	2932.71
1646.81	2924.69
1648.35	2908.99
1649.88	2902.02
1651.42	2881.79
1652.95	2880.74
1654.49	2866.79
1656.02	2861.56
1657.55	2843.77
1659.09	2839.23
1660.62	2829.12
1662.15	2830.86
1663.68	2824.23
1665.22	2823.19
1666.75	2816.21
1668.28	2818.30
1669.81	2814.12
1671.34	2812.38
1672.87	2810.63
1674.40	2806.45
1675.93	2798.07
1677.46	2785.17
1678.99	2781.68
1680.52	2785.87
1682.04	2785.17
1683.57	2784.47
1685.10	2777.15
1686.63	2777.84
1688.15	2773.66
1689.68	2770.17
1691.21	2767.38
1692.73	2769.82
1694.26	2773.66
1695.78	2774.36
1697.31	2769.47
1698.83	2766.33
1700.36	2758.66
1701.88	2760.06
1703.40	2755.17
1704.93	2757.96
1706.45	2757.26
