896.35	2765.64
897.98	2761.10
899.60	2763.54
901.22	2770.52
902.85	2768.43
904.47	2771.22
906.10	2765.29
907.72	2770.17
909.34	2769.82
910.97	2779.94
912.59	2778.54
914.21	2778.89
915.84	2776.45
917.46	2784.12
919.08	2784.47
920.71	2794.59
922.33	2791.10
923.95	2803.31
925.58	2797.38
927.20	2804.00
928.82	2800.52
930.44	2806.10
932.07	2796.33
933.69	2793.19
935.31	2789.70
936.93	2801.91
938.56	2801.56
940.18	2805.75
941.80	2804.70
943.42	2814.82
945.05	2809.93
946.67	2817.61
948.29	2806.45
949.91	2818.65
951.53	2814.82
953.16	2824.58
954.78	2815.51
956.40	2814.82
958.02	2809.58
959.64	2818.30
961.26	2816.21
962.88	2817.26
964.51	2815.17
966.13	2823.19
967.75	2820.05
969.37	2823.54
970.99	2816.21
972.61	2825.98
974.23	2819.70
975.85	2828.07
977.47	2823.19
979.09	2827.72
980.71	2821.10
982.33	2828.42
983.95	2831.21
985.57	2837.49
987.19	2837.49
988.81	2838.19
990.43	2831.56
992.05	2832.61
993.67	2827.02
995.29	2829.12
996.91	2828.77
998.53	2836.09
1000.15	2838.19
1001.77	2839.23
1003.39	2834.00
1005.01	2839.58
1006.63	2834.35
1008.25	2843.42
1009.86	2835.74
1011.48	2839.93
1013.10	2836.09
1014.72	2845.86
1016.34	2851.44
1017.96	2853.18
1019.58	2847.26
1021.19	2842.72
1022.81	2843.07
1024.43	2847.60
1026.05	2849.00
1027.66	2849.70
1029.28	2844.12
1030.90	2842.72
1032.52	2835.40
1034.13	2844.12
1035.75	2842.37
1037.37	2856.32
1038.98	2846.21
1040.60	2846.56
1042.22	2831.91
1043.83	2838.88
1045.45	2838.88
1047.07	2852.14
1048.68	2846.21
1050.30	2853.18
1051.92	2844.12
1053.53	2855.28
1055.15	2845.51
1056.76	2851.09
1058.38	2844.46
1059.99	2849.00
1061.61	2839.93
1063.22	2845.51
1064.84	2842.72
1066.46	2849.35
1068.07	2840.63
1069.68	2847.26
1071.30	2842.72
1072.91	2849.35
1074.53	2846.56
1076.14	2853.53
1077.76	2852.14
1079.37	2846.56
1080.98	2840.63
1082.60	2839.93
1084.21	2844.12
1085.83	2851.44
1087.44	2845.51
1089.05	2847.26
1090.67	2839.93
1092.28	2850.05
1093.89	2851.09
1095.50	2855.63
1097.12	2852.49
1098.73	2849.00
1100.34	2845.86
1101.95	2846.21
1103.57	2843.77
1105.18	2845.86
1106.79	2842.02
1108.40	2849.00
1110.01	2849.00
1111.63	2854.58
1113.24	2850.39
1114.85	2852.84
1116.46	2849.35
1118.07	2851.44
1119.68	2849.35
1121.29	2850.74
1122.90	2847.60
1124.51	2852.14
1126.12	2853.53
1127.73	2860.86
1129.34	2857.02
1130.95	2860.51
1132.56	2850.05
1134.17	2851.44
1135.78	2845.16
1137.39	2851.79
1139.00	2846.56
1140.61	2852.49
1142.22	2850.39
1143.83	2853.18
1145.44	2845.16
1147.05	2853.53
1148.65	2851.09
1150.26	2853.18
1151.87	2843.07
1153.48	2847.95
1155.09	2849.00
1156.69	2851.09
1158.30	2844.81
1159.91	2847.26
1161.52	2848.30
1163.12	2851.79
1164.73	2851.09
1166.34	2850.74
1167.94	2849.35
1169.55	2849.00
1171.16	2851.09
1172.76	2856.32
1174.37	2855.63
1175.97	2852.14
1177.58	2852.49
1179.19	2850.39
1180.79	2850.74
1182.40	2848.65
1184.00	2853.53
1185.61	2861.90
1187.21	2858.42
1188.82	2859.11
1190.42	2848.30
1192.02	2847.95
1193.63	2842.37
1195.23	2850.05
1196.84	2852.14
1198.44	2859.11
1200.04	2857.72
1201.65	2863.65
1203.25	2862.60
1204.85	2860.16
1206.46	2852.49
1208.06	2848.65
1209.66	2848.65
1211.26	2859.46
1212.87	2857.37
1214.47	2860.51
1216.07	2852.14
1217.67	2857.02
1219.27	2855.98
1220.87	2861.56
1222.48	2855.28
1224.08	2860.86
1225.68	2858.77
1227.28	2866.09
1228.88	2861.90
1230.48	2860.51
1232.08	2859.11
1233.68	2865.39
1235.28	2864.00
1236.88	2860.51
1238.48	2859.11
1240.08	2858.42
1241.68	2860.16
1243.28	2858.42
1244.87	2858.07
1246.47	2860.16
1248.07	2855.98
1249.67	2865.39
1251.27	2859.11
1252.87	2859.81
1254.46	2850.05
1256.06	2858.42
1257.66	2855.98
1259.26	2859.46
1260.85	2855.98
1262.45	2862.60
1264.05	2859.11
1265.64	2863.65
1267.24	2857.72
1268.83	2861.21
1270.43	2858.77
1272.03	2862.60
1273.62	2855.63
1275.22	2857.37
1276.81	2852.49
1278.41	2858.77
1280.00	2851.79
1281.60	2854.93
1283.19	2855.28
1284.79	2859.11
1286.38	2855.98
1287.97	2854.23
1289.57	2850.74
1291.16	2849.35
1292.75	2850.05
1294.35	2853.53
1295.94	2857.02
1297.53	2850.74
1299.12	2850.74
1300.72	2846.56
1302.31	2857.37
1303.90	2859.11
1305.49	2859.11
1307.08	2849.70
1308.68	2844.12
1310.27	2847.95
1311.86	2850.39
1313.45	2851.79
1315.04	2848.30
1316.63	2847.95
1318.22	2844.12
1319.81	2847.26
1321.40	2851.79
1322.99	2853.18
1324.58	2847.95
1326.17	2839.93
1327.75	2836.79
1329.34	2839.23
1330.93	2838.19
1332.52	2840.63
1334.11	2836.79
1335.70	2835.74
1337.28	2830.86
1338.87	2834.35
1340.46	2834.35
1342.05	2836.44
1343.63	2832.26
1345.22	2839.58
1346.81	2838.88
1348.39	2842.37
1349.98	2835.74
1351.56	2839.23
1353.15	2841.67
1354.73	2842.72
1356.32	2839.23
1357.90	2841.33
1359.49	2844.46
1361.07	2850.39
1362.66	2845.51
1364.24	2844.81
1365.82	2843.07
1367.41	2839.93
1368.99	2832.61
1370.57	2828.77
1372.16	2828.42
1373.74	2836.09
1375.32	2839.58
1376.91	2840.98
1378.49	2835.05
1380.07	2833.65
1381.65	2831.56
1383.23	2833.65
1384.81	2829.82
1386.39	2832.61
1387.97	2831.21
1389.55	2833.65
1391.14	2832.26
1392.72	2834.35
1394.29	2834.35
1395.87	2835.05
1397.45	2835.05
1399.03	2837.49
1400.61	2836.09
1402.19	2835.74
1403.77	2837.49
1405.35	2842.02
1406.92	2843.07
1408.50	2842.72
1410.08	2839.23
1411.66	2838.19
1413.23	2838.19
1414.81	2834.70
1416.39	2838.19
1417.96	2836.44
1419.54	2840.28
1421.12	2840.28
1422.69	2837.14
1424.27	2841.33
1425.84	2838.19
1427.42	2839.58
1428.99	2836.09
1430.57	2834.35
1432.14	2831.21
1433.71	2833.30
1435.29	2838.54
1436.86	2842.37
1438.43	2837.84
1440.01	2775.40
1441.58	2775.75
1443.15	2781.68
1444.72	2839.93
1446.30	2844.12
1447.87	2839.58
1449.44	2837.14
1451.01	2834.35
1452.58	2837.14
1454.15	2837.14
1455.72	2835.05
1457.29	2835.40
1458.86	2839.58
1460.43	2845.86
1462.00	2845.51
1463.57	2845.16
1465.14	2837.84
1466.71	2835.74
1468.28	2837.49
1469.85	2840.63
1471.41	2838.54
1472.98	2838.88
1474.55	2833.65
1476.12	2833.30
1477.68	2837.14
1479.25	2840.28
1480.82	2845.86
1482.38	2835.40
1483.95	2834.70
1485.51	2837.49
1487.08	2844.81
1488.64	2845.86
1490.21	2838.19
1491.77	2835.40
1493.34	2828.77
1494.90	2829.82
1496.46	2829.47
1498.03	2834.00
1499.59	2835.05
1501.15	2835.05
1502.72	2837.14
1504.28	2836.44
1505.84	2834.00
1507.40	2835.74
1508.97	2836.79
1510.53	2841.33
1512.09	2841.67
1513.65	2841.67
1515.21	2834.00
1516.77	2832.61
1518.33	2830.16
1519.89	2833.30
1521.45	2831.56
1523.01	2834.35
1524.57	2834.35
1526.13	2831.56
1527.68	2832.95
1529.24	2832.26
1530.80	2837.84
1532.36	2832.95
1533.92	2830.51
1535.47	2822.49
1537.03	2824.58
1538.59	2827.02
1540.14	2829.12
1541.70	2829.82
1543.25	2829.47
1544.81	2832.26
1546.36	2829.12
1547.92	2827.72
1549.47	2821.10
1551.03	2816.91
1552.58	2813.42
1554.13	2814.12
1555.69	2814.47
1557.24	2814.82
1558.79	2813.77
1560.35	2814.12
1561.90	2812.03
1563.45	2809.93
1565.00	2806.45
1566.55	2809.24
1568.10	2812.03
1569.66	2815.86
1571.21	2817.61
1572.76	2818.65
1574.31	2819.00
1575.86	2810.98
1577.40	2805.75
1578.95	2803.31
1580.50	2803.31
1582.05	2804.35
1583.60	2799.82
1585.15	2801.21
1586.69	2806.10
1588.24	2810.63
1589.79	2807.84
1591.34	2805.40
1592.88	2798.42
1594.43	2803.66
1595.97	2800.17
1597.52	2804.70
1599.06	2800.52
1600.61	2804.35
1602.15	2804.35
1603.70	2801.91
1605.24	2794.94
1606.79	2787.61
1608.33	2787.61
1609.87	2789.01
1611.41	2794.24
1612.96	2791.45
1614.50	2786.56
1616.04	2786.91
1617.58	2790.40
1619.12	2793.19
1620.67	2779.94
1622.21	2778.54
1623.75	2772.61
1625.29	2777.50
1626.83	2780.98
1628.37	2783.42
1629.90	2784.12
1631.44	2780.63
1632.98	2776.10
1634.52	2774.70
1636.06	2776.45
1637.59	2781.33
1639.13	2786.91
1640.67	2783.08
1642.21	2786.56
1643.74	2780.98
1645.28	2777.84
1646.81	2777.15
1648.35	2774.70
1649.88	2777.84
1651.42	2771.57
1652.95	2780.29
1654.49	2774.70
1656.02	2776.45
1657.55	2764.24
1659.09	2771.57
1660.62	2767.38
1662.15	2772.61
1663.68	2764.24
1665.22	2762.85
1666.75	2759.71
1668.28	2765.64
1669.81	2765.29
1671.34	2763.89
1672.87	2761.45
1674.40	2759.71
1675.93	2756.92
1677.46	2748.54
1678.99	2746.10
1680.52	2749.94
1682.04	2753.43
1683.57	2752.73
1685.10	2744.71
1686.63	2743.31
1688.15	2742.27
1689.68	2743.31
1691.21	2738.78
1692.73	2739.48
1694.26	2738.78
1695.78	2740.17
1697.31	2734.59
1698.83	2734.94
1700.36	2729.36
1701.88	2737.73
1703.40	2735.99
1704.93	2737.38
1706.45	2727.97
