896.35	2938.29
897.98	2941.08
899.60	2950.15
901.22	2958.87
902.85	2963.41
904.47	2968.99
906.10	2971.43
907.72	2976.66
909.34	2980.15
910.97	2992.36
912.59	3001.42
914.21	3013.28
915.84	3026.54
917.46	3048.16
919.08	3061.77
920.71	3076.07
922.33	3082.70
923.95	3103.97
925.58	3107.81
927.20	3116.88
928.82	3118.97
930.44	3128.74
932.07	3127.34
933.69	3122.81
935.31	3123.85
936.93	3130.13
938.56	3134.32
940.18	3137.11
941.80	3143.74
943.42	3154.55
945.05	3156.29
946.67	3159.78
948.29	3151.41
949.91	3159.08
951.53	3162.92
953.16	3170.59
954.78	3164.66
956.40	3161.18
958.02	3156.64
959.64	3161.52
961.26	3159.43
962.88	3159.43
964.51	3160.83
966.13	3166.76
967.75	3166.41
969.37	3168.15
970.99	3163.27
972.61	3169.20
974.23	3165.01
975.85	3171.64
977.47	3169.90
979.09	3170.94
980.71	3167.45
982.33	3173.73
983.95	3178.27
985.57	3182.45
987.19	3183.85
988.81	3183.85
990.43	3182.80
992.05	3189.08
993.67	3191.87
995.29	3193.96
996.91	3192.92
998.53	3198.15
1000.15	3204.78
1001.77	3205.82
1003.39	3203.03
1005.01	3207.22
1006.63	3210.01
1008.25	3222.91
1009.86	3223.26
1011.48	3222.22
1013.10	3219.77
1014.72	3223.61
1016.34	3237.21
1017.96	3240.00
1019.58	3238.61
1021.19	3233.38
1022.81	3236.86
1024.43	3243.84
1026.05	3245.93
1027.66	3246.98
1029.28	3246.28
1030.90	3246.98
1032.52	3244.89
1034.13	3249.07
1035.75	3252.56
1037.37	3263.02
1038.98	3262.33
1040.60	3259.89
1042.22	3250.82
1043.83	3252.91
1045.45	3257.44
1047.07	3267.56
1048.68	3266.16
1050.30	3266.16
1051.92	3257.79
1053.53	3260.58
1055.15	3257.44
1056.76	3265.47
1058.38	3268.26
1059.99	3271.40
1061.61	3265.82
1063.22	3267.56
1064.84	3268.26
1066.46	3269.65
1068.07	3263.37
1069.68	3264.07
1071.30	3264.07
1072.91	3261.28
1074.53	3260.58
1076.14	3260.58
1077.76	3267.56
1079.37	3258.14
1080.98	3257.79
1082.60	3256.75
1084.21	3264.42
1085.83	3266.51
1087.44	3257.79
1089.05	3254.30
1090.67	3248.72
1092.28	3258.14
1093.89	3262.68
1095.50	3264.42
1097.12	3261.63
1098.73	3255.00
1100.34	3256.40
1101.95	3258.49
1103.57	3260.58
1105.18	3258.49
1106.79	3253.61
1108.40	3258.14
1110.01	3261.98
1111.63	3266.86
1113.24	3267.56
1114.85	3266.16
1116.46	3264.77
1118.07	3260.58
1119.68	3265.12
1121.29	3262.68
1122.90	3263.72
1124.51	3262.68
1126.12	3265.82
1127.73	3274.19
1129.34	3278.02
1130.95	3286.05
1132.56	3275.93
1134.17	3273.14
1135.78	3267.21
1137.39	3274.54
1139.00	3273.49
1140.61	3278.37
1142.22	3277.33
1143.83	3277.33
1145.44	3273.14
1147.05	3277.33
1148.65	3275.58
1150.26	3272.79
1151.87	3269.65
1153.48	3274.54
1155.09	3275.93
1156.69	3271.40
1158.30	3263.37
1159.91	3267.56
1161.52	3274.54
1163.12	3281.86
1164.73	3289.18
1166.34	3287.79
1167.94	3290.93
1169.55	3284.65
1171.16	3290.93
1172.76	3291.63
1174.37	3293.02
1175.97	3288.84
1177.58	3290.58
1179.19	3287.44
1180.79	3286.39
1182.40	3281.51
1184.00	3289.18
1185.61	3295.11
1187.21	3298.60
1188.82	3296.16
1190.42	3295.46
1192.02	3293.72
1193.63	3291.98
1195.23	3292.32
1196.84	3295.11
1198.44	3300.35
1200.04	3301.74
1201.65	3302.09
1203.25	3303.83
1204.85	3301.74
1206.46	3301.74
1208.06	3293.72
1209.66	3291.63
1211.26	3297.21
1212.87	3298.25
1214.47	3302.79
1216.07	3300.00
1217.67	3300.35
1219.27	3298.25
1220.87	3296.16
1222.48	3292.67
1224.08	3295.11
1225.68	3296.16
1227.28	3300.70
1228.88	3303.14
1230.48	3301.39
1232.08	3304.53
1233.68	3306.97
1235.28	3306.97
1236.88	3303.49
1238.48	3304.53
1240.08	3300.70
1241.68	3298.25
1243.28	3287.44
1244.87	3284.30
1246.47	3280.81
1248.07	3279.07
1249.67	3289.53
1251.27	3291.28
1252.87	3291.28
1254.46	3281.16
1256.06	3283.60
1257.66	3280.81
1259.26	3282.91
1260.85	3276.98
1262.45	3279.77
1264.05	3276.63
1265.64	3280.81
1267.24	3279.77
1268.83	3281.16
1270.43	3284.65
1272.03	3284.65
1273.62	3281.51
1275.22	3280.81
1276.81	3279.42
1278.41	3284.65
1280.00	3280.12
1281.60	3278.72
1283.19	3276.98
1284.79	3276.63
1286.38	3281.51
1287.97	3280.81
1289.57	3278.02
1291.16	3270.70
1292.75	3270.35
1294.35	3270.00
1295.94	3274.54
1297.53	3270.35
1299.12	3275.58
1300.72	3268.95
1302.31	3272.44
1303.90	3266.51
1305.49	3268.61
1307.08	3263.37
1308.68	3260.58
1310.27	3261.98
1311.86	3263.72
1313.45	3263.72
1315.04	3260.93
1316.63	3260.58
1318.22	3259.54
1319.81	3256.75
1321.40	3257.10
1322.99	3253.26
1324.58	3251.51
1326.17	3248.03
1327.75	3246.98
1329.34	3247.33
1330.93	3241.05
1332.52	3239.31
1334.11	3237.91
1335.70	3235.47
1337.28	3236.52
1338.87	3235.47
1340.46	3234.42
1342.05	3228.49
1343.63	3222.91
1345.22	3227.10
1346.81	3228.84
1348.39	3229.89
1349.98	3219.42
1351.56	3212.45
1353.15	3205.82
1354.73	3199.54
1356.32	3193.26
1357.90	3189.08
1359.49	3186.99
1361.07	3182.45
1362.66	3178.62
1364.24	3180.36
1365.82	3186.29
1367.41	3181.75
1368.99	3175.82
1370.57	3171.29
1372.16	3175.82
1373.74	3177.57
1375.32	3173.38
1376.91	3161.52
1378.49	3142.34
1380.07	3124.20
1381.65	3108.16
1383.23	3103.97
1384.81	3098.74
1386.39	3099.79
1387.97	3096.65
1389.55	3094.55
1391.14	3084.44
1392.72	3077.81
1394.29	3070.49
1395.87	3064.21
1397.45	3058.28
1399.03	3051.65
1400.61	3046.77
1402.19	3036.65
1403.77	3034.56
1405.35	3029.33
1406.92	3030.03
1408.50	3025.14
1410.08	3019.56
1411.66	3012.94
1413.23	3010.49
1414.81	3008.05
1416.39	3009.45
1417.96	3003.87
1419.54	3007.01
1421.12	3004.22
1422.69	3001.08
1424.27	2998.29
1425.84	2995.84
1427.42	2995.50
1428.99	2993.40
1430.57	2989.22
1432.14	2986.08
1433.71	2990.26
1435.29	2994.45
1436.86	2998.98
1438.43	2991.31
1440.01	2929.57
1441.58	2929.57
1443.15	2933.41
1444.72	2990.61
1446.30	2990.61
1447.87	2988.52
1449.44	2987.47
1451.01	2987.47
1452.58	2989.22
1454.15	2989.91
1455.72	2987.82
1457.29	2990.61
1458.86	2989.22
1460.43	2994.10
1462.00	2992.36
1463.57	3000.38
1465.14	2997.59
1466.71	2997.59
1468.28	2998.63
1469.85	3003.17
1471.41	3006.31
1472.98	3008.75
1474.55	3003.52
1476.12	3001.08
1477.68	3003.17
1479.25	3008.40
1480.82	3014.33
1482.38	3010.84
1483.95	3011.89
1485.51	3018.17
1487.08	3024.45
1488.64	3032.47
1490.21	3025.14
1491.77	3028.28
1493.34	3023.05
1494.90	3025.14
1496.46	3022.00
1498.03	3024.79
1499.59	3029.68
1501.15	3031.77
1502.72	3033.17
1504.28	3035.26
1505.84	3035.26
1507.40	3040.49
1508.97	3040.49
1510.53	3046.42
1512.09	3046.42
1513.65	3048.51
1515.21	3043.63
1516.77	3044.33
1518.33	3044.33
1519.89	3047.82
1521.45	3047.47
1523.01	3052.70
1524.57	3054.44
1526.13	3058.63
1527.68	3063.51
1529.24	3064.91
1530.80	3068.74
1532.36	3062.46
1533.92	3060.72
1535.47	3056.19
1537.03	3058.98
1538.59	3062.46
1540.14	3061.07
1541.70	3066.30
1543.25	3068.74
1544.81	3078.51
1546.36	3073.63
1547.92	3075.72
1549.47	3072.23
1551.03	3070.84
1552.58	3068.05
1554.13	3067.70
1555.69	3068.39
1557.24	3066.65
1558.79	3062.81
1560.35	3062.81
1561.90	3063.86
1563.45	3066.65
1565.00	3067.70
1566.55	3070.14
1568.10	3067.00
1569.66	3069.09
1571.21	3071.18
1572.76	3075.02
1574.31	3073.98
1575.86	3067.70
1577.40	3063.51
1578.95	3062.12
1580.50	3061.42
1582.05	3065.95
1583.60	3061.42
1585.15	3061.07
1586.69	3057.23
1588.24	3064.91
1589.79	3063.86
1591.34	3069.44
1592.88	3064.21
1594.43	3070.84
1595.97	3064.91
1597.52	3065.60
1599.06	3056.88
1600.61	3061.77
1602.15	3061.77
1603.70	3068.74
1605.24	3064.21
1606.79	3060.37
1608.33	3054.79
1609.87	3054.79
1611.41	3056.88
1612.96	3051.65
1614.50	3046.07
1616.04	3047.12
1617.58	3053.05
1619.12	3053.05
1620.67	3037.35
1622.21	3036.30
1623.75	3034.91
1625.29	3042.23
1626.83	3041.19
1628.37	3035.26
1629.90	3029.33
1631.44	3020.26
1632.98	3016.07
1634.52	3009.80
1636.06	3005.96
1637.59	2996.54
1639.13	2991.31
1640.67	2974.57
1642.21	2962.71
1643.74	2945.97
1645.28	2933.76
1646.81	2926.43
1648.35	2907.60
1649.88	2898.53
1651.42	2881.09
1652.95	2881.79
1654.49	2868.53
1656.02	2862.25
1657.55	2846.91
1659.09	2842.72
1660.62	2832.61
1662.15	2830.51
1663.68	2821.44
1665.22	2820.05
1666.75	2815.17
1668.28	2820.05
1669.81	2815.86
1671.34	2815.86
1672.87	2812.72
1674.40	2810.63
1675.93	2804.00
1677.46	2793.54
1678.99	2789.70
1680.52	2790.75
1682.04	2786.91
1683.57	2783.08
1685.10	2777.50
1686.63	2778.19
1688.15	2772.96
1689.68	2769.47
1691.21	2765.98
1692.73	2772.61
1694.26	2774.70
1695.78	2774.01
1697.31	2769.12
1698.83	2764.94
1700.36	2762.85
1701.88	2764.59
1703.40	2760.75
1704.93	2760.40
1706.45	2758.31
