896.35	2867.14
897.98	2858.07
899.60	2859.81
901.22	2864.70
902.85	2864.00
904.47	2867.14
906.10	2867.14
907.72	2873.07
909.34	2872.02
910.97	2883.88
912.59	2888.06
914.21	2899.23
915.84	2907.25
917.46	2922.25
919.08	2927.83
920.71	2937.94
922.33	2941.43
923.95	2955.38
925.58	2953.99
927.20	2956.43
928.82	2954.34
930.44	2962.36
932.07	2958.52
933.69	2957.82
935.31	2957.82
936.93	2969.34
938.56	2972.47
940.18	2974.57
941.80	2975.61
943.42	2985.03
945.05	2980.50
946.67	2984.68
948.29	2975.61
949.91	2991.31
951.53	2993.40
953.16	3003.17
954.78	2995.15
956.40	2993.40
958.02	2987.82
959.64	2994.10
961.26	2992.36
962.88	2995.15
964.51	2993.40
966.13	2999.33
967.75	2994.45
969.37	2999.33
970.99	2992.70
972.61	3000.38
974.23	2993.05
975.85	3001.77
977.47	2998.98
979.09	3002.12
980.71	2995.84
982.33	3004.56
983.95	3007.70
985.57	3013.98
987.19	3015.73
988.81	3020.26
990.43	3018.17
992.05	3018.86
993.67	3014.68
995.29	3014.33
996.91	3013.28
998.53	3019.21
1000.15	3026.54
1001.77	3027.58
1003.39	3024.10
1005.01	3027.93
1006.63	3027.24
1008.25	3034.91
1009.86	3031.42
1011.48	3034.21
1013.10	3033.86
1014.72	3041.54
1016.34	3050.26
1017.96	3052.00
1019.58	3046.07
1021.19	3040.14
1022.81	3040.14
1024.43	3048.86
1026.05	3053.40
1027.66	3055.14
1029.28	3049.56
1030.90	3046.07
1032.52	3042.93
1034.13	3049.91
1035.75	3050.26
1037.37	3063.51
1038.98	3058.98
1040.60	3061.42
1042.22	3050.95
1043.83	3058.98
1045.45	3060.37
1047.07	3069.09
1048.68	3063.16
1050.30	3067.35
1051.92	3061.07
1053.53	3068.05
1055.15	3061.77
1056.76	3067.35
1058.38	3064.56
1059.99	3068.39
1061.61	3058.63
1063.22	3059.33
1064.84	3056.19
1066.46	3062.12
1068.07	3058.28
1069.68	3069.79
1071.30	3069.44
1072.91	3070.49
1074.53	3064.91
1076.14	3066.65
1077.76	3067.00
1079.37	3058.63
1080.98	3056.54
1082.60	3059.33
1084.21	3062.46
1085.83	3068.74
1087.44	3061.42
1089.05	3063.86
1090.67	3055.49
1092.28	3058.63
1093.89	3058.28
1095.50	3061.07
1097.12	3063.51
1098.73	3059.33
1100.34	3057.93
1101.95	3060.37
1103.57	3060.72
1105.18	3059.67
1106.79	3053.05
1108.40	3057.23
1110.01	3059.33
1111.63	3064.91
1113.24	3065.60
1114.85	3068.05
1116.46	3069.09
1118.07	3069.44
1119.68	3070.84
1121.29	3069.44
1122.90	3066.30
1124.51	3068.05
1126.12	3070.49
1127.73	3078.16
1129.34	3077.11
1130.95	3077.81
1132.56	3065.60
1134.17	3062.81
1135.78	3057.58
1137.39	3065.60
1139.00	3064.21
1140.61	3071.18
1142.22	3071.53
1143.83	3076.07
1145.44	3069.09
1147.05	3076.07
1148.65	3069.79
1150.26	3073.28
1151.87	3068.05
1153.48	3076.42
1155.09	3072.93
1156.69	3069.44
1158.30	3065.60
1159.91	3071.88
1161.52	3076.07
1163.12	3076.42
1164.73	3077.11
1166.34	3078.51
1167.94	3080.95
1169.55	3082.35
1171.16	3083.39
1172.76	3079.90
1174.37	3075.02
1175.97	3068.39
1177.58	3076.77
1179.19	3077.11
1180.79	3080.25
1182.40	3074.32
1184.00	3078.51
1185.61	3083.39
1187.21	3082.00
1188.82	3079.56
1190.42	3077.11
1192.02	3080.25
1193.63	3082.70
1195.23	3086.88
1196.84	3089.32
1198.44	3093.86
1200.04	3091.42
1201.65	3091.76
1203.25	3089.32
1204.85	3086.18
1206.46	3080.60
1208.06	3076.42
1209.66	3077.46
1211.26	3086.88
1212.87	3085.14
1214.47	3089.32
1216.07	3084.44
1217.67	3088.62
1219.27	3086.53
1220.87	3087.58
1222.48	3080.95
1224.08	3082.35
1225.68	3080.95
1227.28	3086.53
1228.88	3085.83
1230.48	3084.09
1232.08	3084.44
1233.68	3088.97
1235.28	3089.32
1236.88	3090.02
1238.48	3091.07
1240.08	3088.97
1241.68	3087.23
1243.28	3078.16
1244.87	3077.46
1246.47	3076.42
1248.07	3077.46
1249.67	3086.18
1251.27	3083.04
1252.87	3080.95
1254.46	3071.18
1256.06	3074.32
1257.66	3072.23
1259.26	3078.51
1260.85	3076.07
1262.45	3083.39
1264.05	3078.16
1265.64	3082.00
1267.24	3077.81
1268.83	3080.25
1270.43	3082.00
1272.03	3083.04
1273.62	3077.11
1275.22	3076.07
1276.81	3071.88
1278.41	3082.00
1280.00	3078.16
1281.60	3078.86
1283.19	3074.32
1284.79	3075.37
1286.38	3079.56
1287.97	3077.81
1289.57	3072.93
1291.16	3068.39
1292.75	3070.14
1294.35	3073.98
1295.94	3076.77
1297.53	3070.84
1299.12	3073.63
1300.72	3070.14
1302.31	3076.07
1303.90	3073.98
1305.49	3073.98
1307.08	3067.70
1308.68	3063.16
1310.27	3064.56
1311.86	3065.26
1313.45	3067.35
1315.04	3065.95
1316.63	3065.95
1318.22	3061.77
1319.81	3062.81
1321.40	3065.60
1322.99	3065.95
1324.58	3059.67
1326.17	3054.09
1327.75	3051.65
1329.34	3050.26
1330.93	3046.77
1332.52	3047.12
1334.11	3049.21
1335.70	3047.82
1337.28	3046.07
1338.87	3046.77
1340.46	3046.42
1342.05	3045.02
1343.63	3039.10
1345.22	3043.98
1346.81	3044.68
1348.39	3046.07
1349.98	3039.79
1351.56	3035.61
1353.15	3034.91
1354.73	3033.17
1356.32	3030.03
1357.90	3026.89
1359.49	3022.70
1361.07	3019.21
1362.66	3013.63
1364.24	3014.68
1365.82	3018.86
1367.41	3016.77
1368.99	3011.19
1370.57	3009.45
1372.16	3012.24
1373.74	3015.38
1375.32	3013.28
1376.91	3007.70
1378.49	2996.54
1380.07	2989.57
1381.65	2981.54
1383.23	2979.10
1384.81	2972.13
1386.39	2972.47
1387.97	2970.38
1389.55	2966.89
1391.14	2960.27
1392.72	2958.17
1394.29	2956.43
1395.87	2953.29
1397.45	2948.76
1399.03	2947.01
1400.61	2943.18
1402.19	2935.85
1403.77	2934.11
1405.35	2935.50
1406.92	2938.99
1408.50	2936.90
1410.08	2932.36
1411.66	2930.62
1413.23	2929.92
1414.81	2924.69
1416.39	2924.34
1417.96	2921.55
1419.54	2926.43
1421.12	2926.43
1422.69	2920.50
1424.27	2919.46
1425.84	2915.97
1427.42	2921.55
1428.99	2923.64
1430.57	2921.20
1432.14	2915.97
1433.71	2918.41
1435.29	2925.04
1436.86	2927.83
1438.43	2921.20
1440.01	2858.07
1441.58	2857.72
1443.15	2863.65
1444.72	2923.64
1446.30	2927.13
1447.87	2920.50
1449.44	2914.57
1451.01	2913.88
1452.58	2917.71
1454.15	2920.85
1455.72	2919.11
1457.29	2921.20
1458.86	2920.85
1460.43	2925.39
1462.00	2922.94
1463.57	2925.39
1465.14	2920.50
1466.71	2921.20
1468.28	2925.74
1469.85	2930.62
1471.41	2929.22
1472.98	2928.87
1474.55	2922.25
1476.12	2921.90
1477.68	2922.94
1479.25	2927.48
1480.82	2935.50
1482.38	2929.92
1483.95	2933.41
1485.51	2935.15
1487.08	2942.48
1488.64	2943.52
1490.21	2935.50
1491.77	2937.59
1493.34	2934.80
1494.90	2939.69
1496.46	2939.69
1498.03	2943.18
1499.59	2944.57
1501.15	2942.48
1502.72	2941.78
1504.28	2940.38
1505.84	2938.29
1507.40	2940.38
1508.97	2942.48
1510.53	2948.76
1512.09	2951.90
1513.65	2954.69
1515.21	2951.55
1516.77	2950.50
1518.33	2946.31
1519.89	2948.06
1521.45	2946.66
1523.01	2952.24
1524.57	2952.59
1526.13	2953.29
1527.68	2957.48
1529.24	2957.48
1530.80	2960.62
1532.36	2954.34
1533.92	2952.59
1535.47	2947.71
1537.03	2949.10
1538.59	2949.80
1540.14	2950.50
1541.70	2952.59
1543.25	2954.34
1544.81	2957.13
1546.36	2952.59
1547.92	2954.69
1549.47	2952.59
1551.03	2950.85
1552.58	2948.06
1554.13	2950.50
1555.69	2952.24
1557.24	2950.50
1558.79	2944.22
1560.35	2945.27
1561.90	2945.62
1563.45	2949.80
1565.00	2948.41
1566.55	2947.71
1568.10	2942.83
1569.66	2945.62
1571.21	2949.80
1572.76	2952.24
1574.31	2950.15
1575.86	2943.18
1577.40	2939.34
1578.95	2936.20
1580.50	2934.46
1582.05	2937.59
1583.60	2934.46
1585.15	2936.55
1586.69	2936.20
1588.24	2942.13
1589.79	2941.78
1591.34	2942.48
1592.88	2934.80
1594.43	2936.55
1595.97	2930.62
1597.52	2934.80
1599.06	2931.32
1600.61	2939.34
1602.15	2937.59
1603.70	2936.90
1605.24	2931.32
1606.79	2928.53
1608.33	2928.18
1609.87	2927.13
1611.41	2929.92
1612.96	2929.92
1614.50	2928.18
1616.04	2929.57
1617.58	2928.18
1619.12	2929.22
1620.67	2915.97
1622.21	2915.27
1623.75	2908.64
1625.29	2908.99
1626.83	2909.69
1628.37	2907.25
1629.90	2907.95
1631.44	2903.41
1632.98	2901.32
1634.52	2898.18
1636.06	2896.44
1637.59	2894.69
1639.13	2895.04
1640.67	2887.02
1642.21	2882.48
1643.74	2867.49
1645.28	2856.67
1646.81	2850.39
1648.35	2844.12
1649.88	2840.28
1651.42	2828.07
1652.95	2831.21
1654.49	2820.05
1656.02	2818.30
1657.55	2803.31
1659.09	2806.45
1660.62	2799.47
1662.15	2802.96
1663.68	2794.94
1665.22	2791.80
1666.75	2786.91
1668.28	2794.59
1669.81	2794.94
1671.34	2791.45
1672.87	2786.22
1674.40	2783.42
1675.93	2778.89
1677.46	2769.47
1678.99	2763.54
1680.52	2770.52
1682.04	2770.52
1683.57	2773.66
1685.10	2764.59
1686.63	2763.19
1688.15	2756.57
1689.68	2755.17
1691.21	2754.47
1692.73	2759.01
1694.26	2759.71
1695.78	2758.66
1697.31	2752.38
1698.83	2751.68
1700.36	2745.75
1701.88	2750.64
1703.40	2745.41
1704.93	2747.50
1706.45	2744.71
