896.35	2874.46
897.98	2879.69
899.60	2893.30
901.22	2901.67
902.85	2894.34
904.47	2906.90
906.10	2910.04
907.72	2904.81
909.34	2913.18
910.97	2926.78
912.59	2944.57
914.21	2956.08
915.84	2971.78
917.46	2996.89
919.08	3022.00
920.71	3022.00
922.33	3043.98
923.95	3051.30
925.58	3072.23
927.20	3056.54
928.82	3082.70
930.44	3087.93
932.07	3084.79
933.69	3075.37
935.31	3086.88
936.93	3099.44
938.56	3092.11
940.18	3097.34
941.80	3090.02
943.42	3107.81
945.05	3126.64
946.67	3102.58
948.29	3120.37
949.91	3107.81
951.53	3125.60
953.16	3126.64
954.78	3122.46
956.40	3114.09
958.02	3126.64
959.64	3115.13
961.26	3110.95
962.88	3118.27
964.51	3119.32
966.13	3131.88
967.75	3131.88
969.37	3116.18
970.99	3119.32
972.61	3115.13
974.23	3120.37
975.85	3117.23
977.47	3117.23
979.09	3125.60
980.71	3119.32
982.33	3127.69
983.95	3141.29
985.57	3141.29
987.19	3127.69
988.81	3142.34
990.43	3138.15
992.05	3135.02
993.67	3152.80
995.29	3146.53
996.91	3146.53
998.53	3159.08
1000.15	3153.85
1001.77	3159.08
1003.39	3167.45
1005.01	3163.27
1006.63	3163.27
1008.25	3170.59
1009.86	3182.10
1011.48	3172.69
1013.10	3170.59
1014.72	3192.57
1016.34	3196.75
1017.96	3209.31
1019.58	3194.66
1021.19	3186.29
1022.81	3190.47
1024.43	3200.94
1026.05	3196.75
1027.66	3211.40
1029.28	3210.36
1030.90	3209.31
1032.52	3189.43
1034.13	3201.98
1035.75	3212.45
1037.37	3212.45
1038.98	3229.19
1040.60	3214.54
1042.22	3204.08
1043.83	3212.45
1045.45	3218.73
1047.07	3217.68
1048.68	3230.24
1050.30	3218.73
1051.92	3226.05
1053.53	3226.05
1055.15	3226.05
1056.76	3210.36
1058.38	3215.59
1059.99	3219.77
1061.61	3218.73
1063.22	3213.50
1064.84	3219.77
1066.46	3209.31
1068.07	3216.63
1069.68	3220.82
1071.30	3231.28
1072.91	3216.63
1074.53	3211.40
1076.14	3226.05
1077.76	3212.45
1079.37	3216.63
1080.98	3187.34
1082.60	3210.36
1084.21	3203.03
1085.83	3206.17
1087.44	3215.59
1089.05	3194.66
1090.67	3194.66
1092.28	3183.15
1093.89	3197.80
1095.50	3204.08
1097.12	3200.94
1098.73	3200.94
1100.34	3188.38
1101.95	3200.94
1103.57	3191.52
1105.18	3180.01
1106.79	3184.20
1108.40	3199.89
1110.01	3207.22
1111.63	3213.50
1113.24	3203.03
1114.85	3194.66
1116.46	3191.52
1118.07	3205.12
1119.68	3188.38
1121.29	3208.26
1122.90	3200.94
1124.51	3195.71
1126.12	3208.26
1127.73	3200.94
1129.34	3203.03
1130.95	3214.54
1132.56	3214.54
1134.17	3187.34
1135.78	3201.98
1137.39	3198.85
1139.00	3190.47
1140.61	3195.71
1142.22	3194.66
1143.83	3193.61
1145.44	3200.94
1147.05	3199.89
1148.65	3197.80
1150.26	3187.34
1151.87	3190.47
1153.48	3194.66
1155.09	3199.89
1156.69	3204.08
1158.30	3194.66
1159.91	3197.80
1161.52	3208.26
1163.12	3207.22
1164.73	3189.43
1166.34	3206.17
1167.94	3203.03
1169.55	3208.26
1171.16	3211.40
1172.76	3215.59
1174.37	3204.08
1175.97	3211.40
1177.58	3203.03
1179.19	3214.54
1180.79	3207.22
1182.40	3206.17
1184.00	3204.08
1185.61	3215.59
1187.21	3207.22
1188.82	3199.89
1190.42	3206.17
1192.02	3204.08
1193.63	3196.75
1195.23	3204.08
1196.84	3201.98
1198.44	3205.12
1200.04	3212.45
1201.65	3209.31
1203.25	3209.31
1204.85	3206.17
1206.46	3192.57
1208.06	3196.75
1209.66	3192.57
1211.26	3193.61
1212.87	3215.59
1214.47	3194.66
1216.07	3196.75
1217.67	3192.57
1219.27	3189.43
1220.87	3188.38
1222.48	3192.57
1224.08	3196.75
1225.68	3193.61
1227.28	3192.57
1228.88	3186.29
1230.48	3200.94
1232.08	3181.06
1233.68	3191.52
1235.28	3199.89
1236.88	3190.47
1238.48	3175.82
1240.08	3199.89
1241.68	3169.55
1243.28	3174.78
1244.87	3172.69
1246.47	3169.55
1248.07	3171.64
1249.67	3171.64
1251.27	3183.15
1252.87	3159.08
1254.46	3152.80
1256.06	3156.99
1257.66	3163.27
1259.26	3152.80
1260.85	3162.22
1262.45	3154.90
1264.05	3158.04
1265.64	3147.57
1267.24	3159.08
1268.83	3156.99
1270.43	3145.48
1272.03	3156.99
1273.62	3142.34
1275.22	3131.88
1276.81	3142.34
1278.41	3137.11
1280.00	3143.39
1281.60	3128.74
1283.19	3121.41
1284.79	3133.97
1286.38	3133.97
1287.97	3138.15
1289.57	3122.46
1291.16	3123.50
1292.75	3117.23
1294.35	3137.11
1295.94	3123.50
1297.53	3124.55
1299.12	3116.18
1300.72	3132.92
1302.31	3102.58
1303.90	3128.74
1305.49	3117.23
1307.08	3111.99
1308.68	3113.04
1310.27	3110.95
1311.86	3111.99
1313.45	3105.72
1315.04	3105.72
1316.63	3101.53
1318.22	3106.76
1319.81	3090.02
1321.40	3091.07
1322.99	3100.48
1324.58	3078.51
1326.17	3084.79
1327.75	3092.11
1329.34	3084.79
1330.93	3068.05
1332.52	3071.18
1334.11	3078.51
1335.70	3074.32
1337.28	3059.67
1338.87	3067.00
1340.46	3069.09
1342.05	3063.86
1343.63	3056.54
1345.22	3053.40
1346.81	3054.44
1348.39	3046.07
1349.98	3056.54
1351.56	3045.02
1353.15	3040.84
1354.73	3041.89
1356.32	3027.24
1357.90	3024.10
1359.49	3029.33
1361.07	3018.86
1362.66	3010.49
1364.24	3020.96
1365.82	3023.05
1367.41	3022.00
1368.99	2994.80
1370.57	2997.94
1372.16	3005.26
1373.74	3005.26
1375.32	3000.03
1376.91	2992.70
1378.49	2970.73
1380.07	2947.71
1381.65	2947.71
1383.23	2934.11
1384.81	2944.57
1386.39	2934.11
1387.97	2929.92
1389.55	2922.60
1391.14	2926.78
1392.72	2914.22
1394.29	2908.99
1395.87	2904.81
1397.45	2897.48
1399.03	2895.39
1400.61	2892.25
1402.19	2887.02
1403.77	2872.37
1405.35	2890.16
1406.92	2875.51
1408.50	2874.46
1410.08	2879.69
1411.66	2870.28
1413.23	2862.95
1414.81	2870.28
1416.39	2847.26
1417.96	2873.42
1419.54	2857.72
1421.12	2864.00
1422.69	2867.14
1424.27	2849.35
1425.84	2860.86
1427.42	2851.44
1428.99	2856.67
1430.57	2862.95
1432.14	2850.39
1433.71	2852.49
1435.29	2858.77
1436.86	2849.35
1438.43	2849.35
1440.01	2847.26
1441.58	2722.73
1443.15	2850.39
1444.72	2846.21
1446.30	2843.07
1447.87	2852.49
1449.44	2849.35
1451.01	2835.74
1452.58	2837.84
1454.15	2840.98
1455.72	2842.02
1457.29	2840.98
1458.86	2843.07
1460.43	2836.79
1462.00	2853.53
1463.57	2840.98
1465.14	2850.39
1466.71	2837.84
1468.28	2838.88
1469.85	2838.88
1471.41	2842.02
1472.98	2832.61
1474.55	2852.49
1476.12	2835.74
1477.68	2831.56
1479.25	2852.49
1480.82	2845.16
1482.38	2851.44
1483.95	2835.74
1485.51	2840.98
1487.08	2849.35
1488.64	2849.35
1490.21	2847.26
1491.77	2828.42
1493.34	2857.72
1494.90	2835.74
1496.46	2843.07
1498.03	2852.49
1499.59	2850.39
1501.15	2854.58
1502.72	2854.58
1504.28	2846.21
1505.84	2838.88
1507.40	2836.79
1508.97	2855.63
1510.53	2853.53
1512.09	2864.00
1513.65	2864.00
1515.21	2861.90
1516.77	2843.07
1518.33	2856.67
1519.89	2857.72
1521.45	2857.72
1523.01	2865.04
1524.57	2865.04
1526.13	2859.81
1527.68	2861.90
1529.24	2866.09
1530.80	2859.81
1532.36	2867.14
1533.92	2859.81
1535.47	2844.12
1537.03	2851.44
1538.59	2861.90
1540.14	2852.49
1541.70	2843.07
1543.25	2860.86
1544.81	2855.63
1546.36	2867.14
1547.92	2842.02
1549.47	2855.63
1551.03	2853.53
1552.58	2845.16
1554.13	2844.12
1555.69	2851.44
1557.24	2846.21
1558.79	2840.98
1560.35	2845.16
1561.90	2846.21
1563.45	2836.79
1565.00	2846.21
1566.55	2847.26
1568.10	2839.93
1569.66	2827.37
1571.21	2844.12
1572.76	2847.26
1574.31	2846.21
1575.86	2838.88
1577.40	2824.23
1578.95	2822.14
1580.50	2833.65
1582.05	2829.47
1583.60	2827.37
1585.15	2816.91
1586.69	2825.28
1588.24	2827.37
1589.79	2831.56
1591.34	2810.63
1592.88	2833.65
1594.43	2805.40
1595.97	2820.05
1597.52	2816.91
1599.06	2822.14
1600.61	2824.23
1602.15	2833.65
1603.70	2821.10
1605.24	2822.14
1606.79	2820.05
1608.33	2812.72
1609.87	2811.68
1611.41	2822.14
1612.96	2811.68
1614.50	2801.21
1616.04	2808.54
1617.58	2816.91
1619.12	2804.35
1620.67	2806.45
1622.21	2785.52
1623.75	2811.68
1625.29	2791.80
1626.83	2787.61
1628.37	2797.03
1629.90	2783.42
1631.44	2790.75
1632.98	2787.61
1634.52	2768.78
1636.06	2769.82
1637.59	2777.15
1639.13	2768.78
1640.67	2767.73
1642.21	2759.36
1643.74	2755.17
1645.28	2738.43
1646.81	2725.87
1648.35	2729.01
1649.88	2702.85
1651.42	2715.41
1652.95	2698.67
1654.49	2719.59
1656.02	2699.71
1657.55	2705.99
1659.09	2676.69
1660.62	2702.85
1662.15	2687.16
1663.68	2702.85
1665.22	2687.16
1666.75	2680.88
1668.28	2674.60
1669.81	2691.34
1671.34	2678.78
1672.87	2687.16
1674.40	2688.20
1675.93	2680.88
1677.46	2664.13
1678.99	2662.04
1680.52	2664.13
1682.04	2669.37
1683.57	2665.18
1685.10	2679.83
1686.63	2664.13
1688.15	2672.51
1689.68	2648.44
1691.21	2656.81
1692.73	2656.81
1694.26	2668.32
1695.78	2654.72
1697.31	2655.76
1698.83	2651.58
1700.36	2653.67
1701.88	2649.49
1703.40	2665.18
1704.93	2648.44
1706.45	2644.25
