896.35	3045.02
897.98	3054.44
899.60	3059.67
901.22	3092.11
902.85	3076.42
904.47	3094.21
906.10	3100.48
907.72	3107.81
909.34	3116.18
910.97	3141.29
912.59	3155.94
914.21	3200.94
915.84	3222.91
917.46	3282.56
919.08	3299.30
920.71	3316.04
922.33	3345.34
923.95	3365.22
925.58	3387.20
927.20	3386.15
928.82	3396.62
930.44	3426.96
932.07	3408.13
933.69	3409.17
935.31	3413.36
936.93	3439.52
938.56	3435.33
940.18	3458.35
941.80	3440.56
943.42	3467.77
945.05	3467.77
946.67	3466.72
948.29	3464.63
949.91	3464.63
951.53	3469.86
953.16	3482.42
954.78	3464.63
956.40	3466.72
958.02	3471.96
959.64	3483.47
961.26	3471.96
962.88	3478.23
964.51	3456.26
966.13	3486.61
967.75	3476.14
969.37	3470.91
970.99	3468.82
972.61	3475.10
974.23	3462.54
975.85	3485.56
977.47	3477.19
979.09	3483.47
980.71	3464.63
982.33	3487.65
983.95	3485.56
985.57	3504.39
987.19	3478.23
988.81	3504.39
990.43	3487.65
992.05	3498.12
993.67	3504.39
995.29	3513.81
996.91	3510.67
998.53	3544.16
1000.15	3515.90
1001.77	3538.93
1003.39	3535.79
1005.01	3545.20
1006.63	3543.11
1008.25	3561.95
1009.86	3565.09
1011.48	3572.41
1013.10	3567.18
1014.72	3590.20
1016.34	3584.97
1017.96	3606.94
1019.58	3575.55
1021.19	3586.01
1022.81	3587.06
1024.43	3617.41
1026.05	3603.80
1027.66	3623.68
1029.28	3611.13
1030.90	3621.59
1032.52	3602.76
1034.13	3639.38
1035.75	3634.15
1037.37	3644.61
1038.98	3631.01
1040.60	3640.43
1042.22	3624.73
1043.83	3649.84
1045.45	3634.15
1047.07	3643.57
1048.68	3640.43
1050.30	3647.75
1051.92	3646.70
1053.53	3652.98
1055.15	3633.10
1056.76	3649.84
1058.38	3644.61
1059.99	3662.40
1061.61	3641.47
1063.22	3649.84
1064.84	3645.66
1066.46	3649.84
1068.07	3633.10
1069.68	3639.38
1071.30	3643.57
1072.91	3631.01
1074.53	3618.45
1076.14	3642.52
1077.76	3624.73
1079.37	3641.47
1080.98	3595.43
1082.60	3627.87
1084.21	3616.36
1085.83	3624.73
1087.44	3617.41
1089.05	3616.36
1090.67	3602.76
1092.28	3614.27
1093.89	3599.62
1095.50	3610.08
1097.12	3596.48
1098.73	3624.73
1100.34	3587.06
1101.95	3610.08
1103.57	3609.03
1105.18	3605.90
1106.79	3592.29
1108.40	3611.13
1110.01	3601.71
1111.63	3619.50
1113.24	3606.94
1114.85	3613.22
1116.46	3601.71
1118.07	3624.73
1119.68	3595.43
1121.29	3618.45
1122.90	3595.43
1124.51	3609.03
1126.12	3609.03
1127.73	3629.96
1129.34	3619.50
1130.95	3627.87
1132.56	3619.50
1134.17	3596.48
1135.78	3606.94
1137.39	3631.01
1139.00	3595.43
1140.61	3611.13
1142.22	3606.94
1143.83	3613.22
1145.44	3605.90
1147.05	3615.31
1148.65	3609.03
1150.26	3609.03
1151.87	3595.43
1153.48	3621.59
1155.09	3617.41
1156.69	3629.96
1158.30	3594.38
1159.91	3612.17
1161.52	3613.22
1163.12	3619.50
1164.73	3600.66
1166.34	3629.96
1167.94	3613.22
1169.55	3631.01
1171.16	3623.68
1172.76	3622.64
1174.37	3609.03
1175.97	3631.01
1177.58	3599.62
1179.19	3633.10
1180.79	3614.27
1182.40	3627.87
1184.00	3609.03
1185.61	3635.19
1187.21	3622.64
1188.82	3625.78
1190.42	3615.31
1192.02	3625.78
1193.63	3606.94
1195.23	3635.19
1196.84	3621.59
1198.44	3628.92
1200.04	3622.64
1201.65	3631.01
1203.25	3609.03
1204.85	3623.68
1206.46	3603.80
1208.06	3618.45
1209.66	3607.99
1211.26	3616.36
1212.87	3619.50
1214.47	3604.85
1216.07	3595.43
1217.67	3613.22
1219.27	3591.25
1220.87	3607.99
1222.48	3599.62
1224.08	3604.85
1225.68	3596.48
1227.28	3592.29
1228.88	3575.55
1230.48	3595.43
1232.08	3574.50
1233.68	3593.34
1235.28	3584.97
1236.88	3574.50
1238.48	3557.76
1240.08	3580.78
1241.68	3535.79
1243.28	3565.09
1244.87	3555.67
1246.47	3549.39
1248.07	3541.02
1249.67	3547.30
1251.27	3546.25
1252.87	3533.69
1254.46	3512.77
1256.06	3526.37
1257.66	3521.14
1259.26	3524.28
1260.85	3521.14
1262.45	3526.37
1264.05	3518.00
1265.64	3522.18
1267.24	3515.90
1268.83	3523.23
1270.43	3504.39
1272.03	3529.51
1273.62	3503.35
1275.22	3497.07
1276.81	3499.16
1278.41	3501.26
1280.00	3496.02
1281.60	3496.02
1283.19	3483.47
1284.79	3498.12
1286.38	3483.47
1287.97	3499.16
1289.57	3471.96
1291.16	3479.28
1292.75	3456.26
1294.35	3485.56
1295.94	3467.77
1297.53	3478.23
1299.12	3457.31
1300.72	3483.47
1302.31	3442.66
1303.90	3471.96
1305.49	3468.82
1307.08	3446.84
1308.68	3443.70
1310.27	3451.03
1311.86	3446.84
1313.45	3439.52
1315.04	3424.87
1316.63	3432.19
1318.22	3426.96
1319.81	3434.29
1321.40	3416.50
1322.99	3424.87
1324.58	3402.89
1326.17	3412.31
1327.75	3393.48
1329.34	3408.13
1330.93	3399.75
1332.52	3395.57
1334.11	3388.24
1335.70	3389.29
1337.28	3378.83
1338.87	3386.15
1340.46	3377.78
1342.05	3372.55
1343.63	3355.81
1345.22	3364.18
1346.81	3359.99
1348.39	3357.90
1349.98	3351.62
1351.56	3338.02
1353.15	3326.51
1354.73	3324.41
1356.32	3305.58
1357.90	3305.58
1359.49	3302.44
1361.07	3279.42
1362.66	3267.91
1364.24	3289.88
1365.82	3287.79
1367.41	3287.79
1368.99	3259.54
1370.57	3256.40
1372.16	3256.40
1373.74	3261.63
1375.32	3244.89
1376.91	3230.24
1378.49	3191.52
1380.07	3166.41
1381.65	3143.39
1383.23	3136.06
1384.81	3139.20
1386.39	3132.92
1387.97	3124.55
1389.55	3118.27
1391.14	3101.53
1392.72	3083.74
1394.29	3076.42
1395.87	3064.91
1397.45	3051.30
1399.03	3042.93
1400.61	3029.33
1402.19	3032.47
1403.77	3018.86
1405.35	3034.56
1406.92	3005.26
1408.50	3010.49
1410.08	3002.12
1411.66	3000.03
1413.23	2991.66
1414.81	3001.08
1416.39	2974.92
1417.96	2987.47
1419.54	2974.92
1421.12	2984.33
1422.69	2982.24
1424.27	2951.90
1425.84	2971.78
1427.42	2957.13
1428.99	2957.13
1430.57	2960.27
1432.14	2950.85
1433.71	2956.08
1435.29	2966.54
1436.86	2961.31
1438.43	2945.62
1440.01	2948.76
1441.58	2824.23
1443.15	2960.27
1444.72	2951.90
1446.30	2944.57
1447.87	2945.62
1449.44	2946.66
1451.01	2922.60
1452.58	2947.71
1454.15	2938.29
1455.72	2937.25
1457.29	2933.06
1458.86	2947.71
1460.43	2944.57
1462.00	2950.85
1463.57	2949.80
1465.14	2951.90
1466.71	2934.11
1468.28	2935.15
1469.85	2941.43
1471.41	2951.90
1472.98	2939.34
1474.55	2955.03
1476.12	2944.57
1477.68	2940.38
1479.25	2943.52
1480.82	2941.43
1482.38	2947.71
1483.95	2948.76
1485.51	2953.99
1487.08	2967.59
1488.64	2955.03
1490.21	2964.45
1491.77	2953.99
1493.34	2962.36
1494.90	2942.48
1496.46	2956.08
1498.03	2959.22
1499.59	2968.64
1501.15	2960.27
1502.72	2968.64
1504.28	2969.68
1505.84	2969.68
1507.40	2962.36
1508.97	2980.15
1510.53	2974.92
1512.09	2985.38
1513.65	2980.15
1515.21	2983.29
1516.77	2966.54
1518.33	2986.43
1519.89	2980.15
1521.45	2979.10
1523.01	2983.29
1524.57	2991.66
1526.13	2978.06
1527.68	2988.52
1529.24	2992.70
1530.80	2986.43
1532.36	2988.52
1533.92	2987.47
1535.47	2978.06
1537.03	2990.61
1538.59	2988.52
1540.14	2984.33
1541.70	2973.87
1543.25	2995.84
1544.81	2996.89
1546.36	3001.08
1547.92	2972.82
1549.47	2987.47
1551.03	2984.33
1552.58	2980.15
1554.13	2968.64
1555.69	2985.38
1557.24	2971.78
1558.79	2975.96
1560.35	2969.68
1561.90	2980.15
1563.45	2974.92
1565.00	2973.87
1566.55	2957.13
1568.10	2962.36
1569.66	2953.99
1571.21	2970.73
1572.76	2968.64
1574.31	2969.68
1575.86	2969.68
1577.40	2960.27
1578.95	2959.22
1580.50	2963.41
1582.05	2948.76
1583.60	2952.94
1585.15	2953.99
1586.69	2955.03
1588.24	2953.99
1589.79	2958.17
1591.34	2928.87
1592.88	2960.27
1594.43	2928.87
1595.97	2951.90
1597.52	2944.57
1599.06	2939.34
1600.61	2930.97
1602.15	2951.90
1603.70	2944.57
1605.24	2950.85
1606.79	2943.52
1608.33	2928.87
1609.87	2926.78
1611.41	2940.38
1612.96	2930.97
1614.50	2920.50
1616.04	2922.60
1617.58	2924.69
1619.12	2916.32
1620.67	2934.11
1622.21	2904.81
1623.75	2925.74
1625.29	2899.58
1626.83	2910.04
1628.37	2915.27
1629.90	2893.30
1631.44	2887.02
1632.98	2885.97
1634.52	2859.81
1636.06	2862.95
1637.59	2870.28
1639.13	2842.02
1640.67	2844.12
1642.21	2833.65
1643.74	2822.14
1645.28	2799.12
1646.81	2788.66
1648.35	2790.75
1649.88	2759.36
1651.42	2769.82
1652.95	2740.52
1654.49	2757.26
1656.02	2739.48
1657.55	2753.08
1659.09	2722.73
1660.62	2726.92
1662.15	2717.50
1663.68	2727.97
1665.22	2715.41
1666.75	2714.36
1668.28	2705.99
1669.81	2727.97
1671.34	2714.36
1672.87	2713.32
1674.40	2708.08
1675.93	2705.99
1677.46	2695.53
1678.99	2696.57
1680.52	2686.11
1682.04	2691.34
1683.57	2686.11
1685.10	2692.39
1686.63	2684.02
1688.15	2688.20
1689.68	2677.74
1691.21	2682.97
1692.73	2681.92
1694.26	2690.29
1695.78	2682.97
1697.31	2676.69
1698.83	2668.32
1700.36	2678.78
1701.88	2666.23
1703.40	2688.20
1704.93	2671.46
1706.45	2671.46
