896.35	2951.90
897.98	2958.17
899.60	2963.41
901.22	2984.33
902.85	2974.92
904.47	2983.29
906.10	3003.17
907.72	3005.26
909.34	3017.82
910.97	3035.61
912.59	3047.12
914.21	3072.23
915.84	3093.16
917.46	3135.02
919.08	3147.57
920.71	3160.13
922.33	3177.92
923.95	3188.38
925.58	3220.82
927.20	3214.54
928.82	3223.96
930.44	3242.79
932.07	3232.33
933.69	3225.01
935.31	3238.61
936.93	3242.79
938.56	3248.03
940.18	3253.26
941.80	3251.17
943.42	3277.33
945.05	3291.98
946.67	3261.63
948.29	3265.82
949.91	3268.95
951.53	3277.33
953.16	3285.70
954.78	3281.51
956.40	3271.05
958.02	3276.28
959.64	3266.86
961.26	3265.82
962.88	3279.42
964.51	3270.00
966.13	3291.98
967.75	3284.65
969.37	3275.23
970.99	3275.23
972.61	3274.19
974.23	3277.33
975.85	3283.60
977.47	3278.37
979.09	3282.56
980.71	3268.95
982.33	3279.42
983.95	3294.07
985.57	3303.49
987.19	3296.16
988.81	3303.49
990.43	3299.30
992.05	3294.07
993.67	3310.81
995.29	3306.62
996.91	3304.53
998.53	3329.65
1000.15	3318.14
1001.77	3320.23
1003.39	3325.46
1005.01	3333.83
1006.63	3332.78
1008.25	3340.11
1009.86	3347.43
1011.48	3348.48
1013.10	3346.39
1014.72	3358.94
1016.34	3350.57
1017.96	3369.41
1019.58	3355.81
1021.19	3363.13
1022.81	3370.46
1024.43	3381.97
1026.05	3372.55
1027.66	3387.20
1029.28	3379.87
1030.90	3380.92
1032.52	3369.41
1034.13	3385.10
1035.75	3399.75
1037.37	3394.52
1038.98	3403.94
1040.60	3398.71
1042.22	3389.29
1043.83	3393.48
1045.45	3397.66
1047.07	3402.89
1048.68	3398.71
1050.30	3389.29
1051.92	3396.62
1053.53	3394.52
1055.15	3404.99
1056.76	3398.71
1058.38	3393.48
1059.99	3408.13
1061.61	3399.75
1063.22	3401.85
1064.84	3408.13
1066.46	3394.52
1068.07	3388.24
1069.68	3391.38
1071.30	3404.99
1072.91	3387.20
1074.53	3379.87
1076.14	3400.80
1077.76	3393.48
1079.37	3398.71
1080.98	3364.18
1082.60	3377.78
1084.21	3381.97
1085.83	3379.87
1087.44	3381.97
1089.05	3385.10
1090.67	3372.55
1092.28	3366.27
1093.89	3377.78
1095.50	3377.78
1097.12	3374.64
1098.73	3383.01
1100.34	3362.08
1101.95	3375.69
1103.57	3373.59
1105.18	3359.99
1106.79	3364.18
1108.40	3383.01
1110.01	3368.36
1111.63	3370.46
1113.24	3369.41
1114.85	3373.59
1116.46	3367.32
1118.07	3370.46
1119.68	3365.22
1121.29	3374.64
1122.90	3369.41
1124.51	3369.41
1126.12	3370.46
1127.73	3386.15
1129.34	3383.01
1130.95	3380.92
1132.56	3376.73
1134.17	3364.18
1135.78	3367.32
1137.39	3374.64
1139.00	3363.13
1140.61	3368.36
1142.22	3370.46
1143.83	3367.32
1145.44	3359.99
1147.05	3366.27
1148.65	3369.41
1150.26	3367.32
1151.87	3364.18
1153.48	3369.41
1155.09	3369.41
1156.69	3374.64
1158.30	3354.76
1159.91	3361.04
1161.52	3383.01
1163.12	3373.59
1164.73	3365.22
1166.34	3383.01
1167.94	3369.41
1169.55	3378.83
1171.16	3368.36
1172.76	3374.64
1174.37	3367.32
1175.97	3379.87
1177.58	3356.85
1179.19	3379.87
1180.79	3364.18
1182.40	3365.22
1184.00	3357.90
1185.61	3389.29
1187.21	3375.69
1188.82	3377.78
1190.42	3372.55
1192.02	3367.32
1193.63	3354.76
1195.23	3377.78
1196.84	3372.55
1198.44	3374.64
1200.04	3379.87
1201.65	3375.69
1203.25	3366.27
1204.85	3371.50
1206.46	3361.04
1208.06	3368.36
1209.66	3352.67
1211.26	3359.99
1212.87	3366.27
1214.47	3349.53
1216.07	3358.94
1217.67	3361.04
1219.27	3350.57
1220.87	3351.62
1222.48	3348.48
1224.08	3346.39
1225.68	3344.30
1227.28	3340.11
1228.88	3329.65
1230.48	3340.11
1232.08	3328.60
1233.68	3341.16
1235.28	3352.67
1236.88	3336.97
1238.48	3328.60
1240.08	3349.53
1241.68	3309.76
1243.28	3317.09
1244.87	3312.90
1246.47	3308.72
1248.07	3305.58
1249.67	3308.72
1251.27	3317.09
1252.87	3306.62
1254.46	3295.11
1256.06	3296.16
1257.66	3296.16
1259.26	3294.07
1260.85	3301.39
1262.45	3295.11
1264.05	3289.88
1265.64	3283.60
1267.24	3285.70
1268.83	3291.98
1270.43	3283.60
1272.03	3299.30
1273.62	3283.60
1275.22	3274.19
1276.81	3287.79
1278.41	3281.51
1280.00	3279.42
1281.60	3276.28
1283.19	3266.86
1284.79	3272.09
1286.38	3265.82
1287.97	3275.23
1289.57	3266.86
1291.16	3257.44
1292.75	3242.79
1294.35	3259.54
1295.94	3260.58
1297.53	3261.63
1299.12	3234.42
1300.72	3257.44
1302.31	3230.24
1303.90	3264.77
1305.49	3259.54
1307.08	3240.70
1308.68	3239.66
1310.27	3233.38
1311.86	3242.79
1313.45	3233.38
1315.04	3215.59
1316.63	3214.54
1318.22	3225.01
1319.81	3222.91
1321.40	3216.63
1322.99	3225.01
1324.58	3205.12
1326.17	3204.08
1327.75	3197.80
1329.34	3206.17
1330.93	3184.20
1332.52	3189.43
1334.11	3197.80
1335.70	3188.38
1337.28	3171.64
1338.87	3180.01
1340.46	3173.73
1342.05	3170.59
1343.63	3167.45
1345.22	3166.41
1346.81	3172.69
1348.39	3159.08
1349.98	3158.04
1351.56	3145.48
1353.15	3136.06
1354.73	3136.06
1356.32	3119.32
1357.90	3114.09
1359.49	3116.18
1361.07	3099.44
1362.66	3101.53
1364.24	3102.58
1365.82	3107.81
1367.41	3104.67
1368.99	3087.93
1370.57	3085.83
1372.16	3087.93
1373.74	3083.74
1375.32	3074.32
1376.91	3064.91
1378.49	3034.56
1380.07	3013.63
1381.65	3012.59
1383.23	2990.61
1384.81	2988.52
1386.39	2983.29
1387.97	2981.19
1389.55	2968.64
1391.14	2960.27
1392.72	2950.85
1394.29	2949.80
1395.87	2934.11
1397.45	2926.78
1399.03	2918.41
1400.61	2905.85
1402.19	2906.90
1403.77	2902.71
1405.35	2912.13
1406.92	2895.39
1408.50	2894.34
1410.08	2894.34
1411.66	2881.79
1413.23	2887.02
1414.81	2888.06
1416.39	2870.28
1417.96	2893.30
1419.54	2877.60
1421.12	2890.16
1422.69	2880.74
1424.27	2867.14
1425.84	2881.79
1427.42	2875.51
1428.99	2871.32
1430.57	2878.65
1432.14	2865.04
1433.71	2861.90
1435.29	2874.46
1436.86	2870.28
1438.43	2859.81
1440.01	2865.04
1441.58	2747.85
1443.15	2866.09
1444.72	2866.09
1446.30	2858.77
1447.87	2864.00
1449.44	2861.90
1451.01	2852.49
1452.58	2869.23
1454.15	2866.09
1455.72	2854.58
1457.29	2849.35
1458.86	2862.95
1460.43	2846.21
1462.00	2874.46
1463.57	2860.86
1465.14	2860.86
1466.71	2847.26
1468.28	2854.58
1469.85	2866.09
1471.41	2875.51
1472.98	2852.49
1474.55	2865.04
1476.12	2851.44
1477.68	2851.44
1479.25	2869.23
1480.82	2858.77
1482.38	2869.23
1483.95	2858.77
1485.51	2865.04
1487.08	2882.83
1488.64	2874.46
1490.21	2874.46
1491.77	2854.58
1493.34	2878.65
1494.90	2865.04
1496.46	2866.09
1498.03	2870.28
1499.59	2883.88
1501.15	2875.51
1502.72	2875.51
1504.28	2877.60
1505.84	2873.42
1507.40	2878.65
1508.97	2895.39
1510.53	2876.55
1512.09	2888.06
1513.65	2891.20
1515.21	2889.11
1516.77	2872.37
1518.33	2891.20
1519.89	2891.20
1521.45	2885.97
1523.01	2893.30
1524.57	2895.39
1526.13	2893.30
1527.68	2901.67
1529.24	2898.53
1530.80	2891.20
1532.36	2900.62
1533.92	2898.53
1535.47	2887.02
1537.03	2888.06
1538.59	2894.34
1540.14	2891.20
1541.70	2889.11
1543.25	2899.58
1544.81	2883.88
1546.36	2898.53
1547.92	2894.34
1549.47	2895.39
1551.03	2893.30
1552.58	2885.97
1554.13	2881.79
1555.69	2885.97
1557.24	2881.79
1558.79	2882.83
1560.35	2881.79
1561.90	2894.34
1563.45	2881.79
1565.00	2888.06
1566.55	2879.69
1568.10	2874.46
1569.66	2868.18
1571.21	2877.60
1572.76	2876.55
1574.31	2876.55
1575.86	2868.18
1577.40	2867.14
1578.95	2871.32
1580.50	2871.32
1582.05	2865.04
1583.60	2868.18
1585.15	2860.86
1586.69	2867.14
1588.24	2868.18
1589.79	2875.51
1591.34	2858.77
1592.88	2878.65
1594.43	2844.12
1595.97	2854.58
1597.52	2860.86
1599.06	2864.00
1600.61	2855.63
1602.15	2867.14
1603.70	2860.86
1605.24	2862.95
1606.79	2854.58
1608.33	2848.30
1609.87	2844.12
1611.41	2853.53
1612.96	2843.07
1614.50	2839.93
1616.04	2851.44
1617.58	2858.77
1619.12	2845.16
1620.67	2848.30
1622.21	2819.00
1623.75	2839.93
1625.29	2822.14
1626.83	2824.23
1628.37	2838.88
1629.90	2814.82
1631.44	2819.00
1632.98	2827.37
1634.52	2800.17
1636.06	2787.61
1637.59	2800.17
1639.13	2789.70
1640.67	2792.84
1642.21	2777.15
1643.74	2772.96
1645.28	2755.17
1646.81	2745.75
1648.35	2749.94
1649.88	2724.83
1651.42	2730.06
1652.95	2712.27
1654.49	2731.10
1656.02	2717.50
1657.55	2720.64
1659.09	2701.81
1660.62	2716.45
1662.15	2697.62
1663.68	2698.67
1665.22	2694.48
1666.75	2693.43
1668.28	2689.25
1669.81	2704.94
1671.34	2684.02
1672.87	2696.57
1674.40	2702.85
1675.93	2687.16
1677.46	2668.32
1678.99	2673.55
1680.52	2675.65
1682.04	2685.06
1683.57	2668.32
1685.10	2675.65
1686.63	2670.41
1688.15	2680.88
1689.68	2675.65
1691.21	2666.23
1692.73	2671.46
1694.26	2677.74
1695.78	2669.37
1697.31	2667.27
1698.83	2655.76
1700.36	2664.13
1701.88	2655.76
1703.40	2678.78
1704.93	2655.76
1706.45	2650.53
