896.35	2828.42
897.98	2827.37
899.60	2835.74
901.22	2847.26
902.85	2837.84
904.47	2850.39
906.10	2849.35
907.72	2852.49
909.34	2869.23
910.97	2874.46
912.59	2891.20
914.21	2900.62
915.84	2910.04
917.46	2930.97
919.08	2947.71
920.71	2951.90
922.33	2971.78
923.95	2969.68
925.58	2991.66
927.20	2984.33
928.82	2996.89
930.44	3008.40
932.07	3001.08
933.69	2984.33
935.31	3001.08
936.93	2992.70
938.56	3011.54
940.18	3011.54
941.80	3016.77
943.42	3017.82
945.05	3038.75
946.67	3022.00
948.29	3025.14
949.91	3013.63
951.53	3038.75
953.16	3035.61
954.78	3035.61
956.40	3010.49
958.02	3020.96
959.64	3020.96
961.26	3022.00
962.88	3023.05
964.51	3024.10
966.13	3035.61
967.75	3035.61
969.37	3022.00
970.99	3027.24
972.61	3018.86
974.23	3027.24
975.85	3022.00
977.47	3031.42
979.09	3026.19
980.71	3031.42
982.33	3032.47
983.95	3047.12
985.57	3053.40
987.19	3039.79
988.81	3046.07
990.43	3041.89
992.05	3038.75
993.67	3053.40
995.29	3049.21
996.91	3040.84
998.53	3056.54
1000.15	3067.00
1001.77	3055.49
1003.39	3059.67
1005.01	3057.58
1006.63	3065.95
1008.25	3067.00
1009.86	3076.42
1011.48	3073.28
1013.10	3074.32
1014.72	3080.60
1016.34	3098.39
1017.96	3097.34
1019.58	3073.28
1021.19	3080.60
1022.81	3094.21
1024.43	3104.67
1026.05	3101.53
1027.66	3102.58
1029.28	3101.53
1030.90	3090.02
1032.52	3083.74
1034.13	3099.44
1035.75	3117.23
1037.37	3107.81
1038.98	3113.04
1040.60	3102.58
1042.22	3095.25
1043.83	3096.30
1045.45	3109.90
1047.07	3102.58
1048.68	3111.99
1050.30	3106.76
1051.92	3117.23
1053.53	3115.13
1055.15	3111.99
1056.76	3099.44
1058.38	3118.27
1059.99	3127.69
1061.61	3116.18
1063.22	3101.53
1064.84	3114.09
1066.46	3100.48
1068.07	3108.86
1069.68	3107.81
1071.30	3118.27
1072.91	3105.72
1074.53	3106.76
1076.14	3113.04
1077.76	3116.18
1079.37	3103.62
1080.98	3080.60
1082.60	3099.44
1084.21	3104.67
1085.83	3098.39
1087.44	3106.76
1089.05	3095.25
1090.67	3093.16
1092.28	3085.83
1093.89	3095.25
1095.50	3098.39
1097.12	3098.39
1098.73	3102.58
1100.34	3090.02
1101.95	3099.44
1103.57	3098.39
1105.18	3090.02
1106.79	3083.74
1108.40	3100.48
1110.01	3088.97
1111.63	3100.48
1113.24	3103.62
1114.85	3096.30
1116.46	3100.48
1118.07	3095.25
1119.68	3086.88
1121.29	3094.21
1122.90	3084.79
1124.51	3082.70
1126.12	3103.62
1127.73	3103.62
1129.34	3107.81
1130.95	3100.48
1132.56	3105.72
1134.17	3077.46
1135.78	3084.79
1137.39	3084.79
1139.00	3076.42
1140.61	3086.88
1142.22	3093.16
1143.83	3074.32
1145.44	3087.93
1147.05	3086.88
1148.65	3088.97
1150.26	3081.65
1151.87	3077.46
1153.48	3075.37
1155.09	3090.02
1156.69	3078.51
1158.30	3079.56
1159.91	3080.60
1161.52	3082.70
1163.12	3079.56
1164.73	3084.79
1166.34	3095.25
1167.94	3091.07
1169.55	3084.79
1171.16	3086.88
1172.76	3091.07
1174.37	3082.70
1175.97	3093.16
1177.58	3075.37
1179.19	3094.21
1180.79	3085.83
1182.40	3092.11
1184.00	3077.46
1185.61	3084.79
1187.21	3090.02
1188.82	3081.65
1190.42	3083.74
1192.02	3081.65
1193.63	3071.18
1195.23	3081.65
1196.84	3096.30
1198.44	3094.21
1200.04	3098.39
1201.65	3093.16
1203.25	3095.25
1204.85	3091.07
1206.46	3076.42
1208.06	3078.51
1209.66	3078.51
1211.26	3078.51
1212.87	3102.58
1214.47	3074.32
1216.07	3076.42
1217.67	3072.23
1219.27	3072.23
1220.87	3076.42
1222.48	3082.70
1224.08	3072.23
1225.68	3075.37
1227.28	3078.51
1228.88	3069.09
1230.48	3074.32
1232.08	3063.86
1233.68	3079.56
1235.28	3086.88
1236.88	3067.00
1238.48	3054.44
1240.08	3078.51
1241.68	3048.16
1243.28	3057.58
1244.87	3065.95
1246.47	3054.44
1248.07	3056.54
1249.67	3057.58
1251.27	3068.05
1252.87	3040.84
1254.46	3045.02
1256.06	3045.02
1257.66	3051.30
1259.26	3031.42
1260.85	3043.98
1262.45	3039.79
1264.05	3048.16
1265.64	3042.93
1267.24	3045.02
1268.83	3049.21
1270.43	3039.79
1272.03	3053.40
1273.62	3038.75
1275.22	3019.91
1276.81	3042.93
1278.41	3042.93
1280.00	3049.21
1281.60	3034.56
1283.19	3020.96
1284.79	3032.47
1286.38	3030.38
1287.97	3036.65
1289.57	3027.24
1291.16	3030.38
1292.75	3022.00
1294.35	3027.24
1295.94	3030.38
1297.53	3027.24
1299.12	3013.63
1300.72	3026.19
1302.31	3003.17
1303.90	3026.19
1305.49	3030.38
1307.08	3008.40
1308.68	3004.22
1310.27	3016.77
1311.86	3019.91
1313.45	3016.77
1315.04	3004.22
1316.63	2990.61
1318.22	3002.12
1319.81	2992.70
1321.40	3001.08
1322.99	3005.26
1324.58	2990.61
1326.17	2986.43
1327.75	2986.43
1329.34	2989.57
1330.93	2982.24
1332.52	2974.92
1334.11	2974.92
1335.70	2973.87
1337.28	2973.87
1338.87	2970.73
1340.46	2972.82
1342.05	2965.50
1343.63	2963.41
1345.22	2960.27
1346.81	2972.82
1348.39	2958.17
1349.98	2965.50
1351.56	2953.99
1353.15	2946.66
1354.73	2952.94
1356.32	2930.97
1357.90	2927.83
1359.49	2939.34
1361.07	2926.78
1362.66	2925.74
1364.24	2929.92
1365.82	2922.60
1367.41	2930.97
1368.99	2912.13
1370.57	2906.90
1372.16	2923.64
1373.74	2913.18
1375.32	2913.18
1376.91	2891.20
1378.49	2888.06
1380.07	2869.23
1381.65	2868.18
1383.23	2858.77
1384.81	2859.81
1386.39	2845.16
1387.97	2847.26
1389.55	2838.88
1391.14	2830.51
1392.72	2822.14
1394.29	2824.23
1395.87	2821.10
1397.45	2819.00
1399.03	2814.82
1400.61	2808.54
1402.19	2795.98
1403.77	2788.66
1405.35	2800.17
1406.92	2791.80
1408.50	2788.66
1410.08	2797.03
1411.66	2789.70
1413.23	2787.61
1414.81	2789.70
1416.39	2774.01
1417.96	2781.33
1419.54	2783.42
1421.12	2785.52
1422.69	2787.61
1424.27	2774.01
1425.84	2786.56
1427.42	2781.33
1428.99	2783.42
1430.57	2785.52
1432.14	2779.24
1433.71	2781.33
1435.29	2788.66
1436.86	2783.42
1438.43	2778.19
1440.01	2771.91
1441.58	2657.86
1443.15	2781.33
1444.72	2784.47
1446.30	2778.19
1447.87	2787.61
1449.44	2765.64
1451.01	2763.54
1452.58	2776.10
1454.15	2777.15
1455.72	2759.36
1457.29	2764.59
1458.86	2780.29
1460.43	2770.87
1462.00	2789.70
1463.57	2772.96
1465.14	2779.24
1466.71	2766.68
1468.28	2779.24
1469.85	2784.47
1471.41	2783.42
1472.98	2778.19
1474.55	2785.52
1476.12	2770.87
1477.68	2768.78
1479.25	2785.52
1480.82	2772.96
1482.38	2780.29
1483.95	2772.96
1485.51	2783.42
1487.08	2792.84
1488.64	2789.70
1490.21	2790.75
1491.77	2777.15
1493.34	2793.89
1494.90	2772.96
1496.46	2780.29
1498.03	2783.42
1499.59	2786.56
1501.15	2789.70
1502.72	2784.47
1504.28	2789.70
1505.84	2787.61
1507.40	2783.42
1508.97	2791.80
1510.53	2787.61
1512.09	2797.03
1513.65	2802.26
1515.21	2795.98
1516.77	2776.10
1518.33	2798.07
1519.89	2788.66
1521.45	2795.98
1523.01	2803.31
1524.57	2798.07
1526.13	2792.84
1527.68	2799.12
1529.24	2809.58
1530.80	2801.21
1532.36	2801.21
1533.92	2797.03
1535.47	2793.89
1537.03	2801.21
1538.59	2800.17
1540.14	2787.61
1541.70	2790.75
1543.25	2813.77
1544.81	2800.17
1546.36	2804.35
1547.92	2791.80
1549.47	2800.17
1551.03	2802.26
1552.58	2793.89
1554.13	2801.21
1555.69	2803.31
1557.24	2784.47
1558.79	2791.80
1560.35	2790.75
1561.90	2791.80
1563.45	2786.56
1565.00	2794.94
1566.55	2787.61
1568.10	2780.29
1569.66	2779.24
1571.21	2793.89
1572.76	2789.70
1574.31	2802.26
1575.86	2795.98
1577.40	2783.42
1578.95	2787.61
1580.50	2781.33
1582.05	2774.01
1583.60	2777.15
1585.15	2775.05
1586.69	2787.61
1588.24	2782.38
1589.79	2786.56
1591.34	2772.96
1592.88	2785.52
1594.43	2762.50
1595.97	2777.15
1597.52	2780.29
1599.06	2772.96
1600.61	2768.78
1602.15	2784.47
1603.70	2768.78
1605.24	2774.01
1606.79	2774.01
1608.33	2762.50
1609.87	2759.36
1611.41	2774.01
1612.96	2771.91
1614.50	2763.54
1616.04	2768.78
1617.58	2772.96
1619.12	2760.40
1620.67	2766.68
1622.21	2740.52
1623.75	2758.31
1625.29	2747.85
1626.83	2746.80
1628.37	2768.78
1629.90	2746.80
1631.44	2745.75
1632.98	2752.03
1634.52	2729.01
1636.06	2733.20
1637.59	2744.71
1639.13	2741.57
1640.67	2741.57
1642.21	2727.97
1643.74	2720.64
1645.28	2714.36
1646.81	2714.36
1648.35	2716.45
1649.88	2692.39
1651.42	2708.08
1652.95	2697.62
1654.49	2710.18
1656.02	2690.29
1657.55	2682.97
1659.09	2659.95
1660.62	2687.16
1662.15	2672.51
1663.68	2680.88
1665.22	2672.51
1666.75	2668.32
1668.28	2669.37
1669.81	2681.92
1671.34	2677.74
1672.87	2680.88
1674.40	2671.46
1675.93	2668.32
1677.46	2663.09
1678.99	2659.95
1680.52	2655.76
1682.04	2672.51
1683.57	2656.81
1685.10	2662.04
1686.63	2656.81
1688.15	2658.90
1689.68	2653.67
1691.21	2652.62
1692.73	2661.00
1694.26	2656.81
1695.78	2642.16
1697.31	2648.44
1698.83	2636.93
1700.36	2651.58
1701.88	2641.11
1703.40	2658.90
1704.93	2643.21
1706.45	2643.21
