896.35	2969.68
897.98	2984.33
899.60	2996.89
901.22	3013.63
902.85	3006.31
904.47	3013.63
906.10	3022.00
907.72	3024.10
909.34	3039.79
910.97	3055.49
912.59	3068.05
914.21	3099.44
915.84	3126.64
917.46	3174.78
919.08	3189.43
920.71	3205.12
922.33	3229.19
923.95	3241.75
925.58	3256.40
927.20	3253.26
928.82	3256.40
930.44	3282.56
932.07	3267.91
933.69	3268.95
935.31	3280.46
936.93	3284.65
938.56	3301.39
940.18	3307.67
941.80	3302.44
943.42	3315.00
945.05	3327.55
946.67	3318.14
948.29	3323.37
949.91	3316.04
951.53	3325.46
953.16	3331.74
954.78	3316.04
956.40	3311.86
958.02	3315.00
959.64	3323.37
961.26	3324.41
962.88	3322.32
964.51	3312.90
966.13	3332.78
967.75	3317.09
969.37	3316.04
970.99	3326.51
972.61	3327.55
974.23	3324.41
975.85	3331.74
977.47	3340.11
979.09	3332.78
980.71	3320.23
982.33	3332.78
983.95	3333.83
985.57	3345.34
987.19	3331.74
988.81	3349.53
990.43	3340.11
992.05	3345.34
993.67	3356.85
995.29	3352.67
996.91	3346.39
998.53	3381.97
1000.15	3377.78
1001.77	3390.34
1003.39	3381.97
1005.01	3383.01
1006.63	3381.97
1008.25	3397.66
1009.86	3404.99
1011.48	3402.89
1013.10	3404.99
1014.72	3422.78
1016.34	3412.31
1017.96	3437.42
1019.58	3417.54
1021.19	3416.50
1022.81	3415.45
1024.43	3431.15
1026.05	3431.15
1027.66	3446.84
1029.28	3444.75
1030.90	3444.75
1032.52	3428.01
1034.13	3446.84
1035.75	3462.54
1037.37	3458.35
1038.98	3465.68
1040.60	3458.35
1042.22	3444.75
1043.83	3456.26
1045.45	3458.35
1047.07	3474.05
1048.68	3467.77
1050.30	3461.49
1051.92	3462.54
1053.53	3464.63
1055.15	3465.68
1056.76	3465.68
1058.38	3465.68
1059.99	3464.63
1061.61	3454.17
1063.22	3455.21
1064.84	3462.54
1066.46	3460.45
1068.07	3452.07
1069.68	3454.17
1071.30	3462.54
1072.91	3452.07
1074.53	3441.61
1076.14	3459.40
1077.76	3441.61
1079.37	3446.84
1080.98	3417.54
1082.60	3440.56
1084.21	3436.38
1085.83	3437.42
1087.44	3444.75
1089.05	3431.15
1090.67	3424.87
1092.28	3421.73
1093.89	3428.01
1095.50	3426.96
1097.12	3429.05
1098.73	3447.89
1100.34	3415.45
1101.95	3436.38
1103.57	3425.91
1105.18	3419.64
1106.79	3412.31
1108.40	3428.01
1110.01	3419.64
1111.63	3438.47
1113.24	3438.47
1114.85	3431.15
1116.46	3431.15
1118.07	3435.33
1119.68	3416.50
1121.29	3436.38
1122.90	3423.82
1124.51	3425.91
1126.12	3430.10
1127.73	3439.52
1129.34	3439.52
1130.95	3434.29
1132.56	3439.52
1134.17	3417.54
1135.78	3426.96
1137.39	3437.42
1139.00	3429.05
1140.61	3436.38
1142.22	3437.42
1143.83	3426.96
1145.44	3424.87
1147.05	3428.01
1148.65	3431.15
1150.26	3421.73
1151.87	3412.31
1153.48	3415.45
1155.09	3422.78
1156.69	3418.59
1158.30	3413.36
1159.91	3423.82
1161.52	3436.38
1163.12	3430.10
1164.73	3424.87
1166.34	3439.52
1167.94	3431.15
1169.55	3439.52
1171.16	3431.15
1172.76	3438.47
1174.37	3436.38
1175.97	3443.70
1177.58	3413.36
1179.19	3440.56
1180.79	3428.01
1182.40	3437.42
1184.00	3425.91
1185.61	3438.47
1187.21	3438.47
1188.82	3430.10
1190.42	3431.15
1192.02	3428.01
1193.63	3421.73
1195.23	3435.33
1196.84	3439.52
1198.44	3438.47
1200.04	3441.61
1201.65	3442.66
1203.25	3436.38
1204.85	3439.52
1206.46	3420.68
1208.06	3426.96
1209.66	3419.64
1211.26	3424.87
1212.87	3443.70
1214.47	3422.78
1216.07	3415.45
1217.67	3423.82
1219.27	3413.36
1220.87	3414.40
1222.48	3414.40
1224.08	3416.50
1225.68	3415.45
1227.28	3416.50
1228.88	3404.99
1230.48	3417.54
1232.08	3403.94
1233.68	3419.64
1235.28	3419.64
1236.88	3397.66
1238.48	3386.15
1240.08	3416.50
1241.68	3386.15
1243.28	3390.34
1244.87	3379.87
1246.47	3381.97
1248.07	3366.27
1249.67	3368.36
1251.27	3381.97
1252.87	3357.90
1254.46	3345.34
1256.06	3358.94
1257.66	3359.99
1259.26	3350.57
1260.85	3358.94
1262.45	3356.85
1264.05	3354.76
1265.64	3345.34
1267.24	3346.39
1268.83	3347.43
1270.43	3330.69
1272.03	3363.13
1273.62	3353.71
1275.22	3327.55
1276.81	3338.02
1278.41	3329.65
1280.00	3342.20
1281.60	3333.83
1283.19	3325.46
1284.79	3339.06
1286.38	3323.37
1287.97	3336.97
1289.57	3321.27
1291.16	3310.81
1292.75	3308.72
1294.35	3325.46
1295.94	3315.00
1297.53	3317.09
1299.12	3306.62
1300.72	3318.14
1302.31	3289.88
1303.90	3313.95
1305.49	3304.53
1307.08	3298.25
1308.68	3294.07
1310.27	3300.35
1311.86	3281.51
1313.45	3273.14
1315.04	3280.46
1316.63	3284.65
1318.22	3277.33
1319.81	3268.95
1321.40	3275.23
1322.99	3276.28
1324.58	3256.40
1326.17	3257.44
1327.75	3254.30
1329.34	3258.49
1330.93	3249.07
1332.52	3241.75
1334.11	3239.66
1335.70	3237.56
1337.28	3229.19
1338.87	3243.84
1340.46	3230.24
1342.05	3226.05
1343.63	3222.91
1345.22	3220.82
1346.81	3221.87
1348.39	3216.63
1349.98	3203.03
1351.56	3195.71
1353.15	3178.96
1354.73	3190.47
1356.32	3173.73
1357.90	3173.73
1359.49	3172.69
1361.07	3150.71
1362.66	3147.57
1364.24	3150.71
1365.82	3153.85
1367.41	3159.08
1368.99	3135.02
1370.57	3132.92
1372.16	3135.02
1373.74	3125.60
1375.32	3118.27
1376.91	3110.95
1378.49	3071.18
1380.07	3042.93
1381.65	3046.07
1383.23	3032.47
1384.81	3037.70
1386.39	3019.91
1387.97	3018.86
1389.55	3015.73
1391.14	3007.35
1392.72	2994.80
1394.29	2986.43
1395.87	2980.15
1397.45	2963.41
1399.03	2952.94
1400.61	2957.13
1402.19	2948.76
1403.77	2936.20
1405.35	2950.85
1406.92	2937.25
1408.50	2941.43
1410.08	2937.25
1411.66	2922.60
1413.23	2918.41
1414.81	2927.83
1416.39	2913.18
1417.96	2928.87
1419.54	2913.18
1421.12	2920.50
1422.69	2923.64
1424.27	2903.76
1425.84	2915.27
1427.42	2913.18
1428.99	2918.41
1430.57	2918.41
1432.14	2910.04
1433.71	2911.09
1435.29	2917.36
1436.86	2915.27
1438.43	2910.04
1440.01	2905.85
1441.58	2787.61
1443.15	2915.27
1444.72	2907.95
1446.30	2892.25
1447.87	2914.22
1449.44	2905.85
1451.01	2901.67
1452.58	2911.09
1454.15	2903.76
1455.72	2898.53
1457.29	2894.34
1458.86	2905.85
1460.43	2894.34
1462.00	2915.27
1463.57	2897.48
1465.14	2900.62
1466.71	2893.30
1468.28	2905.85
1469.85	2902.71
1471.41	2902.71
1472.98	2891.20
1474.55	2906.90
1476.12	2893.30
1477.68	2891.20
1479.25	2907.95
1480.82	2897.48
1482.38	2896.44
1483.95	2891.20
1485.51	2911.09
1487.08	2919.46
1488.64	2904.81
1490.21	2906.90
1491.77	2892.25
1493.34	2916.32
1494.90	2898.53
1496.46	2906.90
1498.03	2907.95
1499.59	2915.27
1501.15	2911.09
1502.72	2922.60
1504.28	2918.41
1505.84	2911.09
1507.40	2903.76
1508.97	2923.64
1510.53	2917.36
1512.09	2927.83
1513.65	2922.60
1515.21	2924.69
1516.77	2910.04
1518.33	2934.11
1519.89	2922.60
1521.45	2922.60
1523.01	2922.60
1524.57	2936.20
1526.13	2923.64
1527.68	2928.87
1529.24	2934.11
1530.80	2925.74
1532.36	2933.06
1533.92	2927.83
1535.47	2915.27
1537.03	2923.64
1538.59	2926.78
1540.14	2914.22
1541.70	2908.99
1543.25	2942.48
1544.81	2929.92
1546.36	2932.01
1547.92	2921.55
1549.47	2928.87
1551.03	2920.50
1552.58	2910.04
1554.13	2912.13
1555.69	2927.83
1557.24	2914.22
1558.79	2911.09
1560.35	2908.99
1561.90	2927.83
1563.45	2910.04
1565.00	2918.41
1566.55	2907.95
1568.10	2904.81
1569.66	2895.39
1571.21	2910.04
1572.76	2912.13
1574.31	2918.41
1575.86	2911.09
1577.40	2899.58
1578.95	2900.62
1580.50	2911.09
1582.05	2885.97
1583.60	2896.44
1585.15	2882.83
1586.69	2893.30
1588.24	2898.53
1589.79	2906.90
1591.34	2878.65
1592.88	2897.48
1594.43	2873.42
1595.97	2887.02
1597.52	2889.11
1599.06	2888.06
1600.61	2881.79
1602.15	2896.44
1603.70	2882.83
1605.24	2888.06
1606.79	2889.11
1608.33	2868.18
1609.87	2864.00
1611.41	2878.65
1612.96	2891.20
1614.50	2866.09
1616.04	2862.95
1617.58	2871.32
1619.12	2859.81
1620.67	2874.46
1622.21	2844.12
1623.75	2862.95
1625.29	2851.44
1626.83	2849.35
1628.37	2868.18
1629.90	2844.12
1631.44	2847.26
1632.98	2846.21
1634.52	2822.14
1636.06	2822.14
1637.59	2828.42
1639.13	2808.54
1640.67	2809.58
1642.21	2791.80
1643.74	2783.42
1645.28	2766.68
1646.81	2759.36
1648.35	2767.73
1649.88	2738.43
1651.42	2743.66
1652.95	2730.06
1654.49	2749.94
1656.02	2726.92
1657.55	2724.83
1659.09	2701.81
1660.62	2718.55
1662.15	2704.94
1663.68	2721.69
1665.22	2712.27
1666.75	2697.62
1668.28	2689.25
1669.81	2710.18
1671.34	2692.39
1672.87	2701.81
1674.40	2705.99
1675.93	2689.25
1677.46	2672.51
1678.99	2674.60
1680.52	2675.65
1682.04	2685.06
1683.57	2674.60
1685.10	2684.02
1686.63	2682.97
1688.15	2686.11
1689.68	2672.51
1691.21	2672.51
1692.73	2674.60
1694.26	2685.06
1695.78	2671.46
1697.31	2671.46
1698.83	2666.23
1700.36	2670.41
1701.88	2655.76
1703.40	2666.23
1704.93	2651.58
1706.45	2664.13
