896.35	3053.40
897.98	3065.95
899.60	3071.18
901.22	3096.30
902.85	3076.42
904.47	3101.53
906.10	3102.58
907.72	3107.81
909.34	3123.50
910.97	3151.76
912.59	3169.55
914.21	3208.26
915.84	3229.19
917.46	3285.70
919.08	3307.67
920.71	3335.92
922.33	3351.62
923.95	3372.55
925.58	3392.43
927.20	3397.66
928.82	3398.71
930.44	3426.96
932.07	3415.45
933.69	3409.17
935.31	3420.68
936.93	3444.75
938.56	3444.75
940.18	3462.54
941.80	3451.03
943.42	3468.82
945.05	3478.23
946.67	3471.96
948.29	3474.05
949.91	3478.23
951.53	3480.33
953.16	3489.74
954.78	3476.14
956.40	3470.91
958.02	3471.96
959.64	3483.47
961.26	3465.68
962.88	3473.00
964.51	3457.31
966.13	3488.70
967.75	3480.33
969.37	3478.23
970.99	3461.49
972.61	3470.91
974.23	3467.77
975.85	3477.19
977.47	3474.05
979.09	3488.70
980.71	3479.28
982.33	3486.61
983.95	3483.47
985.57	3507.53
987.19	3489.74
988.81	3510.67
990.43	3499.16
992.05	3503.35
993.67	3510.67
995.29	3509.63
996.91	3496.02
998.53	3542.06
1000.15	3538.93
1001.77	3543.11
1003.39	3533.69
1005.01	3550.44
1006.63	3549.39
1008.25	3569.27
1009.86	3571.36
1011.48	3582.87
1013.10	3571.36
1014.72	3590.20
1016.34	3587.06
1017.96	3606.94
1019.58	3590.20
1021.19	3602.76
1022.81	3593.34
1024.43	3617.41
1026.05	3596.48
1027.66	3623.68
1029.28	3603.80
1030.90	3623.68
1032.52	3620.54
1034.13	3636.24
1035.75	3628.92
1037.37	3637.29
1038.98	3638.33
1040.60	3639.38
1042.22	3626.82
1043.83	3645.66
1045.45	3636.24
1047.07	3652.98
1048.68	3654.03
1050.30	3649.84
1051.92	3637.29
1053.53	3659.26
1055.15	3651.94
1056.76	3655.08
1058.38	3651.94
1059.99	3664.49
1061.61	3647.75
1063.22	3643.57
1064.84	3642.52
1066.46	3645.66
1068.07	3638.33
1069.68	3656.12
1071.30	3648.80
1072.91	3637.29
1074.53	3628.92
1076.14	3647.75
1077.76	3629.96
1079.37	3639.38
1080.98	3601.71
1082.60	3625.78
1084.21	3618.45
1085.83	3624.73
1087.44	3616.36
1089.05	3621.59
1090.67	3615.31
1092.28	3612.17
1093.89	3617.41
1095.50	3621.59
1097.12	3607.99
1098.73	3623.68
1100.34	3596.48
1101.95	3628.92
1103.57	3607.99
1105.18	3603.80
1106.79	3597.52
1108.40	3612.17
1110.01	3606.94
1111.63	3624.73
1113.24	3615.31
1114.85	3615.31
1116.46	3611.13
1118.07	3626.82
1119.68	3596.48
1121.29	3620.54
1122.90	3601.71
1124.51	3612.17
1126.12	3605.90
1127.73	3615.31
1129.34	3614.27
1130.95	3622.64
1132.56	3620.54
1134.17	3603.80
1135.78	3599.62
1137.39	3613.22
1139.00	3592.29
1140.61	3612.17
1142.22	3615.31
1143.83	3620.54
1145.44	3604.85
1147.05	3614.27
1148.65	3598.57
1150.26	3595.43
1151.87	3587.06
1153.48	3610.08
1155.09	3603.80
1156.69	3615.31
1158.30	3593.34
1159.91	3605.90
1161.52	3601.71
1163.12	3612.17
1164.73	3603.80
1166.34	3615.31
1167.94	3591.25
1169.55	3609.03
1171.16	3604.85
1172.76	3614.27
1174.37	3602.76
1175.97	3626.82
1177.58	3603.80
1179.19	3628.92
1180.79	3611.13
1182.40	3619.50
1184.00	3611.13
1185.61	3633.10
1187.21	3618.45
1188.82	3621.59
1190.42	3606.94
1192.02	3605.90
1193.63	3588.11
1195.23	3609.03
1196.84	3611.13
1198.44	3616.36
1200.04	3613.22
1201.65	3612.17
1203.25	3607.99
1204.85	3623.68
1206.46	3589.15
1208.06	3604.85
1209.66	3593.34
1211.26	3604.85
1212.87	3607.99
1214.47	3595.43
1216.07	3586.01
1217.67	3604.85
1219.27	3592.29
1220.87	3595.43
1222.48	3577.64
1224.08	3587.06
1225.68	3582.87
1227.28	3587.06
1228.88	3573.46
1230.48	3588.11
1232.08	3560.90
1233.68	3578.69
1235.28	3573.46
1236.88	3573.46
1238.48	3555.67
1240.08	3582.87
1241.68	3538.93
1243.28	3555.67
1244.87	3533.69
1246.47	3537.88
1248.07	3525.32
1249.67	3539.97
1251.27	3534.74
1252.87	3524.28
1254.46	3510.67
1256.06	3515.90
1257.66	3518.00
1259.26	3511.72
1260.85	3516.95
1262.45	3511.72
1264.05	3510.67
1265.64	3508.58
1267.24	3503.35
1268.83	3516.95
1270.43	3502.30
1272.03	3523.23
1273.62	3500.21
1275.22	3486.61
1276.81	3498.12
1278.41	3506.49
1280.00	3507.53
1281.60	3494.98
1283.19	3482.42
1284.79	3491.84
1286.38	3465.68
1287.97	3482.42
1289.57	3475.10
1291.16	3476.14
1292.75	3453.12
1294.35	3471.96
1295.94	3460.45
1297.53	3475.10
1299.12	3454.17
1300.72	3474.05
1302.31	3437.42
1303.90	3464.63
1305.49	3457.31
1307.08	3443.70
1308.68	3426.96
1310.27	3436.38
1311.86	3426.96
1313.45	3438.47
1315.04	3424.87
1316.63	3425.91
1318.22	3409.17
1319.81	3415.45
1321.40	3401.85
1322.99	3409.17
1324.58	3386.15
1326.17	3393.48
1327.75	3379.87
1329.34	3390.34
1330.93	3365.22
1332.52	3371.50
1334.11	3380.92
1335.70	3373.59
1337.28	3361.04
1338.87	3365.22
1340.46	3357.90
1342.05	3354.76
1343.63	3340.11
1345.22	3342.20
1346.81	3340.11
1348.39	3329.65
1349.98	3327.55
1351.56	3321.27
1353.15	3310.81
1354.73	3303.49
1356.32	3274.19
1357.90	3274.19
1359.49	3280.46
1361.07	3252.21
1362.66	3241.75
1364.24	3254.30
1365.82	3250.12
1367.41	3257.44
1368.99	3228.14
1370.57	3225.01
1372.16	3219.77
1373.74	3225.01
1375.32	3210.36
1376.91	3196.75
1378.49	3152.80
1380.07	3131.88
1381.65	3118.27
1383.23	3101.53
1384.81	3100.48
1386.39	3088.97
1387.97	3083.74
1389.55	3074.32
1391.14	3057.58
1392.72	3035.61
1394.29	3030.38
1395.87	3013.63
1397.45	3005.26
1399.03	3001.08
1400.61	2992.70
1402.19	2986.43
1403.77	2965.50
1405.35	2978.06
1406.92	2958.17
1408.50	2958.17
1410.08	2946.66
1411.66	2945.62
1413.23	2946.66
1414.81	2948.76
1416.39	2926.78
1417.96	2939.34
1419.54	2924.69
1421.12	2933.06
1422.69	2937.25
1424.27	2920.50
1425.84	2932.01
1427.42	2917.36
1428.99	2917.36
1430.57	2917.36
1432.14	2910.04
1433.71	2920.50
1435.29	2926.78
1436.86	2916.32
1438.43	2910.04
1440.01	2911.09
1441.58	2786.56
1443.15	2912.13
1444.72	2905.85
1446.30	2901.67
1447.87	2914.22
1449.44	2903.76
1451.01	2895.39
1452.58	2910.04
1454.15	2904.81
1455.72	2896.44
1457.29	2897.48
1458.86	2904.81
1460.43	2893.30
1462.00	2911.09
1463.57	2895.39
1465.14	2905.85
1466.71	2902.71
1468.28	2906.90
1469.85	2899.58
1471.41	2917.36
1472.98	2902.71
1474.55	2916.32
1476.12	2902.71
1477.68	2903.76
1479.25	2908.99
1480.82	2905.85
1482.38	2917.36
1483.95	2905.85
1485.51	2919.46
1487.08	2928.87
1488.64	2932.01
1490.21	2927.83
1491.77	2913.18
1493.34	2936.20
1494.90	2919.46
1496.46	2921.55
1498.03	2924.69
1499.59	2938.29
1501.15	2936.20
1502.72	2927.83
1504.28	2927.83
1505.84	2934.11
1507.40	2932.01
1508.97	2942.48
1510.53	2940.38
1512.09	2951.90
1513.65	2946.66
1515.21	2946.66
1516.77	2929.92
1518.33	2960.27
1519.89	2956.08
1521.45	2946.66
1523.01	2943.52
1524.57	2955.03
1526.13	2948.76
1527.68	2955.03
1529.24	2964.45
1530.80	2956.08
1532.36	2963.41
1533.92	2962.36
1535.47	2947.71
1537.03	2959.22
1538.59	2966.54
1540.14	2955.03
1541.70	2940.38
1543.25	2964.45
1544.81	2962.36
1546.36	2968.64
1547.92	2952.94
1549.47	2959.22
1551.03	2962.36
1552.58	2951.90
1554.13	2942.48
1555.69	2958.17
1557.24	2956.08
1558.79	2956.08
1560.35	2948.76
1561.90	2961.31
1563.45	2945.62
1565.00	2951.90
1566.55	2942.48
1568.10	2943.52
1569.66	2933.06
1571.21	2946.66
1572.76	2945.62
1574.31	2944.57
1575.86	2946.66
1577.40	2938.29
1578.95	2934.11
1580.50	2938.29
1582.05	2923.64
1583.60	2935.15
1585.15	2923.64
1586.69	2937.25
1588.24	2926.78
1589.79	2942.48
1591.34	2922.60
1592.88	2943.52
1594.43	2914.22
1595.97	2930.97
1597.52	2922.60
1599.06	2923.64
1600.61	2914.22
1602.15	2935.15
1603.70	2920.50
1605.24	2923.64
1606.79	2916.32
1608.33	2904.81
1609.87	2907.95
1611.41	2918.41
1612.96	2917.36
1614.50	2910.04
1616.04	2913.18
1617.58	2916.32
1619.12	2900.62
1620.67	2904.81
1622.21	2879.69
1623.75	2912.13
1625.29	2892.25
1626.83	2896.44
1628.37	2901.67
1629.90	2881.79
1631.44	2870.28
1632.98	2871.32
1634.52	2846.21
1636.06	2849.35
1637.59	2851.44
1639.13	2837.84
1640.67	2847.26
1642.21	2822.14
1643.74	2813.77
1645.28	2790.75
1646.81	2781.33
1648.35	2783.42
1649.88	2754.13
1651.42	2754.13
1652.95	2738.43
1654.49	2764.59
1656.02	2735.29
1657.55	2743.66
1659.09	2718.55
1660.62	2735.29
1662.15	2721.69
1663.68	2729.01
1665.22	2718.55
1666.75	2713.32
1668.28	2707.04
1669.81	2727.97
1671.34	2714.36
1672.87	2713.32
1674.40	2715.41
1675.93	2710.18
1677.46	2686.11
1678.99	2689.25
1680.52	2690.29
1682.04	2696.57
1683.57	2682.97
1685.10	2690.29
1686.63	2681.92
1688.15	2697.62
1689.68	2680.88
1691.21	2687.16
1692.73	2687.16
1694.26	2697.62
1695.78	2682.97
1697.31	2681.92
1698.83	2673.55
1700.36	2676.69
1701.88	2673.55
1703.40	2678.78
1704.93	2680.88
1706.45	2677.74
