896.35	2946.66
897.98	2938.29
899.60	2948.76
901.22	2969.68
902.85	2959.22
904.47	2975.96
906.10	2983.29
907.72	2979.10
909.34	2992.70
910.97	3006.31
912.59	3030.38
914.21	3050.26
915.84	3073.28
917.46	3108.86
919.08	3123.50
920.71	3133.97
922.33	3162.22
923.95	3172.69
925.58	3196.75
927.20	3171.64
928.82	3190.47
930.44	3208.26
932.07	3203.03
933.69	3196.75
935.31	3208.26
936.93	3219.77
938.56	3231.28
940.18	3233.38
941.80	3222.91
943.42	3233.38
945.05	3261.63
946.67	3238.61
948.29	3242.79
949.91	3233.38
951.53	3250.12
953.16	3256.40
954.78	3255.35
956.40	3239.66
958.02	3243.84
959.64	3246.98
961.26	3243.84
962.88	3244.89
964.51	3237.56
966.13	3252.21
967.75	3256.40
969.37	3241.75
970.99	3241.75
972.61	3241.75
974.23	3244.89
975.85	3245.93
977.47	3259.54
979.09	3245.93
980.71	3245.93
982.33	3256.40
983.95	3272.09
985.57	3276.28
987.19	3264.77
988.81	3272.09
990.43	3263.72
992.05	3264.77
993.67	3279.42
995.29	3279.42
996.91	3270.00
998.53	3294.07
1000.15	3294.07
1001.77	3302.44
1003.39	3304.53
1005.01	3300.35
1006.63	3304.53
1008.25	3311.86
1009.86	3320.23
1011.48	3319.18
1013.10	3319.18
1014.72	3325.46
1016.34	3328.60
1017.96	3348.48
1019.58	3333.83
1021.19	3335.92
1022.81	3342.20
1024.43	3356.85
1026.05	3349.53
1027.66	3363.13
1029.28	3361.04
1030.90	3358.94
1032.52	3341.16
1034.13	3367.32
1035.75	3370.46
1037.37	3369.41
1038.98	3381.97
1040.60	3371.50
1042.22	3357.90
1043.83	3364.18
1045.45	3380.92
1047.07	3377.78
1048.68	3386.15
1050.30	3368.36
1051.92	3374.64
1053.53	3370.46
1055.15	3376.73
1056.76	3379.87
1058.38	3380.92
1059.99	3386.15
1061.61	3379.87
1063.22	3370.46
1064.84	3377.78
1066.46	3370.46
1068.07	3367.32
1069.68	3370.46
1071.30	3376.73
1072.91	3376.73
1074.53	3376.73
1076.14	3384.06
1077.76	3368.36
1079.37	3373.59
1080.98	3344.30
1082.60	3363.13
1084.21	3362.08
1085.83	3353.71
1087.44	3351.62
1089.05	3346.39
1090.67	3351.62
1092.28	3364.18
1093.89	3352.67
1095.50	3347.43
1097.12	3347.43
1098.73	3358.94
1100.34	3330.69
1101.95	3349.53
1103.57	3350.57
1105.18	3340.11
1106.79	3334.88
1108.40	3346.39
1110.01	3342.20
1111.63	3354.76
1113.24	3357.90
1114.85	3347.43
1116.46	3347.43
1118.07	3361.04
1119.68	3348.48
1121.29	3356.85
1122.90	3342.20
1124.51	3349.53
1126.12	3354.76
1127.73	3359.99
1129.34	3354.76
1130.95	3356.85
1132.56	3355.81
1134.17	3336.97
1135.78	3347.43
1137.39	3359.99
1139.00	3344.30
1140.61	3342.20
1142.22	3354.76
1143.83	3348.48
1145.44	3348.48
1147.05	3350.57
1148.65	3356.85
1150.26	3344.30
1151.87	3340.11
1153.48	3339.06
1155.09	3342.20
1156.69	3340.11
1158.30	3331.74
1159.91	3335.92
1161.52	3342.20
1163.12	3345.34
1164.73	3338.02
1166.34	3353.71
1167.94	3342.20
1169.55	3356.85
1171.16	3349.53
1172.76	3356.85
1174.37	3347.43
1175.97	3351.62
1177.58	3334.88
1179.19	3355.81
1180.79	3334.88
1182.40	3345.34
1184.00	3341.16
1185.61	3350.57
1187.21	3351.62
1188.82	3349.53
1190.42	3353.71
1192.02	3355.81
1193.63	3338.02
1195.23	3348.48
1196.84	3353.71
1198.44	3351.62
1200.04	3355.81
1201.65	3353.71
1203.25	3358.94
1204.85	3356.85
1206.46	3332.78
1208.06	3338.02
1209.66	3331.74
1211.26	3336.97
1212.87	3354.76
1214.47	3328.60
1216.07	3344.30
1217.67	3345.34
1219.27	3332.78
1220.87	3332.78
1222.48	3325.46
1224.08	3333.83
1225.68	3340.11
1227.28	3334.88
1228.88	3329.65
1230.48	3335.92
1232.08	3315.00
1233.68	3324.41
1235.28	3329.65
1236.88	3317.09
1238.48	3308.72
1240.08	3326.51
1241.68	3291.98
1243.28	3300.35
1244.87	3296.16
1246.47	3293.02
1248.07	3286.74
1249.67	3293.02
1251.27	3302.44
1252.87	3283.60
1254.46	3273.14
1256.06	3280.46
1257.66	3285.70
1259.26	3284.65
1260.85	3283.60
1262.45	3283.60
1264.05	3279.42
1265.64	3270.00
1267.24	3277.33
1268.83	3281.51
1270.43	3265.82
1272.03	3281.51
1273.62	3267.91
1275.22	3258.49
1276.81	3277.33
1278.41	3256.40
1280.00	3262.68
1281.60	3262.68
1283.19	3249.07
1284.79	3260.58
1286.38	3258.49
1287.97	3256.40
1289.57	3244.89
1291.16	3246.98
1292.75	3236.52
1294.35	3249.07
1295.94	3238.61
1297.53	3254.30
1299.12	3233.38
1300.72	3258.49
1302.31	3226.05
1303.90	3240.70
1305.49	3241.75
1307.08	3223.96
1308.68	3214.54
1310.27	3223.96
1311.86	3225.01
1313.45	3205.12
1315.04	3208.26
1316.63	3210.36
1318.22	3203.03
1319.81	3201.98
1321.40	3200.94
1322.99	3208.26
1324.58	3196.75
1326.17	3195.71
1327.75	3174.78
1329.34	3186.29
1330.93	3177.92
1332.52	3174.78
1334.11	3174.78
1335.70	3181.06
1337.28	3169.55
1338.87	3168.50
1340.46	3164.31
1342.05	3159.08
1343.63	3159.08
1345.22	3150.71
1346.81	3151.76
1348.39	3151.76
1349.98	3151.76
1351.56	3135.02
1353.15	3128.74
1354.73	3129.78
1356.32	3105.72
1357.90	3117.23
1359.49	3116.18
1361.07	3095.25
1362.66	3088.97
1364.24	3088.97
1365.82	3092.11
1367.41	3094.21
1368.99	3077.46
1370.57	3070.14
1372.16	3078.51
1373.74	3070.14
1375.32	3062.81
1376.91	3043.98
1378.49	3015.73
1380.07	2998.98
1381.65	2993.75
1383.23	2981.19
1384.81	2980.15
1386.39	2975.96
1387.97	2975.96
1389.55	2962.36
1391.14	2946.66
1392.72	2945.62
1394.29	2932.01
1395.87	2932.01
1397.45	2917.36
1399.03	2916.32
1400.61	2907.95
1402.19	2902.71
1403.77	2895.39
1405.35	2905.85
1406.92	2896.44
1408.50	2885.97
1410.08	2877.60
1411.66	2883.88
1413.23	2888.06
1414.81	2878.65
1416.39	2859.81
1417.96	2879.69
1419.54	2866.09
1421.12	2874.46
1422.69	2875.51
1424.27	2852.49
1425.84	2867.14
1427.42	2855.63
1428.99	2857.72
1430.57	2857.72
1432.14	2855.63
1433.71	2854.58
1435.29	2872.37
1436.86	2864.00
1438.43	2862.95
1440.01	2854.58
1441.58	2740.52
1443.15	2851.44
1444.72	2851.44
1446.30	2861.90
1447.87	2867.14
1449.44	2851.44
1451.01	2842.02
1452.58	2857.72
1454.15	2849.35
1455.72	2846.21
1457.29	2844.12
1458.86	2850.39
1460.43	2842.02
1462.00	2862.95
1463.57	2852.49
1465.14	2856.67
1466.71	2846.21
1468.28	2853.53
1469.85	2849.35
1471.41	2858.77
1472.98	2847.26
1474.55	2857.72
1476.12	2847.26
1477.68	2844.12
1479.25	2855.63
1480.82	2852.49
1482.38	2869.23
1483.95	2854.58
1485.51	2869.23
1487.08	2876.55
1488.64	2859.81
1490.21	2866.09
1491.77	2851.44
1493.34	2871.32
1494.90	2859.81
1496.46	2854.58
1498.03	2865.04
1499.59	2860.86
1501.15	2860.86
1502.72	2864.00
1504.28	2869.23
1505.84	2865.04
1507.40	2864.00
1508.97	2877.60
1510.53	2868.18
1512.09	2877.60
1513.65	2881.79
1515.21	2878.65
1516.77	2861.90
1518.33	2882.83
1519.89	2873.42
1521.45	2878.65
1523.01	2879.69
1524.57	2884.93
1526.13	2873.42
1527.68	2882.83
1529.24	2893.30
1530.80	2887.02
1532.36	2901.67
1533.92	2882.83
1535.47	2864.00
1537.03	2875.51
1538.59	2885.97
1540.14	2876.55
1541.70	2878.65
1543.25	2888.06
1544.81	2882.83
1546.36	2889.11
1547.92	2871.32
1549.47	2885.97
1551.03	2883.88
1552.58	2877.60
1554.13	2866.09
1555.69	2873.42
1557.24	2866.09
1558.79	2870.28
1560.35	2870.28
1561.90	2873.42
1563.45	2864.00
1565.00	2874.46
1566.55	2871.32
1568.10	2872.37
1569.66	2861.90
1571.21	2887.02
1572.76	2871.32
1574.31	2869.23
1575.86	2861.90
1577.40	2856.67
1578.95	2865.04
1580.50	2865.04
1582.05	2848.30
1583.60	2858.77
1585.15	2844.12
1586.69	2856.67
1588.24	2861.90
1589.79	2858.77
1591.34	2834.70
1592.88	2866.09
1594.43	2850.39
1595.97	2857.72
1597.52	2851.44
1599.06	2855.63
1600.61	2848.30
1602.15	2858.77
1603.70	2849.35
1605.24	2860.86
1606.79	2846.21
1608.33	2833.65
1609.87	2843.07
1611.41	2850.39
1612.96	2856.67
1614.50	2832.61
1616.04	2839.93
1617.58	2850.39
1619.12	2834.70
1620.67	2838.88
1622.21	2814.82
1623.75	2839.93
1625.29	2817.96
1626.83	2820.05
1628.37	2831.56
1629.90	2813.77
1631.44	2817.96
1632.98	2807.49
1634.52	2798.07
1636.06	2799.12
1637.59	2806.45
1639.13	2787.61
1640.67	2783.42
1642.21	2769.82
1643.74	2767.73
1645.28	2756.22
1646.81	2749.94
1648.35	2749.94
1649.88	2720.64
1651.42	2721.69
1652.95	2713.32
1654.49	2733.20
1656.02	2710.18
1657.55	2716.45
1659.09	2696.57
1660.62	2713.32
1662.15	2703.90
1663.68	2713.32
1665.22	2695.53
1666.75	2690.29
1668.28	2691.34
1669.81	2708.08
1671.34	2687.16
1672.87	2697.62
1674.40	2691.34
1675.93	2677.74
1677.46	2667.27
1678.99	2664.13
1680.52	2673.55
1682.04	2682.97
1683.57	2670.41
1685.10	2672.51
1686.63	2673.55
1688.15	2667.27
1689.68	2661.00
1691.21	2662.04
1692.73	2672.51
1694.26	2673.55
1695.78	2659.95
1697.31	2666.23
1698.83	2655.76
1700.36	2669.37
1701.88	2655.76
1703.40	2663.09
1704.93	2648.44
1706.45	2652.62
