896.35	2858.77
897.98	2859.81
899.60	2872.37
901.22	2881.79
902.85	2862.95
904.47	2879.69
906.10	2888.06
907.72	2885.97
909.34	2899.58
910.97	2905.85
912.59	2925.74
914.21	2934.11
915.84	2952.94
917.46	2977.01
919.08	2994.80
920.71	3003.17
922.33	3020.96
923.95	3017.82
925.58	3034.56
927.20	3024.10
928.82	3037.70
930.44	3053.40
932.07	3047.12
933.69	3038.75
935.31	3058.63
936.93	3068.05
938.56	3059.67
940.18	3068.05
941.80	3076.42
943.42	3075.37
945.05	3094.21
946.67	3073.28
948.29	3085.83
949.91	3071.18
951.53	3087.93
953.16	3087.93
954.78	3085.83
956.40	3065.95
958.02	3082.70
959.64	3081.65
961.26	3085.83
962.88	3077.46
964.51	3072.23
966.13	3085.83
967.75	3088.97
969.37	3078.51
970.99	3085.83
972.61	3075.37
974.23	3081.65
975.85	3090.02
977.47	3090.02
979.09	3080.60
980.71	3080.60
982.33	3082.70
983.95	3093.16
985.57	3105.72
987.19	3105.72
988.81	3108.86
990.43	3096.30
992.05	3095.25
993.67	3102.58
995.29	3102.58
996.91	3088.97
998.53	3118.27
1000.15	3125.60
1001.77	3125.60
1003.39	3124.55
1005.01	3120.37
1006.63	3118.27
1008.25	3128.74
1009.86	3143.39
1011.48	3128.74
1013.10	3136.06
1014.72	3145.48
1016.34	3156.99
1017.96	3166.41
1019.58	3151.76
1021.19	3140.25
1022.81	3147.57
1024.43	3155.94
1026.05	3152.80
1027.66	3174.78
1029.28	3162.22
1030.90	3161.18
1032.52	3160.13
1034.13	3167.45
1035.75	3173.73
1037.37	3163.27
1038.98	3176.87
1040.60	3162.22
1042.22	3156.99
1043.83	3168.50
1045.45	3178.96
1047.07	3163.27
1048.68	3176.87
1050.30	3161.18
1051.92	3184.20
1053.53	3174.78
1055.15	3178.96
1056.76	3176.87
1058.38	3176.87
1059.99	3186.29
1061.61	3172.69
1063.22	3169.55
1064.84	3176.87
1066.46	3181.06
1068.07	3169.55
1069.68	3175.82
1071.30	3186.29
1072.91	3163.27
1074.53	3167.45
1076.14	3171.64
1077.76	3171.64
1079.37	3169.55
1080.98	3151.76
1082.60	3155.94
1084.21	3156.99
1085.83	3163.27
1087.44	3172.69
1089.05	3153.85
1090.67	3149.66
1092.28	3154.90
1093.89	3164.31
1095.50	3162.22
1097.12	3159.08
1098.73	3165.36
1100.34	3139.20
1101.95	3159.08
1103.57	3155.94
1105.18	3146.53
1106.79	3147.57
1108.40	3156.99
1110.01	3159.08
1111.63	3153.85
1113.24	3161.18
1114.85	3148.62
1116.46	3153.85
1118.07	3156.99
1119.68	3152.80
1121.29	3170.59
1122.90	3158.04
1124.51	3156.99
1126.12	3165.36
1127.73	3176.87
1129.34	3165.36
1130.95	3167.45
1132.56	3175.82
1134.17	3148.62
1135.78	3156.99
1137.39	3162.22
1139.00	3156.99
1140.61	3148.62
1142.22	3155.94
1143.83	3143.39
1145.44	3150.71
1147.05	3155.94
1148.65	3164.31
1150.26	3147.57
1151.87	3144.43
1153.48	3154.90
1155.09	3163.27
1156.69	3158.04
1158.30	3149.66
1159.91	3150.71
1161.52	3160.13
1163.12	3160.13
1164.73	3153.85
1166.34	3158.04
1167.94	3155.94
1169.55	3150.71
1171.16	3155.94
1172.76	3156.99
1174.37	3155.94
1175.97	3170.59
1177.58	3151.76
1179.19	3155.94
1180.79	3150.71
1182.40	3152.80
1184.00	3153.85
1185.61	3166.41
1187.21	3167.45
1188.82	3150.71
1190.42	3152.80
1192.02	3161.18
1193.63	3159.08
1195.23	3154.90
1196.84	3150.71
1198.44	3155.94
1200.04	3170.59
1201.65	3162.22
1203.25	3159.08
1204.85	3158.04
1206.46	3144.43
1208.06	3147.57
1209.66	3151.76
1211.26	3147.57
1212.87	3177.92
1214.47	3146.53
1216.07	3142.34
1217.67	3154.90
1219.27	3147.57
1220.87	3160.13
1222.48	3150.71
1224.08	3145.48
1225.68	3148.62
1227.28	3145.48
1228.88	3138.15
1230.48	3141.29
1232.08	3126.64
1233.68	3138.15
1235.28	3148.62
1236.88	3139.20
1238.48	3132.92
1240.08	3152.80
1241.68	3124.55
1243.28	3124.55
1244.87	3124.55
1246.47	3122.46
1248.07	3114.09
1249.67	3117.23
1251.27	3140.25
1252.87	3111.99
1254.46	3105.72
1256.06	3122.46
1257.66	3120.37
1259.26	3109.90
1260.85	3114.09
1262.45	3106.76
1264.05	3110.95
1265.64	3102.58
1267.24	3105.72
1268.83	3110.95
1270.43	3101.53
1272.03	3119.32
1273.62	3105.72
1275.22	3083.74
1276.81	3105.72
1278.41	3092.11
1280.00	3108.86
1281.60	3099.44
1283.19	3088.97
1284.79	3099.44
1286.38	3097.34
1287.97	3100.48
1289.57	3086.88
1291.16	3095.25
1292.75	3076.42
1294.35	3079.56
1295.94	3077.46
1297.53	3079.56
1299.12	3079.56
1300.72	3088.97
1302.31	3069.09
1303.90	3091.07
1305.49	3092.11
1307.08	3067.00
1308.68	3069.09
1310.27	3076.42
1311.86	3065.95
1313.45	3062.81
1315.04	3065.95
1316.63	3063.86
1318.22	3059.67
1319.81	3058.63
1321.40	3052.35
1322.99	3065.95
1324.58	3039.79
1326.17	3040.84
1327.75	3034.56
1329.34	3039.79
1330.93	3039.79
1332.52	3037.70
1334.11	3030.38
1335.70	3030.38
1337.28	3026.19
1338.87	3034.56
1340.46	3031.42
1342.05	3022.00
1343.63	3013.63
1345.22	3010.49
1346.81	3019.91
1348.39	3013.63
1349.98	3012.59
1351.56	3008.40
1353.15	3001.08
1354.73	3001.08
1356.32	2986.43
1357.90	2992.70
1359.49	2990.61
1361.07	2973.87
1362.66	2973.87
1364.24	2978.06
1365.82	2984.33
1367.41	2984.33
1368.99	2967.59
1370.57	2956.08
1372.16	2968.64
1373.74	2960.27
1375.32	2957.13
1376.91	2947.71
1378.49	2928.87
1380.07	2915.27
1381.65	2917.36
1383.23	2904.81
1384.81	2902.71
1386.39	2893.30
1387.97	2898.53
1389.55	2883.88
1391.14	2878.65
1392.72	2864.00
1394.29	2862.95
1395.87	2857.72
1397.45	2860.86
1399.03	2862.95
1400.61	2845.16
1402.19	2834.70
1403.77	2827.37
1405.35	2852.49
1406.92	2838.88
1408.50	2839.93
1410.08	2838.88
1411.66	2827.37
1413.23	2826.33
1414.81	2830.51
1416.39	2821.10
1417.96	2829.47
1419.54	2817.96
1421.12	2824.23
1422.69	2823.19
1424.27	2814.82
1425.84	2825.28
1427.42	2815.86
1428.99	2823.19
1430.57	2820.05
1432.14	2815.86
1433.71	2820.05
1435.29	2830.51
1436.86	2823.19
1438.43	2819.00
1440.01	2820.05
1441.58	2693.43
1443.15	2816.91
1444.72	2822.14
1446.30	2814.82
1447.87	2823.19
1449.44	2804.35
1451.01	2798.07
1452.58	2811.68
1454.15	2815.86
1455.72	2802.26
1457.29	2802.26
1458.86	2808.54
1460.43	2804.35
1462.00	2822.14
1463.57	2819.00
1465.14	2820.05
1466.71	2801.21
1468.28	2809.58
1469.85	2816.91
1471.41	2815.86
1472.98	2812.72
1474.55	2824.23
1476.12	2804.35
1477.68	2802.26
1479.25	2814.82
1480.82	2805.40
1482.38	2816.91
1483.95	2799.12
1485.51	2814.82
1487.08	2827.37
1488.64	2825.28
1490.21	2823.19
1491.77	2807.49
1493.34	2825.28
1494.90	2813.77
1496.46	2811.68
1498.03	2824.23
1499.59	2822.14
1501.15	2809.58
1502.72	2812.72
1504.28	2828.42
1505.84	2811.68
1507.40	2815.86
1508.97	2829.47
1510.53	2822.14
1512.09	2833.65
1513.65	2837.84
1515.21	2827.37
1516.77	2810.63
1518.33	2833.65
1519.89	2833.65
1521.45	2825.28
1523.01	2827.37
1524.57	2831.56
1526.13	2827.37
1527.68	2833.65
1529.24	2838.88
1530.80	2831.56
1532.36	2830.51
1533.92	2827.37
1535.47	2820.05
1537.03	2827.37
1538.59	2822.14
1540.14	2819.00
1541.70	2812.72
1543.25	2836.79
1544.81	2825.28
1546.36	2833.65
1547.92	2825.28
1549.47	2830.51
1551.03	2829.47
1552.58	2815.86
1554.13	2817.96
1555.69	2832.61
1557.24	2821.10
1558.79	2812.72
1560.35	2809.58
1561.90	2823.19
1563.45	2816.91
1565.00	2816.91
1566.55	2816.91
1568.10	2822.14
1569.66	2805.40
1571.21	2816.91
1572.76	2823.19
1574.31	2820.05
1575.86	2820.05
1577.40	2799.12
1578.95	2807.49
1580.50	2802.26
1582.05	2802.26
1583.60	2803.31
1585.15	2797.03
1586.69	2800.17
1588.24	2803.31
1589.79	2811.68
1591.34	2794.94
1592.88	2815.86
1594.43	2799.12
1595.97	2805.40
1597.52	2794.94
1599.06	2791.80
1600.61	2790.75
1602.15	2809.58
1603.70	2794.94
1605.24	2799.12
1606.79	2800.17
1608.33	2785.52
1609.87	2780.29
1611.41	2792.84
1612.96	2789.70
1614.50	2783.42
1616.04	2789.70
1617.58	2789.70
1619.12	2782.38
1620.67	2786.56
1622.21	2766.68
1623.75	2787.61
1625.29	2770.87
1626.83	2776.10
1628.37	2791.80
1629.90	2770.87
1631.44	2770.87
1632.98	2762.50
1634.52	2754.13
1636.06	2755.17
1637.59	2765.64
1639.13	2756.22
1640.67	2749.94
1642.21	2736.34
1643.74	2740.52
1645.28	2718.55
1646.81	2717.50
1648.35	2724.83
1649.88	2702.85
1651.42	2718.55
1652.95	2703.90
1654.49	2708.08
1656.02	2690.29
1657.55	2696.57
1659.09	2676.69
1660.62	2697.62
1662.15	2682.97
1663.68	2688.20
1665.22	2678.78
1666.75	2685.06
1668.28	2681.92
1669.81	2691.34
1671.34	2670.41
1672.87	2689.25
1674.40	2685.06
1675.93	2674.60
1677.46	2664.13
1678.99	2657.86
1680.52	2662.04
1682.04	2670.41
1683.57	2661.00
1685.10	2667.27
1686.63	2661.00
1688.15	2667.27
1689.68	2657.86
1691.21	2656.81
1692.73	2659.95
1694.26	2672.51
1695.78	2657.86
1697.31	2656.81
1698.83	2652.62
1700.36	2659.95
1701.88	2644.25
1703.40	2657.86
1704.93	2639.02
1706.45	2642.16
