896.35	3055.49
897.98	3067.00
899.60	3065.95
901.22	3099.44
902.85	3088.97
904.47	3107.81
906.10	3104.67
907.72	3104.67
909.34	3128.74
910.97	3151.76
912.59	3175.82
914.21	3206.17
915.84	3229.19
917.46	3282.56
919.08	3306.62
920.71	3327.55
922.33	3348.48
923.95	3365.22
925.58	3378.83
927.20	3392.43
928.82	3395.57
930.44	3429.05
932.07	3406.03
933.69	3415.45
935.31	3414.40
936.93	3435.33
938.56	3435.33
940.18	3454.17
941.80	3442.66
943.42	3470.91
945.05	3478.23
946.67	3477.19
948.29	3473.00
949.91	3469.86
951.53	3476.14
953.16	3489.74
954.78	3478.23
956.40	3471.96
958.02	3469.86
959.64	3475.10
961.26	3464.63
962.88	3471.96
964.51	3457.31
966.13	3488.70
967.75	3473.00
969.37	3473.00
970.99	3468.82
972.61	3474.05
974.23	3473.00
975.85	3488.70
977.47	3474.05
979.09	3480.33
980.71	3473.00
982.33	3483.47
983.95	3480.33
985.57	3508.58
987.19	3486.61
988.81	3501.26
990.43	3484.51
992.05	3501.26
993.67	3505.44
995.29	3512.77
996.91	3493.93
998.53	3539.97
1000.15	3528.46
1001.77	3549.39
1003.39	3545.20
1005.01	3549.39
1006.63	3551.48
1008.25	3576.60
1009.86	3560.90
1011.48	3565.09
1013.10	3561.95
1014.72	3594.38
1016.34	3582.87
1017.96	3604.85
1019.58	3576.60
1021.19	3596.48
1022.81	3589.15
1024.43	3620.54
1026.05	3602.76
1027.66	3624.73
1029.28	3620.54
1030.90	3633.10
1032.52	3611.13
1034.13	3624.73
1035.75	3635.19
1037.37	3639.38
1038.98	3637.29
1040.60	3647.75
1042.22	3622.64
1043.83	3642.52
1045.45	3635.19
1047.07	3643.57
1048.68	3643.57
1050.30	3648.80
1051.92	3651.94
1053.53	3661.35
1055.15	3641.47
1056.76	3658.22
1058.38	3642.52
1059.99	3657.17
1061.61	3634.15
1063.22	3643.57
1064.84	3642.52
1066.46	3649.84
1068.07	3632.06
1069.68	3640.43
1071.30	3646.70
1072.91	3646.70
1074.53	3627.87
1076.14	3645.66
1077.76	3628.92
1079.37	3638.33
1080.98	3597.52
1082.60	3627.87
1084.21	3614.27
1085.83	3626.82
1087.44	3616.36
1089.05	3610.08
1090.67	3596.48
1092.28	3615.31
1093.89	3617.41
1095.50	3625.78
1097.12	3607.99
1098.73	3619.50
1100.34	3594.38
1101.95	3619.50
1103.57	3600.66
1105.18	3601.71
1106.79	3605.90
1108.40	3619.50
1110.01	3607.99
1111.63	3614.27
1113.24	3611.13
1114.85	3616.36
1116.46	3601.71
1118.07	3619.50
1119.68	3595.43
1121.29	3614.27
1122.90	3601.71
1124.51	3615.31
1126.12	3610.08
1127.73	3619.50
1129.34	3614.27
1130.95	3631.01
1132.56	3622.64
1134.17	3604.85
1135.78	3607.99
1137.39	3611.13
1139.00	3603.80
1140.61	3615.31
1142.22	3606.94
1143.83	3606.94
1145.44	3596.48
1147.05	3609.03
1148.65	3609.03
1150.26	3597.52
1151.87	3587.06
1153.48	3603.80
1155.09	3602.76
1156.69	3605.90
1158.30	3577.64
1159.91	3597.52
1161.52	3594.38
1163.12	3601.71
1164.73	3594.38
1166.34	3604.85
1167.94	3586.01
1169.55	3606.94
1171.16	3613.22
1172.76	3618.45
1174.37	3601.71
1175.97	3626.82
1177.58	3597.52
1179.19	3621.59
1180.79	3596.48
1182.40	3606.94
1184.00	3593.34
1185.61	3616.36
1187.21	3607.99
1188.82	3617.41
1190.42	3604.85
1192.02	3607.99
1193.63	3583.92
1195.23	3609.03
1196.84	3599.62
1198.44	3609.03
1200.04	3612.17
1201.65	3614.27
1203.25	3593.34
1204.85	3612.17
1206.46	3584.97
1208.06	3611.13
1209.66	3596.48
1211.26	3596.48
1212.87	3605.90
1214.47	3591.25
1216.07	3579.74
1217.67	3598.57
1219.27	3591.25
1220.87	3595.43
1222.48	3577.64
1224.08	3587.06
1225.68	3578.69
1227.28	3587.06
1228.88	3571.36
1230.48	3578.69
1232.08	3554.62
1233.68	3581.83
1235.28	3577.64
1236.88	3573.46
1238.48	3561.95
1240.08	3588.11
1241.68	3536.83
1243.28	3553.58
1244.87	3539.97
1246.47	3545.20
1248.07	3526.37
1249.67	3533.69
1251.27	3546.25
1252.87	3530.55
1254.46	3507.53
1256.06	3519.04
1257.66	3519.04
1259.26	3507.53
1260.85	3509.63
1262.45	3506.49
1264.05	3499.16
1265.64	3498.12
1267.24	3496.02
1268.83	3513.81
1270.43	3497.07
1272.03	3520.09
1273.62	3494.98
1275.22	3496.02
1276.81	3498.12
1278.41	3498.12
1280.00	3490.79
1281.60	3488.70
1283.19	3474.05
1284.79	3494.98
1286.38	3471.96
1287.97	3483.47
1289.57	3467.77
1291.16	3468.82
1292.75	3448.94
1294.35	3467.77
1295.94	3448.94
1297.53	3460.45
1299.12	3444.75
1300.72	3468.82
1302.31	3432.19
1303.90	3461.49
1305.49	3455.21
1307.08	3448.94
1308.68	3424.87
1310.27	3431.15
1311.86	3419.64
1313.45	3424.87
1315.04	3413.36
1316.63	3428.01
1318.22	3423.82
1319.81	3404.99
1321.40	3396.62
1322.99	3404.99
1324.58	3386.15
1326.17	3394.52
1327.75	3383.01
1329.34	3380.92
1330.93	3361.04
1332.52	3365.22
1334.11	3354.76
1335.70	3365.22
1337.28	3349.53
1338.87	3356.85
1340.46	3350.57
1342.05	3349.53
1343.63	3341.16
1345.22	3330.69
1346.81	3327.55
1348.39	3321.27
1349.98	3312.90
1351.56	3309.76
1353.15	3301.39
1354.73	3298.25
1356.32	3266.86
1357.90	3268.95
1359.49	3271.05
1361.07	3243.84
1362.66	3238.61
1364.24	3251.17
1365.82	3245.93
1367.41	3245.93
1368.99	3214.54
1370.57	3212.45
1372.16	3215.59
1373.74	3222.91
1375.32	3203.03
1376.91	3192.57
1378.49	3151.76
1380.07	3121.41
1381.65	3105.72
1383.23	3086.88
1384.81	3084.79
1386.39	3070.14
1387.97	3069.09
1389.55	3064.91
1391.14	3055.49
1392.72	3032.47
1394.29	3023.05
1395.87	3007.35
1397.45	3000.03
1399.03	2986.43
1400.61	2980.15
1402.19	2963.41
1403.77	2946.66
1405.35	2964.45
1406.92	2940.38
1408.50	2942.48
1410.08	2951.90
1411.66	2933.06
1413.23	2934.11
1414.81	2938.29
1416.39	2921.55
1417.96	2928.87
1419.54	2911.09
1421.12	2914.22
1422.69	2921.55
1424.27	2907.95
1425.84	2919.46
1427.42	2908.99
1428.99	2902.71
1430.57	2907.95
1432.14	2900.62
1433.71	2900.62
1435.29	2912.13
1436.86	2908.99
1438.43	2903.76
1440.01	2902.71
1441.58	2782.38
1443.15	2899.58
1444.72	2902.71
1446.30	2892.25
1447.87	2897.48
1449.44	2887.02
1451.01	2878.65
1452.58	2890.16
1454.15	2895.39
1455.72	2884.93
1457.29	2889.11
1458.86	2897.48
1460.43	2882.83
1462.00	2910.04
1463.57	2894.34
1465.14	2902.71
1466.71	2895.39
1468.28	2899.58
1469.85	2898.53
1471.41	2906.90
1472.98	2892.25
1474.55	2910.04
1476.12	2888.06
1477.68	2893.30
1479.25	2902.71
1480.82	2897.48
1482.38	2901.67
1483.95	2885.97
1485.51	2904.81
1487.08	2917.36
1488.64	2914.22
1490.21	2914.22
1491.77	2901.67
1493.34	2918.41
1494.90	2903.76
1496.46	2913.18
1498.03	2910.04
1499.59	2921.55
1501.15	2917.36
1502.72	2928.87
1504.28	2930.97
1505.84	2927.83
1507.40	2921.55
1508.97	2937.25
1510.53	2927.83
1512.09	2935.15
1513.65	2946.66
1515.21	2945.62
1516.77	2936.20
1518.33	2949.80
1519.89	2942.48
1521.45	2940.38
1523.01	2940.38
1524.57	2949.80
1526.13	2938.29
1527.68	2950.85
1529.24	2960.27
1530.80	2957.13
1532.36	2959.22
1533.92	2958.17
1535.47	2940.38
1537.03	2946.66
1538.59	2956.08
1540.14	2934.11
1541.70	2935.15
1543.25	2959.22
1544.81	2960.27
1546.36	2960.27
1547.92	2944.57
1549.47	2946.66
1551.03	2950.85
1552.58	2956.08
1554.13	2944.57
1555.69	2953.99
1557.24	2942.48
1558.79	2940.38
1560.35	2935.15
1561.90	2948.76
1563.45	2928.87
1565.00	2951.90
1566.55	2936.20
1568.10	2942.48
1569.66	2926.78
1571.21	2943.52
1572.76	2932.01
1574.31	2932.01
1575.86	2930.97
1577.40	2930.97
1578.95	2936.20
1580.50	2928.87
1582.05	2921.55
1583.60	2929.92
1585.15	2921.55
1586.69	2934.11
1588.24	2930.97
1589.79	2932.01
1591.34	2913.18
1592.88	2941.43
1594.43	2900.62
1595.97	2924.69
1597.52	2922.60
1599.06	2923.64
1600.61	2923.64
1602.15	2936.20
1603.70	2914.22
1605.24	2918.41
1606.79	2920.50
1608.33	2910.04
1609.87	2908.99
1611.41	2921.55
1612.96	2910.04
1614.50	2896.44
1616.04	2898.53
1617.58	2910.04
1619.12	2904.81
1620.67	2910.04
1622.21	2874.46
1623.75	2897.48
1625.29	2881.79
1626.83	2889.11
1628.37	2903.76
1629.90	2882.83
1631.44	2868.18
1632.98	2871.32
1634.52	2851.44
1636.06	2853.53
1637.59	2854.58
1639.13	2831.56
1640.67	2834.70
1642.21	2819.00
1643.74	2812.72
1645.28	2790.75
1646.81	2776.10
1648.35	2779.24
1649.88	2755.17
1651.42	2760.40
1652.95	2741.57
1654.49	2758.31
1656.02	2735.29
1657.55	2741.57
1659.09	2716.45
1660.62	2737.38
1662.15	2717.50
1663.68	2720.64
1665.22	2714.36
1666.75	2723.78
1668.28	2716.45
1669.81	2731.10
1671.34	2712.27
1672.87	2714.36
1674.40	2714.36
1675.93	2713.32
1677.46	2699.71
1678.99	2694.48
1680.52	2690.29
1682.04	2707.04
1683.57	2699.71
1685.10	2703.90
1686.63	2682.97
1688.15	2686.11
1689.68	2684.02
1691.21	2687.16
1692.73	2691.34
1694.26	2687.16
1695.78	2680.88
1697.31	2689.25
1698.83	2676.69
1700.36	2680.88
1701.88	2675.65
1703.40	2686.11
1704.93	2676.69
1706.45	2675.65
