896.35	2881.79
897.98	2880.74
899.60	2890.16
901.22	2902.71
902.85	2896.44
904.47	2910.04
906.10	2916.32
907.72	2914.22
909.34	2933.06
910.97	2935.15
912.59	2946.66
914.21	2963.41
915.84	2982.24
917.46	3010.49
919.08	3022.00
920.71	3034.56
922.33	3056.54
923.95	3057.58
925.58	3083.74
927.20	3070.14
928.82	3084.79
930.44	3095.25
932.07	3082.70
933.69	3075.37
935.31	3086.88
936.93	3094.21
938.56	3097.34
940.18	3105.72
941.80	3109.90
943.42	3118.27
945.05	3130.83
946.67	3111.99
948.29	3120.37
949.91	3113.04
951.53	3129.78
953.16	3133.97
954.78	3135.02
956.40	3108.86
958.02	3118.27
959.64	3124.55
961.26	3126.64
962.88	3121.41
964.51	3116.18
966.13	3136.06
967.75	3131.88
969.37	3113.04
970.99	3119.32
972.61	3118.27
974.23	3128.74
975.85	3131.88
977.47	3126.64
979.09	3120.37
980.71	3117.23
982.33	3131.88
983.95	3129.78
985.57	3142.34
987.19	3136.06
988.81	3139.20
990.43	3142.34
992.05	3140.25
993.67	3160.13
995.29	3146.53
996.91	3147.57
998.53	3159.08
1000.15	3159.08
1001.77	3156.99
1003.39	3160.13
1005.01	3161.18
1006.63	3169.55
1008.25	3170.59
1009.86	3180.01
1011.48	3178.96
1013.10	3188.38
1014.72	3189.43
1016.34	3181.06
1017.96	3200.94
1019.58	3191.52
1021.19	3194.66
1022.81	3199.89
1024.43	3212.45
1026.05	3203.03
1027.66	3206.17
1029.28	3211.40
1030.90	3215.59
1032.52	3201.98
1034.13	3208.26
1035.75	3210.36
1037.37	3213.50
1038.98	3225.01
1040.60	3210.36
1042.22	3207.22
1043.83	3214.54
1045.45	3220.82
1047.07	3217.68
1048.68	3233.38
1050.30	3215.59
1051.92	3218.73
1053.53	3212.45
1055.15	3237.56
1056.76	3221.87
1058.38	3225.01
1059.99	3222.91
1061.61	3222.91
1063.22	3209.31
1064.84	3221.87
1066.46	3213.50
1068.07	3211.40
1069.68	3219.77
1071.30	3236.52
1072.91	3215.59
1074.53	3221.87
1076.14	3225.01
1077.76	3218.73
1079.37	3215.59
1080.98	3195.71
1082.60	3210.36
1084.21	3212.45
1085.83	3204.08
1087.44	3212.45
1089.05	3195.71
1090.67	3208.26
1092.28	3201.98
1093.89	3211.40
1095.50	3208.26
1097.12	3204.08
1098.73	3209.31
1100.34	3197.80
1101.95	3209.31
1103.57	3208.26
1105.18	3194.66
1106.79	3182.10
1108.40	3198.85
1110.01	3201.98
1111.63	3196.75
1113.24	3206.17
1114.85	3208.26
1116.46	3204.08
1118.07	3214.54
1119.68	3200.94
1121.29	3206.17
1122.90	3192.57
1124.51	3192.57
1126.12	3210.36
1127.73	3214.54
1129.34	3228.14
1130.95	3215.59
1132.56	3218.73
1134.17	3192.57
1135.78	3195.71
1137.39	3207.22
1139.00	3203.03
1140.61	3208.26
1142.22	3205.12
1143.83	3197.80
1145.44	3196.75
1147.05	3193.61
1148.65	3208.26
1150.26	3196.75
1151.87	3196.75
1153.48	3197.80
1155.09	3208.26
1156.69	3204.08
1158.30	3195.71
1159.91	3194.66
1161.52	3203.03
1163.12	3201.98
1164.73	3205.12
1166.34	3218.73
1167.94	3197.80
1169.55	3213.50
1171.16	3205.12
1172.76	3208.26
1174.37	3208.26
1175.97	3213.50
1177.58	3192.57
1179.19	3201.98
1180.79	3192.57
1182.40	3200.94
1184.00	3200.94
1185.61	3214.54
1187.21	3214.54
1188.82	3197.80
1190.42	3211.40
1192.02	3201.98
1193.63	3192.57
1195.23	3201.98
1196.84	3205.12
1198.44	3209.31
1200.04	3225.01
1201.65	3198.85
1203.25	3193.61
1204.85	3209.31
1206.46	3189.43
1208.06	3192.57
1209.66	3188.38
1211.26	3186.29
1212.87	3213.50
1214.47	3193.61
1216.07	3205.12
1217.67	3200.94
1219.27	3188.38
1220.87	3189.43
1222.48	3193.61
1224.08	3191.52
1225.68	3196.75
1227.28	3193.61
1228.88	3190.47
1230.48	3194.66
1232.08	3178.96
1233.68	3193.61
1235.28	3190.47
1236.88	3178.96
1238.48	3171.64
1240.08	3196.75
1241.68	3167.45
1243.28	3172.69
1244.87	3169.55
1246.47	3166.41
1248.07	3148.62
1249.67	3158.04
1251.27	3167.45
1252.87	3156.99
1254.46	3160.13
1256.06	3159.08
1257.66	3154.90
1259.26	3144.43
1260.85	3159.08
1262.45	3153.85
1264.05	3164.31
1265.64	3152.80
1267.24	3160.13
1268.83	3155.94
1270.43	3136.06
1272.03	3155.94
1273.62	3145.48
1275.22	3131.88
1276.81	3149.66
1278.41	3136.06
1280.00	3139.20
1281.60	3132.92
1283.19	3126.64
1284.79	3125.60
1286.38	3129.78
1287.97	3130.83
1289.57	3129.78
1291.16	3124.55
1292.75	3125.60
1294.35	3130.83
1295.94	3124.55
1297.53	3124.55
1299.12	3111.99
1300.72	3122.46
1302.31	3102.58
1303.90	3137.11
1305.49	3130.83
1307.08	3115.13
1308.68	3101.53
1310.27	3109.90
1311.86	3108.86
1313.45	3104.67
1315.04	3107.81
1316.63	3106.76
1318.22	3099.44
1319.81	3090.02
1321.40	3085.83
1322.99	3096.30
1324.58	3083.74
1326.17	3080.60
1327.75	3073.28
1329.34	3077.46
1330.93	3068.05
1332.52	3064.91
1334.11	3069.09
1335.70	3065.95
1337.28	3056.54
1338.87	3057.58
1340.46	3065.95
1342.05	3059.67
1343.63	3060.72
1345.22	3054.44
1346.81	3067.00
1348.39	3049.21
1349.98	3046.07
1351.56	3036.65
1353.15	3038.75
1354.73	3034.56
1356.32	3015.73
1357.90	3018.86
1359.49	3019.91
1361.07	3003.17
1362.66	3008.40
1364.24	3008.40
1365.82	3005.26
1367.41	3006.31
1368.99	2992.70
1370.57	2987.47
1372.16	3001.08
1373.74	2998.98
1375.32	2996.89
1376.91	2990.61
1378.49	2960.27
1380.07	2936.20
1381.65	2943.52
1383.23	2916.32
1384.81	2920.50
1386.39	2913.18
1387.97	2918.41
1389.55	2916.32
1391.14	2912.13
1392.72	2895.39
1394.29	2892.25
1395.87	2898.53
1397.45	2889.11
1399.03	2875.51
1400.61	2873.42
1402.19	2868.18
1403.77	2854.58
1405.35	2869.23
1406.92	2860.86
1408.50	2865.04
1410.08	2859.81
1411.66	2850.39
1413.23	2857.72
1414.81	2864.00
1416.39	2845.16
1417.96	2852.49
1419.54	2844.12
1421.12	2851.44
1422.69	2858.77
1424.27	2846.21
1425.84	2849.35
1427.42	2840.98
1428.99	2844.12
1430.57	2842.02
1432.14	2844.12
1433.71	2842.02
1435.29	2860.86
1436.86	2840.98
1438.43	2840.98
1440.01	2840.98
1441.58	2717.50
1443.15	2835.74
1444.72	2837.84
1446.30	2834.70
1447.87	2846.21
1449.44	2826.33
1451.01	2819.00
1452.58	2840.98
1454.15	2833.65
1455.72	2828.42
1457.29	2826.33
1458.86	2836.79
1460.43	2831.56
1462.00	2849.35
1463.57	2832.61
1465.14	2845.16
1466.71	2826.33
1468.28	2837.84
1469.85	2834.70
1471.41	2836.79
1472.98	2828.42
1474.55	2838.88
1476.12	2817.96
1477.68	2825.28
1479.25	2839.93
1480.82	2836.79
1482.38	2839.93
1483.95	2824.23
1485.51	2840.98
1487.08	2847.26
1488.64	2840.98
1490.21	2837.84
1491.77	2830.51
1493.34	2851.44
1494.90	2829.47
1496.46	2831.56
1498.03	2838.88
1499.59	2847.26
1501.15	2845.16
1502.72	2847.26
1504.28	2847.26
1505.84	2836.79
1507.40	2835.74
1508.97	2854.58
1510.53	2850.39
1512.09	2861.90
1513.65	2860.86
1515.21	2851.44
1516.77	2838.88
1518.33	2862.95
1519.89	2850.39
1521.45	2850.39
1523.01	2846.21
1524.57	2847.26
1526.13	2845.16
1527.68	2860.86
1529.24	2866.09
1530.80	2855.63
1532.36	2855.63
1533.92	2849.35
1535.47	2838.88
1537.03	2847.26
1538.59	2855.63
1540.14	2838.88
1541.70	2837.84
1543.25	2867.14
1544.81	2853.53
1546.36	2854.58
1547.92	2829.47
1549.47	2846.21
1551.03	2848.30
1552.58	2838.88
1554.13	2838.88
1555.69	2849.35
1557.24	2838.88
1558.79	2843.07
1560.35	2834.70
1561.90	2838.88
1563.45	2847.26
1565.00	2837.84
1566.55	2830.51
1568.10	2824.23
1569.66	2820.05
1571.21	2835.74
1572.76	2830.51
1574.31	2832.61
1575.86	2835.74
1577.40	2828.42
1578.95	2829.47
1580.50	2830.51
1582.05	2816.91
1583.60	2830.51
1585.15	2821.10
1586.69	2826.33
1588.24	2820.05
1589.79	2829.47
1591.34	2804.35
1592.88	2828.42
1594.43	2810.63
1595.97	2822.14
1597.52	2823.19
1599.06	2820.05
1600.61	2819.00
1602.15	2824.23
1603.70	2817.96
1605.24	2815.86
1606.79	2816.91
1608.33	2800.17
1609.87	2800.17
1611.41	2815.86
1612.96	2811.68
1614.50	2797.03
1616.04	2802.26
1617.58	2804.35
1619.12	2799.12
1620.67	2808.54
1622.21	2788.66
1623.75	2804.35
1625.29	2795.98
1626.83	2787.61
1628.37	2809.58
1629.90	2785.52
1631.44	2784.47
1632.98	2782.38
1634.52	2769.82
1636.06	2774.01
1637.59	2781.33
1639.13	2760.40
1640.67	2762.50
1642.21	2754.13
1643.74	2759.36
1645.28	2739.48
1646.81	2722.73
1648.35	2736.34
1649.88	2714.36
1651.42	2720.64
1652.95	2703.90
1654.49	2725.87
1656.02	2697.62
1657.55	2705.99
1659.09	2687.16
1660.62	2711.22
1662.15	2696.57
1663.68	2695.53
1665.22	2685.06
1666.75	2681.92
1668.28	2679.83
1669.81	2701.81
1671.34	2684.02
1672.87	2693.43
1674.40	2691.34
1675.93	2676.69
1677.46	2663.09
1678.99	2659.95
1680.52	2668.32
1682.04	2680.88
1683.57	2670.41
1685.10	2676.69
1686.63	2662.04
1688.15	2668.32
1689.68	2656.81
1691.21	2673.55
1692.73	2661.00
1694.26	2662.04
1695.78	2655.76
1697.31	2670.41
1698.83	2659.95
1700.36	2654.72
1701.88	2649.49
1703.40	2670.41
1704.93	2649.49
1706.45	2659.95
