896.35	3062.81
897.98	3076.42
899.60	3075.37
901.22	3107.81
902.85	3092.11
904.47	3121.41
906.10	3119.32
907.72	3123.50
909.34	3138.15
910.97	3152.80
912.59	3168.50
914.21	3213.50
915.84	3241.75
917.46	3295.11
919.08	3318.14
920.71	3344.30
922.33	3365.22
923.95	3388.24
925.58	3409.17
927.20	3411.26
928.82	3406.03
930.44	3441.61
932.07	3423.82
933.69	3432.19
935.31	3431.15
936.93	3458.35
938.56	3455.21
940.18	3479.28
941.80	3475.10
943.42	3496.02
945.05	3484.51
946.67	3469.86
948.29	3481.37
949.91	3479.28
951.53	3491.84
953.16	3496.02
954.78	3488.70
956.40	3482.42
958.02	3479.28
959.64	3491.84
961.26	3483.47
962.88	3498.12
964.51	3467.77
966.13	3502.30
967.75	3491.84
969.37	3494.98
970.99	3484.51
972.61	3499.16
974.23	3483.47
975.85	3500.21
977.47	3494.98
979.09	3503.35
980.71	3484.51
982.33	3512.77
983.95	3499.16
985.57	3530.55
987.19	3504.39
988.81	3521.14
990.43	3497.07
992.05	3520.09
993.67	3529.51
995.29	3535.79
996.91	3526.37
998.53	3554.62
1000.15	3546.25
1001.77	3562.99
1003.39	3553.58
1005.01	3565.09
1006.63	3566.13
1008.25	3591.25
1009.86	3587.06
1011.48	3588.11
1013.10	3582.87
1014.72	3616.36
1016.34	3610.08
1017.96	3625.78
1019.58	3607.99
1021.19	3617.41
1022.81	3614.27
1024.43	3628.92
1026.05	3618.45
1027.66	3651.94
1029.28	3636.24
1030.90	3650.89
1032.52	3627.87
1034.13	3656.12
1035.75	3648.80
1037.37	3670.77
1038.98	3661.35
1040.60	3658.22
1042.22	3633.10
1043.83	3661.35
1045.45	3659.26
1047.07	3665.54
1048.68	3664.49
1050.30	3664.49
1051.92	3669.73
1053.53	3677.05
1055.15	3665.54
1056.76	3677.05
1058.38	3660.31
1059.99	3678.10
1061.61	3652.98
1063.22	3660.31
1064.84	3650.89
1066.46	3668.68
1068.07	3657.17
1069.68	3665.54
1071.30	3659.26
1072.91	3660.31
1074.53	3640.43
1076.14	3662.40
1077.76	3655.08
1079.37	3663.45
1080.98	3627.87
1082.60	3642.52
1084.21	3635.19
1085.83	3640.43
1087.44	3638.33
1089.05	3638.33
1090.67	3628.92
1092.28	3632.06
1093.89	3633.10
1095.50	3639.38
1097.12	3615.31
1098.73	3635.19
1100.34	3606.94
1101.95	3634.15
1103.57	3618.45
1105.18	3615.31
1106.79	3599.62
1108.40	3622.64
1110.01	3616.36
1111.63	3626.82
1113.24	3629.96
1114.85	3637.29
1116.46	3623.68
1118.07	3629.96
1119.68	3617.41
1121.29	3631.01
1122.90	3617.41
1124.51	3623.68
1126.12	3622.64
1127.73	3632.06
1129.34	3623.68
1130.95	3643.57
1132.56	3635.19
1134.17	3622.64
1135.78	3615.31
1137.39	3631.01
1139.00	3614.27
1140.61	3629.96
1142.22	3625.78
1143.83	3622.64
1145.44	3611.13
1147.05	3616.36
1148.65	3615.31
1150.26	3618.45
1151.87	3603.80
1153.48	3622.64
1155.09	3620.54
1156.69	3627.87
1158.30	3605.90
1159.91	3616.36
1161.52	3619.50
1163.12	3626.82
1164.73	3613.22
1166.34	3639.38
1167.94	3624.73
1169.55	3635.19
1171.16	3622.64
1172.76	3634.15
1174.37	3611.13
1175.97	3639.38
1177.58	3606.94
1179.19	3636.24
1180.79	3621.59
1182.40	3632.06
1184.00	3616.36
1185.61	3640.43
1187.21	3634.15
1188.82	3637.29
1190.42	3625.78
1192.02	3633.10
1193.63	3607.99
1195.23	3634.15
1196.84	3628.92
1198.44	3638.33
1200.04	3636.24
1201.65	3640.43
1203.25	3622.64
1204.85	3636.24
1206.46	3606.94
1208.06	3627.87
1209.66	3606.94
1211.26	3610.08
1212.87	3620.54
1214.47	3612.17
1216.07	3601.71
1217.67	3621.59
1219.27	3604.85
1220.87	3619.50
1222.48	3607.99
1224.08	3603.80
1225.68	3595.43
1227.28	3604.85
1228.88	3591.25
1230.48	3601.71
1232.08	3575.55
1233.68	3601.71
1235.28	3596.48
1236.88	3586.01
1238.48	3568.22
1240.08	3602.76
1241.68	3560.90
1243.28	3570.32
1244.87	3555.67
1246.47	3562.99
1248.07	3536.83
1249.67	3553.58
1251.27	3550.44
1252.87	3541.02
1254.46	3530.55
1256.06	3536.83
1257.66	3530.55
1259.26	3520.09
1260.85	3525.32
1262.45	3529.51
1264.05	3518.00
1265.64	3519.04
1267.24	3512.77
1268.83	3530.55
1270.43	3519.04
1272.03	3533.69
1273.62	3512.77
1275.22	3507.53
1276.81	3512.77
1278.41	3509.63
1280.00	3505.44
1281.60	3498.12
1283.19	3480.33
1284.79	3499.16
1286.38	3492.88
1287.97	3498.12
1289.57	3482.42
1291.16	3490.79
1292.75	3477.19
1294.35	3485.56
1295.94	3473.00
1297.53	3486.61
1299.12	3468.82
1300.72	3481.37
1302.31	3445.80
1303.90	3471.96
1305.49	3474.05
1307.08	3457.31
1308.68	3446.84
1310.27	3455.21
1311.86	3442.66
1313.45	3443.70
1315.04	3436.38
1316.63	3441.61
1318.22	3430.10
1319.81	3424.87
1321.40	3412.31
1322.99	3419.64
1324.58	3396.62
1326.17	3414.40
1327.75	3401.85
1329.34	3403.94
1330.93	3379.87
1332.52	3383.01
1334.11	3378.83
1335.70	3378.83
1337.28	3359.99
1338.87	3369.41
1340.46	3368.36
1342.05	3374.64
1343.63	3356.85
1345.22	3345.34
1346.81	3346.39
1348.39	3350.57
1349.98	3339.06
1351.56	3336.97
1353.15	3321.27
1354.73	3317.09
1356.32	3294.07
1357.90	3298.25
1359.49	3287.79
1361.07	3270.00
1362.66	3268.95
1364.24	3273.14
1365.82	3275.23
1367.41	3268.95
1368.99	3243.84
1370.57	3242.79
1372.16	3236.52
1373.74	3232.33
1375.32	3233.38
1376.91	3208.26
1378.49	3171.64
1380.07	3136.06
1381.65	3124.55
1383.23	3114.09
1384.81	3110.95
1386.39	3099.44
1387.97	3087.93
1389.55	3083.74
1391.14	3064.91
1392.72	3057.58
1394.29	3050.26
1395.87	3040.84
1397.45	3026.19
1399.03	3024.10
1400.61	2996.89
1402.19	2990.61
1403.77	2975.96
1405.35	2987.47
1406.92	2975.96
1408.50	2972.82
1410.08	2969.68
1411.66	2959.22
1413.23	2956.08
1414.81	2964.45
1416.39	2928.87
1417.96	2937.25
1419.54	2929.92
1421.12	2940.38
1422.69	2945.62
1424.27	2932.01
1425.84	2933.06
1427.42	2924.69
1428.99	2926.78
1430.57	2920.50
1432.14	2916.32
1433.71	2919.46
1435.29	2936.20
1436.86	2937.25
1438.43	2924.69
1440.01	2918.41
1441.58	2792.84
1443.15	2922.60
1444.72	2917.36
1446.30	2918.41
1447.87	2923.64
1449.44	2915.27
1451.01	2905.85
1452.58	2923.64
1454.15	2921.55
1455.72	2912.13
1457.29	2906.90
1458.86	2921.55
1460.43	2905.85
1462.00	2927.83
1463.57	2911.09
1465.14	2919.46
1466.71	2904.81
1468.28	2911.09
1469.85	2923.64
1471.41	2926.78
1472.98	2914.22
1474.55	2926.78
1476.12	2905.85
1477.68	2908.99
1479.25	2916.32
1480.82	2917.36
1482.38	2922.60
1483.95	2911.09
1485.51	2921.55
1487.08	2938.29
1488.64	2930.97
1490.21	2940.38
1491.77	2923.64
1493.34	2947.71
1494.90	2932.01
1496.46	2932.01
1498.03	2937.25
1499.59	2941.43
1501.15	2943.52
1502.72	2949.80
1504.28	2957.13
1505.84	2949.80
1507.40	2933.06
1508.97	2952.94
1510.53	2946.66
1512.09	2964.45
1513.65	2956.08
1515.21	2956.08
1516.77	2946.66
1518.33	2971.78
1519.89	2962.36
1521.45	2963.41
1523.01	2963.41
1524.57	2970.73
1526.13	2960.27
1527.68	2968.64
1529.24	2978.06
1530.80	2969.68
1532.36	2966.54
1533.92	2966.54
1535.47	2958.17
1537.03	2969.68
1538.59	2967.59
1540.14	2965.50
1541.70	2956.08
1543.25	2977.01
1544.81	2969.68
1546.36	2973.87
1547.92	2960.27
1549.47	2973.87
1551.03	2966.54
1552.58	2964.45
1554.13	2956.08
1555.69	2973.87
1557.24	2961.31
1558.79	2960.27
1560.35	2960.27
1561.90	2969.68
1563.45	2963.41
1565.00	2966.54
1566.55	2960.27
1568.10	2961.31
1569.66	2946.66
1571.21	2961.31
1572.76	2953.99
1574.31	2961.31
1575.86	2958.17
1577.40	2949.80
1578.95	2948.76
1580.50	2951.90
1582.05	2939.34
1583.60	2949.80
1585.15	2934.11
1586.69	2940.38
1588.24	2942.48
1589.79	2952.94
1591.34	2934.11
1592.88	2955.03
1594.43	2923.64
1595.97	2937.25
1597.52	2941.43
1599.06	2937.25
1600.61	2928.87
1602.15	2946.66
1603.70	2929.92
1605.24	2936.20
1606.79	2924.69
1608.33	2926.78
1609.87	2928.87
1611.41	2933.06
1612.96	2919.46
1614.50	2922.60
1616.04	2919.46
1617.58	2924.69
1619.12	2915.27
1620.67	2919.46
1622.21	2892.25
1623.75	2911.09
1625.29	2901.67
1626.83	2903.76
1628.37	2911.09
1629.90	2891.20
1631.44	2883.88
1632.98	2890.16
1634.52	2869.23
1636.06	2868.18
1637.59	2869.23
1639.13	2851.44
1640.67	2834.70
1642.21	2823.19
1643.74	2813.77
1645.28	2795.98
1646.81	2785.52
1648.35	2787.61
1649.88	2764.59
1651.42	2768.78
1652.95	2746.80
1654.49	2767.73
1656.02	2745.75
1657.55	2746.80
1659.09	2729.01
1660.62	2734.24
1662.15	2716.45
1663.68	2725.87
1665.22	2710.18
1666.75	2712.27
1668.28	2709.13
1669.81	2727.97
1671.34	2713.32
1672.87	2717.50
1674.40	2718.55
1675.93	2714.36
1677.46	2697.62
1678.99	2695.53
1680.52	2691.34
1682.04	2705.99
1683.57	2695.53
1685.10	2696.57
1686.63	2693.43
1688.15	2694.48
1689.68	2692.39
1691.21	2681.92
1692.73	2687.16
1694.26	2693.43
1695.78	2677.74
1697.31	2687.16
1698.83	2677.74
1700.36	2680.88
1701.88	2676.69
1703.40	2690.29
1704.93	2674.60
1706.45	2676.69
