896.35	2855.63
897.98	2858.77
899.60	2869.23
901.22	2887.02
902.85	2873.42
904.47	2880.74
906.10	2890.16
907.72	2885.97
909.34	2904.81
910.97	2906.90
912.59	2919.46
914.21	2937.25
915.84	2952.94
917.46	2970.73
919.08	2996.89
920.71	3000.03
922.33	3031.42
923.95	3026.19
925.58	3057.58
927.20	3041.89
928.82	3053.40
930.44	3063.86
932.07	3051.30
933.69	3046.07
935.31	3053.40
936.93	3060.72
938.56	3064.91
940.18	3071.18
941.80	3072.23
943.42	3077.46
945.05	3098.39
946.67	3084.79
948.29	3093.16
949.91	3084.79
951.53	3092.11
953.16	3092.11
954.78	3092.11
956.40	3081.65
958.02	3088.97
959.64	3086.88
961.26	3091.07
962.88	3092.11
964.51	3083.74
966.13	3102.58
967.75	3104.67
969.37	3083.74
970.99	3094.21
972.61	3087.93
974.23	3094.21
975.85	3093.16
977.47	3100.48
979.09	3097.34
980.71	3090.02
982.33	3096.30
983.95	3101.53
985.57	3113.04
987.19	3102.58
988.81	3106.76
990.43	3099.44
992.05	3104.67
993.67	3124.55
995.29	3109.90
996.91	3104.67
998.53	3126.64
1000.15	3127.69
1001.77	3122.46
1003.39	3130.83
1005.01	3127.69
1006.63	3144.43
1008.25	3144.43
1009.86	3150.71
1011.48	3148.62
1013.10	3147.57
1014.72	3152.80
1016.34	3162.22
1017.96	3171.64
1019.58	3160.13
1021.19	3158.04
1022.81	3165.36
1024.43	3176.87
1026.05	3169.55
1027.66	3169.55
1029.28	3169.55
1030.90	3170.59
1032.52	3168.50
1034.13	3177.92
1035.75	3187.34
1037.37	3182.10
1038.98	3195.71
1040.60	3186.29
1042.22	3170.59
1043.83	3182.10
1045.45	3195.71
1047.07	3188.38
1048.68	3189.43
1050.30	3176.87
1051.92	3192.57
1053.53	3190.47
1055.15	3199.89
1056.76	3187.34
1058.38	3192.57
1059.99	3193.61
1061.61	3188.38
1063.22	3171.64
1064.84	3187.34
1066.46	3180.01
1068.07	3180.01
1069.68	3186.29
1071.30	3199.89
1072.91	3180.01
1074.53	3174.78
1076.14	3193.61
1077.76	3185.24
1079.37	3190.47
1080.98	3162.22
1082.60	3182.10
1084.21	3182.10
1085.83	3173.73
1087.44	3177.92
1089.05	3163.27
1090.67	3164.31
1092.28	3161.18
1093.89	3166.41
1095.50	3167.45
1097.12	3163.27
1098.73	3172.69
1100.34	3148.62
1101.95	3169.55
1103.57	3168.50
1105.18	3152.80
1106.79	3151.76
1108.40	3168.50
1110.01	3168.50
1111.63	3177.92
1113.24	3175.82
1114.85	3170.59
1116.46	3177.92
1118.07	3171.64
1119.68	3165.36
1121.29	3175.82
1122.90	3166.41
1124.51	3161.18
1126.12	3172.69
1127.73	3176.87
1129.34	3181.06
1130.95	3181.06
1132.56	3183.15
1134.17	3150.71
1135.78	3155.94
1137.39	3172.69
1139.00	3165.36
1140.61	3165.36
1142.22	3170.59
1143.83	3159.08
1145.44	3166.41
1147.05	3158.04
1148.65	3171.64
1150.26	3166.41
1151.87	3161.18
1153.48	3165.36
1155.09	3161.18
1156.69	3162.22
1158.30	3152.80
1159.91	3167.45
1161.52	3169.55
1163.12	3164.31
1164.73	3161.18
1166.34	3168.50
1167.94	3170.59
1169.55	3167.45
1171.16	3165.36
1172.76	3171.64
1174.37	3161.18
1175.97	3170.59
1177.58	3148.62
1179.19	3170.59
1180.79	3163.27
1182.40	3167.45
1184.00	3162.22
1185.61	3175.82
1187.21	3168.50
1188.82	3168.50
1190.42	3167.45
1192.02	3163.27
1193.63	3151.76
1195.23	3162.22
1196.84	3165.36
1198.44	3173.73
1200.04	3175.82
1201.65	3172.69
1203.25	3164.31
1204.85	3177.92
1206.46	3158.04
1208.06	3164.31
1209.66	3158.04
1211.26	3165.36
1212.87	3181.06
1214.47	3164.31
1216.07	3168.50
1217.67	3168.50
1219.27	3159.08
1220.87	3162.22
1222.48	3164.31
1224.08	3152.80
1225.68	3159.08
1227.28	3154.90
1228.88	3141.29
1230.48	3154.90
1232.08	3144.43
1233.68	3160.13
1235.28	3170.59
1236.88	3147.57
1238.48	3130.83
1240.08	3158.04
1241.68	3126.64
1243.28	3137.11
1244.87	3139.20
1246.47	3131.88
1248.07	3125.60
1249.67	3132.92
1251.27	3140.25
1252.87	3117.23
1254.46	3116.18
1256.06	3125.60
1257.66	3121.41
1259.26	3114.09
1260.85	3116.18
1262.45	3116.18
1264.05	3121.41
1265.64	3121.41
1267.24	3114.09
1268.83	3121.41
1270.43	3109.90
1272.03	3126.64
1273.62	3117.23
1275.22	3100.48
1276.81	3103.62
1278.41	3098.39
1280.00	3109.90
1281.60	3107.81
1283.19	3096.30
1284.79	3096.30
1286.38	3100.48
1287.97	3104.67
1289.57	3095.25
1291.16	3086.88
1292.75	3077.46
1294.35	3092.11
1295.94	3085.83
1297.53	3085.83
1299.12	3079.56
1300.72	3102.58
1302.31	3068.05
1303.90	3087.93
1305.49	3091.07
1307.08	3071.18
1308.68	3070.14
1310.27	3077.46
1311.86	3085.83
1313.45	3079.56
1315.04	3072.23
1316.63	3067.00
1318.22	3071.18
1319.81	3056.54
1321.40	3073.28
1322.99	3069.09
1324.58	3041.89
1326.17	3050.26
1327.75	3048.16
1329.34	3054.44
1330.93	3045.02
1332.52	3036.65
1334.11	3036.65
1335.70	3036.65
1337.28	3032.47
1338.87	3033.51
1340.46	3030.38
1342.05	3028.28
1343.63	3025.14
1345.22	3019.91
1346.81	3027.24
1348.39	3014.68
1349.98	3016.77
1351.56	3013.63
1353.15	3014.68
1354.73	3005.26
1356.32	2991.66
1357.90	2989.57
1359.49	2998.98
1361.07	2986.43
1362.66	2988.52
1364.24	2984.33
1365.82	2989.57
1367.41	2986.43
1368.99	2964.45
1370.57	2963.41
1372.16	2963.41
1373.74	2967.59
1375.32	2964.45
1376.91	2956.08
1378.49	2930.97
1380.07	2919.46
1381.65	2914.22
1383.23	2900.62
1384.81	2897.48
1386.39	2895.39
1387.97	2896.44
1389.55	2887.02
1391.14	2888.06
1392.72	2873.42
1394.29	2873.42
1395.87	2868.18
1397.45	2859.81
1399.03	2857.72
1400.61	2854.58
1402.19	2842.02
1403.77	2836.79
1405.35	2851.44
1406.92	2830.51
1408.50	2831.56
1410.08	2829.47
1411.66	2823.19
1413.23	2826.33
1414.81	2838.88
1416.39	2814.82
1417.96	2826.33
1419.54	2816.91
1421.12	2825.28
1422.69	2830.51
1424.27	2816.91
1425.84	2821.10
1427.42	2808.54
1428.99	2819.00
1430.57	2813.77
1432.14	2810.63
1433.71	2809.58
1435.29	2809.58
1436.86	2815.86
1438.43	2812.72
1440.01	2814.82
1441.58	2697.62
1443.15	2815.86
1444.72	2812.72
1446.30	2803.31
1447.87	2808.54
1449.44	2795.98
1451.01	2789.70
1452.58	2801.21
1454.15	2811.68
1455.72	2802.26
1457.29	2808.54
1458.86	2815.86
1460.43	2804.35
1462.00	2816.91
1463.57	2810.63
1465.14	2816.91
1466.71	2808.54
1468.28	2809.58
1469.85	2809.58
1471.41	2814.82
1472.98	2793.89
1474.55	2811.68
1476.12	2801.21
1477.68	2801.21
1479.25	2819.00
1480.82	2807.49
1482.38	2813.77
1483.95	2795.98
1485.51	2809.58
1487.08	2819.00
1488.64	2812.72
1490.21	2820.05
1491.77	2805.40
1493.34	2819.00
1494.90	2806.45
1496.46	2815.86
1498.03	2821.10
1499.59	2817.96
1501.15	2815.86
1502.72	2815.86
1504.28	2822.14
1505.84	2822.14
1507.40	2809.58
1508.97	2832.61
1510.53	2821.10
1512.09	2829.47
1513.65	2832.61
1515.21	2837.84
1516.77	2817.96
1518.33	2837.84
1519.89	2833.65
1521.45	2826.33
1523.01	2824.23
1524.57	2830.51
1526.13	2829.47
1527.68	2838.88
1529.24	2840.98
1530.80	2827.37
1532.36	2836.79
1533.92	2828.42
1535.47	2816.91
1537.03	2817.96
1538.59	2831.56
1540.14	2822.14
1541.70	2817.96
1543.25	2826.33
1544.81	2836.79
1546.36	2837.84
1547.92	2825.28
1549.47	2836.79
1551.03	2833.65
1552.58	2821.10
1554.13	2815.86
1555.69	2831.56
1557.24	2823.19
1558.79	2827.37
1560.35	2820.05
1561.90	2823.19
1563.45	2810.63
1565.00	2823.19
1566.55	2819.00
1568.10	2819.00
1569.66	2814.82
1571.21	2821.10
1572.76	2823.19
1574.31	2812.72
1575.86	2816.91
1577.40	2810.63
1578.95	2812.72
1580.50	2804.35
1582.05	2802.26
1583.60	2809.58
1585.15	2791.80
1586.69	2800.17
1588.24	2808.54
1589.79	2812.72
1591.34	2789.70
1592.88	2811.68
1594.43	2785.52
1595.97	2809.58
1597.52	2811.68
1599.06	2800.17
1600.61	2792.84
1602.15	2810.63
1603.70	2803.31
1605.24	2800.17
1606.79	2795.98
1608.33	2788.66
1609.87	2782.38
1611.41	2800.17
1612.96	2792.84
1614.50	2777.15
1616.04	2793.89
1617.58	2799.12
1619.12	2789.70
1620.67	2794.94
1622.21	2766.68
1623.75	2785.52
1625.29	2770.87
1626.83	2772.96
1628.37	2793.89
1629.90	2766.68
1631.44	2765.64
1632.98	2774.01
1634.52	2754.13
1636.06	2747.85
1637.59	2766.68
1639.13	2752.03
1640.67	2749.94
1642.21	2736.34
1643.74	2742.62
1645.28	2723.78
1646.81	2723.78
1648.35	2729.01
1649.88	2707.04
1651.42	2708.08
1652.95	2692.39
1654.49	2715.41
1656.02	2693.43
1657.55	2698.67
1659.09	2678.78
1660.62	2693.43
1662.15	2682.97
1663.68	2692.39
1665.22	2686.11
1666.75	2679.83
1668.28	2667.27
1669.81	2694.48
1671.34	2668.32
1672.87	2676.69
1674.40	2685.06
1675.93	2671.46
1677.46	2664.13
1678.99	2656.81
1680.52	2658.90
1682.04	2669.37
1683.57	2658.90
1685.10	2666.23
1686.63	2658.90
1688.15	2665.18
1689.68	2652.62
1691.21	2655.76
1692.73	2662.04
1694.26	2667.27
1695.78	2654.72
1697.31	2657.86
1698.83	2650.53
1700.36	2654.72
1701.88	2644.25
1703.40	2662.04
1704.93	2646.35
1706.45	2653.67
