896.35	2940.38
897.98	2949.80
899.60	2965.50
901.22	2982.24
902.85	2971.78
904.47	2981.19
906.10	2991.66
907.72	2992.70
909.34	3010.49
910.97	3017.82
912.59	3032.47
914.21	3064.91
915.84	3084.79
917.46	3124.55
919.08	3138.15
920.71	3154.90
922.33	3170.59
923.95	3181.06
925.58	3203.03
927.20	3199.89
928.82	3203.03
930.44	3230.24
932.07	3231.28
933.69	3215.59
935.31	3214.54
936.93	3233.38
938.56	3241.75
940.18	3251.17
941.80	3244.89
943.42	3262.68
945.05	3270.00
946.67	3257.44
948.29	3268.95
949.91	3264.77
951.53	3273.14
953.16	3279.42
954.78	3270.00
956.40	3266.86
958.02	3264.77
959.64	3264.77
961.26	3270.00
962.88	3270.00
964.51	3254.30
966.13	3274.19
967.75	3272.09
969.37	3257.44
970.99	3264.77
972.61	3268.95
974.23	3272.09
975.85	3275.23
977.47	3278.37
979.09	3268.95
980.71	3264.77
982.33	3273.14
983.95	3286.74
985.57	3296.16
987.19	3282.56
988.81	3295.11
990.43	3277.33
992.05	3288.84
993.67	3300.35
995.29	3300.35
996.91	3293.02
998.53	3322.32
1000.15	3318.14
1001.77	3319.18
1003.39	3319.18
1005.01	3324.41
1006.63	3328.60
1008.25	3330.69
1009.86	3334.88
1011.48	3340.11
1013.10	3342.20
1014.72	3353.71
1016.34	3353.71
1017.96	3365.22
1019.58	3351.62
1021.19	3358.94
1022.81	3358.94
1024.43	3374.64
1026.05	3370.46
1027.66	3379.87
1029.28	3375.69
1030.90	3372.55
1032.52	3361.04
1034.13	3386.15
1035.75	3399.75
1037.37	3393.48
1038.98	3406.03
1040.60	3394.52
1042.22	3378.83
1043.83	3393.48
1045.45	3390.34
1047.07	3394.52
1048.68	3402.89
1050.30	3391.38
1051.92	3402.89
1053.53	3404.99
1055.15	3393.48
1056.76	3391.38
1058.38	3396.62
1059.99	3414.40
1061.61	3395.57
1063.22	3390.34
1064.84	3398.71
1066.46	3391.38
1068.07	3390.34
1069.68	3393.48
1071.30	3406.03
1072.91	3389.29
1074.53	3383.01
1076.14	3396.62
1077.76	3386.15
1079.37	3384.06
1080.98	3358.94
1082.60	3376.73
1084.21	3383.01
1085.83	3385.10
1087.44	3383.01
1089.05	3369.41
1090.67	3357.90
1092.28	3364.18
1093.89	3379.87
1095.50	3377.78
1097.12	3363.13
1098.73	3377.78
1100.34	3353.71
1101.95	3375.69
1103.57	3368.36
1105.18	3359.99
1106.79	3353.71
1108.40	3362.08
1110.01	3355.81
1111.63	3375.69
1113.24	3378.83
1114.85	3372.55
1116.46	3370.46
1118.07	3371.50
1119.68	3368.36
1121.29	3373.59
1122.90	3362.08
1124.51	3372.55
1126.12	3378.83
1127.73	3385.10
1129.34	3389.29
1130.95	3385.10
1132.56	3376.73
1134.17	3355.81
1135.78	3357.90
1137.39	3371.50
1139.00	3356.85
1140.61	3368.36
1142.22	3370.46
1143.83	3367.32
1145.44	3368.36
1147.05	3370.46
1148.65	3367.32
1150.26	3353.71
1151.87	3358.94
1153.48	3361.04
1155.09	3370.46
1156.69	3368.36
1158.30	3351.62
1159.91	3364.18
1161.52	3369.41
1163.12	3369.41
1164.73	3363.13
1166.34	3377.78
1167.94	3354.76
1169.55	3371.50
1171.16	3366.27
1172.76	3376.73
1174.37	3369.41
1175.97	3378.83
1177.58	3350.57
1179.19	3376.73
1180.79	3356.85
1182.40	3367.32
1184.00	3372.55
1185.61	3381.97
1187.21	3380.92
1188.82	3370.46
1190.42	3373.59
1192.02	3370.46
1193.63	3367.32
1195.23	3375.69
1196.84	3373.59
1198.44	3375.69
1200.04	3375.69
1201.65	3370.46
1203.25	3370.46
1204.85	3384.06
1206.46	3362.08
1208.06	3365.22
1209.66	3352.67
1211.26	3364.18
1212.87	3375.69
1214.47	3352.67
1216.07	3358.94
1217.67	3366.27
1219.27	3354.76
1220.87	3356.85
1222.48	3353.71
1224.08	3350.57
1225.68	3351.62
1227.28	3364.18
1228.88	3341.16
1230.48	3350.57
1232.08	3338.02
1233.68	3350.57
1235.28	3352.67
1236.88	3343.25
1238.48	3323.37
1240.08	3354.76
1241.68	3313.95
1243.28	3323.37
1244.87	3323.37
1246.47	3318.14
1248.07	3309.76
1249.67	3320.23
1251.27	3331.74
1252.87	3312.90
1254.46	3304.53
1256.06	3305.58
1257.66	3303.49
1259.26	3296.16
1260.85	3305.58
1262.45	3301.39
1264.05	3301.39
1265.64	3289.88
1267.24	3287.79
1268.83	3300.35
1270.43	3291.98
1272.03	3304.53
1273.62	3285.70
1275.22	3275.23
1276.81	3288.84
1278.41	3283.60
1280.00	3289.88
1281.60	3281.51
1283.19	3271.05
1284.79	3287.79
1286.38	3275.23
1287.97	3284.65
1289.57	3273.14
1291.16	3275.23
1292.75	3264.77
1294.35	3267.91
1295.94	3266.86
1297.53	3275.23
1299.12	3258.49
1300.72	3275.23
1302.31	3243.84
1303.90	3268.95
1305.49	3263.72
1307.08	3244.89
1308.68	3233.38
1310.27	3240.70
1311.86	3240.70
1313.45	3232.33
1315.04	3227.10
1316.63	3240.70
1318.22	3230.24
1319.81	3223.96
1321.40	3222.91
1322.99	3230.24
1324.58	3210.36
1326.17	3217.68
1327.75	3209.31
1329.34	3214.54
1330.93	3200.94
1332.52	3198.85
1334.11	3194.66
1335.70	3196.75
1337.28	3184.20
1338.87	3194.66
1340.46	3187.34
1342.05	3185.24
1343.63	3174.78
1345.22	3177.92
1346.81	3178.96
1348.39	3167.45
1349.98	3162.22
1351.56	3148.62
1353.15	3141.29
1354.73	3150.71
1356.32	3141.29
1357.90	3138.15
1359.49	3135.02
1361.07	3117.23
1362.66	3121.41
1364.24	3119.32
1365.82	3115.13
1367.41	3111.99
1368.99	3097.34
1370.57	3086.88
1372.16	3094.21
1373.74	3087.93
1375.32	3095.25
1376.91	3079.56
1378.49	3053.40
1380.07	3026.19
1381.65	3023.05
1383.23	3008.40
1384.81	2996.89
1386.39	2993.75
1387.97	2996.89
1389.55	2992.70
1391.14	2974.92
1392.72	2962.36
1394.29	2959.22
1395.87	2945.62
1397.45	2942.48
1399.03	2941.43
1400.61	2935.15
1402.19	2923.64
1403.77	2903.76
1405.35	2922.60
1406.92	2908.99
1408.50	2912.13
1410.08	2905.85
1411.66	2898.53
1413.23	2900.62
1414.81	2904.81
1416.39	2887.02
1417.96	2901.67
1419.54	2890.16
1421.12	2891.20
1422.69	2893.30
1424.27	2887.02
1425.84	2896.44
1427.42	2877.60
1428.99	2878.65
1430.57	2884.93
1432.14	2877.60
1433.71	2878.65
1435.29	2887.02
1436.86	2884.93
1438.43	2884.93
1440.01	2872.37
1441.58	2764.59
1443.15	2882.83
1444.72	2880.74
1446.30	2880.74
1447.87	2875.51
1449.44	2859.81
1451.01	2864.00
1452.58	2878.65
1454.15	2878.65
1455.72	2869.23
1457.29	2864.00
1458.86	2875.51
1460.43	2859.81
1462.00	2889.11
1463.57	2879.69
1465.14	2877.60
1466.71	2866.09
1468.28	2866.09
1469.85	2871.32
1471.41	2877.60
1472.98	2869.23
1474.55	2880.74
1476.12	2866.09
1477.68	2862.95
1479.25	2879.69
1480.82	2875.51
1482.38	2876.55
1483.95	2864.00
1485.51	2875.51
1487.08	2887.02
1488.64	2882.83
1490.21	2889.11
1491.77	2873.42
1493.34	2893.30
1494.90	2879.69
1496.46	2881.79
1498.03	2879.69
1499.59	2888.06
1501.15	2892.25
1502.72	2889.11
1504.28	2884.93
1505.84	2884.93
1507.40	2880.74
1508.97	2904.81
1510.53	2891.20
1512.09	2901.67
1513.65	2900.62
1515.21	2896.44
1516.77	2889.11
1518.33	2903.76
1519.89	2899.58
1521.45	2885.97
1523.01	2891.20
1524.57	2905.85
1526.13	2902.71
1527.68	2903.76
1529.24	2905.85
1530.80	2900.62
1532.36	2906.90
1533.92	2899.58
1535.47	2883.88
1537.03	2896.44
1538.59	2913.18
1540.14	2900.62
1541.70	2888.06
1543.25	2905.85
1544.81	2900.62
1546.36	2908.99
1547.92	2895.39
1549.47	2895.39
1551.03	2899.58
1552.58	2891.20
1554.13	2890.16
1555.69	2897.48
1557.24	2890.16
1558.79	2885.97
1560.35	2877.60
1561.90	2891.20
1563.45	2881.79
1565.00	2884.93
1566.55	2880.74
1568.10	2884.93
1569.66	2876.55
1571.21	2890.16
1572.76	2885.97
1574.31	2882.83
1575.86	2873.42
1577.40	2873.42
1578.95	2880.74
1580.50	2881.79
1582.05	2868.18
1583.60	2870.28
1585.15	2861.90
1586.69	2871.32
1588.24	2873.42
1589.79	2882.83
1591.34	2860.86
1592.88	2874.46
1594.43	2844.12
1595.97	2869.23
1597.52	2874.46
1599.06	2866.09
1600.61	2859.81
1602.15	2875.51
1603.70	2859.81
1605.24	2868.18
1606.79	2858.77
1608.33	2853.53
1609.87	2842.02
1611.41	2858.77
1612.96	2861.90
1614.50	2842.02
1616.04	2847.26
1617.58	2854.58
1619.12	2850.39
1620.67	2852.49
1622.21	2831.56
1623.75	2851.44
1625.29	2830.51
1626.83	2829.47
1628.37	2838.88
1629.90	2815.86
1631.44	2824.23
1632.98	2829.47
1634.52	2807.49
1636.06	2807.49
1637.59	2811.68
1639.13	2800.17
1640.67	2789.70
1642.21	2777.15
1643.74	2769.82
1645.28	2747.85
1646.81	2741.57
1648.35	2750.99
1649.88	2735.29
1651.42	2733.20
1652.95	2711.22
1654.49	2734.24
1656.02	2713.32
1657.55	2712.27
1659.09	2695.53
1660.62	2713.32
1662.15	2694.48
1663.68	2702.85
1665.22	2696.57
1666.75	2698.67
1668.28	2688.20
1669.81	2707.04
1671.34	2695.53
1672.87	2694.48
1674.40	2699.71
1675.93	2689.25
1677.46	2668.32
1678.99	2669.37
1680.52	2671.46
1682.04	2677.74
1683.57	2675.65
1685.10	2685.06
1686.63	2668.32
1688.15	2677.74
1689.68	2667.27
1691.21	2665.18
1692.73	2672.51
1694.26	2670.41
1695.78	2667.27
1697.31	2670.41
1698.83	2655.76
1700.36	2662.04
1701.88	2649.49
1703.40	2671.46
1704.93	2657.86
1706.45	2661.00
