896.35	2875.51
897.98	2878.65
899.60	2879.69
901.22	2903.76
902.85	2889.11
904.47	2893.30
906.10	2898.53
907.72	2899.58
909.34	2921.55
910.97	2928.87
912.59	2940.38
914.21	2959.22
915.84	2975.96
917.46	2998.98
919.08	3019.91
920.71	3028.28
922.33	3048.16
923.95	3048.16
925.58	3077.46
927.20	3057.58
928.82	3074.32
930.44	3085.83
932.07	3079.56
933.69	3065.95
935.31	3075.37
936.93	3083.74
938.56	3096.30
940.18	3092.11
941.80	3098.39
943.42	3099.44
945.05	3125.60
946.67	3100.48
948.29	3116.18
949.91	3098.39
951.53	3119.32
953.16	3121.41
954.78	3123.50
956.40	3097.34
958.02	3100.48
959.64	3094.21
961.26	3105.72
962.88	3114.09
964.51	3102.58
966.13	3116.18
967.75	3122.46
969.37	3108.86
970.99	3117.23
972.61	3109.90
974.23	3121.41
975.85	3111.99
977.47	3119.32
979.09	3111.99
980.71	3104.67
982.33	3108.86
983.95	3124.55
985.57	3133.97
987.19	3123.50
988.81	3133.97
990.43	3128.74
992.05	3124.55
993.67	3143.39
995.29	3140.25
996.91	3126.64
998.53	3142.34
1000.15	3153.85
1001.77	3147.57
1003.39	3152.80
1005.01	3145.48
1006.63	3158.04
1008.25	3159.08
1009.86	3161.18
1011.48	3156.99
1013.10	3169.55
1014.72	3173.73
1016.34	3178.96
1017.96	3186.29
1019.58	3171.64
1021.19	3169.55
1022.81	3181.06
1024.43	3188.38
1026.05	3195.71
1027.66	3189.43
1029.28	3189.43
1030.90	3187.34
1032.52	3173.73
1034.13	3189.43
1035.75	3210.36
1037.37	3198.85
1038.98	3205.12
1040.60	3195.71
1042.22	3190.47
1043.83	3201.98
1045.45	3210.36
1047.07	3190.47
1048.68	3200.94
1050.30	3192.57
1051.92	3211.40
1053.53	3197.80
1055.15	3206.17
1056.76	3199.89
1058.38	3207.22
1059.99	3205.12
1061.61	3198.85
1063.22	3196.75
1064.84	3201.98
1066.46	3193.61
1068.07	3197.80
1069.68	3194.66
1071.30	3211.40
1072.91	3188.38
1074.53	3189.43
1076.14	3196.75
1077.76	3190.47
1079.37	3185.24
1080.98	3163.27
1082.60	3188.38
1084.21	3196.75
1085.83	3174.78
1087.44	3188.38
1089.05	3166.41
1090.67	3173.73
1092.28	3172.69
1093.89	3185.24
1095.50	3174.78
1097.12	3185.24
1098.73	3183.15
1100.34	3162.22
1101.95	3177.92
1103.57	3185.24
1105.18	3170.59
1106.79	3168.50
1108.40	3178.96
1110.01	3174.78
1111.63	3180.01
1113.24	3181.06
1114.85	3173.73
1116.46	3173.73
1118.07	3177.92
1119.68	3178.96
1121.29	3185.24
1122.90	3177.92
1124.51	3175.82
1126.12	3185.24
1127.73	3191.52
1129.34	3191.52
1130.95	3181.06
1132.56	3190.47
1134.17	3166.41
1135.78	3175.82
1137.39	3176.87
1139.00	3160.13
1140.61	3160.13
1142.22	3171.64
1143.83	3172.69
1145.44	3175.82
1147.05	3172.69
1148.65	3176.87
1150.26	3161.18
1151.87	3156.99
1153.48	3159.08
1155.09	3173.73
1156.69	3175.82
1158.30	3176.87
1159.91	3160.13
1161.52	3174.78
1163.12	3166.41
1164.73	3167.45
1166.34	3169.55
1167.94	3174.78
1169.55	3173.73
1171.16	3181.06
1172.76	3173.73
1174.37	3164.31
1175.97	3169.55
1177.58	3153.85
1179.19	3175.82
1180.79	3173.73
1182.40	3168.50
1184.00	3169.55
1185.61	3181.06
1187.21	3176.87
1188.82	3171.64
1190.42	3184.20
1192.02	3171.64
1193.63	3171.64
1195.23	3174.78
1196.84	3165.36
1198.44	3167.45
1200.04	3182.10
1201.65	3169.55
1203.25	3170.59
1204.85	3165.36
1206.46	3158.04
1208.06	3163.27
1209.66	3156.99
1211.26	3154.90
1212.87	3172.69
1214.47	3156.99
1216.07	3165.36
1217.67	3162.22
1219.27	3161.18
1220.87	3153.85
1222.48	3159.08
1224.08	3149.66
1225.68	3156.99
1227.28	3153.85
1228.88	3141.29
1230.48	3153.85
1232.08	3137.11
1233.68	3145.48
1235.28	3154.90
1236.88	3136.06
1238.48	3137.11
1240.08	3152.80
1241.68	3128.74
1243.28	3130.83
1244.87	3128.74
1246.47	3118.27
1248.07	3128.74
1249.67	3126.64
1251.27	3137.11
1252.87	3110.95
1254.46	3106.76
1256.06	3109.90
1257.66	3121.41
1259.26	3105.72
1260.85	3110.95
1262.45	3105.72
1264.05	3113.04
1265.64	3106.76
1267.24	3105.72
1268.83	3107.81
1270.43	3107.81
1272.03	3122.46
1273.62	3099.44
1275.22	3090.02
1276.81	3108.86
1278.41	3101.53
1280.00	3110.95
1281.60	3097.34
1283.19	3094.21
1284.79	3098.39
1286.38	3097.34
1287.97	3105.72
1289.57	3083.74
1291.16	3078.51
1292.75	3076.42
1294.35	3090.02
1295.94	3087.93
1297.53	3085.83
1299.12	3075.37
1300.72	3090.02
1302.31	3067.00
1303.90	3085.83
1305.49	3082.70
1307.08	3073.28
1308.68	3071.18
1310.27	3064.91
1311.86	3064.91
1313.45	3061.77
1315.04	3060.72
1316.63	3056.54
1318.22	3059.67
1319.81	3046.07
1321.40	3056.54
1322.99	3058.63
1324.58	3047.12
1326.17	3048.16
1327.75	3042.93
1329.34	3038.75
1330.93	3035.61
1332.52	3026.19
1334.11	3036.65
1335.70	3029.33
1337.28	3022.00
1338.87	3022.00
1340.46	3023.05
1342.05	3019.91
1343.63	3023.05
1345.22	3020.96
1346.81	3030.38
1348.39	3003.17
1349.98	3009.45
1351.56	3007.35
1353.15	3009.45
1354.73	3010.49
1356.32	2991.66
1357.90	2985.38
1359.49	2994.80
1361.07	2981.19
1362.66	2984.33
1364.24	2975.96
1365.82	2973.87
1367.41	2985.38
1368.99	2973.87
1370.57	2957.13
1372.16	2965.50
1373.74	2961.31
1375.32	2963.41
1376.91	2949.80
1378.49	2933.06
1380.07	2910.04
1381.65	2913.18
1383.23	2898.53
1384.81	2894.34
1386.39	2891.20
1387.97	2910.04
1389.55	2889.11
1391.14	2887.02
1392.72	2878.65
1394.29	2882.83
1395.87	2877.60
1397.45	2862.95
1399.03	2858.77
1400.61	2856.67
1402.19	2843.07
1403.77	2837.84
1405.35	2853.53
1406.92	2845.16
1408.50	2845.16
1410.08	2838.88
1411.66	2833.65
1413.23	2833.65
1414.81	2837.84
1416.39	2816.91
1417.96	2826.33
1419.54	2819.00
1421.12	2833.65
1422.69	2836.79
1424.27	2825.28
1425.84	2830.51
1427.42	2825.28
1428.99	2823.19
1430.57	2821.10
1432.14	2817.96
1433.71	2817.96
1435.29	2832.61
1436.86	2831.56
1438.43	2831.56
1440.01	2815.86
1441.58	2700.76
1443.15	2819.00
1444.72	2826.33
1446.30	2823.19
1447.87	2829.47
1449.44	2819.00
1451.01	2812.72
1452.58	2825.28
1454.15	2811.68
1455.72	2815.86
1457.29	2816.91
1458.86	2823.19
1460.43	2811.68
1462.00	2830.51
1463.57	2814.82
1465.14	2820.05
1466.71	2814.82
1468.28	2820.05
1469.85	2820.05
1471.41	2829.47
1472.98	2815.86
1474.55	2816.91
1476.12	2803.31
1477.68	2803.31
1479.25	2822.14
1480.82	2820.05
1482.38	2823.19
1483.95	2812.72
1485.51	2819.00
1487.08	2831.56
1488.64	2830.51
1490.21	2828.42
1491.77	2806.45
1493.34	2823.19
1494.90	2814.82
1496.46	2822.14
1498.03	2828.42
1499.59	2820.05
1501.15	2821.10
1502.72	2822.14
1504.28	2825.28
1505.84	2817.96
1507.40	2817.96
1508.97	2830.51
1510.53	2824.23
1512.09	2833.65
1513.65	2843.07
1515.21	2830.51
1516.77	2820.05
1518.33	2837.84
1519.89	2825.28
1521.45	2827.37
1523.01	2832.61
1524.57	2836.79
1526.13	2830.51
1527.68	2840.98
1529.24	2843.07
1530.80	2835.74
1532.36	2840.98
1533.92	2829.47
1535.47	2822.14
1537.03	2829.47
1538.59	2840.98
1540.14	2829.47
1541.70	2821.10
1543.25	2843.07
1544.81	2837.84
1546.36	2844.12
1547.92	2819.00
1549.47	2829.47
1551.03	2832.61
1552.58	2827.37
1554.13	2830.51
1555.69	2830.51
1557.24	2829.47
1558.79	2823.19
1560.35	2819.00
1561.90	2821.10
1563.45	2812.72
1565.00	2825.28
1566.55	2819.00
1568.10	2816.91
1569.66	2812.72
1571.21	2822.14
1572.76	2816.91
1574.31	2822.14
1575.86	2819.00
1577.40	2810.63
1578.95	2811.68
1580.50	2812.72
1582.05	2799.12
1583.60	2807.49
1585.15	2798.07
1586.69	2801.21
1588.24	2803.31
1589.79	2812.72
1591.34	2792.84
1592.88	2814.82
1594.43	2786.56
1595.97	2806.45
1597.52	2803.31
1599.06	2805.40
1600.61	2795.98
1602.15	2813.77
1603.70	2801.21
1605.24	2804.35
1606.79	2801.21
1608.33	2775.05
1609.87	2778.19
1611.41	2800.17
1612.96	2804.35
1614.50	2779.24
1616.04	2781.33
1617.58	2788.66
1619.12	2781.33
1620.67	2784.47
1622.21	2757.26
1623.75	2781.33
1625.29	2762.50
1626.83	2777.15
1628.37	2789.70
1629.90	2756.22
1631.44	2762.50
1632.98	2764.59
1634.52	2749.94
1636.06	2750.99
1637.59	2762.50
1639.13	2742.62
1640.67	2745.75
1642.21	2735.29
1643.74	2740.52
1645.28	2719.59
1646.81	2719.59
1648.35	2725.87
1649.88	2693.43
1651.42	2703.90
1652.95	2692.39
1654.49	2712.27
1656.02	2689.25
1657.55	2693.43
1659.09	2678.78
1660.62	2695.53
1662.15	2682.97
1663.68	2688.20
1665.22	2680.88
1666.75	2679.83
1668.28	2679.83
1669.81	2694.48
1671.34	2675.65
1672.87	2678.78
1674.40	2685.06
1675.93	2672.51
1677.46	2663.09
1678.99	2659.95
1680.52	2669.37
1682.04	2670.41
1683.57	2656.81
1685.10	2668.32
1686.63	2663.09
1688.15	2663.09
1689.68	2654.72
1691.21	2657.86
1692.73	2656.81
1694.26	2665.18
1695.78	2658.90
1697.31	2661.00
1698.83	2647.39
1700.36	2650.53
1701.88	2639.02
1703.40	2651.58
1704.93	2637.97
1706.45	2648.44
