896.35	3070.14
897.98	3086.88
899.60	3099.44
901.22	3122.46
902.85	3110.95
904.47	3122.46
906.10	3133.97
907.72	3138.15
909.34	3149.66
910.97	3174.78
912.59	3194.66
914.21	3229.19
915.84	3265.82
917.46	3309.76
919.08	3339.06
920.71	3368.36
922.33	3379.87
923.95	3395.57
925.58	3420.68
927.20	3424.87
928.82	3432.19
930.44	3459.40
932.07	3453.12
933.69	3458.35
935.31	3465.68
936.93	3483.47
938.56	3476.14
940.18	3491.84
941.80	3489.74
943.42	3503.35
945.05	3507.53
946.67	3502.30
948.29	3499.16
949.91	3503.35
951.53	3503.35
953.16	3523.23
954.78	3518.00
956.40	3506.49
958.02	3490.79
959.64	3513.81
961.26	3502.30
962.88	3511.72
964.51	3494.98
966.13	3525.32
967.75	3514.86
969.37	3503.35
970.99	3499.16
972.61	3504.39
974.23	3504.39
975.85	3516.95
977.47	3521.14
979.09	3509.63
980.71	3500.21
982.33	3519.04
983.95	3514.86
985.57	3536.83
987.19	3518.00
988.81	3536.83
990.43	3520.09
992.05	3530.55
993.67	3538.93
995.29	3543.11
996.91	3533.69
998.53	3568.22
1000.15	3556.71
1001.77	3572.41
1003.39	3568.22
1005.01	3570.32
1006.63	3577.64
1008.25	3595.43
1009.86	3598.57
1011.48	3596.48
1013.10	3600.66
1014.72	3621.59
1016.34	3610.08
1017.96	3628.92
1019.58	3612.17
1021.19	3624.73
1022.81	3627.87
1024.43	3647.75
1026.05	3633.10
1027.66	3646.70
1029.28	3637.29
1030.90	3652.98
1032.52	3638.33
1034.13	3664.49
1035.75	3649.84
1037.37	3657.17
1038.98	3661.35
1040.60	3665.54
1042.22	3642.52
1043.83	3658.22
1045.45	3659.26
1047.07	3673.91
1048.68	3669.73
1050.30	3673.91
1051.92	3674.96
1053.53	3658.22
1055.15	3655.08
1056.76	3665.54
1058.38	3661.35
1059.99	3671.82
1061.61	3660.31
1063.22	3659.26
1064.84	3660.31
1066.46	3652.98
1068.07	3642.52
1069.68	3657.17
1071.30	3672.86
1072.91	3660.31
1074.53	3634.15
1076.14	3661.35
1077.76	3646.70
1079.37	3651.94
1080.98	3616.36
1082.60	3631.01
1084.21	3628.92
1085.83	3635.19
1087.44	3624.73
1089.05	3626.82
1090.67	3625.78
1092.28	3624.73
1093.89	3624.73
1095.50	3617.41
1097.12	3622.64
1098.73	3628.92
1100.34	3590.20
1101.95	3616.36
1103.57	3612.17
1105.18	3610.08
1106.79	3596.48
1108.40	3618.45
1110.01	3604.85
1111.63	3623.68
1113.24	3613.22
1114.85	3616.36
1116.46	3610.08
1118.07	3626.82
1119.68	3606.94
1121.29	3622.64
1122.90	3600.66
1124.51	3609.03
1126.12	3615.31
1127.73	3621.59
1129.34	3615.31
1130.95	3619.50
1132.56	3617.41
1134.17	3595.43
1135.78	3600.66
1137.39	3618.45
1139.00	3600.66
1140.61	3620.54
1142.22	3607.99
1143.83	3600.66
1145.44	3594.38
1147.05	3606.94
1148.65	3604.85
1150.26	3598.57
1151.87	3590.20
1153.48	3604.85
1155.09	3604.85
1156.69	3606.94
1158.30	3592.29
1159.91	3603.80
1161.52	3607.99
1163.12	3609.03
1164.73	3597.52
1166.34	3618.45
1167.94	3604.85
1169.55	3613.22
1171.16	3609.03
1172.76	3618.45
1174.37	3599.62
1175.97	3610.08
1177.58	3586.01
1179.19	3616.36
1180.79	3594.38
1182.40	3606.94
1184.00	3595.43
1185.61	3613.22
1187.21	3604.85
1188.82	3609.03
1190.42	3600.66
1192.02	3600.66
1193.63	3576.60
1195.23	3602.76
1196.84	3592.29
1198.44	3603.80
1200.04	3596.48
1201.65	3597.52
1203.25	3583.92
1204.85	3594.38
1206.46	3575.55
1208.06	3582.87
1209.66	3574.50
1211.26	3582.87
1212.87	3598.57
1214.47	3582.87
1216.07	3587.06
1217.67	3583.92
1219.27	3569.27
1220.87	3575.55
1222.48	3564.04
1224.08	3560.90
1225.68	3559.85
1227.28	3567.18
1228.88	3559.85
1230.48	3572.41
1232.08	3546.25
1233.68	3556.71
1235.28	3556.71
1236.88	3537.88
1238.48	3533.69
1240.08	3558.81
1241.68	3521.14
1243.28	3530.55
1244.87	3525.32
1246.47	3504.39
1248.07	3508.58
1249.67	3507.53
1251.27	3516.95
1252.87	3502.30
1254.46	3486.61
1256.06	3493.93
1257.66	3491.84
1259.26	3480.33
1260.85	3479.28
1262.45	3487.65
1264.05	3481.37
1265.64	3476.14
1267.24	3474.05
1268.83	3481.37
1270.43	3467.77
1272.03	3483.47
1273.62	3471.96
1275.22	3462.54
1276.81	3469.86
1278.41	3458.35
1280.00	3460.45
1281.60	3447.89
1283.19	3440.56
1284.79	3453.12
1286.38	3444.75
1287.97	3463.58
1289.57	3442.66
1291.16	3444.75
1292.75	3432.19
1294.35	3440.56
1295.94	3433.24
1297.53	3444.75
1299.12	3416.50
1300.72	3435.33
1302.31	3406.03
1303.90	3437.42
1305.49	3419.64
1307.08	3410.22
1308.68	3412.31
1310.27	3408.13
1311.86	3399.75
1313.45	3397.66
1315.04	3389.29
1316.63	3392.43
1318.22	3387.20
1319.81	3378.83
1321.40	3371.50
1322.99	3390.34
1324.58	3359.99
1326.17	3361.04
1327.75	3352.67
1329.34	3366.27
1330.93	3352.67
1332.52	3340.11
1334.11	3331.74
1335.70	3334.88
1337.28	3320.23
1338.87	3344.30
1340.46	3332.78
1342.05	3320.23
1343.63	3322.32
1345.22	3320.23
1346.81	3321.27
1348.39	3313.95
1349.98	3300.35
1351.56	3295.11
1353.15	3286.74
1354.73	3280.46
1356.32	3259.54
1357.90	3270.00
1359.49	3273.14
1361.07	3238.61
1362.66	3239.66
1364.24	3245.93
1365.82	3240.70
1367.41	3243.84
1368.99	3215.59
1370.57	3209.31
1372.16	3213.50
1373.74	3211.40
1375.32	3195.71
1376.91	3181.06
1378.49	3152.80
1380.07	3127.69
1381.65	3125.60
1383.23	3103.62
1384.81	3100.48
1386.39	3088.97
1387.97	3094.21
1389.55	3079.56
1391.14	3072.23
1392.72	3052.35
1394.29	3043.98
1395.87	3039.79
1397.45	3028.28
1399.03	3026.19
1400.61	3022.00
1402.19	3012.59
1403.77	2992.70
1405.35	3009.45
1406.92	2987.47
1408.50	2990.61
1410.08	2988.52
1411.66	2982.24
1413.23	2979.10
1414.81	2985.38
1416.39	2963.41
1417.96	2978.06
1419.54	2967.59
1421.12	2972.82
1422.69	2972.82
1424.27	2965.50
1425.84	2968.64
1427.42	2960.27
1428.99	2957.13
1430.57	2951.90
1432.14	2948.76
1433.71	2957.13
1435.29	2961.31
1436.86	2958.17
1438.43	2948.76
1440.01	2944.57
1441.58	2826.33
1443.15	2950.85
1444.72	2949.80
1446.30	2949.80
1447.87	2952.94
1449.44	2938.29
1451.01	2940.38
1452.58	2947.71
1454.15	2937.25
1455.72	2929.92
1457.29	2930.97
1458.86	2946.66
1460.43	2933.06
1462.00	2950.85
1463.57	2936.20
1465.14	2944.57
1466.71	2934.11
1468.28	2936.20
1469.85	2935.15
1471.41	2934.11
1472.98	2930.97
1474.55	2949.80
1476.12	2935.15
1477.68	2933.06
1479.25	2939.34
1480.82	2933.06
1482.38	2938.29
1483.95	2935.15
1485.51	2944.57
1487.08	2955.03
1488.64	2939.34
1490.21	2950.85
1491.77	2935.15
1493.34	2962.36
1494.90	2942.48
1496.46	2942.48
1498.03	2951.90
1499.59	2960.27
1501.15	2950.85
1502.72	2949.80
1504.28	2949.80
1505.84	2944.57
1507.40	2937.25
1508.97	2955.03
1510.53	2948.76
1512.09	2964.45
1513.65	2973.87
1515.21	2973.87
1516.77	2949.80
1518.33	2977.01
1519.89	2960.27
1521.45	2956.08
1523.01	2966.54
1524.57	2972.82
1526.13	2968.64
1527.68	2973.87
1529.24	2974.92
1530.80	2968.64
1532.36	2972.82
1533.92	2971.78
1535.47	2947.71
1537.03	2962.36
1538.59	2968.64
1540.14	2963.41
1541.70	2962.36
1543.25	2971.78
1544.81	2961.31
1546.36	2962.36
1547.92	2946.66
1549.47	2965.50
1551.03	2956.08
1552.58	2953.99
1554.13	2944.57
1555.69	2956.08
1557.24	2942.48
1558.79	2950.85
1560.35	2939.34
1561.90	2955.03
1563.45	2945.62
1565.00	2950.85
1566.55	2939.34
1568.10	2939.34
1569.66	2930.97
1571.21	2943.52
1572.76	2945.62
1574.31	2944.57
1575.86	2946.66
1577.40	2935.15
1578.95	2929.92
1580.50	2938.29
1582.05	2932.01
1583.60	2929.92
1585.15	2926.78
1586.69	2923.64
1588.24	2925.74
1589.79	2930.97
1591.34	2915.27
1592.88	2934.11
1594.43	2913.18
1595.97	2927.83
1597.52	2915.27
1599.06	2919.46
1600.61	2912.13
1602.15	2938.29
1603.70	2916.32
1605.24	2913.18
1606.79	2923.64
1608.33	2902.71
1609.87	2898.53
1611.41	2915.27
1612.96	2907.95
1614.50	2883.88
1616.04	2893.30
1617.58	2903.76
1619.12	2890.16
1620.67	2897.48
1622.21	2874.46
1623.75	2892.25
1625.29	2873.42
1626.83	2876.55
1628.37	2883.88
1629.90	2869.23
1631.44	2866.09
1632.98	2865.04
1634.52	2842.02
1636.06	2850.39
1637.59	2847.26
1639.13	2831.56
1640.67	2822.14
1642.21	2807.49
1643.74	2804.35
1645.28	2787.61
1646.81	2774.01
1648.35	2776.10
1649.88	2753.08
1651.42	2762.50
1652.95	2740.52
1654.49	2755.17
1656.02	2736.34
1657.55	2731.10
1659.09	2715.41
1660.62	2731.10
1662.15	2718.55
1663.68	2724.83
1665.22	2715.41
1666.75	2715.41
1668.28	2704.94
1669.81	2719.59
1671.34	2708.08
1672.87	2714.36
1674.40	2709.13
1675.93	2697.62
1677.46	2689.25
1678.99	2696.57
1680.52	2696.57
1682.04	2704.94
1683.57	2690.29
1685.10	2696.57
1686.63	2680.88
1688.15	2690.29
1689.68	2690.29
1691.21	2688.20
1692.73	2693.43
1694.26	2694.48
1695.78	2686.11
1697.31	2690.29
1698.83	2674.60
1700.36	2685.06
1701.88	2673.55
1703.40	2690.29
1704.93	2677.74
1706.45	2676.69
