896.35	2670.41
897.98	2658.90
899.60	2672.51
901.22	2678.78
902.85	2669.37
904.47	2668.32
906.10	2676.69
907.72	2669.37
909.34	2687.16
910.97	2679.83
912.59	2691.34
914.21	2679.83
915.84	2681.92
917.46	2686.11
919.08	2693.43
920.71	2676.69
922.33	2700.76
923.95	2686.11
925.58	2716.45
927.20	2684.02
928.82	2708.08
930.44	2699.71
932.07	2694.48
933.69	2678.78
935.31	2699.71
936.93	2689.25
938.56	2700.76
940.18	2690.29
941.80	2703.90
943.42	2700.76
945.05	2722.73
946.67	2696.57
948.29	2714.36
949.91	2698.67
951.53	2714.36
953.16	2711.22
954.78	2723.78
956.40	2698.67
958.02	2717.50
959.64	2698.67
961.26	2716.45
962.88	2704.94
964.51	2709.13
966.13	2722.73
967.75	2733.20
969.37	2703.90
970.99	2715.41
972.61	2708.08
974.23	2715.41
975.85	2700.76
977.47	2725.87
979.09	2704.94
980.71	2711.22
982.33	2702.85
983.95	2721.69
985.57	2719.59
987.19	2719.59
988.81	2715.41
990.43	2717.50
992.05	2712.27
993.67	2726.92
995.29	2714.36
996.91	2715.41
998.53	2720.64
1000.15	2730.06
1001.77	2721.69
1003.39	2730.06
1005.01	2711.22
1006.63	2729.01
1008.25	2717.50
1009.86	2737.38
1011.48	2717.50
1013.10	2725.87
1014.72	2727.97
1016.34	2741.57
1017.96	2734.24
1019.58	2717.50
1021.19	2708.08
1022.81	2726.92
1024.43	2720.64
1026.05	2724.83
1027.66	2726.92
1029.28	2726.92
1030.90	2717.50
1032.52	2715.41
1034.13	2711.22
1035.75	2733.20
1037.37	2719.59
1038.98	2740.52
1040.60	2715.41
1042.22	2717.50
1043.83	2709.13
1045.45	2725.87
1047.07	2713.32
1048.68	2738.43
1050.30	2713.32
1051.92	2736.34
1053.53	2714.36
1055.15	2739.48
1056.76	2719.59
1058.38	2735.29
1059.99	2720.64
1061.61	2735.29
1063.22	2710.18
1064.84	2724.83
1066.46	2711.22
1068.07	2724.83
1069.68	2729.01
1071.30	2750.99
1072.91	2724.83
1074.53	2730.06
1076.14	2729.01
1077.76	2737.38
1079.37	2736.34
1080.98	2713.32
1082.60	2727.97
1084.21	2734.24
1085.83	2716.45
1087.44	2746.80
1089.05	2714.36
1090.67	2729.01
1092.28	2719.59
1093.89	2745.75
1095.50	2724.83
1097.12	2732.15
1098.73	2731.10
1100.34	2726.92
1101.95	2719.59
1103.57	2732.15
1105.18	2720.64
1106.79	2735.29
1108.40	2727.97
1110.01	2737.38
1111.63	2726.92
1113.24	2737.38
1114.85	2729.01
1116.46	2731.10
1118.07	2733.20
1119.68	2732.15
1121.29	2721.69
1122.90	2729.01
1124.51	2716.45
1126.12	2739.48
1127.73	2732.15
1129.34	2745.75
1130.95	2738.43
1132.56	2747.85
1134.17	2712.27
1135.78	2731.10
1137.39	2723.78
1139.00	2724.83
1140.61	2718.55
1142.22	2732.15
1143.83	2718.55
1145.44	2738.43
1147.05	2731.10
1148.65	2744.71
1150.26	2726.92
1151.87	2724.83
1153.48	2723.78
1155.09	2736.34
1156.69	2724.83
1158.30	2716.45
1159.91	2713.32
1161.52	2743.66
1163.12	2730.06
1164.73	2721.69
1166.34	2726.92
1167.94	2732.15
1169.55	2722.73
1171.16	2739.48
1172.76	2725.87
1174.37	2731.10
1175.97	2729.01
1177.58	2719.59
1179.19	2732.15
1180.79	2731.10
1182.40	2725.87
1184.00	2726.92
1185.61	2724.83
1187.21	2734.24
1188.82	2726.92
1190.42	2735.29
1192.02	2722.73
1193.63	2718.55
1195.23	2724.83
1196.84	2738.43
1198.44	2731.10
1200.04	2746.80
1201.65	2725.87
1203.25	2724.83
1204.85	2732.15
1206.46	2733.20
1208.06	2723.78
1209.66	2727.97
1211.26	2722.73
1212.87	2754.13
1214.47	2722.73
1216.07	2734.24
1217.67	2719.59
1219.27	2721.69
1220.87	2722.73
1222.48	2742.62
1224.08	2727.97
1225.68	2734.24
1227.28	2732.15
1228.88	2732.15
1230.48	2736.34
1232.08	2727.97
1233.68	2732.15
1235.28	2748.89
1236.88	2723.78
1238.48	2725.87
1240.08	2746.80
1241.68	2730.06
1243.28	2724.83
1244.87	2732.15
1246.47	2723.78
1248.07	2738.43
1249.67	2732.15
1251.27	2755.17
1252.87	2721.69
1254.46	2725.87
1256.06	2723.78
1257.66	2738.43
1259.26	2723.78
1260.85	2745.75
1262.45	2727.97
1264.05	2733.20
1265.64	2718.55
1267.24	2737.38
1268.83	2738.43
1270.43	2735.29
1272.03	2744.71
1273.62	2732.15
1275.22	2717.50
1276.81	2740.52
1278.41	2722.73
1280.00	2744.71
1281.60	2729.01
1283.19	2732.15
1284.79	2732.15
1286.38	2737.38
1287.97	2729.01
1289.57	2733.20
1291.16	2719.59
1292.75	2721.69
1294.35	2725.87
1295.94	2732.15
1297.53	2732.15
1299.12	2726.92
1300.72	2738.43
1302.31	2723.78
1303.90	2735.29
1305.49	2745.75
1307.08	2721.69
1308.68	2720.64
1310.27	2718.55
1311.86	2730.06
1313.45	2723.78
1315.04	2731.10
1316.63	2722.73
1318.22	2730.06
1319.81	2719.59
1321.40	2735.29
1322.99	2727.97
1324.58	2710.18
1326.17	2709.13
1327.75	2718.55
1329.34	2722.73
1330.93	2718.55
1332.52	2710.18
1334.11	2716.45
1335.70	2716.45
1337.28	2705.99
1338.87	2711.22
1340.46	2723.78
1342.05	2717.50
1343.63	2714.36
1345.22	2707.04
1346.81	2727.97
1348.39	2721.69
1349.98	2723.78
1351.56	2712.27
1353.15	2718.55
1354.73	2720.64
1356.32	2717.50
1357.90	2708.08
1359.49	2715.41
1361.07	2714.36
1362.66	2727.97
1364.24	2714.36
1365.82	2715.41
1367.41	2724.83
1368.99	2713.32
1370.57	2710.18
1372.16	2714.36
1373.74	2710.18
1375.32	2722.73
1376.91	2716.45
1378.49	2710.18
1380.07	2699.71
1381.65	2721.69
1383.23	2716.45
1384.81	2709.13
1386.39	2707.04
1387.97	2717.50
1389.55	2702.85
1391.14	2709.13
1392.72	2708.08
1394.29	2717.50
1395.87	2711.22
1397.45	2696.57
1399.03	2713.32
1400.61	2724.83
1402.19	2711.22
1403.77	2705.99
1405.35	2729.01
1406.92	2715.41
1408.50	2717.50
1410.08	2719.59
1411.66	2702.85
1413.23	2719.59
1414.81	2718.55
1416.39	2704.94
1417.96	2715.41
1419.54	2713.32
1421.12	2713.32
1422.69	2720.64
1424.27	2703.90
1425.84	2718.55
1427.42	2708.08
1428.99	2709.13
1430.57	2707.04
1432.14	2716.45
1433.71	2716.45
1435.29	2723.78
1436.86	2719.59
1438.43	2717.50
1440.01	2704.94
1441.58	2590.89
1443.15	2712.27
1444.72	2716.45
1446.30	2713.32
1447.87	2716.45
1449.44	2710.18
1451.01	2701.81
1452.58	2713.32
1454.15	2720.64
1455.72	2710.18
1457.29	2705.99
1458.86	2719.59
1460.43	2711.22
1462.00	2721.69
1463.57	2711.22
1465.14	2709.13
1466.71	2709.13
1468.28	2710.18
1469.85	2709.13
1471.41	2719.59
1472.98	2708.08
1474.55	2717.50
1476.12	2700.76
1477.68	2703.90
1479.25	2719.59
1480.82	2709.13
1482.38	2719.59
1483.95	2711.22
1485.51	2720.64
1487.08	2725.87
1488.64	2719.59
1490.21	2715.41
1491.77	2707.04
1493.34	2723.78
1494.90	2702.85
1496.46	2712.27
1498.03	2720.64
1499.59	2712.27
1501.15	2709.13
1502.72	2710.18
1504.28	2710.18
1505.84	2701.81
1507.40	2704.94
1508.97	2715.41
1510.53	2716.45
1512.09	2722.73
1513.65	2718.55
1515.21	2716.45
1516.77	2698.67
1518.33	2716.45
1519.89	2712.27
1521.45	2711.22
1523.01	2714.36
1524.57	2723.78
1526.13	2708.08
1527.68	2709.13
1529.24	2705.99
1530.80	2712.27
1532.36	2721.69
1533.92	2714.36
1535.47	2699.71
1537.03	2702.85
1538.59	2710.18
1540.14	2697.62
1541.70	2693.43
1543.25	2711.22
1544.81	2705.99
1546.36	2715.41
1547.92	2697.62
1549.47	2695.53
1551.03	2711.22
1552.58	2700.76
1554.13	2696.57
1555.69	2700.76
1557.24	2694.48
1558.79	2697.62
1560.35	2695.53
1561.90	2710.18
1563.45	2695.53
1565.00	2704.94
1566.55	2684.02
1568.10	2689.25
1569.66	2686.11
1571.21	2700.76
1572.76	2699.71
1574.31	2699.71
1575.86	2699.71
1577.40	2687.16
1578.95	2692.39
1580.50	2686.11
1582.05	2685.06
1583.60	2692.39
1585.15	2686.11
1586.69	2678.78
1588.24	2691.34
1589.79	2689.25
1591.34	2670.41
1592.88	2695.53
1594.43	2677.74
1595.97	2692.39
1597.52	2686.11
1599.06	2689.25
1600.61	2682.97
1602.15	2692.39
1603.70	2672.51
1605.24	2681.92
1606.79	2686.11
1608.33	2674.60
1609.87	2670.41
1611.41	2686.11
1612.96	2686.11
1614.50	2672.51
1616.04	2682.97
1617.58	2687.16
1619.12	2678.78
1620.67	2680.88
1622.21	2655.76
1623.75	2672.51
1625.29	2668.32
1626.83	2673.55
1628.37	2687.16
1629.90	2664.13
1631.44	2666.23
1632.98	2674.60
1634.52	2663.09
1636.06	2674.60
1637.59	2688.20
1639.13	2674.60
1640.67	2677.74
1642.21	2675.65
1643.74	2680.88
1645.28	2665.18
1646.81	2667.27
1648.35	2677.74
1649.88	2662.04
1651.42	2675.65
1652.95	2658.90
1654.49	2681.92
1656.02	2668.32
1657.55	2671.46
1659.09	2649.49
1660.62	2673.55
1662.15	2655.76
1663.68	2658.90
1665.22	2658.90
1666.75	2655.76
1668.28	2647.39
1669.81	2668.32
1671.34	2652.62
1672.87	2663.09
1674.40	2672.51
1675.93	2651.58
1677.46	2637.97
1678.99	2633.79
1680.52	2641.11
1682.04	2656.81
1683.57	2646.35
1685.10	2651.58
1686.63	2642.16
1688.15	2646.35
1689.68	2635.88
1691.21	2648.44
1692.73	2637.97
1694.26	2640.07
1695.78	2631.70
1697.31	2640.07
1698.83	2626.46
1700.36	2634.84
1701.88	2627.51
1703.40	2647.39
1704.93	2628.56
1706.45	2639.02
