896.35	2833.65
897.98	2836.79
899.60	2847.26
901.22	2857.72
902.85	2856.67
904.47	2865.04
906.10	2875.51
907.72	2871.32
909.34	2884.93
910.97	2889.11
912.59	2897.48
914.21	2916.32
915.84	2933.06
917.46	2958.17
919.08	2963.41
920.71	2974.92
922.33	2994.80
923.95	2993.75
925.58	3023.05
927.20	3006.31
928.82	3009.45
930.44	3026.19
932.07	3017.82
933.69	3002.12
935.31	3017.82
936.93	3025.14
938.56	3036.65
940.18	3041.89
941.80	3034.56
943.42	3046.07
945.05	3060.72
946.67	3045.02
948.29	3051.30
949.91	3045.02
951.53	3064.91
953.16	3060.72
954.78	3062.81
956.40	3043.98
958.02	3048.16
959.64	3051.30
961.26	3054.44
962.88	3052.35
964.51	3048.16
966.13	3060.72
967.75	3058.63
969.37	3049.21
970.99	3045.02
972.61	3046.07
974.23	3057.58
975.85	3060.72
977.47	3068.05
979.09	3053.40
980.71	3055.49
982.33	3061.77
983.95	3065.95
985.57	3078.51
987.19	3071.18
988.81	3080.60
990.43	3064.91
992.05	3059.67
993.67	3081.65
995.29	3075.37
996.91	3070.14
998.53	3084.79
1000.15	3090.02
1001.77	3085.83
1003.39	3093.16
1005.01	3090.02
1006.63	3102.58
1008.25	3092.11
1009.86	3106.76
1011.48	3107.81
1013.10	3108.86
1014.72	3116.18
1016.34	3120.37
1017.96	3119.32
1019.58	3111.99
1021.19	3106.76
1022.81	3116.18
1024.43	3132.92
1026.05	3124.55
1027.66	3132.92
1029.28	3127.69
1030.90	3132.92
1032.52	3120.37
1034.13	3126.64
1035.75	3135.02
1037.37	3137.11
1038.98	3148.62
1040.60	3133.97
1042.22	3128.74
1043.83	3131.88
1045.45	3145.48
1047.07	3137.11
1048.68	3147.57
1050.30	3139.20
1051.92	3152.80
1053.53	3140.25
1055.15	3143.39
1056.76	3131.88
1058.38	3144.43
1059.99	3154.90
1061.61	3147.57
1063.22	3140.25
1064.84	3140.25
1066.46	3127.69
1068.07	3127.69
1069.68	3132.92
1071.30	3149.66
1072.91	3131.88
1074.53	3138.15
1076.14	3143.39
1077.76	3144.43
1079.37	3131.88
1080.98	3103.62
1082.60	3124.55
1084.21	3140.25
1085.83	3130.83
1087.44	3133.97
1089.05	3116.18
1090.67	3116.18
1092.28	3121.41
1093.89	3128.74
1095.50	3125.60
1097.12	3120.37
1098.73	3136.06
1100.34	3116.18
1101.95	3122.46
1103.57	3123.50
1105.18	3116.18
1106.79	3113.04
1108.40	3120.37
1110.01	3125.60
1111.63	3123.50
1113.24	3124.55
1114.85	3120.37
1116.46	3118.27
1118.07	3136.06
1119.68	3130.83
1121.29	3125.60
1122.90	3129.78
1124.51	3121.41
1126.12	3124.55
1127.73	3123.50
1129.34	3133.97
1130.95	3137.11
1132.56	3142.34
1134.17	3109.90
1135.78	3123.50
1137.39	3131.88
1139.00	3125.60
1140.61	3123.50
1142.22	3130.83
1143.83	3124.55
1145.44	3125.60
1147.05	3125.60
1148.65	3129.78
1150.26	3115.13
1151.87	3116.18
1153.48	3116.18
1155.09	3132.92
1156.69	3127.69
1158.30	3116.18
1159.91	3116.18
1161.52	3123.50
1163.12	3123.50
1164.73	3119.32
1166.34	3129.78
1167.94	3125.60
1169.55	3125.60
1171.16	3129.78
1172.76	3124.55
1174.37	3119.32
1175.97	3125.60
1177.58	3110.95
1179.19	3127.69
1180.79	3127.69
1182.40	3122.46
1184.00	3122.46
1185.61	3131.88
1187.21	3128.74
1188.82	3120.37
1190.42	3126.64
1192.02	3123.50
1193.63	3118.27
1195.23	3129.78
1196.84	3130.83
1198.44	3124.55
1200.04	3132.92
1201.65	3127.69
1203.25	3127.69
1204.85	3133.97
1206.46	3118.27
1208.06	3115.13
1209.66	3100.48
1211.26	3113.04
1212.87	3139.20
1214.47	3119.32
1216.07	3125.60
1217.67	3129.78
1219.27	3114.09
1220.87	3115.13
1222.48	3116.18
1224.08	3104.67
1225.68	3120.37
1227.28	3101.53
1228.88	3111.99
1230.48	3122.46
1232.08	3104.67
1233.68	3110.95
1235.28	3124.55
1236.88	3108.86
1238.48	3104.67
1240.08	3121.41
1241.68	3095.25
1243.28	3093.16
1244.87	3101.53
1246.47	3096.30
1248.07	3081.65
1249.67	3091.07
1251.27	3103.62
1252.87	3090.02
1254.46	3080.60
1256.06	3075.37
1257.66	3082.70
1259.26	3078.51
1260.85	3090.02
1262.45	3081.65
1264.05	3078.51
1265.64	3070.14
1267.24	3084.79
1268.83	3083.74
1270.43	3075.37
1272.03	3091.07
1273.62	3083.74
1275.22	3062.81
1276.81	3082.70
1278.41	3076.42
1280.00	3078.51
1281.60	3068.05
1283.19	3060.72
1284.79	3076.42
1286.38	3064.91
1287.97	3074.32
1289.57	3059.67
1291.16	3056.54
1292.75	3048.16
1294.35	3057.58
1295.94	3057.58
1297.53	3059.67
1299.12	3049.21
1300.72	3063.86
1302.31	3042.93
1303.90	3065.95
1305.49	3065.95
1307.08	3045.02
1308.68	3043.98
1310.27	3045.02
1311.86	3047.12
1313.45	3040.84
1315.04	3034.56
1316.63	3030.38
1318.22	3034.56
1319.81	3031.42
1321.40	3036.65
1322.99	3043.98
1324.58	3029.33
1326.17	3030.38
1327.75	3020.96
1329.34	3023.05
1330.93	3020.96
1332.52	3012.59
1334.11	3007.35
1335.70	3006.31
1337.28	3000.03
1338.87	3002.12
1340.46	2998.98
1342.05	3004.22
1343.63	3001.08
1345.22	2998.98
1346.81	3009.45
1348.39	2997.94
1349.98	3006.31
1351.56	2995.84
1353.15	2983.29
1354.73	2986.43
1356.32	2966.54
1357.90	2968.64
1359.49	2986.43
1361.07	2962.36
1362.66	2958.17
1364.24	2961.31
1365.82	2961.31
1367.41	2967.59
1368.99	2955.03
1370.57	2944.57
1372.16	2950.85
1373.74	2944.57
1375.32	2949.80
1376.91	2941.43
1378.49	2913.18
1380.07	2901.67
1381.65	2906.90
1383.23	2889.11
1384.81	2887.02
1386.39	2884.93
1387.97	2892.25
1389.55	2882.83
1391.14	2876.55
1392.72	2862.95
1394.29	2861.90
1395.87	2859.81
1397.45	2857.72
1399.03	2858.77
1400.61	2847.26
1402.19	2837.84
1403.77	2836.79
1405.35	2847.26
1406.92	2833.65
1408.50	2830.51
1410.08	2827.37
1411.66	2817.96
1413.23	2831.56
1414.81	2829.47
1416.39	2812.72
1417.96	2829.47
1419.54	2813.77
1421.12	2824.23
1422.69	2829.47
1424.27	2809.58
1425.84	2821.10
1427.42	2814.82
1428.99	2805.40
1430.57	2806.45
1432.14	2813.77
1433.71	2813.77
1435.29	2817.96
1436.86	2811.68
1438.43	2804.35
1440.01	2801.21
1441.58	2682.97
1443.15	2811.68
1444.72	2810.63
1446.30	2806.45
1447.87	2813.77
1449.44	2802.26
1451.01	2800.17
1452.58	2812.72
1454.15	2807.49
1455.72	2800.17
1457.29	2790.75
1458.86	2803.31
1460.43	2800.17
1462.00	2820.05
1463.57	2807.49
1465.14	2811.68
1466.71	2792.84
1468.28	2799.12
1469.85	2807.49
1471.41	2808.54
1472.98	2799.12
1474.55	2812.72
1476.12	2795.98
1477.68	2797.03
1479.25	2813.77
1480.82	2802.26
1482.38	2813.77
1483.95	2802.26
1485.51	2817.96
1487.08	2822.14
1488.64	2812.72
1490.21	2807.49
1491.77	2803.31
1493.34	2835.74
1494.90	2808.54
1496.46	2809.58
1498.03	2812.72
1499.59	2814.82
1501.15	2815.86
1502.72	2820.05
1504.28	2817.96
1505.84	2813.77
1507.40	2813.77
1508.97	2826.33
1510.53	2814.82
1512.09	2816.91
1513.65	2830.51
1515.21	2832.61
1516.77	2819.00
1518.33	2833.65
1519.89	2823.19
1521.45	2824.23
1523.01	2824.23
1524.57	2824.23
1526.13	2819.00
1527.68	2832.61
1529.24	2830.51
1530.80	2831.56
1532.36	2828.42
1533.92	2821.10
1535.47	2817.96
1537.03	2821.10
1538.59	2820.05
1540.14	2821.10
1541.70	2820.05
1543.25	2827.37
1544.81	2821.10
1546.36	2831.56
1547.92	2822.14
1549.47	2827.37
1551.03	2824.23
1552.58	2812.72
1554.13	2819.00
1555.69	2827.37
1557.24	2811.68
1558.79	2817.96
1560.35	2808.54
1561.90	2830.51
1563.45	2812.72
1565.00	2819.00
1566.55	2805.40
1568.10	2807.49
1569.66	2797.03
1571.21	2817.96
1572.76	2813.77
1574.31	2808.54
1575.86	2802.26
1577.40	2792.84
1578.95	2802.26
1580.50	2797.03
1582.05	2789.70
1583.60	2801.21
1585.15	2790.75
1586.69	2795.98
1588.24	2800.17
1589.79	2804.35
1591.34	2789.70
1592.88	2803.31
1594.43	2784.47
1595.97	2788.66
1597.52	2788.66
1599.06	2797.03
1600.61	2779.24
1602.15	2807.49
1603.70	2788.66
1605.24	2786.56
1606.79	2794.94
1608.33	2782.38
1609.87	2780.29
1611.41	2790.75
1612.96	2797.03
1614.50	2781.33
1616.04	2769.82
1617.58	2784.47
1619.12	2776.10
1620.67	2785.52
1622.21	2761.45
1623.75	2782.38
1625.29	2768.78
1626.83	2770.87
1628.37	2785.52
1629.90	2765.64
1631.44	2756.22
1632.98	2759.36
1634.52	2742.62
1636.06	2748.89
1637.59	2757.26
1639.13	2752.03
1640.67	2750.99
1642.21	2739.48
1643.74	2734.24
1645.28	2719.59
1646.81	2712.27
1648.35	2723.78
1649.88	2696.57
1651.42	2702.85
1652.95	2686.11
1654.49	2712.27
1656.02	2699.71
1657.55	2697.62
1659.09	2673.55
1660.62	2689.25
1662.15	2678.78
1663.68	2682.97
1665.22	2669.37
1666.75	2680.88
1668.28	2676.69
1669.81	2695.53
1671.34	2676.69
1672.87	2679.83
1674.40	2687.16
1675.93	2676.69
1677.46	2663.09
1678.99	2661.00
1680.52	2657.86
1682.04	2677.74
1683.57	2666.23
1685.10	2667.27
1686.63	2662.04
1688.15	2668.32
1689.68	2653.67
1691.21	2655.76
1692.73	2661.00
1694.26	2662.04
1695.78	2657.86
1697.31	2661.00
1698.83	2643.21
1700.36	2652.62
1701.88	2647.39
1703.40	2656.81
1704.93	2639.02
1706.45	2647.39
