896.35	2960.27
897.98	2965.50
899.60	2974.92
901.22	2992.70
902.85	2975.96
904.47	2995.84
906.10	2993.75
907.72	3001.08
909.34	3019.91
910.97	3040.84
912.59	3053.40
914.21	3075.37
915.84	3097.34
917.46	3137.11
919.08	3152.80
920.71	3171.64
922.33	3195.71
923.95	3206.17
925.58	3233.38
927.20	3223.96
928.82	3228.14
930.44	3244.89
932.07	3238.61
933.69	3243.84
935.31	3253.26
936.93	3255.35
938.56	3259.54
940.18	3272.09
941.80	3265.82
943.42	3280.46
945.05	3296.16
946.67	3282.56
948.29	3290.93
949.91	3287.79
951.53	3301.39
953.16	3295.11
954.78	3289.88
956.40	3291.98
958.02	3289.88
959.64	3294.07
961.26	3286.74
962.88	3290.93
964.51	3274.19
966.13	3304.53
967.75	3295.11
969.37	3293.02
970.99	3299.30
972.61	3290.93
974.23	3285.70
975.85	3294.07
977.47	3296.16
979.09	3297.21
980.71	3290.93
982.33	3304.53
983.95	3304.53
985.57	3319.18
987.19	3308.72
988.81	3322.32
990.43	3298.25
992.05	3305.58
993.67	3331.74
995.29	3324.41
996.91	3316.04
998.53	3341.16
1000.15	3339.06
1001.77	3348.48
1003.39	3344.30
1005.01	3350.57
1006.63	3361.04
1008.25	3365.22
1009.86	3368.36
1011.48	3365.22
1013.10	3366.27
1014.72	3383.01
1016.34	3381.97
1017.96	3396.62
1019.58	3379.87
1021.19	3394.52
1022.81	3388.24
1024.43	3407.08
1026.05	3397.66
1027.66	3412.31
1029.28	3395.57
1030.90	3409.17
1032.52	3398.71
1034.13	3415.45
1035.75	3420.68
1037.37	3420.68
1038.98	3428.01
1040.60	3422.78
1042.22	3412.31
1043.83	3409.17
1045.45	3416.50
1047.07	3428.01
1048.68	3417.54
1050.30	3417.54
1051.92	3424.87
1053.53	3426.96
1055.15	3424.87
1056.76	3433.24
1058.38	3425.91
1059.99	3439.52
1061.61	3423.82
1063.22	3419.64
1064.84	3430.10
1066.46	3420.68
1068.07	3408.13
1069.68	3421.73
1071.30	3433.24
1072.91	3417.54
1074.53	3407.08
1076.14	3422.78
1077.76	3417.54
1079.37	3421.73
1080.98	3394.52
1082.60	3408.13
1084.21	3401.85
1085.83	3412.31
1087.44	3414.40
1089.05	3394.52
1090.67	3397.66
1092.28	3398.71
1093.89	3399.75
1095.50	3399.75
1097.12	3389.29
1098.73	3406.03
1100.34	3373.59
1101.95	3389.29
1103.57	3390.34
1105.18	3381.97
1106.79	3376.73
1108.40	3395.57
1110.01	3389.29
1111.63	3398.71
1113.24	3399.75
1114.85	3396.62
1116.46	3393.48
1118.07	3401.85
1119.68	3393.48
1121.29	3406.03
1122.90	3393.48
1124.51	3386.15
1126.12	3394.52
1127.73	3408.13
1129.34	3404.99
1130.95	3408.13
1132.56	3407.08
1134.17	3387.20
1135.78	3387.20
1137.39	3401.85
1139.00	3396.62
1140.61	3406.03
1142.22	3403.94
1143.83	3395.57
1145.44	3389.29
1147.05	3397.66
1148.65	3403.94
1150.26	3391.38
1151.87	3383.01
1153.48	3403.94
1155.09	3394.52
1156.69	3397.66
1158.30	3390.34
1159.91	3399.75
1161.52	3408.13
1163.12	3406.03
1164.73	3391.38
1166.34	3408.13
1167.94	3401.85
1169.55	3414.40
1171.16	3402.89
1172.76	3418.59
1174.37	3407.08
1175.97	3413.36
1177.58	3383.01
1179.19	3412.31
1180.79	3394.52
1182.40	3409.17
1184.00	3399.75
1185.61	3418.59
1187.21	3416.50
1188.82	3407.08
1190.42	3397.66
1192.02	3400.80
1193.63	3387.20
1195.23	3404.99
1196.84	3400.80
1198.44	3406.03
1200.04	3404.99
1201.65	3407.08
1203.25	3394.52
1204.85	3408.13
1206.46	3385.10
1208.06	3407.08
1209.66	3397.66
1211.26	3395.57
1212.87	3408.13
1214.47	3392.43
1216.07	3380.92
1217.67	3387.20
1219.27	3381.97
1220.87	3385.10
1222.48	3377.78
1224.08	3379.87
1225.68	3385.10
1227.28	3377.78
1228.88	3369.41
1230.48	3383.01
1232.08	3361.04
1233.68	3383.01
1235.28	3378.83
1236.88	3367.32
1238.48	3355.81
1240.08	3387.20
1241.68	3341.16
1243.28	3358.94
1244.87	3352.67
1246.47	3353.71
1248.07	3336.97
1249.67	3346.39
1251.27	3349.53
1252.87	3335.92
1254.46	3330.69
1256.06	3333.83
1257.66	3334.88
1259.26	3329.65
1260.85	3327.55
1262.45	3319.18
1264.05	3330.69
1265.64	3325.46
1267.24	3321.27
1268.83	3333.83
1270.43	3312.90
1272.03	3327.55
1273.62	3310.81
1275.22	3308.72
1276.81	3313.95
1278.41	3318.14
1280.00	3312.90
1281.60	3302.44
1283.19	3289.88
1284.79	3309.76
1286.38	3302.44
1287.97	3320.23
1289.57	3296.16
1291.16	3297.21
1292.75	3283.60
1294.35	3291.98
1295.94	3294.07
1297.53	3293.02
1299.12	3279.42
1300.72	3297.21
1302.31	3266.86
1303.90	3298.25
1305.49	3288.84
1307.08	3270.00
1308.68	3273.14
1310.27	3271.05
1311.86	3267.91
1313.45	3262.68
1315.04	3268.95
1316.63	3264.77
1318.22	3250.12
1319.81	3242.79
1321.40	3255.35
1322.99	3262.68
1324.58	3234.42
1326.17	3240.70
1327.75	3232.33
1329.34	3233.38
1330.93	3226.05
1332.52	3218.73
1334.11	3219.77
1335.70	3220.82
1337.28	3199.89
1338.87	3214.54
1340.46	3211.40
1342.05	3208.26
1343.63	3204.08
1345.22	3199.89
1346.81	3204.08
1348.39	3197.80
1349.98	3192.57
1351.56	3187.34
1353.15	3177.92
1354.73	3182.10
1356.32	3150.71
1357.90	3150.71
1359.49	3151.76
1361.07	3140.25
1362.66	3129.78
1364.24	3143.39
1365.82	3143.39
1367.41	3144.43
1368.99	3123.50
1370.57	3122.46
1372.16	3122.46
1373.74	3115.13
1375.32	3117.23
1376.91	3111.99
1378.49	3075.37
1380.07	3050.26
1381.65	3041.89
1383.23	3031.42
1384.81	3030.38
1386.39	3024.10
1387.97	3022.00
1389.55	3010.49
1391.14	2997.94
1392.72	2990.61
1394.29	2992.70
1395.87	2974.92
1397.45	2966.54
1399.03	2960.27
1400.61	2952.94
1402.19	2946.66
1403.77	2936.20
1405.35	2947.71
1406.92	2937.25
1408.50	2935.15
1410.08	2933.06
1411.66	2921.55
1413.23	2919.46
1414.81	2927.83
1416.39	2907.95
1417.96	2922.60
1419.54	2899.58
1421.12	2915.27
1422.69	2915.27
1424.27	2903.76
1425.84	2910.04
1427.42	2912.13
1428.99	2907.95
1430.57	2900.62
1432.14	2887.02
1433.71	2896.44
1435.29	2900.62
1436.86	2899.58
1438.43	2898.53
1440.01	2890.16
1441.58	2769.82
1443.15	2899.58
1444.72	2898.53
1446.30	2885.97
1447.87	2901.67
1449.44	2889.11
1451.01	2875.51
1452.58	2895.39
1454.15	2899.58
1455.72	2884.93
1457.29	2881.79
1458.86	2893.30
1460.43	2880.74
1462.00	2900.62
1463.57	2882.83
1465.14	2884.93
1466.71	2888.06
1468.28	2890.16
1469.85	2880.74
1471.41	2891.20
1472.98	2875.51
1474.55	2896.44
1476.12	2884.93
1477.68	2881.79
1479.25	2896.44
1480.82	2890.16
1482.38	2898.53
1483.95	2893.30
1485.51	2905.85
1487.08	2918.41
1488.64	2897.48
1490.21	2902.71
1491.77	2892.25
1493.34	2904.81
1494.90	2891.20
1496.46	2899.58
1498.03	2899.58
1499.59	2903.76
1501.15	2904.81
1502.72	2901.67
1504.28	2898.53
1505.84	2908.99
1507.40	2900.62
1508.97	2913.18
1510.53	2911.09
1512.09	2916.32
1513.65	2916.32
1515.21	2914.22
1516.77	2898.53
1518.33	2917.36
1519.89	2910.04
1521.45	2915.27
1523.01	2921.55
1524.57	2928.87
1526.13	2916.32
1527.68	2916.32
1529.24	2920.50
1530.80	2916.32
1532.36	2917.36
1533.92	2918.41
1535.47	2907.95
1537.03	2905.85
1538.59	2915.27
1540.14	2918.41
1541.70	2906.90
1543.25	2921.55
1544.81	2918.41
1546.36	2922.60
1547.92	2914.22
1549.47	2915.27
1551.03	2911.09
1552.58	2907.95
1554.13	2902.71
1555.69	2906.90
1557.24	2904.81
1558.79	2916.32
1560.35	2900.62
1561.90	2907.95
1563.45	2892.25
1565.00	2903.76
1566.55	2899.58
1568.10	2895.39
1569.66	2892.25
1571.21	2910.04
1572.76	2902.71
1574.31	2898.53
1575.86	2894.34
1577.40	2882.83
1578.95	2888.06
1580.50	2889.11
1582.05	2875.51
1583.60	2882.83
1585.15	2877.60
1586.69	2887.02
1588.24	2883.88
1589.79	2890.16
1591.34	2877.60
1592.88	2900.62
1594.43	2859.81
1595.97	2875.51
1597.52	2880.74
1599.06	2887.02
1600.61	2868.18
1602.15	2885.97
1603.70	2876.55
1605.24	2880.74
1606.79	2875.51
1608.33	2864.00
1609.87	2862.95
1611.41	2866.09
1612.96	2865.04
1614.50	2861.90
1616.04	2866.09
1617.58	2862.95
1619.12	2856.67
1620.67	2866.09
1622.21	2839.93
1623.75	2861.90
1625.29	2839.93
1626.83	2846.21
1628.37	2859.81
1629.90	2834.70
1631.44	2825.28
1632.98	2838.88
1634.52	2815.86
1636.06	2815.86
1637.59	2825.28
1639.13	2807.49
1640.67	2798.07
1642.21	2786.56
1643.74	2772.96
1645.28	2757.26
1646.81	2752.03
1648.35	2761.45
1649.88	2737.38
1651.42	2743.66
1652.95	2720.64
1654.49	2740.52
1656.02	2723.78
1657.55	2721.69
1659.09	2700.76
1660.62	2716.45
1662.15	2701.81
1663.68	2713.32
1665.22	2696.57
1666.75	2707.04
1668.28	2686.11
1669.81	2701.81
1671.34	2684.02
1672.87	2693.43
1674.40	2692.39
1675.93	2688.20
1677.46	2671.46
1678.99	2674.60
1680.52	2664.13
1682.04	2679.83
1683.57	2677.74
1685.10	2684.02
1686.63	2665.18
1688.15	2665.18
1689.68	2662.04
1691.21	2669.37
1692.73	2673.55
1694.26	2671.46
1695.78	2663.09
1697.31	2663.09
1698.83	2659.95
1700.36	2669.37
1701.88	2661.00
1703.40	2673.55
1704.93	2654.72
1706.45	2653.67
