896.35	3010.49
897.98	3024.10
899.60	3018.86
901.22	3051.30
902.85	3041.89
904.47	3057.58
906.10	3058.63
907.72	3069.09
909.34	3075.37
910.97	3095.25
912.59	3111.99
914.21	3149.66
915.84	3165.36
917.46	3207.22
919.08	3235.47
920.71	3263.72
922.33	3283.60
923.95	3293.02
925.58	3310.81
927.20	3311.86
928.82	3321.27
930.44	3348.48
932.07	3338.02
933.69	3335.92
935.31	3344.30
936.93	3359.99
938.56	3366.27
940.18	3384.06
941.80	3373.59
943.42	3392.43
945.05	3395.57
946.67	3385.10
948.29	3388.24
949.91	3393.48
951.53	3397.66
953.16	3411.26
954.78	3398.71
956.40	3395.57
958.02	3384.06
959.64	3399.75
961.26	3385.10
962.88	3398.71
964.51	3384.06
966.13	3413.36
967.75	3397.66
969.37	3391.38
970.99	3384.06
972.61	3404.99
974.23	3396.62
975.85	3400.80
977.47	3406.03
979.09	3407.08
980.71	3389.29
982.33	3415.45
983.95	3412.31
985.57	3431.15
987.19	3415.45
988.81	3423.82
990.43	3415.45
992.05	3420.68
993.67	3435.33
995.29	3443.70
996.91	3420.68
998.53	3458.35
1000.15	3445.80
1001.77	3466.72
1003.39	3451.03
1005.01	3461.49
1006.63	3462.54
1008.25	3476.14
1009.86	3488.70
1011.48	3498.12
1013.10	3481.37
1014.72	3500.21
1016.34	3496.02
1017.96	3521.14
1019.58	3499.16
1021.19	3512.77
1022.81	3504.39
1024.43	3527.42
1026.05	3512.77
1027.66	3531.60
1029.28	3516.95
1030.90	3536.83
1032.52	3516.95
1034.13	3531.60
1035.75	3542.06
1037.37	3551.48
1038.98	3549.39
1040.60	3553.58
1042.22	3534.74
1043.83	3537.88
1045.45	3544.16
1047.07	3559.85
1048.68	3557.76
1050.30	3548.34
1051.92	3546.25
1053.53	3548.34
1055.15	3550.44
1056.76	3560.90
1058.38	3548.34
1059.99	3567.18
1061.61	3536.83
1063.22	3543.11
1064.84	3550.44
1066.46	3559.85
1068.07	3550.44
1069.68	3554.62
1071.30	3542.06
1072.91	3544.16
1074.53	3531.60
1076.14	3555.67
1077.76	3543.11
1079.37	3544.16
1080.98	3503.35
1082.60	3533.69
1084.21	3526.37
1085.83	3532.65
1087.44	3525.32
1089.05	3519.04
1090.67	3522.18
1092.28	3526.37
1093.89	3523.23
1095.50	3531.60
1097.12	3510.67
1098.73	3535.79
1100.34	3502.30
1101.95	3530.55
1103.57	3518.00
1105.18	3523.23
1106.79	3507.53
1108.40	3521.14
1110.01	3507.53
1111.63	3536.83
1113.24	3526.37
1114.85	3525.32
1116.46	3525.32
1118.07	3535.79
1119.68	3512.77
1121.29	3527.42
1122.90	3515.90
1124.51	3529.51
1126.12	3527.42
1127.73	3532.65
1129.34	3530.55
1130.95	3553.58
1132.56	3536.83
1134.17	3522.18
1135.78	3514.86
1137.39	3541.02
1139.00	3518.00
1140.61	3529.51
1142.22	3524.28
1143.83	3528.46
1145.44	3526.37
1147.05	3545.20
1148.65	3542.06
1150.26	3522.18
1151.87	3507.53
1153.48	3523.23
1155.09	3528.46
1156.69	3534.74
1158.30	3512.77
1159.91	3523.23
1161.52	3532.65
1163.12	3530.55
1164.73	3519.04
1166.34	3545.20
1167.94	3528.46
1169.55	3538.93
1171.16	3524.28
1172.76	3541.02
1174.37	3533.69
1175.97	3555.67
1177.58	3527.42
1179.19	3548.34
1180.79	3528.46
1182.40	3539.97
1184.00	3527.42
1185.61	3539.97
1187.21	3532.65
1188.82	3542.06
1190.42	3532.65
1192.02	3535.79
1193.63	3510.67
1195.23	3538.93
1196.84	3530.55
1198.44	3541.02
1200.04	3536.83
1201.65	3545.20
1203.25	3539.97
1204.85	3558.81
1206.46	3519.04
1208.06	3546.25
1209.66	3525.32
1211.26	3536.83
1212.87	3543.11
1214.47	3526.37
1216.07	3522.18
1217.67	3535.79
1219.27	3521.14
1220.87	3515.90
1222.48	3508.58
1224.08	3524.28
1225.68	3522.18
1227.28	3524.28
1228.88	3505.44
1230.48	3523.23
1232.08	3496.02
1233.68	3512.77
1235.28	3510.67
1236.88	3499.16
1238.48	3476.14
1240.08	3513.81
1241.68	3473.00
1243.28	3493.93
1244.87	3474.05
1246.47	3467.77
1248.07	3455.21
1249.67	3471.96
1251.27	3468.82
1252.87	3461.49
1254.46	3443.70
1256.06	3462.54
1257.66	3452.07
1259.26	3449.98
1260.85	3452.07
1262.45	3448.94
1264.05	3435.33
1265.64	3446.84
1267.24	3447.89
1268.83	3446.84
1270.43	3434.29
1272.03	3461.49
1273.62	3439.52
1275.22	3426.96
1276.81	3428.01
1278.41	3435.33
1280.00	3435.33
1281.60	3431.15
1283.19	3413.36
1284.79	3430.10
1286.38	3410.22
1287.97	3437.42
1289.57	3411.26
1291.16	3421.73
1292.75	3398.71
1294.35	3410.22
1295.94	3404.99
1297.53	3413.36
1299.12	3397.66
1300.72	3420.68
1302.31	3383.01
1303.90	3410.22
1305.49	3407.08
1307.08	3388.24
1308.68	3373.59
1310.27	3388.24
1311.86	3377.78
1313.45	3383.01
1315.04	3384.06
1316.63	3380.92
1318.22	3362.08
1319.81	3362.08
1321.40	3366.27
1322.99	3378.83
1324.58	3347.43
1326.17	3358.94
1327.75	3352.67
1329.34	3356.85
1330.93	3336.97
1332.52	3345.34
1334.11	3342.20
1335.70	3333.83
1337.28	3318.14
1338.87	3336.97
1340.46	3330.69
1342.05	3323.37
1343.63	3307.67
1345.22	3306.62
1346.81	3304.53
1348.39	3305.58
1349.98	3293.02
1351.56	3295.11
1353.15	3284.65
1354.73	3288.84
1356.32	3260.58
1357.90	3262.68
1359.49	3259.54
1361.07	3244.89
1362.66	3230.24
1364.24	3238.61
1365.82	3237.56
1367.41	3240.70
1368.99	3215.59
1370.57	3222.91
1372.16	3225.01
1373.74	3223.96
1375.32	3209.31
1376.91	3197.80
1378.49	3156.99
1380.07	3133.97
1381.65	3121.41
1383.23	3103.62
1384.81	3101.53
1386.39	3100.48
1387.97	3093.16
1389.55	3087.93
1391.14	3072.23
1392.72	3057.58
1394.29	3048.16
1395.87	3045.02
1397.45	3030.38
1399.03	3034.56
1400.61	3016.77
1402.19	3016.77
1403.77	3004.22
1405.35	3019.91
1406.92	2998.98
1408.50	2998.98
1410.08	2993.75
1411.66	2981.19
1413.23	2979.10
1414.81	2987.47
1416.39	2963.41
1417.96	2980.15
1419.54	2968.64
1421.12	2982.24
1422.69	2978.06
1424.27	2962.36
1425.84	2965.50
1427.42	2964.45
1428.99	2961.31
1430.57	2961.31
1432.14	2956.08
1433.71	2958.17
1435.29	2969.68
1436.86	2963.41
1438.43	2952.94
1440.01	2949.80
1441.58	2822.14
1443.15	2949.80
1444.72	2957.13
1446.30	2946.66
1447.87	2951.90
1449.44	2936.20
1451.01	2930.97
1452.58	2947.71
1454.15	2941.43
1455.72	2945.62
1457.29	2939.34
1458.86	2947.71
1460.43	2934.11
1462.00	2957.13
1463.57	2934.11
1465.14	2941.43
1466.71	2938.29
1468.28	2937.25
1469.85	2939.34
1471.41	2946.66
1472.98	2935.15
1474.55	2948.76
1476.12	2932.01
1477.68	2932.01
1479.25	2942.48
1480.82	2944.57
1482.38	2951.90
1483.95	2932.01
1485.51	2939.34
1487.08	2952.94
1488.64	2952.94
1490.21	2952.94
1491.77	2939.34
1493.34	2962.36
1494.90	2945.62
1496.46	2962.36
1498.03	2953.99
1499.59	2966.54
1501.15	2953.99
1502.72	2964.45
1504.28	2957.13
1505.84	2960.27
1507.40	2956.08
1508.97	2972.82
1510.53	2959.22
1512.09	2970.73
1513.65	2970.73
1515.21	2966.54
1516.77	2960.27
1518.33	2983.29
1519.89	2971.78
1521.45	2967.59
1523.01	2969.68
1524.57	2974.92
1526.13	2961.31
1527.68	2978.06
1529.24	2977.01
1530.80	2979.10
1532.36	2980.15
1533.92	2970.73
1535.47	2968.64
1537.03	2979.10
1538.59	2974.92
1540.14	2969.68
1541.70	2965.50
1543.25	2989.57
1544.81	2981.19
1546.36	2980.15
1547.92	2964.45
1549.47	2978.06
1551.03	2972.82
1552.58	2972.82
1554.13	2962.36
1555.69	2970.73
1557.24	2955.03
1558.79	2961.31
1560.35	2964.45
1561.90	2973.87
1563.45	2958.17
1565.00	2958.17
1566.55	2949.80
1568.10	2953.99
1569.66	2943.52
1571.21	2967.59
1572.76	2957.13
1574.31	2958.17
1575.86	2958.17
1577.40	2947.71
1578.95	2951.90
1580.50	2947.71
1582.05	2939.34
1583.60	2935.15
1585.15	2930.97
1586.69	2940.38
1588.24	2946.66
1589.79	2942.48
1591.34	2924.69
1592.88	2939.34
1594.43	2912.13
1595.97	2930.97
1597.52	2938.29
1599.06	2935.15
1600.61	2924.69
1602.15	2945.62
1603.70	2926.78
1605.24	2925.74
1606.79	2921.55
1608.33	2918.41
1609.87	2919.46
1611.41	2936.20
1612.96	2926.78
1614.50	2915.27
1616.04	2914.22
1617.58	2922.60
1619.12	2911.09
1620.67	2907.95
1622.21	2893.30
1623.75	2907.95
1625.29	2887.02
1626.83	2884.93
1628.37	2906.90
1629.90	2880.74
1631.44	2875.51
1632.98	2882.83
1634.52	2860.86
1636.06	2867.14
1637.59	2866.09
1639.13	2847.26
1640.67	2837.84
1642.21	2821.10
1643.74	2807.49
1645.28	2784.47
1646.81	2769.82
1648.35	2784.47
1649.88	2755.17
1651.42	2757.26
1652.95	2736.34
1654.49	2755.17
1656.02	2741.57
1657.55	2739.48
1659.09	2707.04
1660.62	2734.24
1662.15	2721.69
1663.68	2718.55
1665.22	2698.67
1666.75	2704.94
1668.28	2698.67
1669.81	2720.64
1671.34	2700.76
1672.87	2711.22
1674.40	2708.08
1675.93	2702.85
1677.46	2684.02
1678.99	2680.88
1680.52	2674.60
1682.04	2691.34
1683.57	2681.92
1685.10	2697.62
1686.63	2685.06
1688.15	2681.92
1689.68	2667.27
1691.21	2671.46
1692.73	2679.83
1694.26	2679.83
1695.78	2670.41
1697.31	2676.69
1698.83	2659.95
1700.36	2667.27
1701.88	2658.90
1703.40	2673.55
1704.93	2663.09
1706.45	2667.27
