896.35	2802.26
897.98	2809.58
899.60	2806.45
901.22	2824.23
902.85	2815.86
904.47	2830.51
906.10	2833.65
907.72	2823.19
909.34	2840.98
910.97	2848.30
912.59	2861.90
914.21	2866.09
915.84	2880.74
917.46	2898.53
919.08	2916.32
920.71	2916.32
922.33	2927.83
923.95	2935.15
925.58	2958.17
927.20	2930.97
928.82	2946.66
930.44	2969.68
932.07	2960.27
933.69	2948.76
935.31	2958.17
936.93	2962.36
938.56	2969.68
940.18	2975.96
941.80	2974.92
943.42	2977.01
945.05	2994.80
946.67	2978.06
948.29	2977.01
949.91	2970.73
951.53	2989.57
953.16	2989.57
954.78	2990.61
956.40	2971.78
958.02	2975.96
959.64	2978.06
961.26	2982.24
962.88	2980.15
964.51	2977.01
966.13	2996.89
967.75	2998.98
969.37	2983.29
970.99	2987.47
972.61	2982.24
974.23	2991.66
975.85	2985.38
977.47	2998.98
979.09	2984.33
980.71	2986.43
982.33	2989.57
983.95	2993.75
985.57	2997.94
987.19	2995.84
988.81	3003.17
990.43	2997.94
992.05	2994.80
993.67	3013.63
995.29	2998.98
996.91	2992.70
998.53	3019.91
1000.15	3018.86
1001.77	3016.77
1003.39	3032.47
1005.01	3024.10
1006.63	3020.96
1008.25	3018.86
1009.86	3029.33
1011.48	3020.96
1013.10	3031.42
1014.72	3027.24
1016.34	3039.79
1017.96	3057.58
1019.58	3043.98
1021.19	3035.61
1022.81	3040.84
1024.43	3051.30
1026.05	3053.40
1027.66	3053.40
1029.28	3053.40
1030.90	3045.02
1032.52	3042.93
1034.13	3046.07
1035.75	3058.63
1037.37	3055.49
1038.98	3074.32
1040.60	3058.63
1042.22	3038.75
1043.83	3050.26
1045.45	3058.63
1047.07	3057.58
1048.68	3079.56
1050.30	3065.95
1051.92	3071.18
1053.53	3059.67
1055.15	3071.18
1056.76	3060.72
1058.38	3064.91
1059.99	3062.81
1061.61	3064.91
1063.22	3070.14
1064.84	3074.32
1066.46	3054.44
1068.07	3064.91
1069.68	3064.91
1071.30	3073.28
1072.91	3060.72
1074.53	3063.86
1076.14	3071.18
1077.76	3070.14
1079.37	3073.28
1080.98	3034.56
1082.60	3046.07
1084.21	3061.77
1085.83	3057.58
1087.44	3068.05
1089.05	3046.07
1090.67	3051.30
1092.28	3041.89
1093.89	3060.72
1095.50	3051.30
1097.12	3050.26
1098.73	3054.44
1100.34	3043.98
1101.95	3063.86
1103.57	3065.95
1105.18	3045.02
1106.79	3038.75
1108.40	3050.26
1110.01	3055.49
1111.63	3057.58
1113.24	3056.54
1114.85	3050.26
1116.46	3049.21
1118.07	3062.81
1119.68	3046.07
1121.29	3052.35
1122.90	3051.30
1124.51	3057.58
1126.12	3064.91
1127.73	3068.05
1129.34	3069.09
1130.95	3061.77
1132.56	3072.23
1134.17	3037.70
1135.78	3049.21
1137.39	3050.26
1139.00	3055.49
1140.61	3068.05
1142.22	3061.77
1143.83	3048.16
1145.44	3054.44
1147.05	3058.63
1148.65	3062.81
1150.26	3049.21
1151.87	3054.44
1153.48	3053.40
1155.09	3065.95
1156.69	3056.54
1158.30	3053.40
1159.91	3050.26
1161.52	3060.72
1163.12	3053.40
1164.73	3056.54
1166.34	3063.86
1167.94	3052.35
1169.55	3064.91
1171.16	3064.91
1172.76	3061.77
1174.37	3060.72
1175.97	3070.14
1177.58	3054.44
1179.19	3067.00
1180.79	3049.21
1182.40	3049.21
1184.00	3053.40
1185.61	3069.09
1187.21	3067.00
1188.82	3061.77
1190.42	3062.81
1192.02	3057.58
1193.63	3050.26
1195.23	3058.63
1196.84	3055.49
1198.44	3068.05
1200.04	3072.23
1201.65	3070.14
1203.25	3072.23
1204.85	3065.95
1206.46	3048.16
1208.06	3055.49
1209.66	3052.35
1211.26	3051.30
1212.87	3080.60
1214.47	3058.63
1216.07	3053.40
1217.67	3055.49
1219.27	3053.40
1220.87	3051.30
1222.48	3057.58
1224.08	3052.35
1225.68	3058.63
1227.28	3054.44
1228.88	3053.40
1230.48	3055.49
1232.08	3036.65
1233.68	3052.35
1235.28	3062.81
1236.88	3043.98
1238.48	3037.70
1240.08	3060.72
1241.68	3036.65
1243.28	3045.02
1244.87	3038.75
1246.47	3034.56
1248.07	3029.33
1249.67	3040.84
1251.27	3059.67
1252.87	3031.42
1254.46	3026.19
1256.06	3024.10
1257.66	3031.42
1259.26	3016.77
1260.85	3029.33
1262.45	3025.14
1264.05	3023.05
1265.64	3018.86
1267.24	3030.38
1268.83	3022.00
1270.43	3011.54
1272.03	3035.61
1273.62	3031.42
1275.22	3002.12
1276.81	3025.14
1278.41	3016.77
1280.00	3025.14
1281.60	3013.63
1283.19	3008.40
1284.79	3014.68
1286.38	3012.59
1287.97	3018.86
1289.57	3005.26
1291.16	3010.49
1292.75	2997.94
1294.35	3011.54
1295.94	3002.12
1297.53	3008.40
1299.12	3002.12
1300.72	3014.68
1302.31	2990.61
1303.90	3006.31
1305.49	3013.63
1307.08	3006.31
1308.68	2994.80
1310.27	2987.47
1311.86	2992.70
1313.45	2990.61
1315.04	2992.70
1316.63	2992.70
1318.22	2996.89
1319.81	2987.47
1321.40	2985.38
1322.99	2996.89
1324.58	2973.87
1326.17	2979.10
1327.75	2981.19
1329.34	2986.43
1330.93	2979.10
1332.52	2966.54
1334.11	2968.64
1335.70	2970.73
1337.28	2958.17
1338.87	2961.31
1340.46	2964.45
1342.05	2960.27
1343.63	2961.31
1345.22	2957.13
1346.81	2975.96
1348.39	2960.27
1349.98	2955.03
1351.56	2946.66
1353.15	2947.71
1354.73	2959.22
1356.32	2939.34
1357.90	2937.25
1359.49	2943.52
1361.07	2935.15
1362.66	2938.29
1364.24	2936.20
1365.82	2926.78
1367.41	2932.01
1368.99	2910.04
1370.57	2911.09
1372.16	2918.41
1373.74	2908.99
1375.32	2914.22
1376.91	2908.99
1378.49	2893.30
1380.07	2876.55
1381.65	2873.42
1383.23	2867.14
1384.81	2867.14
1386.39	2862.95
1387.97	2873.42
1389.55	2867.14
1391.14	2853.53
1392.72	2851.44
1394.29	2855.63
1395.87	2840.98
1397.45	2836.79
1399.03	2845.16
1400.61	2845.16
1402.19	2834.70
1403.77	2819.00
1405.35	2836.79
1406.92	2821.10
1408.50	2829.47
1410.08	2829.47
1411.66	2822.14
1413.23	2821.10
1414.81	2823.19
1416.39	2804.35
1417.96	2822.14
1419.54	2812.72
1421.12	2813.77
1422.69	2824.23
1424.27	2806.45
1425.84	2809.58
1427.42	2799.12
1428.99	2808.54
1430.57	2807.49
1432.14	2805.40
1433.71	2805.40
1435.29	2815.86
1436.86	2807.49
1438.43	2801.21
1440.01	2795.98
1441.58	2679.83
1443.15	2806.45
1444.72	2815.86
1446.30	2799.12
1447.87	2810.63
1449.44	2801.21
1451.01	2797.03
1452.58	2799.12
1454.15	2804.35
1455.72	2787.61
1457.29	2793.89
1458.86	2808.54
1460.43	2795.98
1462.00	2813.77
1463.57	2794.94
1465.14	2802.26
1466.71	2794.94
1468.28	2802.26
1469.85	2793.89
1471.41	2806.45
1472.98	2794.94
1474.55	2810.63
1476.12	2795.98
1477.68	2797.03
1479.25	2805.40
1480.82	2800.17
1482.38	2807.49
1483.95	2795.98
1485.51	2804.35
1487.08	2812.72
1488.64	2799.12
1490.21	2802.26
1491.77	2792.84
1493.34	2811.68
1494.90	2792.84
1496.46	2807.49
1498.03	2814.82
1499.59	2811.68
1501.15	2804.35
1502.72	2805.40
1504.28	2810.63
1505.84	2804.35
1507.40	2798.07
1508.97	2811.68
1510.53	2805.40
1512.09	2816.91
1513.65	2817.96
1515.21	2821.10
1516.77	2798.07
1518.33	2816.91
1519.89	2820.05
1521.45	2805.40
1523.01	2802.26
1524.57	2812.72
1526.13	2816.91
1527.68	2816.91
1529.24	2832.61
1530.80	2820.05
1532.36	2821.10
1533.92	2810.63
1535.47	2794.94
1537.03	2804.35
1538.59	2814.82
1540.14	2816.91
1541.70	2797.03
1543.25	2809.58
1544.81	2811.68
1546.36	2813.77
1547.92	2805.40
1549.47	2816.91
1551.03	2811.68
1552.58	2804.35
1554.13	2799.12
1555.69	2809.58
1557.24	2797.03
1558.79	2798.07
1560.35	2789.70
1561.90	2809.58
1563.45	2806.45
1565.00	2801.21
1566.55	2795.98
1568.10	2793.89
1569.66	2787.61
1571.21	2802.26
1572.76	2792.84
1574.31	2793.89
1575.86	2794.94
1577.40	2788.66
1578.95	2776.10
1580.50	2787.61
1582.05	2781.33
1583.60	2789.70
1585.15	2785.52
1586.69	2786.56
1588.24	2789.70
1589.79	2792.84
1591.34	2771.91
1592.88	2787.61
1594.43	2770.87
1595.97	2786.56
1597.52	2781.33
1599.06	2789.70
1600.61	2783.42
1602.15	2794.94
1603.70	2776.10
1605.24	2780.29
1606.79	2774.01
1608.33	2770.87
1609.87	2768.78
1611.41	2781.33
1612.96	2768.78
1614.50	2761.45
1616.04	2764.59
1617.58	2770.87
1619.12	2760.40
1620.67	2764.59
1622.21	2745.75
1623.75	2771.91
1625.29	2761.45
1626.83	2753.08
1628.37	2769.82
1629.90	2755.17
1631.44	2754.13
1632.98	2749.94
1634.52	2730.06
1636.06	2740.52
1637.59	2747.85
1639.13	2736.34
1640.67	2732.15
1642.21	2723.78
1643.74	2720.64
1645.28	2707.04
1646.81	2697.62
1648.35	2709.13
1649.88	2687.16
1651.42	2698.67
1652.95	2686.11
1654.49	2704.94
1656.02	2687.16
1657.55	2693.43
1659.09	2667.27
1660.62	2681.92
1662.15	2669.37
1663.68	2677.74
1665.22	2668.32
1666.75	2667.27
1668.28	2663.09
1669.81	2675.65
1671.34	2665.18
1672.87	2669.37
1674.40	2682.97
1675.93	2675.65
1677.46	2656.81
1678.99	2652.62
1680.52	2656.81
1682.04	2667.27
1683.57	2652.62
1685.10	2653.67
1686.63	2648.44
1688.15	2658.90
1689.68	2643.21
1691.21	2644.25
1692.73	2643.21
1694.26	2650.53
1695.78	2643.21
1697.31	2649.49
1698.83	2642.16
1700.36	2645.30
1701.88	2636.93
1703.40	2648.44
1704.93	2639.02
1706.45	2634.84
