896.35	2853.53
897.98	2851.44
899.60	2852.49
901.22	2876.55
902.85	2860.86
904.47	2878.65
906.10	2887.02
907.72	2885.97
909.34	2897.48
910.97	2906.90
912.59	2922.60
914.21	2937.25
915.84	2957.13
917.46	2977.01
919.08	2986.43
920.71	2990.61
922.33	3022.00
923.95	3023.05
925.58	3040.84
927.20	3029.33
928.82	3039.79
930.44	3055.49
932.07	3050.26
933.69	3032.47
935.31	3039.79
936.93	3057.58
938.56	3067.00
940.18	3061.77
941.80	3061.77
943.42	3070.14
945.05	3088.97
946.67	3072.23
948.29	3083.74
949.91	3070.14
951.53	3090.02
953.16	3086.88
954.78	3090.02
956.40	3080.60
958.02	3084.79
959.64	3083.74
961.26	3086.88
962.88	3083.74
964.51	3076.42
966.13	3093.16
967.75	3098.39
969.37	3085.83
970.99	3084.79
972.61	3087.93
974.23	3083.74
975.85	3076.42
977.47	3086.88
979.09	3086.88
980.71	3090.02
982.33	3096.30
983.95	3100.48
985.57	3110.95
987.19	3102.58
988.81	3111.99
990.43	3099.44
992.05	3096.30
993.67	3115.13
995.29	3107.81
996.91	3103.62
998.53	3122.46
1000.15	3118.27
1001.77	3120.37
1003.39	3125.60
1005.01	3124.55
1006.63	3123.50
1008.25	3131.88
1009.86	3141.29
1011.48	3130.83
1013.10	3145.48
1014.72	3148.62
1016.34	3149.66
1017.96	3163.27
1019.58	3143.39
1021.19	3142.34
1022.81	3148.62
1024.43	3165.36
1026.05	3156.99
1027.66	3172.69
1029.28	3165.36
1030.90	3158.04
1032.52	3145.48
1034.13	3168.50
1035.75	3178.96
1037.37	3171.64
1038.98	3183.15
1040.60	3166.41
1042.22	3155.94
1043.83	3161.18
1045.45	3175.82
1047.07	3173.73
1048.68	3180.01
1050.30	3162.22
1051.92	3181.06
1053.53	3175.82
1055.15	3183.15
1056.76	3169.55
1058.38	3177.92
1059.99	3181.06
1061.61	3173.73
1063.22	3174.78
1064.84	3180.01
1066.46	3173.73
1068.07	3168.50
1069.68	3165.36
1071.30	3182.10
1072.91	3164.31
1074.53	3166.41
1076.14	3170.59
1077.76	3161.18
1079.37	3173.73
1080.98	3151.76
1082.60	3172.69
1084.21	3168.50
1085.83	3165.36
1087.44	3171.64
1089.05	3158.04
1090.67	3160.13
1092.28	3148.62
1093.89	3166.41
1095.50	3165.36
1097.12	3153.85
1098.73	3162.22
1100.34	3141.29
1101.95	3153.85
1103.57	3159.08
1105.18	3147.57
1106.79	3139.20
1108.40	3144.43
1110.01	3150.71
1111.63	3160.13
1113.24	3164.31
1114.85	3165.36
1116.46	3164.31
1118.07	3155.94
1119.68	3148.62
1121.29	3167.45
1122.90	3159.08
1124.51	3158.04
1126.12	3169.55
1127.73	3174.78
1129.34	3167.45
1130.95	3173.73
1132.56	3174.78
1134.17	3146.53
1135.78	3160.13
1137.39	3173.73
1139.00	3159.08
1140.61	3167.45
1142.22	3168.50
1143.83	3161.18
1145.44	3160.13
1147.05	3158.04
1148.65	3168.50
1150.26	3163.27
1151.87	3146.53
1153.48	3156.99
1155.09	3172.69
1156.69	3167.45
1158.30	3151.76
1159.91	3156.99
1161.52	3174.78
1163.12	3165.36
1164.73	3156.99
1166.34	3170.59
1167.94	3168.50
1169.55	3167.45
1171.16	3163.27
1172.76	3163.27
1174.37	3170.59
1175.97	3170.59
1177.58	3165.36
1179.19	3176.87
1180.79	3164.31
1182.40	3166.41
1184.00	3171.64
1185.61	3184.20
1187.21	3182.10
1188.82	3169.55
1190.42	3172.69
1192.02	3169.55
1193.63	3155.94
1195.23	3163.27
1196.84	3163.27
1198.44	3171.64
1200.04	3185.24
1201.65	3176.87
1203.25	3173.73
1204.85	3180.01
1206.46	3158.04
1208.06	3165.36
1209.66	3163.27
1211.26	3163.27
1212.87	3185.24
1214.47	3164.31
1216.07	3169.55
1217.67	3170.59
1219.27	3152.80
1220.87	3161.18
1222.48	3167.45
1224.08	3153.85
1225.68	3165.36
1227.28	3160.13
1228.88	3161.18
1230.48	3162.22
1232.08	3151.76
1233.68	3161.18
1235.28	3166.41
1236.88	3142.34
1238.48	3141.29
1240.08	3165.36
1241.68	3140.25
1243.28	3146.53
1244.87	3136.06
1246.47	3136.06
1248.07	3127.69
1249.67	3127.69
1251.27	3145.48
1252.87	3126.64
1254.46	3133.97
1256.06	3126.64
1257.66	3125.60
1259.26	3117.23
1260.85	3130.83
1262.45	3125.60
1264.05	3129.78
1265.64	3118.27
1267.24	3116.18
1268.83	3125.60
1270.43	3127.69
1272.03	3136.06
1273.62	3111.99
1275.22	3105.72
1276.81	3120.37
1278.41	3116.18
1280.00	3118.27
1281.60	3110.95
1283.19	3110.95
1284.79	3115.13
1286.38	3099.44
1287.97	3106.76
1289.57	3106.76
1291.16	3105.72
1292.75	3091.07
1294.35	3097.34
1295.94	3099.44
1297.53	3100.48
1299.12	3087.93
1300.72	3106.76
1302.31	3079.56
1303.90	3108.86
1305.49	3101.53
1307.08	3083.74
1308.68	3090.02
1310.27	3093.16
1311.86	3087.93
1313.45	3085.83
1315.04	3082.70
1316.63	3083.74
1318.22	3090.02
1319.81	3077.46
1321.40	3070.14
1322.99	3073.28
1324.58	3070.14
1326.17	3067.00
1327.75	3067.00
1329.34	3061.77
1330.93	3052.35
1332.52	3055.49
1334.11	3064.91
1335.70	3063.86
1337.28	3048.16
1338.87	3053.40
1340.46	3056.54
1342.05	3048.16
1343.63	3037.70
1345.22	3033.51
1346.81	3055.49
1348.39	3043.98
1349.98	3036.65
1351.56	3031.42
1353.15	3036.65
1354.73	3031.42
1356.32	3018.86
1357.90	3015.73
1359.49	3019.91
1361.07	3009.45
1362.66	3012.59
1364.24	3015.73
1365.82	3012.59
1367.41	3014.68
1368.99	2997.94
1370.57	2997.94
1372.16	2997.94
1373.74	2996.89
1375.32	2994.80
1376.91	2987.47
1378.49	2962.36
1380.07	2945.62
1381.65	2945.62
1383.23	2940.38
1384.81	2944.57
1386.39	2936.20
1387.97	2935.15
1389.55	2930.97
1391.14	2930.97
1392.72	2919.46
1394.29	2922.60
1395.87	2914.22
1397.45	2901.67
1399.03	2903.76
1400.61	2905.85
1402.19	2897.48
1403.77	2893.30
1405.35	2904.81
1406.92	2889.11
1408.50	2891.20
1410.08	2888.06
1411.66	2889.11
1413.23	2878.65
1414.81	2889.11
1416.39	2873.42
1417.96	2889.11
1419.54	2879.69
1421.12	2885.97
1422.69	2884.93
1424.27	2868.18
1425.84	2874.46
1427.42	2873.42
1428.99	2874.46
1430.57	2876.55
1432.14	2873.42
1433.71	2867.14
1435.29	2878.65
1436.86	2880.74
1438.43	2866.09
1440.01	2856.67
1441.58	2737.38
1443.15	2864.00
1444.72	2868.18
1446.30	2864.00
1447.87	2871.32
1449.44	2854.58
1451.01	2838.88
1452.58	2868.18
1454.15	2870.28
1455.72	2859.81
1457.29	2842.02
1458.86	2858.77
1460.43	2851.44
1462.00	2871.32
1463.57	2857.72
1465.14	2862.95
1466.71	2848.30
1468.28	2849.35
1469.85	2852.49
1471.41	2866.09
1472.98	2855.63
1474.55	2875.51
1476.12	2855.63
1477.68	2849.35
1479.25	2866.09
1480.82	2857.72
1482.38	2859.81
1483.95	2850.39
1485.51	2862.95
1487.08	2866.09
1488.64	2857.72
1490.21	2864.00
1491.77	2854.58
1493.34	2871.32
1494.90	2855.63
1496.46	2854.58
1498.03	2865.04
1499.59	2867.14
1501.15	2861.90
1502.72	2864.00
1504.28	2868.18
1505.84	2856.67
1507.40	2857.72
1508.97	2869.23
1510.53	2864.00
1512.09	2872.37
1513.65	2873.42
1515.21	2872.37
1516.77	2858.77
1518.33	2874.46
1519.89	2867.14
1521.45	2866.09
1523.01	2873.42
1524.57	2880.74
1526.13	2872.37
1527.68	2874.46
1529.24	2883.88
1530.80	2874.46
1532.36	2869.23
1533.92	2862.95
1535.47	2852.49
1537.03	2851.44
1538.59	2858.77
1540.14	2862.95
1541.70	2854.58
1543.25	2872.37
1544.81	2869.23
1546.36	2872.37
1547.92	2855.63
1549.47	2859.81
1551.03	2859.81
1552.58	2856.67
1554.13	2856.67
1555.69	2859.81
1557.24	2849.35
1558.79	2853.53
1560.35	2849.35
1561.90	2857.72
1563.45	2840.98
1565.00	2846.21
1566.55	2840.98
1568.10	2842.02
1569.66	2838.88
1571.21	2851.44
1572.76	2846.21
1574.31	2848.30
1575.86	2850.39
1577.40	2831.56
1578.95	2837.84
1580.50	2834.70
1582.05	2828.42
1583.60	2834.70
1585.15	2817.96
1586.69	2823.19
1588.24	2826.33
1589.79	2837.84
1591.34	2812.72
1592.88	2837.84
1594.43	2815.86
1595.97	2833.65
1597.52	2826.33
1599.06	2822.14
1600.61	2824.23
1602.15	2842.02
1603.70	2822.14
1605.24	2822.14
1606.79	2825.28
1608.33	2812.72
1609.87	2812.72
1611.41	2821.10
1612.96	2815.86
1614.50	2803.31
1616.04	2810.63
1617.58	2817.96
1619.12	2810.63
1620.67	2814.82
1622.21	2787.61
1623.75	2807.49
1625.29	2785.52
1626.83	2789.70
1628.37	2805.40
1629.90	2783.42
1631.44	2779.24
1632.98	2790.75
1634.52	2774.01
1636.06	2775.05
1637.59	2779.24
1639.13	2758.31
1640.67	2763.54
1642.21	2757.26
1643.74	2750.99
1645.28	2735.29
1646.81	2733.20
1648.35	2736.34
1649.88	2713.32
1651.42	2717.50
1652.95	2700.76
1654.49	2731.10
1656.02	2703.90
1657.55	2704.94
1659.09	2688.20
1660.62	2702.85
1662.15	2688.20
1663.68	2693.43
1665.22	2684.02
1666.75	2681.92
1668.28	2684.02
1669.81	2689.25
1671.34	2673.55
1672.87	2682.97
1674.40	2691.34
1675.93	2673.55
1677.46	2661.00
1678.99	2655.76
1680.52	2661.00
1682.04	2668.32
1683.57	2659.95
1685.10	2669.37
1686.63	2663.09
1688.15	2655.76
1689.68	2656.81
1691.21	2657.86
1692.73	2659.95
1694.26	2667.27
1695.78	2655.76
1697.31	2661.00
1698.83	2645.30
1700.36	2650.53
1701.88	2636.93
1703.40	2652.62
1704.93	2636.93
1706.45	2646.35
