896.35	2945.62
897.98	2939.34
899.60	2947.71
901.22	2974.92
902.85	2962.36
904.47	2970.73
906.10	2978.06
907.72	2982.24
909.34	2994.80
910.97	3014.68
912.59	3032.47
914.21	3055.49
915.84	3065.95
917.46	3094.21
919.08	3127.69
920.71	3144.43
922.33	3165.36
923.95	3168.50
925.58	3188.38
927.20	3186.29
928.82	3197.80
930.44	3213.50
932.07	3208.26
933.69	3206.17
935.31	3211.40
936.93	3228.14
938.56	3225.01
940.18	3231.28
941.80	3218.73
943.42	3244.89
945.05	3251.17
946.67	3239.66
948.29	3251.17
949.91	3244.89
951.53	3262.68
953.16	3256.40
954.78	3260.58
956.40	3252.21
958.02	3253.26
959.64	3256.40
961.26	3245.93
962.88	3253.26
964.51	3239.66
966.13	3270.00
967.75	3259.54
969.37	3253.26
970.99	3261.63
972.61	3250.12
974.23	3243.84
975.85	3256.40
977.47	3272.09
979.09	3260.58
980.71	3257.44
982.33	3263.72
983.95	3271.05
985.57	3281.51
987.19	3271.05
988.81	3278.37
990.43	3270.00
992.05	3267.91
993.67	3281.51
995.29	3275.23
996.91	3270.00
998.53	3296.16
1000.15	3299.30
1001.77	3306.62
1003.39	3304.53
1005.01	3306.62
1006.63	3305.58
1008.25	3323.37
1009.86	3331.74
1011.48	3322.32
1013.10	3329.65
1014.72	3338.02
1016.34	3332.78
1017.96	3346.39
1019.58	3333.83
1021.19	3342.20
1022.81	3349.53
1024.43	3359.99
1026.05	3356.85
1027.66	3364.18
1029.28	3355.81
1030.90	3361.04
1032.52	3357.90
1034.13	3372.55
1035.75	3381.97
1037.37	3381.97
1038.98	3383.01
1040.60	3371.50
1042.22	3354.76
1043.83	3370.46
1045.45	3371.50
1047.07	3370.46
1048.68	3386.15
1050.30	3374.64
1051.92	3380.92
1053.53	3375.69
1055.15	3386.15
1056.76	3368.36
1058.38	3372.55
1059.99	3391.38
1061.61	3378.83
1063.22	3380.92
1064.84	3385.10
1066.46	3379.87
1068.07	3372.55
1069.68	3380.92
1071.30	3391.38
1072.91	3370.46
1074.53	3374.64
1076.14	3380.92
1077.76	3369.41
1079.37	3378.83
1080.98	3341.16
1082.60	3359.99
1084.21	3366.27
1085.83	3355.81
1087.44	3358.94
1089.05	3349.53
1090.67	3349.53
1092.28	3361.04
1093.89	3357.90
1095.50	3348.48
1097.12	3341.16
1098.73	3362.08
1100.34	3338.02
1101.95	3352.67
1103.57	3351.62
1105.18	3352.67
1106.79	3339.06
1108.40	3361.04
1110.01	3349.53
1111.63	3364.18
1113.24	3355.81
1114.85	3359.99
1116.46	3345.34
1118.07	3350.57
1119.68	3348.48
1121.29	3364.18
1122.90	3348.48
1124.51	3350.57
1126.12	3359.99
1127.73	3365.22
1129.34	3362.08
1130.95	3366.27
1132.56	3364.18
1134.17	3346.39
1135.78	3345.34
1137.39	3362.08
1139.00	3350.57
1140.61	3353.71
1142.22	3363.13
1143.83	3362.08
1145.44	3354.76
1147.05	3362.08
1148.65	3369.41
1150.26	3370.46
1151.87	3355.81
1153.48	3368.36
1155.09	3373.59
1156.69	3365.22
1158.30	3348.48
1159.91	3357.90
1161.52	3364.18
1163.12	3367.32
1164.73	3367.32
1166.34	3378.83
1167.94	3365.22
1169.55	3377.78
1171.16	3373.59
1172.76	3369.41
1174.37	3369.41
1175.97	3384.06
1177.58	3358.94
1179.19	3381.97
1180.79	3367.32
1182.40	3370.46
1184.00	3363.13
1185.61	3381.97
1187.21	3376.73
1188.82	3373.59
1190.42	3375.69
1192.02	3368.36
1193.63	3353.71
1195.23	3373.59
1196.84	3369.41
1198.44	3372.55
1200.04	3385.10
1201.65	3383.01
1203.25	3376.73
1204.85	3385.10
1206.46	3364.18
1208.06	3374.64
1209.66	3365.22
1211.26	3365.22
1212.87	3377.78
1214.47	3368.36
1216.07	3359.99
1217.67	3365.22
1219.27	3350.57
1220.87	3358.94
1222.48	3346.39
1224.08	3351.62
1225.68	3355.81
1227.28	3353.71
1228.88	3345.34
1230.48	3349.53
1232.08	3333.83
1233.68	3353.71
1235.28	3361.04
1236.88	3341.16
1238.48	3336.97
1240.08	3356.85
1241.68	3324.41
1243.28	3335.92
1244.87	3336.97
1246.47	3327.55
1248.07	3310.81
1249.67	3321.27
1251.27	3328.60
1252.87	3315.00
1254.46	3302.44
1256.06	3305.58
1257.66	3303.49
1259.26	3295.11
1260.85	3303.49
1262.45	3306.62
1264.05	3310.81
1265.64	3310.81
1267.24	3301.39
1268.83	3307.67
1270.43	3298.25
1272.03	3312.90
1273.62	3298.25
1275.22	3281.51
1276.81	3304.53
1278.41	3296.16
1280.00	3296.16
1281.60	3288.84
1283.19	3271.05
1284.79	3278.37
1286.38	3272.09
1287.97	3280.46
1289.57	3272.09
1291.16	3267.91
1292.75	3262.68
1294.35	3277.33
1295.94	3263.72
1297.53	3278.37
1299.12	3260.58
1300.72	3279.42
1302.31	3258.49
1303.90	3276.28
1305.49	3275.23
1307.08	3252.21
1308.68	3246.98
1310.27	3255.35
1311.86	3254.30
1313.45	3253.26
1315.04	3252.21
1316.63	3252.21
1318.22	3252.21
1319.81	3235.47
1321.40	3237.56
1322.99	3251.17
1324.58	3223.96
1326.17	3242.79
1327.75	3226.05
1329.34	3228.14
1330.93	3220.82
1332.52	3212.45
1334.11	3211.40
1335.70	3216.63
1337.28	3204.08
1338.87	3210.36
1340.46	3212.45
1342.05	3208.26
1343.63	3196.75
1345.22	3186.29
1346.81	3201.98
1348.39	3200.94
1349.98	3194.66
1351.56	3181.06
1353.15	3172.69
1354.73	3173.73
1356.32	3161.18
1357.90	3161.18
1359.49	3156.99
1361.07	3152.80
1362.66	3149.66
1364.24	3149.66
1365.82	3149.66
1367.41	3152.80
1368.99	3127.69
1370.57	3128.74
1372.16	3132.92
1373.74	3128.74
1375.32	3119.32
1376.91	3115.13
1378.49	3090.02
1380.07	3070.14
1381.65	3070.14
1383.23	3037.70
1384.81	3041.89
1386.39	3040.84
1387.97	3045.02
1389.55	3038.75
1391.14	3033.51
1392.72	3015.73
1394.29	3011.54
1395.87	3010.49
1397.45	3003.17
1399.03	3009.45
1400.61	2997.94
1402.19	2990.61
1403.77	2974.92
1405.35	2996.89
1406.92	2977.01
1408.50	2973.87
1410.08	2973.87
1411.66	2972.82
1413.23	2969.68
1414.81	2981.19
1416.39	2956.08
1417.96	2969.68
1419.54	2961.31
1421.12	2972.82
1422.69	2973.87
1424.27	2949.80
1425.84	2957.13
1427.42	2953.99
1428.99	2947.71
1430.57	2955.03
1432.14	2946.66
1433.71	2947.71
1435.29	2951.90
1436.86	2948.76
1438.43	2947.71
1440.01	2946.66
1441.58	2829.47
1443.15	2947.71
1444.72	2949.80
1446.30	2938.29
1447.87	2945.62
1449.44	2929.92
1451.01	2922.60
1452.58	2940.38
1454.15	2938.29
1455.72	2932.01
1457.29	2929.92
1458.86	2940.38
1460.43	2938.29
1462.00	2952.94
1463.57	2936.20
1465.14	2943.52
1466.71	2934.11
1468.28	2935.15
1469.85	2927.83
1471.41	2943.52
1472.98	2935.15
1474.55	2941.43
1476.12	2932.01
1477.68	2930.97
1479.25	2941.43
1480.82	2932.01
1482.38	2940.38
1483.95	2930.97
1485.51	2940.38
1487.08	2950.85
1488.64	2937.25
1490.21	2936.20
1491.77	2922.60
1493.34	2958.17
1494.90	2928.87
1496.46	2939.34
1498.03	2930.97
1499.59	2936.20
1501.15	2929.92
1502.72	2941.43
1504.28	2935.15
1505.84	2941.43
1507.40	2941.43
1508.97	2951.90
1510.53	2934.11
1512.09	2952.94
1513.65	2951.90
1515.21	2947.71
1516.77	2935.15
1518.33	2947.71
1519.89	2935.15
1521.45	2938.29
1523.01	2938.29
1524.57	2948.76
1526.13	2947.71
1527.68	2957.13
1529.24	2950.85
1530.80	2948.76
1532.36	2956.08
1533.92	2947.71
1535.47	2935.15
1537.03	2941.43
1538.59	2948.76
1540.14	2942.48
1541.70	2926.78
1543.25	2947.71
1544.81	2936.20
1546.36	2944.57
1547.92	2928.87
1549.47	2940.38
1551.03	2936.20
1552.58	2929.92
1554.13	2928.87
1555.69	2933.06
1557.24	2926.78
1558.79	2930.97
1560.35	2923.64
1561.90	2937.25
1563.45	2916.32
1565.00	2930.97
1566.55	2913.18
1568.10	2916.32
1569.66	2903.76
1571.21	2922.60
1572.76	2921.55
1574.31	2919.46
1575.86	2917.36
1577.40	2910.04
1578.95	2910.04
1580.50	2906.90
1582.05	2894.34
1583.60	2898.53
1585.15	2891.20
1586.69	2908.99
1588.24	2910.04
1589.79	2901.67
1591.34	2878.65
1592.88	2907.95
1594.43	2888.06
1595.97	2895.39
1597.52	2892.25
1599.06	2899.58
1600.61	2885.97
1602.15	2902.71
1603.70	2898.53
1605.24	2884.93
1606.79	2885.97
1608.33	2875.51
1609.87	2877.60
1611.41	2891.20
1612.96	2879.69
1614.50	2872.37
1616.04	2874.46
1617.58	2885.97
1619.12	2865.04
1620.67	2871.32
1622.21	2856.67
1623.75	2878.65
1625.29	2853.53
1626.83	2847.26
1628.37	2861.90
1629.90	2846.21
1631.44	2840.98
1632.98	2842.02
1634.52	2821.10
1636.06	2826.33
1637.59	2831.56
1639.13	2812.72
1640.67	2805.40
1642.21	2800.17
1643.74	2800.17
1645.28	2765.64
1646.81	2752.03
1648.35	2761.45
1649.88	2737.38
1651.42	2732.15
1652.95	2720.64
1654.49	2742.62
1656.02	2723.78
1657.55	2726.92
1659.09	2697.62
1660.62	2708.08
1662.15	2697.62
1663.68	2716.45
1665.22	2701.81
1666.75	2694.48
1668.28	2688.20
1669.81	2709.13
1671.34	2690.29
1672.87	2695.53
1674.40	2704.94
1675.93	2696.57
1677.46	2671.46
1678.99	2663.09
1680.52	2677.74
1682.04	2693.43
1683.57	2680.88
1685.10	2677.74
1686.63	2675.65
1688.15	2678.78
1689.68	2661.00
1691.21	2663.09
1692.73	2670.41
1694.26	2672.51
1695.78	2663.09
1697.31	2673.55
1698.83	2648.44
1700.36	2658.90
1701.88	2659.95
1703.40	2674.60
1704.93	2658.90
1706.45	2654.72
