896.35	2993.75
897.98	3003.17
899.60	3006.31
901.22	3033.51
902.85	3022.00
904.47	3039.79
906.10	3040.84
907.72	3054.44
909.34	3068.05
910.97	3081.65
912.59	3104.67
914.21	3125.60
915.84	3152.80
917.46	3196.75
919.08	3214.54
920.71	3238.61
922.33	3270.00
923.95	3277.33
925.58	3290.93
927.20	3288.84
928.82	3302.44
930.44	3328.60
932.07	3312.90
933.69	3315.00
935.31	3320.23
936.93	3334.88
938.56	3333.83
940.18	3354.76
941.80	3346.39
943.42	3367.32
945.05	3370.46
946.67	3357.90
948.29	3362.08
949.91	3355.81
951.53	3369.41
953.16	3376.73
954.78	3368.36
956.40	3362.08
958.02	3368.36
959.64	3367.32
961.26	3368.36
962.88	3370.46
964.51	3357.90
966.13	3386.15
967.75	3379.87
969.37	3366.27
970.99	3364.18
972.61	3366.27
974.23	3372.55
975.85	3369.41
977.47	3380.92
979.09	3383.01
980.71	3372.55
982.33	3389.29
983.95	3387.20
985.57	3399.75
987.19	3378.83
988.81	3399.75
990.43	3388.24
992.05	3384.06
993.67	3402.89
995.29	3401.85
996.91	3400.80
998.53	3417.54
1000.15	3412.31
1001.77	3428.01
1003.39	3424.87
1005.01	3433.24
1006.63	3437.42
1008.25	3447.89
1009.86	3463.58
1011.48	3449.98
1013.10	3452.07
1014.72	3457.31
1016.34	3454.17
1017.96	3482.42
1019.58	3474.05
1021.19	3463.58
1022.81	3468.82
1024.43	3491.84
1026.05	3476.14
1027.66	3492.88
1029.28	3491.84
1030.90	3501.26
1032.52	3489.74
1034.13	3500.21
1035.75	3504.39
1037.37	3502.30
1038.98	3515.90
1040.60	3515.90
1042.22	3498.12
1043.83	3508.58
1045.45	3506.49
1047.07	3519.04
1048.68	3518.00
1050.30	3511.72
1051.92	3523.23
1053.53	3523.23
1055.15	3507.53
1056.76	3513.81
1058.38	3513.81
1059.99	3521.14
1061.61	3508.58
1063.22	3501.26
1064.84	3511.72
1066.46	3514.86
1068.07	3500.21
1069.68	3508.58
1071.30	3508.58
1072.91	3493.93
1074.53	3491.84
1076.14	3511.72
1077.76	3498.12
1079.37	3507.53
1080.98	3469.86
1082.60	3499.16
1084.21	3494.98
1085.83	3491.84
1087.44	3492.88
1089.05	3479.28
1090.67	3480.33
1092.28	3476.14
1093.89	3483.47
1095.50	3488.70
1097.12	3480.33
1098.73	3496.02
1100.34	3465.68
1101.95	3480.33
1103.57	3483.47
1105.18	3474.05
1106.79	3463.58
1108.40	3479.28
1110.01	3468.82
1111.63	3480.33
1113.24	3481.37
1114.85	3473.00
1116.46	3464.63
1118.07	3485.56
1119.68	3468.82
1121.29	3482.42
1122.90	3471.96
1124.51	3479.28
1126.12	3479.28
1127.73	3487.65
1129.34	3485.56
1130.95	3486.61
1132.56	3488.70
1134.17	3469.86
1135.78	3485.56
1137.39	3492.88
1139.00	3469.86
1140.61	3480.33
1142.22	3482.42
1143.83	3482.42
1145.44	3478.23
1147.05	3487.65
1148.65	3484.51
1150.26	3482.42
1151.87	3475.10
1153.48	3484.51
1155.09	3493.93
1156.69	3500.21
1158.30	3483.47
1159.91	3481.37
1161.52	3487.65
1163.12	3496.02
1164.73	3486.61
1166.34	3503.35
1167.94	3489.74
1169.55	3501.26
1171.16	3493.93
1172.76	3493.93
1174.37	3494.98
1175.97	3520.09
1177.58	3487.65
1179.19	3505.44
1180.79	3490.79
1182.40	3502.30
1184.00	3487.65
1185.61	3507.53
1187.21	3505.44
1188.82	3500.21
1190.42	3496.02
1192.02	3494.98
1193.63	3478.23
1195.23	3506.49
1196.84	3504.39
1198.44	3512.77
1200.04	3503.35
1201.65	3508.58
1203.25	3509.63
1204.85	3514.86
1206.46	3486.61
1208.06	3492.88
1209.66	3492.88
1211.26	3493.93
1212.87	3503.35
1214.47	3485.56
1216.07	3486.61
1217.67	3494.98
1219.27	3467.77
1220.87	3484.51
1222.48	3478.23
1224.08	3475.10
1225.68	3474.05
1227.28	3471.96
1228.88	3465.68
1230.48	3473.00
1232.08	3456.26
1233.68	3469.86
1235.28	3475.10
1236.88	3454.17
1238.48	3438.47
1240.08	3468.82
1241.68	3445.80
1243.28	3442.66
1244.87	3433.24
1246.47	3431.15
1248.07	3420.68
1249.67	3435.33
1251.27	3438.47
1252.87	3428.01
1254.46	3419.64
1256.06	3416.50
1257.66	3404.99
1259.26	3406.03
1260.85	3406.03
1262.45	3402.89
1264.05	3400.80
1265.64	3404.99
1267.24	3407.08
1268.83	3403.94
1270.43	3399.75
1272.03	3417.54
1273.62	3392.43
1275.22	3383.01
1276.81	3392.43
1278.41	3396.62
1280.00	3385.10
1281.60	3388.24
1283.19	3381.97
1284.79	3392.43
1286.38	3378.83
1287.97	3381.97
1289.57	3373.59
1291.16	3374.64
1292.75	3366.27
1294.35	3378.83
1295.94	3366.27
1297.53	3369.41
1299.12	3350.57
1300.72	3375.69
1302.31	3342.20
1303.90	3376.73
1305.49	3352.67
1307.08	3340.11
1308.68	3342.20
1310.27	3354.76
1311.86	3342.20
1313.45	3343.25
1315.04	3341.16
1316.63	3338.02
1318.22	3339.06
1319.81	3335.92
1321.40	3336.97
1322.99	3339.06
1324.58	3308.72
1326.17	3309.76
1327.75	3305.58
1329.34	3312.90
1330.93	3294.07
1332.52	3303.49
1334.11	3300.35
1335.70	3307.67
1337.28	3294.07
1338.87	3301.39
1340.46	3294.07
1342.05	3293.02
1343.63	3284.65
1345.22	3283.60
1346.81	3288.84
1348.39	3281.51
1349.98	3277.33
1351.56	3267.91
1353.15	3255.35
1354.73	3259.54
1356.32	3243.84
1357.90	3239.66
1359.49	3235.47
1361.07	3230.24
1362.66	3213.50
1364.24	3213.50
1365.82	3220.82
1367.41	3234.42
1368.99	3204.08
1370.57	3205.12
1372.16	3197.80
1373.74	3193.61
1375.32	3192.57
1376.91	3178.96
1378.49	3141.29
1380.07	3120.37
1381.65	3118.27
1383.23	3107.81
1384.81	3109.90
1386.39	3101.53
1387.97	3106.76
1389.55	3104.67
1391.14	3091.07
1392.72	3085.83
1394.29	3080.60
1395.87	3071.18
1397.45	3056.54
1399.03	3051.30
1400.61	3040.84
1402.19	3043.98
1403.77	3025.14
1405.35	3042.93
1406.92	3017.82
1408.50	3027.24
1410.08	3028.28
1411.66	3028.28
1413.23	3027.24
1414.81	3028.28
1416.39	3009.45
1417.96	3022.00
1419.54	3008.40
1421.12	3015.73
1422.69	3015.73
1424.27	3008.40
1425.84	3017.82
1427.42	3011.54
1428.99	3004.22
1430.57	3007.35
1432.14	3000.03
1433.71	3005.26
1435.29	3011.54
1436.86	3008.40
1438.43	2991.66
1440.01	3001.08
1441.58	2876.55
1443.15	3000.03
1444.72	2992.70
1446.30	2989.57
1447.87	2996.89
1449.44	2985.38
1451.01	2979.10
1452.58	2978.06
1454.15	2982.24
1455.72	2978.06
1457.29	2982.24
1458.86	2990.61
1460.43	2973.87
1462.00	2998.98
1463.57	2981.19
1465.14	2989.57
1466.71	2973.87
1468.28	2979.10
1469.85	2980.15
1471.41	2987.47
1472.98	2969.68
1474.55	2983.29
1476.12	2961.31
1477.68	2968.64
1479.25	2984.33
1480.82	2978.06
1482.38	2974.92
1483.95	2961.31
1485.51	2975.96
1487.08	2989.57
1488.64	2989.57
1490.21	2990.61
1491.77	2972.82
1493.34	2986.43
1494.90	2967.59
1496.46	2977.01
1498.03	2981.19
1499.59	2986.43
1501.15	2984.33
1502.72	2981.19
1504.28	2974.92
1505.84	2977.01
1507.40	2974.92
1508.97	2984.33
1510.53	2979.10
1512.09	2996.89
1513.65	2988.52
1515.21	2989.57
1516.77	2974.92
1518.33	2989.57
1519.89	2987.47
1521.45	2989.57
1523.01	2989.57
1524.57	2996.89
1526.13	2986.43
1527.68	2990.61
1529.24	2986.43
1530.80	2985.38
1532.36	2993.75
1533.92	2988.52
1535.47	2974.92
1537.03	2983.29
1538.59	2986.43
1540.14	2978.06
1541.70	2966.54
1543.25	2990.61
1544.81	2977.01
1546.36	2985.38
1547.92	2966.54
1549.47	2975.96
1551.03	2966.54
1552.58	2959.22
1554.13	2960.27
1555.69	2970.73
1557.24	2966.54
1558.79	2966.54
1560.35	2959.22
1561.90	2963.41
1563.45	2958.17
1565.00	2967.59
1566.55	2955.03
1568.10	2953.99
1569.66	2949.80
1571.21	2955.03
1572.76	2946.66
1574.31	2953.99
1575.86	2949.80
1577.40	2937.25
1578.95	2942.48
1580.50	2943.52
1582.05	2929.92
1583.60	2936.20
1585.15	2923.64
1586.69	2927.83
1588.24	2936.20
1589.79	2934.11
1591.34	2916.32
1592.88	2934.11
1594.43	2911.09
1595.97	2918.41
1597.52	2919.46
1599.06	2924.69
1600.61	2910.04
1602.15	2933.06
1603.70	2916.32
1605.24	2915.27
1606.79	2911.09
1608.33	2900.62
1609.87	2902.71
1611.41	2915.27
1612.96	2912.13
1614.50	2898.53
1616.04	2898.53
1617.58	2908.99
1619.12	2894.34
1620.67	2900.62
1622.21	2873.42
1623.75	2896.44
1625.29	2876.55
1626.83	2881.79
1628.37	2898.53
1629.90	2868.18
1631.44	2869.23
1632.98	2866.09
1634.52	2842.02
1636.06	2838.88
1637.59	2844.12
1639.13	2831.56
1640.67	2817.96
1642.21	2800.17
1643.74	2794.94
1645.28	2780.29
1646.81	2767.73
1648.35	2772.96
1649.88	2749.94
1651.42	2757.26
1652.95	2732.15
1654.49	2750.99
1656.02	2733.20
1657.55	2721.69
1659.09	2702.85
1660.62	2724.83
1662.15	2705.99
1663.68	2721.69
1665.22	2703.90
1666.75	2707.04
1668.28	2694.48
1669.81	2709.13
1671.34	2690.29
1672.87	2703.90
1674.40	2704.94
1675.93	2697.62
1677.46	2688.20
1678.99	2680.88
1680.52	2675.65
1682.04	2690.29
1683.57	2679.83
1685.10	2681.92
1686.63	2674.60
1688.15	2679.83
1689.68	2674.60
1691.21	2676.69
1692.73	2675.65
1694.26	2679.83
1695.78	2671.46
1697.31	2674.60
1698.83	2665.18
1700.36	2669.37
1701.88	2652.62
1703.40	2664.13
1704.93	2659.95
1706.45	2662.04
