896.35	3018.86
897.98	3033.51
899.60	3025.14
901.22	3053.40
902.85	3042.93
904.47	3054.44
906.10	3058.63
907.72	3062.81
909.34	3079.56
910.97	3104.67
912.59	3121.41
914.21	3154.90
915.84	3177.92
917.46	3209.31
919.08	3237.56
920.71	3259.54
922.33	3281.51
923.95	3300.35
925.58	3320.23
927.20	3317.09
928.82	3326.51
930.44	3361.04
932.07	3340.11
933.69	3346.39
935.31	3352.67
936.93	3374.64
938.56	3371.50
940.18	3383.01
941.80	3378.83
943.42	3393.48
945.05	3400.80
946.67	3396.62
948.29	3399.75
949.91	3397.66
951.53	3406.03
953.16	3416.50
954.78	3407.08
956.40	3399.75
958.02	3396.62
959.64	3407.08
961.26	3401.85
962.88	3410.22
964.51	3389.29
966.13	3414.40
967.75	3409.17
969.37	3404.99
970.99	3401.85
972.61	3409.17
974.23	3401.85
975.85	3411.26
977.47	3408.13
979.09	3416.50
980.71	3403.94
982.33	3418.59
983.95	3417.54
985.57	3434.29
987.19	3412.31
988.81	3423.82
990.43	3412.31
992.05	3426.96
993.67	3439.52
995.29	3438.47
996.91	3429.05
998.53	3458.35
1000.15	3452.07
1001.77	3468.82
1003.39	3459.40
1005.01	3464.63
1006.63	3467.77
1008.25	3487.65
1009.86	3490.79
1011.48	3490.79
1013.10	3480.33
1014.72	3505.44
1016.34	3489.74
1017.96	3514.86
1019.58	3502.30
1021.19	3505.44
1022.81	3505.44
1024.43	3523.23
1026.05	3514.86
1027.66	3530.55
1029.28	3520.09
1030.90	3528.46
1032.52	3523.23
1034.13	3548.34
1035.75	3543.11
1037.37	3547.30
1038.98	3557.76
1040.60	3553.58
1042.22	3528.46
1043.83	3542.06
1045.45	3542.06
1047.07	3552.53
1048.68	3551.48
1050.30	3543.11
1051.92	3553.58
1053.53	3555.67
1055.15	3551.48
1056.76	3554.62
1058.38	3554.62
1059.99	3557.76
1061.61	3551.48
1063.22	3548.34
1064.84	3547.30
1066.46	3543.11
1068.07	3535.79
1069.68	3548.34
1071.30	3550.44
1072.91	3544.16
1074.53	3533.69
1076.14	3562.99
1077.76	3533.69
1079.37	3542.06
1080.98	3502.30
1082.60	3535.79
1084.21	3536.83
1085.83	3531.60
1087.44	3531.60
1089.05	3512.77
1090.67	3503.35
1092.28	3505.44
1093.89	3516.95
1095.50	3519.04
1097.12	3509.63
1098.73	3526.37
1100.34	3503.35
1101.95	3524.28
1103.57	3509.63
1105.18	3505.44
1106.79	3499.16
1108.40	3515.90
1110.01	3503.35
1111.63	3514.86
1113.24	3518.00
1114.85	3520.09
1116.46	3513.81
1118.07	3530.55
1119.68	3505.44
1121.29	3516.95
1122.90	3502.30
1124.51	3507.53
1126.12	3513.81
1127.73	3523.23
1129.34	3516.95
1130.95	3528.46
1132.56	3522.18
1134.17	3510.67
1135.78	3515.90
1137.39	3533.69
1139.00	3516.95
1140.61	3520.09
1142.22	3523.23
1143.83	3523.23
1145.44	3522.18
1147.05	3536.83
1148.65	3532.65
1150.26	3518.00
1151.87	3510.67
1153.48	3529.51
1155.09	3525.32
1156.69	3535.79
1158.30	3520.09
1159.91	3531.60
1161.52	3532.65
1163.12	3537.88
1164.73	3527.42
1166.34	3538.93
1167.94	3528.46
1169.55	3543.11
1171.16	3535.79
1172.76	3544.16
1174.37	3535.79
1175.97	3553.58
1177.58	3513.81
1179.19	3537.88
1180.79	3524.28
1182.40	3539.97
1184.00	3532.65
1185.61	3548.34
1187.21	3536.83
1188.82	3547.30
1190.42	3541.02
1192.02	3531.60
1193.63	3515.90
1195.23	3543.11
1196.84	3541.02
1198.44	3534.74
1200.04	3538.93
1201.65	3543.11
1203.25	3524.28
1204.85	3541.02
1206.46	3509.63
1208.06	3530.55
1209.66	3508.58
1211.26	3520.09
1212.87	3533.69
1214.47	3522.18
1216.07	3516.95
1217.67	3526.37
1219.27	3511.72
1220.87	3515.90
1222.48	3514.86
1224.08	3511.72
1225.68	3510.67
1227.28	3510.67
1228.88	3490.79
1230.48	3512.77
1232.08	3492.88
1233.68	3499.16
1235.28	3500.21
1236.88	3486.61
1238.48	3477.19
1240.08	3510.67
1241.68	3464.63
1243.28	3480.33
1244.87	3463.58
1246.47	3467.77
1248.07	3459.40
1249.67	3470.91
1251.27	3474.05
1252.87	3454.17
1254.46	3436.38
1256.06	3452.07
1257.66	3445.80
1259.26	3441.61
1260.85	3445.80
1262.45	3435.33
1264.05	3441.61
1265.64	3434.29
1267.24	3425.91
1268.83	3438.47
1270.43	3425.91
1272.03	3452.07
1273.62	3432.19
1275.22	3416.50
1276.81	3422.78
1278.41	3419.64
1280.00	3419.64
1281.60	3423.82
1283.19	3414.40
1284.79	3425.91
1286.38	3402.89
1287.97	3415.45
1289.57	3401.85
1291.16	3402.89
1292.75	3389.29
1294.35	3402.89
1295.94	3394.52
1297.53	3401.85
1299.12	3380.92
1300.72	3400.80
1302.31	3372.55
1303.90	3394.52
1305.49	3393.48
1307.08	3378.83
1308.68	3367.32
1310.27	3369.41
1311.86	3372.55
1313.45	3373.59
1315.04	3361.04
1316.63	3364.18
1318.22	3359.99
1319.81	3358.94
1321.40	3352.67
1322.99	3366.27
1324.58	3335.92
1326.17	3347.43
1327.75	3328.60
1329.34	3333.83
1330.93	3320.23
1332.52	3323.37
1334.11	3325.46
1335.70	3326.51
1337.28	3302.44
1338.87	3316.04
1340.46	3311.86
1342.05	3310.81
1343.63	3300.35
1345.22	3303.49
1346.81	3301.39
1348.39	3297.21
1349.98	3294.07
1351.56	3287.79
1353.15	3275.23
1354.73	3274.19
1356.32	3252.21
1357.90	3257.44
1359.49	3245.93
1361.07	3234.42
1362.66	3220.82
1364.24	3235.47
1365.82	3229.19
1367.41	3233.38
1368.99	3212.45
1370.57	3213.50
1372.16	3221.87
1373.74	3221.87
1375.32	3217.68
1376.91	3205.12
1378.49	3172.69
1380.07	3146.53
1381.65	3129.78
1383.23	3114.09
1384.81	3118.27
1386.39	3122.46
1387.97	3113.04
1389.55	3108.86
1391.14	3101.53
1392.72	3087.93
1394.29	3083.74
1395.87	3079.56
1397.45	3058.63
1399.03	3059.67
1400.61	3055.49
1402.19	3048.16
1403.77	3034.56
1405.35	3045.02
1406.92	3039.79
1408.50	3036.65
1410.08	3031.42
1411.66	3023.05
1413.23	3030.38
1414.81	3030.38
1416.39	3010.49
1417.96	3016.77
1419.54	3005.26
1421.12	3016.77
1422.69	3017.82
1424.27	3005.26
1425.84	3008.40
1427.42	3002.12
1428.99	3006.31
1430.57	3005.26
1432.14	2994.80
1433.71	2994.80
1435.29	2994.80
1436.86	2998.98
1438.43	2991.66
1440.01	2987.47
1441.58	2870.28
1443.15	2994.80
1444.72	2992.70
1446.30	2988.52
1447.87	2990.61
1449.44	2985.38
1451.01	2970.73
1452.58	2987.47
1454.15	2987.47
1455.72	2981.19
1457.29	2970.73
1458.86	2983.29
1460.43	2975.96
1462.00	2992.70
1463.57	2973.87
1465.14	2984.33
1466.71	2970.73
1468.28	2974.92
1469.85	2967.59
1471.41	2972.82
1472.98	2957.13
1474.55	2983.29
1476.12	2966.54
1477.68	2969.68
1479.25	2970.73
1480.82	2978.06
1482.38	2974.92
1483.95	2965.50
1485.51	2971.78
1487.08	2988.52
1488.64	2973.87
1490.21	2984.33
1491.77	2970.73
1493.34	2988.52
1494.90	2968.64
1496.46	2981.19
1498.03	2973.87
1499.59	2983.29
1501.15	2977.01
1502.72	2986.43
1504.28	2980.15
1505.84	2981.19
1507.40	2973.87
1508.97	2989.57
1510.53	2975.96
1512.09	2985.38
1513.65	2990.61
1515.21	2996.89
1516.77	2977.01
1518.33	2986.43
1519.89	2980.15
1521.45	2984.33
1523.01	2986.43
1524.57	2996.89
1526.13	2984.33
1527.68	2993.75
1529.24	3006.31
1530.80	2997.94
1532.36	2993.75
1533.92	2993.75
1535.47	2981.19
1537.03	2986.43
1538.59	2986.43
1540.14	2974.92
1541.70	2969.68
1543.25	2993.75
1544.81	2990.61
1546.36	2992.70
1547.92	2972.82
1549.47	2986.43
1551.03	2982.24
1552.58	2968.64
1554.13	2971.78
1555.69	2981.19
1557.24	2968.64
1558.79	2966.54
1560.35	2963.41
1561.90	2978.06
1563.45	2967.59
1565.00	2970.73
1566.55	2955.03
1568.10	2962.36
1569.66	2949.80
1571.21	2958.17
1572.76	2953.99
1574.31	2953.99
1575.86	2948.76
1577.40	2941.43
1578.95	2941.43
1580.50	2948.76
1582.05	2933.06
1583.60	2951.90
1585.15	2937.25
1586.69	2939.34
1588.24	2943.52
1589.79	2942.48
1591.34	2920.50
1592.88	2946.66
1594.43	2924.69
1595.97	2944.57
1597.52	2930.97
1599.06	2920.50
1600.61	2914.22
1602.15	2932.01
1603.70	2920.50
1605.24	2919.46
1606.79	2918.41
1608.33	2914.22
1609.87	2908.99
1611.41	2919.46
1612.96	2914.22
1614.50	2905.85
1616.04	2901.67
1617.58	2916.32
1619.12	2912.13
1620.67	2915.27
1622.21	2884.93
1623.75	2904.81
1625.29	2889.11
1626.83	2888.06
1628.37	2897.48
1629.90	2875.51
1631.44	2876.55
1632.98	2871.32
1634.52	2851.44
1636.06	2859.81
1637.59	2862.95
1639.13	2834.70
1640.67	2828.42
1642.21	2821.10
1643.74	2808.54
1645.28	2789.70
1646.81	2776.10
1648.35	2783.42
1649.88	2753.08
1651.42	2761.45
1652.95	2738.43
1654.49	2746.80
1656.02	2731.10
1657.55	2735.29
1659.09	2714.36
1660.62	2727.97
1662.15	2719.59
1663.68	2723.78
1665.22	2708.08
1666.75	2712.27
1668.28	2701.81
1669.81	2712.27
1671.34	2701.81
1672.87	2700.76
1674.40	2702.85
1675.93	2699.71
1677.46	2679.83
1678.99	2678.78
1680.52	2682.97
1682.04	2693.43
1683.57	2678.78
1685.10	2684.02
1686.63	2676.69
1688.15	2686.11
1689.68	2677.74
1691.21	2668.32
1692.73	2671.46
1694.26	2685.06
1695.78	2667.27
1697.31	2681.92
1698.83	2663.09
1700.36	2670.41
1701.88	2658.90
1703.40	2677.74
1704.93	2658.90
1706.45	2667.27
