896.35	2663.09
897.98	2652.62
899.60	2654.72
901.22	2670.41
902.85	2668.32
904.47	2663.09
906.10	2665.18
907.72	2663.09
909.34	2675.65
910.97	2675.65
912.59	2681.92
914.21	2673.55
915.84	2675.65
917.46	2675.65
919.08	2685.06
920.71	2669.37
922.33	2690.29
923.95	2679.83
925.58	2707.04
927.20	2682.97
928.82	2693.43
930.44	2691.34
932.07	2690.29
933.69	2676.69
935.31	2701.81
936.93	2686.11
938.56	2699.71
940.18	2685.06
941.80	2697.62
943.42	2692.39
945.05	2719.59
946.67	2689.25
948.29	2707.04
949.91	2684.02
951.53	2714.36
953.16	2698.67
954.78	2714.36
956.40	2696.57
958.02	2713.32
959.64	2700.76
961.26	2710.18
962.88	2697.62
964.51	2704.94
966.13	2715.41
967.75	2729.01
969.37	2690.29
970.99	2705.99
972.61	2700.76
974.23	2718.55
975.85	2699.71
977.47	2720.64
979.09	2704.94
980.71	2711.22
982.33	2705.99
983.95	2720.64
985.57	2723.78
987.19	2721.69
988.81	2717.50
990.43	2726.92
992.05	2696.57
993.67	2723.78
995.29	2704.94
996.91	2708.08
998.53	2717.50
1000.15	2725.87
1001.77	2709.13
1003.39	2721.69
1005.01	2708.08
1006.63	2729.01
1008.25	2703.90
1009.86	2724.83
1011.48	2718.55
1013.10	2731.10
1014.72	2721.69
1016.34	2733.20
1017.96	2727.97
1019.58	2719.59
1021.19	2709.13
1022.81	2723.78
1024.43	2724.83
1026.05	2727.97
1027.66	2718.55
1029.28	2730.06
1030.90	2715.41
1032.52	2714.36
1034.13	2707.04
1035.75	2732.15
1037.37	2713.32
1038.98	2736.34
1040.60	2714.36
1042.22	2710.18
1043.83	2707.04
1045.45	2729.01
1047.07	2708.08
1048.68	2729.01
1050.30	2707.04
1051.92	2733.20
1053.53	2711.22
1055.15	2725.87
1056.76	2708.08
1058.38	2724.83
1059.99	2723.78
1061.61	2729.01
1063.22	2709.13
1064.84	2732.15
1066.46	2717.50
1068.07	2729.01
1069.68	2719.59
1071.30	2740.52
1072.91	2712.27
1074.53	2724.83
1076.14	2725.87
1077.76	2738.43
1079.37	2727.97
1080.98	2708.08
1082.60	2712.27
1084.21	2738.43
1085.83	2725.87
1087.44	2733.20
1089.05	2712.27
1090.67	2724.83
1092.28	2712.27
1093.89	2734.24
1095.50	2713.32
1097.12	2718.55
1098.73	2729.01
1100.34	2724.83
1101.95	2723.78
1103.57	2732.15
1105.18	2702.85
1106.79	2716.45
1108.40	2715.41
1110.01	2731.10
1111.63	2717.50
1113.24	2740.52
1114.85	2719.59
1116.46	2730.06
1118.07	2727.97
1119.68	2735.29
1121.29	2727.97
1122.90	2729.01
1124.51	2718.55
1126.12	2737.38
1127.73	2734.24
1129.34	2741.57
1130.95	2732.15
1132.56	2741.57
1134.17	2709.13
1135.78	2734.24
1137.39	2722.73
1139.00	2722.73
1140.61	2712.27
1142.22	2729.01
1143.83	2716.45
1145.44	2727.97
1147.05	2713.32
1148.65	2739.48
1150.26	2712.27
1151.87	2720.64
1153.48	2713.32
1155.09	2729.01
1156.69	2723.78
1158.30	2715.41
1159.91	2713.32
1161.52	2732.15
1163.12	2723.78
1164.73	2720.64
1166.34	2724.83
1167.94	2723.78
1169.55	2722.73
1171.16	2732.15
1172.76	2723.78
1174.37	2736.34
1175.97	2725.87
1177.58	2716.45
1179.19	2722.73
1180.79	2718.55
1182.40	2713.32
1184.00	2721.69
1185.61	2727.97
1187.21	2733.20
1188.82	2720.64
1190.42	2738.43
1192.02	2725.87
1193.63	2722.73
1195.23	2722.73
1196.84	2733.20
1198.44	2731.10
1200.04	2740.52
1201.65	2724.83
1203.25	2733.20
1204.85	2722.73
1206.46	2717.50
1208.06	2718.55
1209.66	2720.64
1211.26	2712.27
1212.87	2742.62
1214.47	2719.59
1216.07	2736.34
1217.67	2727.97
1219.27	2737.38
1220.87	2729.01
1222.48	2736.34
1224.08	2719.59
1225.68	2734.24
1227.28	2719.59
1228.88	2720.64
1230.48	2725.87
1232.08	2725.87
1233.68	2737.38
1235.28	2745.75
1236.88	2725.87
1238.48	2731.10
1240.08	2739.48
1241.68	2723.78
1243.28	2725.87
1244.87	2739.48
1246.47	2725.87
1248.07	2727.97
1249.67	2719.59
1251.27	2738.43
1252.87	2713.32
1254.46	2722.73
1256.06	2719.59
1257.66	2735.29
1259.26	2718.55
1260.85	2736.34
1262.45	2724.83
1264.05	2737.38
1265.64	2721.69
1267.24	2726.92
1268.83	2726.92
1270.43	2724.83
1272.03	2738.43
1273.62	2734.24
1275.22	2718.55
1276.81	2735.29
1278.41	2720.64
1280.00	2739.48
1281.60	2730.06
1283.19	2725.87
1284.79	2715.41
1286.38	2720.64
1287.97	2730.06
1289.57	2723.78
1291.16	2715.41
1292.75	2721.69
1294.35	2725.87
1295.94	2733.20
1297.53	2733.20
1299.12	2718.55
1300.72	2725.87
1302.31	2713.32
1303.90	2733.20
1305.49	2733.20
1307.08	2715.41
1308.68	2723.78
1310.27	2720.64
1311.86	2727.97
1313.45	2720.64
1315.04	2732.15
1316.63	2723.78
1318.22	2724.83
1319.81	2704.94
1321.40	2716.45
1322.99	2721.69
1324.58	2713.32
1326.17	2709.13
1327.75	2714.36
1329.34	2715.41
1330.93	2717.50
1332.52	2711.22
1334.11	2718.55
1335.70	2710.18
1337.28	2707.04
1338.87	2709.13
1340.46	2712.27
1342.05	2711.22
1343.63	2709.13
1345.22	2704.94
1346.81	2721.69
1348.39	2715.41
1349.98	2720.64
1351.56	2703.90
1353.15	2701.81
1354.73	2716.45
1356.32	2710.18
1357.90	2695.53
1359.49	2718.55
1361.07	2705.99
1362.66	2712.27
1364.24	2711.22
1365.82	2719.59
1367.41	2722.73
1368.99	2703.90
1370.57	2700.76
1372.16	2714.36
1373.74	2707.04
1375.32	2720.64
1376.91	2717.50
1378.49	2714.36
1380.07	2714.36
1381.65	2721.69
1383.23	2704.94
1384.81	2715.41
1386.39	2701.81
1387.97	2716.45
1389.55	2701.81
1391.14	2710.18
1392.72	2704.94
1394.29	2701.81
1395.87	2705.99
1397.45	2710.18
1399.03	2707.04
1400.61	2720.64
1402.19	2708.08
1403.77	2704.94
1405.35	2722.73
1406.92	2712.27
1408.50	2715.41
1410.08	2723.78
1411.66	2707.04
1413.23	2712.27
1414.81	2719.59
1416.39	2704.94
1417.96	2716.45
1419.54	2708.08
1421.12	2715.41
1422.69	2721.69
1424.27	2699.71
1425.84	2707.04
1427.42	2699.71
1428.99	2713.32
1430.57	2713.32
1432.14	2714.36
1433.71	2711.22
1435.29	2722.73
1436.86	2716.45
1438.43	2709.13
1440.01	2700.76
1441.58	2581.47
1443.15	2711.22
1444.72	2722.73
1446.30	2716.45
1447.87	2723.78
1449.44	2705.99
1451.01	2695.53
1452.58	2708.08
1454.15	2714.36
1455.72	2702.85
1457.29	2712.27
1458.86	2710.18
1460.43	2710.18
1462.00	2718.55
1463.57	2712.27
1465.14	2715.41
1466.71	2702.85
1468.28	2704.94
1469.85	2709.13
1471.41	2715.41
1472.98	2711.22
1474.55	2723.78
1476.12	2711.22
1477.68	2709.13
1479.25	2726.92
1480.82	2721.69
1482.38	2718.55
1483.95	2703.90
1485.51	2713.32
1487.08	2719.59
1488.64	2717.50
1490.21	2718.55
1491.77	2699.71
1493.34	2717.50
1494.90	2701.81
1496.46	2712.27
1498.03	2715.41
1499.59	2701.81
1501.15	2713.32
1502.72	2716.45
1504.28	2717.50
1505.84	2711.22
1507.40	2703.90
1508.97	2714.36
1510.53	2708.08
1512.09	2715.41
1513.65	2716.45
1515.21	2711.22
1516.77	2693.43
1518.33	2710.18
1519.89	2712.27
1521.45	2708.08
1523.01	2705.99
1524.57	2714.36
1526.13	2708.08
1527.68	2710.18
1529.24	2716.45
1530.80	2703.90
1532.36	2707.04
1533.92	2699.71
1535.47	2689.25
1537.03	2694.48
1538.59	2708.08
1540.14	2700.76
1541.70	2702.85
1543.25	2713.32
1544.81	2704.94
1546.36	2707.04
1547.92	2692.39
1549.47	2699.71
1551.03	2700.76
1552.58	2694.48
1554.13	2689.25
1555.69	2699.71
1557.24	2693.43
1558.79	2694.48
1560.35	2697.62
1561.90	2692.39
1563.45	2693.43
1565.00	2698.67
1566.55	2691.34
1568.10	2688.20
1569.66	2681.92
1571.21	2701.81
1572.76	2697.62
1574.31	2699.71
1575.86	2694.48
1577.40	2692.39
1578.95	2693.43
1580.50	2687.16
1582.05	2676.69
1583.60	2679.83
1585.15	2672.51
1586.69	2684.02
1588.24	2686.11
1589.79	2687.16
1591.34	2665.18
1592.88	2695.53
1594.43	2680.88
1595.97	2685.06
1597.52	2690.29
1599.06	2681.92
1600.61	2677.74
1602.15	2691.34
1603.70	2677.74
1605.24	2680.88
1606.79	2682.97
1608.33	2671.46
1609.87	2668.32
1611.41	2688.20
1612.96	2682.97
1614.50	2666.23
1616.04	2666.23
1617.58	2674.60
1619.12	2670.41
1620.67	2680.88
1622.21	2659.95
1623.75	2680.88
1625.29	2666.23
1626.83	2663.09
1628.37	2680.88
1629.90	2669.37
1631.44	2676.69
1632.98	2673.55
1634.52	2656.81
1636.06	2666.23
1637.59	2677.74
1639.13	2669.37
1640.67	2674.60
1642.21	2671.46
1643.74	2675.65
1645.28	2658.90
1646.81	2657.86
1648.35	2676.69
1649.88	2663.09
1651.42	2672.51
1652.95	2659.95
1654.49	2675.65
1656.02	2655.76
1657.55	2665.18
1659.09	2642.16
1660.62	2664.13
1662.15	2657.86
1663.68	2658.90
1665.22	2645.30
1666.75	2653.67
1668.28	2662.04
1669.81	2667.27
1671.34	2656.81
1672.87	2652.62
1674.40	2658.90
1675.93	2655.76
1677.46	2644.25
1678.99	2635.88
1680.52	2646.35
1682.04	2656.81
1683.57	2644.25
1685.10	2650.53
1686.63	2647.39
1688.15	2652.62
1689.68	2640.07
1691.21	2642.16
1692.73	2640.07
1694.26	2650.53
1695.78	2639.02
1697.31	2639.02
1698.83	2629.60
1700.36	2642.16
1701.88	2628.56
1703.40	2637.97
1704.93	2629.60
1706.45	2624.37
