896.35	2695.53
897.98	2692.39
899.60	2701.81
901.22	2714.36
902.85	2708.08
904.47	2708.08
906.10	2725.87
907.72	2710.18
909.34	2726.92
910.97	2724.83
912.59	2734.24
914.21	2724.83
915.84	2733.20
917.46	2737.38
919.08	2756.22
920.71	2744.71
922.33	2766.68
923.95	2746.80
925.58	2782.38
927.20	2752.03
928.82	2767.73
930.44	2769.82
932.07	2770.87
933.69	2745.75
935.31	2765.64
936.93	2760.40
938.56	2775.05
940.18	2766.68
941.80	2770.87
943.42	2763.54
945.05	2797.03
946.67	2768.78
948.29	2783.42
949.91	2755.17
951.53	2789.70
953.16	2782.38
954.78	2793.89
956.40	2767.73
958.02	2787.61
959.64	2771.91
961.26	2783.42
962.88	2778.19
964.51	2780.29
966.13	2797.03
967.75	2797.03
969.37	2772.96
970.99	2777.15
972.61	2762.50
974.23	2785.52
975.85	2771.91
977.47	2783.42
979.09	2777.15
980.71	2781.33
982.33	2786.56
983.95	2800.17
985.57	2800.17
987.19	2793.89
988.81	2782.38
990.43	2791.80
992.05	2782.38
993.67	2809.58
995.29	2793.89
996.91	2783.42
998.53	2794.94
1000.15	2804.35
1001.77	2790.75
1003.39	2800.17
1005.01	2785.52
1006.63	2802.26
1008.25	2793.89
1009.86	2810.63
1011.48	2789.70
1013.10	2807.49
1014.72	2800.17
1016.34	2813.77
1017.96	2816.91
1019.58	2808.54
1021.19	2794.94
1022.81	2810.63
1024.43	2802.26
1026.05	2809.58
1027.66	2808.54
1029.28	2814.82
1030.90	2804.35
1032.52	2800.17
1034.13	2800.17
1035.75	2820.05
1037.37	2805.40
1038.98	2830.51
1040.60	2802.26
1042.22	2812.72
1043.83	2800.17
1045.45	2817.96
1047.07	2802.26
1048.68	2822.14
1050.30	2795.98
1051.92	2820.05
1053.53	2804.35
1055.15	2823.19
1056.76	2808.54
1058.38	2817.96
1059.99	2817.96
1061.61	2820.05
1063.22	2804.35
1064.84	2819.00
1066.46	2798.07
1068.07	2809.58
1069.68	2798.07
1071.30	2820.05
1072.91	2801.21
1074.53	2809.58
1076.14	2808.54
1077.76	2820.05
1079.37	2810.63
1080.98	2795.98
1082.60	2799.12
1084.21	2816.91
1085.83	2804.35
1087.44	2817.96
1089.05	2800.17
1090.67	2811.68
1092.28	2798.07
1093.89	2813.77
1095.50	2804.35
1097.12	2808.54
1098.73	2812.72
1100.34	2799.12
1101.95	2807.49
1103.57	2812.72
1105.18	2790.75
1106.79	2800.17
1108.40	2806.45
1110.01	2817.96
1111.63	2813.77
1113.24	2822.14
1114.85	2797.03
1116.46	2811.68
1118.07	2811.68
1119.68	2809.58
1121.29	2813.77
1122.90	2810.63
1124.51	2801.21
1126.12	2813.77
1127.73	2813.77
1129.34	2821.10
1130.95	2810.63
1132.56	2822.14
1134.17	2793.89
1135.78	2816.91
1137.39	2805.40
1139.00	2798.07
1140.61	2804.35
1142.22	2821.10
1143.83	2805.40
1145.44	2815.86
1147.05	2804.35
1148.65	2823.19
1150.26	2806.45
1151.87	2807.49
1153.48	2807.49
1155.09	2816.91
1156.69	2799.12
1158.30	2797.03
1159.91	2791.80
1161.52	2809.58
1163.12	2800.17
1164.73	2810.63
1166.34	2812.72
1167.94	2811.68
1169.55	2799.12
1171.16	2811.68
1172.76	2800.17
1174.37	2803.31
1175.97	2805.40
1177.58	2795.98
1179.19	2804.35
1180.79	2808.54
1182.40	2797.03
1184.00	2803.31
1185.61	2810.63
1187.21	2813.77
1188.82	2800.17
1190.42	2813.77
1192.02	2801.21
1193.63	2794.94
1195.23	2797.03
1196.84	2809.58
1198.44	2805.40
1200.04	2820.05
1201.65	2805.40
1203.25	2817.96
1204.85	2814.82
1206.46	2802.26
1208.06	2800.17
1209.66	2798.07
1211.26	2793.89
1212.87	2821.10
1214.47	2798.07
1216.07	2808.54
1217.67	2804.35
1219.27	2807.49
1220.87	2804.35
1222.48	2819.00
1224.08	2800.17
1225.68	2811.68
1227.28	2805.40
1228.88	2812.72
1230.48	2810.63
1232.08	2793.89
1233.68	2800.17
1235.28	2822.14
1236.88	2788.66
1238.48	2795.98
1240.08	2812.72
1241.68	2799.12
1243.28	2807.49
1244.87	2803.31
1246.47	2792.84
1248.07	2799.12
1249.67	2803.31
1251.27	2822.14
1252.87	2793.89
1254.46	2791.80
1256.06	2795.98
1257.66	2805.40
1259.26	2789.70
1260.85	2804.35
1262.45	2798.07
1264.05	2802.26
1265.64	2793.89
1267.24	2803.31
1268.83	2799.12
1270.43	2799.12
1272.03	2807.49
1273.62	2802.26
1275.22	2783.42
1276.81	2802.26
1278.41	2784.47
1280.00	2800.17
1281.60	2786.56
1283.19	2798.07
1284.79	2798.07
1286.38	2801.21
1287.97	2793.89
1289.57	2791.80
1291.16	2781.33
1292.75	2784.47
1294.35	2788.66
1295.94	2790.75
1297.53	2790.75
1299.12	2783.42
1300.72	2797.03
1302.31	2777.15
1303.90	2794.94
1305.49	2800.17
1307.08	2775.05
1308.68	2775.05
1310.27	2781.33
1311.86	2786.56
1313.45	2775.05
1315.04	2783.42
1316.63	2775.05
1318.22	2791.80
1319.81	2772.96
1321.40	2775.05
1322.99	2778.19
1324.58	2778.19
1326.17	2774.01
1327.75	2776.10
1329.34	2772.96
1330.93	2771.91
1332.52	2762.50
1334.11	2764.59
1335.70	2763.54
1337.28	2767.73
1338.87	2767.73
1340.46	2777.15
1342.05	2756.22
1343.63	2759.36
1345.22	2760.40
1346.81	2781.33
1348.39	2767.73
1349.98	2770.87
1351.56	2754.13
1353.15	2762.50
1354.73	2767.73
1356.32	2759.36
1357.90	2746.80
1359.49	2763.54
1361.07	2756.22
1362.66	2767.73
1364.24	2756.22
1365.82	2760.40
1367.41	2770.87
1368.99	2752.03
1370.57	2745.75
1372.16	2753.08
1373.74	2753.08
1375.32	2752.03
1376.91	2752.03
1378.49	2738.43
1380.07	2729.01
1381.65	2745.75
1383.23	2734.24
1384.81	2737.38
1386.39	2729.01
1387.97	2740.52
1389.55	2732.15
1391.14	2729.01
1392.72	2719.59
1394.29	2722.73
1395.87	2731.10
1397.45	2722.73
1399.03	2725.87
1400.61	2729.01
1402.19	2722.73
1403.77	2721.69
1405.35	2740.52
1406.92	2732.15
1408.50	2725.87
1410.08	2735.29
1411.66	2719.59
1413.23	2734.24
1414.81	2726.92
1416.39	2719.59
1417.96	2724.83
1419.54	2718.55
1421.12	2722.73
1422.69	2731.10
1424.27	2714.36
1425.84	2720.64
1427.42	2710.18
1428.99	2718.55
1430.57	2723.78
1432.14	2731.10
1433.71	2717.50
1435.29	2731.10
1436.86	2725.87
1438.43	2722.73
1440.01	2715.41
1441.58	2601.35
1443.15	2731.10
1444.72	2731.10
1446.30	2721.69
1447.87	2733.20
1449.44	2720.64
1451.01	2714.36
1452.58	2725.87
1454.15	2731.10
1455.72	2720.64
1457.29	2721.69
1458.86	2724.83
1460.43	2713.32
1462.00	2741.57
1463.57	2732.15
1465.14	2734.24
1466.71	2721.69
1468.28	2716.45
1469.85	2729.01
1471.41	2732.15
1472.98	2722.73
1474.55	2731.10
1476.12	2718.55
1477.68	2713.32
1479.25	2732.15
1480.82	2721.69
1482.38	2722.73
1483.95	2717.50
1485.51	2730.06
1487.08	2731.10
1488.64	2723.78
1490.21	2722.73
1491.77	2705.99
1493.34	2729.01
1494.90	2716.45
1496.46	2710.18
1498.03	2720.64
1499.59	2718.55
1501.15	2721.69
1502.72	2720.64
1504.28	2729.01
1505.84	2714.36
1507.40	2715.41
1508.97	2723.78
1510.53	2718.55
1512.09	2722.73
1513.65	2724.83
1515.21	2730.06
1516.77	2718.55
1518.33	2724.83
1519.89	2725.87
1521.45	2723.78
1523.01	2725.87
1524.57	2723.78
1526.13	2721.69
1527.68	2730.06
1529.24	2733.20
1530.80	2723.78
1532.36	2732.15
1533.92	2722.73
1535.47	2713.32
1537.03	2715.41
1538.59	2724.83
1540.14	2717.50
1541.70	2711.22
1543.25	2732.15
1544.81	2724.83
1546.36	2725.87
1547.92	2713.32
1549.47	2720.64
1551.03	2720.64
1552.58	2710.18
1554.13	2705.99
1555.69	2713.32
1557.24	2703.90
1558.79	2703.90
1560.35	2710.18
1561.90	2724.83
1563.45	2712.27
1565.00	2712.27
1566.55	2710.18
1568.10	2710.18
1569.66	2699.71
1571.21	2723.78
1572.76	2714.36
1574.31	2712.27
1575.86	2704.94
1577.40	2693.43
1578.95	2705.99
1580.50	2709.13
1582.05	2697.62
1583.60	2698.67
1585.15	2693.43
1586.69	2696.57
1588.24	2703.90
1589.79	2700.76
1591.34	2680.88
1592.88	2698.67
1594.43	2680.88
1595.97	2691.34
1597.52	2697.62
1599.06	2695.53
1600.61	2696.57
1602.15	2708.08
1603.70	2693.43
1605.24	2698.67
1606.79	2693.43
1608.33	2685.06
1609.87	2691.34
1611.41	2695.53
1612.96	2700.76
1614.50	2682.97
1616.04	2688.20
1617.58	2695.53
1619.12	2686.11
1620.67	2687.16
1622.21	2666.23
1623.75	2691.34
1625.29	2674.60
1626.83	2675.65
1628.37	2690.29
1629.90	2664.13
1631.44	2671.46
1632.98	2676.69
1634.52	2668.32
1636.06	2672.51
1637.59	2686.11
1639.13	2678.78
1640.67	2675.65
1642.21	2679.83
1643.74	2680.88
1645.28	2677.74
1646.81	2670.41
1648.35	2677.74
1649.88	2658.90
1651.42	2674.60
1652.95	2656.81
1654.49	2681.92
1656.02	2665.18
1657.55	2664.13
1659.09	2641.11
1660.62	2654.72
1662.15	2659.95
1663.68	2664.13
1665.22	2655.76
1666.75	2645.30
1668.28	2647.39
1669.81	2667.27
1671.34	2651.58
1672.87	2656.81
1674.40	2656.81
1675.93	2647.39
1677.46	2641.11
1678.99	2639.02
1680.52	2629.60
1682.04	2652.62
1683.57	2647.39
1685.10	2649.49
1686.63	2640.07
1688.15	2644.25
1689.68	2635.88
1691.21	2630.65
1692.73	2642.16
1694.26	2639.02
1695.78	2637.97
1697.31	2634.84
1698.83	2626.46
1700.36	2634.84
1701.88	2622.28
1703.40	2631.70
1704.93	2614.95
1706.45	2620.19
