896.35	2953.99
897.98	2958.17
899.60	2968.64
901.22	2988.52
902.85	2980.15
904.47	2994.80
906.10	2997.94
907.72	2997.94
909.34	3011.54
910.97	3027.24
912.59	3037.70
914.21	3073.28
915.84	3092.11
917.46	3132.92
919.08	3146.53
920.71	3164.31
922.33	3185.24
923.95	3196.75
925.58	3214.54
927.20	3204.08
928.82	3210.36
930.44	3234.42
932.07	3231.28
933.69	3222.91
935.31	3231.28
936.93	3249.07
938.56	3245.93
940.18	3255.35
941.80	3243.84
943.42	3270.00
945.05	3285.70
946.67	3272.09
948.29	3272.09
949.91	3271.05
951.53	3282.56
953.16	3286.74
954.78	3278.37
956.40	3274.19
958.02	3272.09
959.64	3274.19
961.26	3275.23
962.88	3285.70
964.51	3267.91
966.13	3291.98
967.75	3282.56
969.37	3268.95
970.99	3270.00
972.61	3278.37
974.23	3268.95
975.85	3277.33
977.47	3275.23
979.09	3280.46
980.71	3270.00
982.33	3275.23
983.95	3285.70
985.57	3300.35
987.19	3287.79
988.81	3303.49
990.43	3295.11
992.05	3296.16
993.67	3306.62
995.29	3304.53
996.91	3287.79
998.53	3323.37
1000.15	3325.46
1001.77	3334.88
1003.39	3325.46
1005.01	3325.46
1006.63	3332.78
1008.25	3333.83
1009.86	3335.92
1011.48	3340.11
1013.10	3352.67
1014.72	3359.99
1016.34	3368.36
1017.96	3372.55
1019.58	3361.04
1021.19	3359.99
1022.81	3371.50
1024.43	3381.97
1026.05	3379.87
1027.66	3387.20
1029.28	3387.20
1030.90	3393.48
1032.52	3378.83
1034.13	3394.52
1035.75	3401.85
1037.37	3399.75
1038.98	3403.94
1040.60	3398.71
1042.22	3387.20
1043.83	3400.80
1045.45	3402.89
1047.07	3395.57
1048.68	3408.13
1050.30	3400.80
1051.92	3409.17
1053.53	3398.71
1055.15	3398.71
1056.76	3403.94
1058.38	3406.03
1059.99	3402.89
1061.61	3396.62
1063.22	3395.57
1064.84	3400.80
1066.46	3399.75
1068.07	3386.15
1069.68	3394.52
1071.30	3408.13
1072.91	3397.66
1074.53	3395.57
1076.14	3403.94
1077.76	3394.52
1079.37	3400.80
1080.98	3375.69
1082.60	3391.38
1084.21	3393.48
1085.83	3377.78
1087.44	3380.92
1089.05	3373.59
1090.67	3362.08
1092.28	3369.41
1093.89	3374.64
1095.50	3376.73
1097.12	3367.32
1098.73	3381.97
1100.34	3357.90
1101.95	3373.59
1103.57	3361.04
1105.18	3361.04
1106.79	3358.94
1108.40	3371.50
1110.01	3368.36
1111.63	3380.92
1113.24	3380.92
1114.85	3380.92
1116.46	3378.83
1118.07	3387.20
1119.68	3372.55
1121.29	3379.87
1122.90	3359.99
1124.51	3368.36
1126.12	3376.73
1127.73	3389.29
1129.34	3384.06
1130.95	3387.20
1132.56	3387.20
1134.17	3363.13
1135.78	3367.32
1137.39	3378.83
1139.00	3375.69
1140.61	3369.41
1142.22	3369.41
1143.83	3362.08
1145.44	3366.27
1147.05	3371.50
1148.65	3379.87
1150.26	3364.18
1151.87	3361.04
1153.48	3371.50
1155.09	3373.59
1156.69	3373.59
1158.30	3353.71
1159.91	3369.41
1161.52	3383.01
1163.12	3381.97
1164.73	3367.32
1166.34	3384.06
1167.94	3366.27
1169.55	3381.97
1171.16	3377.78
1172.76	3376.73
1174.37	3376.73
1175.97	3383.01
1177.58	3358.94
1179.19	3376.73
1180.79	3366.27
1182.40	3369.41
1184.00	3367.32
1185.61	3376.73
1187.21	3371.50
1188.82	3373.59
1190.42	3363.13
1192.02	3370.46
1193.63	3362.08
1195.23	3371.50
1196.84	3366.27
1198.44	3375.69
1200.04	3376.73
1201.65	3378.83
1203.25	3384.06
1204.85	3379.87
1206.46	3354.76
1208.06	3358.94
1209.66	3350.57
1211.26	3354.76
1212.87	3370.46
1214.47	3358.94
1216.07	3358.94
1217.67	3355.81
1219.27	3343.25
1220.87	3352.67
1222.48	3358.94
1224.08	3349.53
1225.68	3345.34
1227.28	3343.25
1228.88	3333.83
1230.48	3350.57
1232.08	3329.65
1233.68	3344.30
1235.28	3345.34
1236.88	3336.97
1238.48	3325.46
1240.08	3352.67
1241.68	3323.37
1243.28	3331.74
1244.87	3325.46
1246.47	3323.37
1248.07	3308.72
1249.67	3309.76
1251.27	3319.18
1252.87	3304.53
1254.46	3291.98
1256.06	3294.07
1257.66	3303.49
1259.26	3297.21
1260.85	3303.49
1262.45	3295.11
1264.05	3293.02
1265.64	3282.56
1267.24	3287.79
1268.83	3291.98
1270.43	3283.60
1272.03	3301.39
1273.62	3288.84
1275.22	3281.51
1276.81	3286.74
1278.41	3282.56
1280.00	3290.93
1281.60	3277.33
1283.19	3256.40
1284.79	3274.19
1286.38	3263.72
1287.97	3278.37
1289.57	3271.05
1291.16	3270.00
1292.75	3255.35
1294.35	3262.68
1295.94	3261.63
1297.53	3264.77
1299.12	3249.07
1300.72	3275.23
1302.31	3241.75
1303.90	3256.40
1305.49	3262.68
1307.08	3239.66
1308.68	3236.52
1310.27	3245.93
1311.86	3236.52
1313.45	3236.52
1315.04	3228.14
1316.63	3233.38
1318.22	3227.10
1319.81	3215.59
1321.40	3218.73
1322.99	3217.68
1324.58	3205.12
1326.17	3210.36
1327.75	3194.66
1329.34	3199.89
1330.93	3197.80
1332.52	3190.47
1334.11	3191.52
1335.70	3193.61
1337.28	3181.06
1338.87	3181.06
1340.46	3181.06
1342.05	3175.82
1343.63	3161.18
1345.22	3163.27
1346.81	3173.73
1348.39	3158.04
1349.98	3160.13
1351.56	3147.57
1353.15	3137.11
1354.73	3146.53
1356.32	3126.64
1357.90	3122.46
1359.49	3122.46
1361.07	3110.95
1362.66	3104.67
1364.24	3107.81
1365.82	3104.67
1367.41	3106.76
1368.99	3090.02
1370.57	3080.60
1372.16	3093.16
1373.74	3083.74
1375.32	3091.07
1376.91	3063.86
1378.49	3042.93
1380.07	3011.54
1381.65	3004.22
1383.23	2990.61
1384.81	2994.80
1386.39	2985.38
1387.97	2988.52
1389.55	2971.78
1391.14	2961.31
1392.72	2947.71
1394.29	2952.94
1395.87	2945.62
1397.45	2929.92
1399.03	2928.87
1400.61	2914.22
1402.19	2905.85
1403.77	2892.25
1405.35	2907.95
1406.92	2892.25
1408.50	2895.39
1410.08	2890.16
1411.66	2883.88
1413.23	2875.51
1414.81	2879.69
1416.39	2864.00
1417.96	2874.46
1419.54	2865.04
1421.12	2876.55
1422.69	2883.88
1424.27	2865.04
1425.84	2868.18
1427.42	2869.23
1428.99	2870.28
1430.57	2865.04
1432.14	2851.44
1433.71	2860.86
1435.29	2874.46
1436.86	2874.46
1438.43	2865.04
1440.01	2861.90
1441.58	2741.57
1443.15	2859.81
1444.72	2862.95
1446.30	2858.77
1447.87	2873.42
1449.44	2856.67
1451.01	2850.39
1452.58	2868.18
1454.15	2857.72
1455.72	2850.39
1457.29	2848.30
1458.86	2862.95
1460.43	2852.49
1462.00	2872.37
1463.57	2852.49
1465.14	2859.81
1466.71	2847.26
1468.28	2853.53
1469.85	2850.39
1471.41	2860.86
1472.98	2851.44
1474.55	2875.51
1476.12	2850.39
1477.68	2850.39
1479.25	2871.32
1480.82	2856.67
1482.38	2859.81
1483.95	2858.77
1485.51	2868.18
1487.08	2877.60
1488.64	2870.28
1490.21	2865.04
1491.77	2855.63
1493.34	2873.42
1494.90	2857.72
1496.46	2864.00
1498.03	2875.51
1499.59	2875.51
1501.15	2875.51
1502.72	2874.46
1504.28	2872.37
1505.84	2867.14
1507.40	2874.46
1508.97	2882.83
1510.53	2882.83
1512.09	2896.44
1513.65	2896.44
1515.21	2887.02
1516.77	2871.32
1518.33	2888.06
1519.89	2889.11
1521.45	2888.06
1523.01	2890.16
1524.57	2899.58
1526.13	2896.44
1527.68	2901.67
1529.24	2902.71
1530.80	2892.25
1532.36	2896.44
1533.92	2884.93
1535.47	2878.65
1537.03	2879.69
1538.59	2893.30
1540.14	2883.88
1541.70	2875.51
1543.25	2901.67
1544.81	2894.34
1546.36	2903.76
1547.92	2880.74
1549.47	2891.20
1551.03	2882.83
1552.58	2876.55
1554.13	2881.79
1555.69	2891.20
1557.24	2872.37
1558.79	2879.69
1560.35	2875.51
1561.90	2895.39
1563.45	2876.55
1565.00	2887.02
1566.55	2874.46
1568.10	2869.23
1569.66	2873.42
1571.21	2882.83
1572.76	2880.74
1574.31	2879.69
1575.86	2873.42
1577.40	2867.14
1578.95	2866.09
1580.50	2872.37
1582.05	2857.72
1583.60	2868.18
1585.15	2860.86
1586.69	2866.09
1588.24	2862.95
1589.79	2874.46
1591.34	2857.72
1592.88	2870.28
1594.43	2852.49
1595.97	2867.14
1597.52	2860.86
1599.06	2862.95
1600.61	2857.72
1602.15	2868.18
1603.70	2852.49
1605.24	2852.49
1606.79	2850.39
1608.33	2845.16
1609.87	2840.98
1611.41	2850.39
1612.96	2848.30
1614.50	2836.79
1616.04	2842.02
1617.58	2846.21
1619.12	2835.74
1620.67	2847.26
1622.21	2823.19
1623.75	2848.30
1625.29	2832.61
1626.83	2830.51
1628.37	2845.16
1629.90	2816.91
1631.44	2808.54
1632.98	2811.68
1634.52	2793.89
1636.06	2800.17
1637.59	2812.72
1639.13	2798.07
1640.67	2792.84
1642.21	2781.33
1643.74	2772.96
1645.28	2757.26
1646.81	2747.85
1648.35	2755.17
1649.88	2733.20
1651.42	2741.57
1652.95	2721.69
1654.49	2738.43
1656.02	2716.45
1657.55	2725.87
1659.09	2695.53
1660.62	2718.55
1662.15	2709.13
1663.68	2716.45
1665.22	2695.53
1666.75	2687.16
1668.28	2691.34
1669.81	2716.45
1671.34	2700.76
1672.87	2694.48
1674.40	2699.71
1675.93	2689.25
1677.46	2678.78
1678.99	2680.88
1680.52	2681.92
1682.04	2686.11
1683.57	2676.69
1685.10	2677.74
1686.63	2672.51
1688.15	2677.74
1689.68	2667.27
1691.21	2674.60
1692.73	2677.74
1694.26	2679.83
1695.78	2669.37
1697.31	2671.46
1698.83	2663.09
1700.36	2668.32
1701.88	2658.90
1703.40	2675.65
1704.93	2658.90
1706.45	2651.58
