896.35	2894.34
897.98	2892.95
899.60	2899.58
901.22	2906.55
902.85	2908.64
904.47	2912.13
906.10	2912.83
907.72	2917.36
909.34	2918.41
910.97	2927.48
912.59	2932.36
914.21	2941.43
915.84	2952.94
917.46	2971.08
919.08	2979.80
920.71	2993.75
922.33	2998.63
923.95	3016.07
925.58	3017.47
927.20	3024.45
928.82	3025.84
930.44	3030.38
932.07	3025.14
933.69	3021.31
935.31	3021.66
936.93	3032.47
938.56	3036.65
940.18	3043.28
941.80	3045.37
943.42	3057.58
945.05	3055.14
946.67	3064.21
948.29	3054.44
949.91	3063.86
951.53	3058.63
953.16	3066.30
954.78	3057.93
956.40	3058.28
958.02	3050.61
959.64	3059.33
961.26	3059.67
962.88	3066.30
964.51	3069.09
966.13	3078.16
967.75	3073.28
969.37	3072.93
970.99	3062.12
972.61	3069.09
974.23	3065.26
975.85	3073.98
977.47	3070.84
979.09	3072.23
980.71	3066.30
982.33	3072.93
983.95	3076.07
985.57	3078.16
987.19	3081.30
988.81	3082.70
990.43	3084.44
992.05	3087.93
993.67	3087.23
995.29	3086.53
996.91	3084.44
998.53	3090.72
1000.15	3100.48
1001.77	3103.27
1003.39	3099.44
1005.01	3100.48
1006.63	3099.09
1008.25	3107.46
1009.86	3105.37
1011.48	3108.16
1013.10	3107.81
1014.72	3112.34
1016.34	3119.32
1017.96	3121.06
1019.58	3118.27
1021.19	3114.78
1022.81	3115.83
1024.43	3121.06
1026.05	3124.55
1027.66	3128.39
1029.28	3129.43
1030.90	3127.69
1032.52	3122.11
1034.13	3125.95
1035.75	3127.69
1037.37	3140.60
1038.98	3136.41
1040.60	3137.11
1042.22	3127.69
1043.83	3133.27
1045.45	3131.53
1047.07	3139.90
1048.68	3136.06
1050.30	3145.13
1051.92	3139.55
1053.53	3148.27
1055.15	3141.29
1056.76	3147.57
1058.38	3145.48
1059.99	3149.32
1061.61	3143.39
1063.22	3144.08
1064.84	3140.25
1066.46	3141.29
1068.07	3136.06
1069.68	3143.04
1071.30	3141.29
1072.91	3141.99
1074.53	3136.41
1076.14	3139.55
1077.76	3141.99
1079.37	3133.97
1080.98	3129.43
1082.60	3129.09
1084.21	3137.46
1085.83	3146.53
1087.44	3140.25
1089.05	3138.85
1090.67	3131.18
1092.28	3137.11
1093.89	3137.81
1095.50	3137.46
1097.12	3138.15
1098.73	3135.36
1100.34	3137.46
1101.95	3139.55
1103.57	3139.55
1105.18	3138.85
1106.79	3131.53
1108.40	3134.32
1110.01	3136.41
1111.63	3144.43
1113.24	3147.22
1114.85	3146.18
1116.46	3144.08
1118.07	3143.04
1119.68	3145.13
1121.29	3141.29
1122.90	3137.46
1124.51	3137.81
1126.12	3140.60
1127.73	3147.92
1129.34	3148.97
1130.95	3153.85
1132.56	3145.48
1134.17	3144.08
1135.78	3140.25
1137.39	3145.13
1139.00	3139.90
1140.61	3140.60
1142.22	3138.50
1143.83	3144.08
1145.44	3141.64
1147.05	3147.22
1148.65	3141.99
1150.26	3140.25
1151.87	3135.71
1153.48	3143.39
1155.09	3146.18
1156.69	3144.78
1158.30	3138.50
1159.91	3142.69
1161.52	3145.83
1163.12	3147.57
1164.73	3146.87
1166.34	3146.87
1167.94	3150.36
1169.55	3149.32
1171.16	3153.50
1172.76	3154.55
1174.37	3156.29
1175.97	3153.50
1177.58	3154.90
1179.19	3152.80
1180.79	3154.55
1182.40	3153.15
1184.00	3158.38
1185.61	3163.62
1187.21	3161.52
1188.82	3159.43
1190.42	3153.85
1192.02	3152.80
1193.63	3150.36
1195.23	3153.85
1196.84	3156.29
1198.44	3161.18
1200.04	3158.38
1201.65	3161.52
1203.25	3161.87
1204.85	3162.92
1206.46	3162.92
1208.06	3156.99
1209.66	3155.94
1211.26	3161.52
1212.87	3161.18
1214.47	3164.66
1216.07	3157.34
1217.67	3160.83
1219.27	3159.43
1220.87	3162.92
1222.48	3160.13
1224.08	3163.62
1225.68	3161.18
1227.28	3163.27
1228.88	3163.62
1230.48	3162.57
1232.08	3163.62
1233.68	3163.97
1235.28	3165.01
1236.88	3162.57
1238.48	3162.57
1240.08	3158.73
1241.68	3157.69
1243.28	3151.06
1244.87	3150.36
1246.47	3151.06
1248.07	3152.11
1249.67	3158.73
1251.27	3156.29
1252.87	3152.46
1254.46	3145.13
1256.06	3149.32
1257.66	3148.97
1259.26	3151.76
1260.85	3145.83
1262.45	3148.27
1264.05	3145.48
1265.64	3148.97
1267.24	3148.97
1268.83	3150.71
1270.43	3154.55
1272.03	3155.25
1273.62	3148.97
1275.22	3148.27
1276.81	3144.43
1278.41	3152.11
1280.00	3146.18
1281.60	3146.18
1283.19	3145.48
1284.79	3146.18
1286.38	3150.36
1287.97	3148.27
1289.57	3145.48
1291.16	3141.29
1292.75	3141.29
1294.35	3144.43
1295.94	3145.83
1297.53	3143.04
1299.12	3144.78
1300.72	3138.50
1302.31	3143.04
1303.90	3144.78
1305.49	3148.62
1307.08	3142.69
1308.68	3133.62
1310.27	3132.57
1311.86	3130.83
1313.45	3130.48
1315.04	3126.99
1316.63	3127.69
1318.22	3124.55
1319.81	3129.09
1321.40	3130.48
1322.99	3131.53
1324.58	3124.90
1326.17	3120.37
1327.75	3120.02
1329.34	3118.62
1330.93	3116.88
1332.52	3115.48
1334.11	3117.23
1335.70	3112.69
1337.28	3110.95
1338.87	3111.30
1340.46	3114.09
1342.05	3111.30
1343.63	3103.97
1345.22	3106.06
1346.81	3107.46
1348.39	3110.95
1349.98	3104.67
1351.56	3101.53
1353.15	3097.69
1354.73	3093.51
1356.32	3087.93
1357.90	3087.23
1359.49	3084.79
1361.07	3083.04
1362.66	3076.77
1364.24	3075.37
1365.82	3080.25
1367.41	3078.16
1368.99	3073.28
1370.57	3067.35
1372.16	3069.79
1373.74	3073.98
1375.32	3070.14
1376.91	3060.37
1378.49	3047.12
1380.07	3035.61
1381.65	3022.70
1383.23	3018.17
1384.81	3013.98
1386.39	3015.73
1387.97	3014.68
1389.55	3010.84
1391.14	3003.17
1392.72	2999.68
1394.29	2996.89
1395.87	2991.31
1397.45	2981.54
1399.03	2976.31
1400.61	2974.22
1402.19	2969.68
1403.77	2970.38
1405.35	2967.94
1406.92	2967.94
1408.50	2960.62
1410.08	2957.82
1411.66	2953.64
1413.23	2956.43
1414.81	2951.20
1416.39	2953.29
1417.96	2945.62
1419.54	2948.41
1421.12	2949.45
1422.69	2947.36
1424.27	2951.55
1425.84	2946.31
1427.42	2949.45
1428.99	2945.27
1430.57	2943.52
1432.14	2938.99
1433.71	2942.13
1435.29	2944.92
1436.86	2948.76
1438.43	2942.83
1440.01	2881.79
1441.58	2881.44
1443.15	2884.93
1444.72	2941.78
1446.30	2944.22
1447.87	2942.83
1449.44	2941.78
1451.01	2939.69
1452.58	2939.69
1454.15	2939.34
1455.72	2936.20
1457.29	2938.64
1458.86	2941.43
1460.43	2950.85
1462.00	2949.45
1463.57	2951.90
1465.14	2944.57
1466.71	2944.22
1468.28	2946.31
1469.85	2950.15
1471.41	2949.80
1472.98	2953.64
1474.55	2949.45
1476.12	2949.80
1477.68	2949.10
1479.25	2949.80
1480.82	2955.03
1482.38	2951.20
1483.95	2956.08
1485.51	2960.62
1487.08	2965.15
1488.64	2966.54
1490.21	2956.78
1491.77	2958.87
1493.34	2955.03
1494.90	2959.92
1496.46	2962.71
1498.03	2968.64
1499.59	2972.13
1501.15	2970.38
1502.72	2969.34
1504.28	2967.94
1505.84	2964.45
1507.40	2969.68
1508.97	2970.73
1510.53	2978.06
1512.09	2979.45
1513.65	2983.29
1515.21	2980.85
1516.77	2982.94
1518.33	2983.29
1519.89	2984.33
1521.45	2982.24
1523.01	2987.82
1524.57	2992.36
1526.13	2993.75
1527.68	2995.15
1529.24	2993.05
1530.80	2999.33
1532.36	2992.36
1533.92	2988.87
1535.47	2980.50
1537.03	2983.29
1538.59	2986.78
1540.14	2985.73
1541.70	2988.17
1543.25	2992.36
1544.81	2998.29
1546.36	2993.05
1547.92	2993.05
1549.47	2991.66
1551.03	2991.66
1552.58	2988.52
1554.13	2989.91
1555.69	2992.36
1557.24	2990.96
1558.79	2986.08
1560.35	2987.47
1561.90	2987.82
1563.45	2989.57
1565.00	2987.82
1566.55	2989.22
1568.10	2988.87
1569.66	2990.61
1571.21	2992.70
1572.76	2995.50
1574.31	2993.75
1575.86	2987.82
1577.40	2983.98
1578.95	2982.24
1580.50	2975.61
1582.05	2974.92
1583.60	2971.43
1585.15	2976.66
1586.69	2978.40
1588.24	2982.59
1589.79	2978.75
1591.34	2979.10
1592.88	2973.17
1594.43	2978.40
1595.97	2975.96
1597.52	2981.19
1599.06	2978.75
1600.61	2982.94
1602.15	2981.19
1603.70	2983.64
1605.24	2977.71
1606.79	2973.17
1608.33	2967.24
1609.87	2967.24
1611.41	2973.17
1612.96	2972.82
1614.50	2968.99
1616.04	2965.50
1617.58	2964.80
1619.12	2968.29
1620.67	2957.13
1622.21	2959.57
1623.75	2951.20
1625.29	2953.29
1626.83	2955.03
1628.37	2953.29
1629.90	2953.64
1631.44	2946.66
1632.98	2943.52
1634.52	2941.08
1636.06	2939.69
1637.59	2937.25
1639.13	2934.11
1640.67	2922.25
1642.21	2920.15
1643.74	2907.60
1645.28	2895.39
1646.81	2883.53
1648.35	2868.53
1649.88	2862.95
1651.42	2847.26
1652.95	2849.70
1654.49	2839.93
1656.02	2837.84
1657.55	2821.44
1659.09	2822.14
1660.62	2816.56
1662.15	2821.79
1663.68	2816.21
1665.22	2811.33
1666.75	2804.70
1668.28	2805.75
1669.81	2806.10
1671.34	2806.45
1672.87	2803.31
1674.40	2798.77
1675.93	2789.70
1677.46	2781.33
1678.99	2775.75
1680.52	2779.24
1682.04	2776.10
1683.57	2780.29
1685.10	2775.05
1686.63	2776.45
1688.15	2767.38
1689.68	2764.94
1691.21	2760.40
1692.73	2764.94
1694.26	2765.29
1695.78	2764.59
1697.31	2757.61
1698.83	2757.26
1700.36	2754.13
1701.88	2761.80
1703.40	2760.06
1704.93	2762.85
1706.45	2759.36
