896.35	2982.24
897.98	2982.59
899.60	2990.96
901.22	2997.24
902.85	2999.68
904.47	3006.31
906.10	3009.80
907.72	3020.61
909.34	3021.31
910.97	3033.17
912.59	3040.84
914.21	3055.84
915.84	3074.32
917.46	3100.48
919.08	3114.44
920.71	3131.88
922.33	3139.90
923.95	3160.48
925.58	3164.66
927.20	3169.55
928.82	3175.13
930.44	3183.50
932.07	3185.24
933.69	3182.80
935.31	3184.54
936.93	3193.61
938.56	3200.24
940.18	3207.22
941.80	3212.10
943.42	3221.52
945.05	3221.17
946.67	3226.75
948.29	3217.68
949.91	3224.66
951.53	3228.84
953.16	3237.21
954.78	3232.68
956.40	3228.49
958.02	3224.31
959.64	3231.63
961.26	3232.33
962.88	3234.77
964.51	3234.77
966.13	3239.66
967.75	3237.56
969.37	3236.52
970.99	3229.89
972.61	3237.21
974.23	3236.86
975.85	3244.54
977.47	3240.35
979.09	3240.00
980.71	3237.91
982.33	3246.98
983.95	3252.91
985.57	3256.05
987.19	3257.79
988.81	3259.89
990.43	3260.93
992.05	3264.77
993.67	3267.21
995.29	3265.47
996.91	3268.61
998.53	3275.23
1000.15	3287.79
1001.77	3288.84
1003.39	3287.09
1005.01	3292.32
1006.63	3295.46
1008.25	3304.53
1009.86	3301.39
1011.48	3301.74
1013.10	3301.39
1014.72	3306.62
1016.34	3316.39
1017.96	3317.44
1019.58	3314.30
1021.19	3310.11
1022.81	3316.04
1024.43	3323.37
1026.05	3330.69
1027.66	3331.74
1029.28	3332.09
1030.90	3327.90
1032.52	3326.86
1034.13	3333.83
1035.75	3338.02
1037.37	3346.39
1038.98	3341.85
1040.60	3341.16
1042.22	3335.58
1043.83	3342.20
1045.45	3343.95
1047.07	3352.32
1048.68	3349.53
1050.30	3355.11
1051.92	3350.22
1053.53	3358.25
1055.15	3355.11
1056.76	3358.94
1058.38	3356.85
1059.99	3359.64
1061.61	3350.57
1063.22	3351.62
1064.84	3346.74
1066.46	3350.57
1068.07	3344.99
1069.68	3354.76
1071.30	3356.15
1072.91	3356.15
1074.53	3353.02
1076.14	3352.67
1077.76	3353.71
1079.37	3339.76
1080.98	3337.67
1082.60	3335.58
1084.21	3342.90
1085.83	3344.99
1087.44	3340.11
1089.05	3338.37
1090.67	3335.92
1092.28	3341.85
1093.89	3346.74
1095.50	3346.74
1097.12	3346.74
1098.73	3338.02
1100.34	3339.76
1101.95	3337.67
1103.57	3339.76
1105.18	3336.27
1106.79	3335.58
1108.40	3338.37
1110.01	3343.25
1111.63	3349.53
1113.24	3352.67
1114.85	3350.22
1116.46	3349.88
1118.07	3349.88
1119.68	3353.71
1121.29	3351.97
1122.90	3350.22
1124.51	3354.76
1126.12	3358.25
1127.73	3368.36
1129.34	3366.97
1130.95	3369.41
1132.56	3356.15
1134.17	3355.81
1135.78	3356.50
1137.39	3367.32
1139.00	3365.22
1140.61	3366.27
1142.22	3365.22
1143.83	3371.85
1145.44	3367.32
1147.05	3372.20
1148.65	3366.97
1150.26	3368.36
1151.87	3365.57
1153.48	3373.25
1155.09	3377.43
1156.69	3376.73
1158.30	3371.85
1159.91	3375.69
1161.52	3380.92
1163.12	3384.06
1164.73	3385.45
1166.34	3385.10
1167.94	3390.34
1169.55	3389.29
1171.16	3394.17
1172.76	3392.43
1174.37	3398.01
1175.97	3393.13
1177.58	3397.66
1179.19	3391.03
1180.79	3396.62
1182.40	3391.73
1184.00	3396.62
1185.61	3399.41
1187.21	3401.85
1188.82	3403.94
1190.42	3402.20
1192.02	3403.94
1193.63	3403.94
1195.23	3407.78
1196.84	3411.26
1198.44	3413.71
1200.04	3414.06
1201.65	3415.45
1203.25	3416.85
1204.85	3412.31
1206.46	3408.47
1208.06	3402.20
1209.66	3405.68
1211.26	3412.31
1212.87	3411.61
1214.47	3413.71
1216.07	3412.66
1217.67	3416.85
1219.27	3415.10
1220.87	3413.36
1222.48	3406.73
1224.08	3407.43
1225.68	3405.68
1227.28	3408.13
1228.88	3408.82
1230.48	3404.64
1232.08	3409.87
1233.68	3414.06
1235.28	3417.19
1236.88	3414.75
1238.48	3415.10
1240.08	3409.87
1241.68	3406.73
1243.28	3396.96
1244.87	3394.87
1246.47	3393.48
1248.07	3391.38
1249.67	3399.06
1251.27	3395.57
1252.87	3393.13
1254.46	3383.71
1256.06	3387.90
1257.66	3386.85
1259.26	3391.73
1260.85	3390.69
1262.45	3392.78
1264.05	3387.55
1265.64	3385.45
1267.24	3381.62
1268.83	3383.01
1270.43	3387.90
1272.03	3387.90
1273.62	3381.97
1275.22	3379.87
1276.81	3381.27
1278.41	3390.34
1280.00	3387.20
1281.60	3387.90
1283.19	3387.55
1284.79	3387.20
1286.38	3390.34
1287.97	3389.29
1289.57	3387.90
1291.16	3383.71
1292.75	3385.80
1294.35	3384.41
1295.94	3385.45
1297.53	3377.78
1299.12	3383.01
1300.72	3375.34
1302.31	3380.92
1303.90	3380.92
1305.49	3388.24
1307.08	3382.66
1308.68	3377.08
1310.27	3373.59
1311.86	3373.59
1313.45	3370.11
1315.04	3370.46
1316.63	3373.25
1318.22	3375.69
1319.81	3378.13
1321.40	3378.83
1322.99	3373.59
1324.58	3367.66
1326.17	3363.13
1327.75	3368.36
1329.34	3367.66
1330.93	3365.22
1332.52	3359.64
1334.11	3361.74
1335.70	3359.99
1337.28	3362.43
1338.87	3364.18
1340.46	3366.27
1342.05	3361.74
1343.63	3353.02
1345.22	3353.36
1346.81	3354.41
1348.39	3356.50
1349.98	3348.48
1351.56	3343.60
1353.15	3339.76
1354.73	3335.23
1356.32	3327.20
1357.90	3318.83
1359.49	3310.81
1361.07	3304.53
1362.66	3300.00
1364.24	3303.83
1365.82	3314.30
1367.41	3311.51
1368.99	3304.53
1370.57	3296.86
1372.16	3300.35
1373.74	3305.23
1375.32	3303.14
1376.91	3290.93
1378.49	3268.61
1380.07	3248.72
1381.65	3234.42
1383.23	3234.07
1384.81	3234.42
1386.39	3236.86
1387.97	3237.91
1389.55	3234.77
1391.14	3229.89
1392.72	3220.82
1394.29	3215.59
1395.87	3211.05
1397.45	3209.31
1399.03	3206.52
1400.61	3207.22
1402.19	3200.94
1403.77	3202.68
1405.35	3198.85
1406.92	3203.03
1408.50	3200.94
1410.08	3204.78
1411.66	3199.89
1413.23	3203.73
1414.81	3193.96
1416.39	3199.89
1417.96	3194.31
1419.54	3202.68
1421.12	3202.68
1422.69	3199.89
1424.27	3199.19
1425.84	3197.10
1427.42	3196.40
1428.99	3193.61
1430.57	3190.82
1432.14	3193.26
1433.71	3199.19
1435.29	3202.68
1436.86	3203.03
1438.43	3196.40
1440.01	3132.57
1441.58	3134.32
1443.15	3138.15
1444.72	3199.89
1446.30	3202.33
1447.87	3201.64
1449.44	3192.92
1451.01	3190.82
1452.58	3192.57
1454.15	3198.15
1455.72	3193.61
1457.29	3194.66
1458.86	3195.36
1460.43	3204.43
1462.00	3200.94
1463.57	3203.38
1465.14	3195.01
1466.71	3193.26
1468.28	3195.01
1469.85	3199.19
1471.41	3201.98
1472.98	3204.78
1474.55	3200.59
1476.12	3195.01
1477.68	3190.82
1479.25	3189.08
1480.82	3193.61
1482.38	3189.78
1483.95	3191.17
1485.51	3200.94
1487.08	3208.26
1488.64	3218.73
1490.21	3208.26
1491.77	3208.61
1493.34	3200.24
1494.90	3201.64
1496.46	3203.73
1498.03	3204.43
1499.59	3205.47
1501.15	3202.33
1502.72	3205.47
1504.28	3205.82
1505.84	3204.78
1507.40	3209.31
1508.97	3211.05
1510.53	3216.29
1512.09	3216.98
1513.65	3223.61
1515.21	3220.12
1516.77	3220.12
1518.33	3213.84
1519.89	3215.59
1521.45	3213.50
1523.01	3222.22
1524.57	3223.26
1526.13	3224.66
1527.68	3223.61
1529.24	3223.96
1530.80	3229.54
1532.36	3227.10
1533.92	3226.75
1535.47	3221.87
1537.03	3224.31
1538.59	3228.49
1540.14	3225.35
1541.70	3226.75
1543.25	3224.66
1544.81	3230.59
1546.36	3224.31
1547.92	3224.31
1549.47	3219.42
1551.03	3216.63
1552.58	3215.59
1554.13	3218.03
1555.69	3222.22
1557.24	3221.87
1558.79	3219.42
1560.35	3221.52
1561.90	3219.42
1563.45	3219.08
1565.00	3212.80
1566.55	3214.89
1568.10	3213.15
1569.66	3218.03
1571.21	3219.08
1572.76	3223.26
1574.31	3221.52
1575.86	3218.73
1577.40	3215.59
1578.95	3215.59
1580.50	3210.70
1582.05	3210.36
1583.60	3204.43
1585.15	3205.47
1586.69	3205.12
1588.24	3210.70
1589.79	3207.57
1591.34	3206.17
1592.88	3196.06
1594.43	3199.54
1595.97	3195.36
1597.52	3198.85
1599.06	3194.66
1600.61	3203.03
1602.15	3206.17
1603.70	3206.87
1605.24	3196.06
1606.79	3185.59
1608.33	3183.50
1609.87	3184.54
1611.41	3189.78
1612.96	3186.99
1614.50	3183.85
1616.04	3181.75
1617.58	3180.36
1619.12	3179.66
1620.67	3167.80
1622.21	3168.50
1623.75	3163.27
1625.29	3165.71
1626.83	3166.76
1628.37	3161.52
1629.90	3154.20
1631.44	3139.90
1632.98	3129.43
1634.52	3122.46
1636.06	3117.92
1637.59	3111.30
1639.13	3098.74
1640.67	3077.11
1642.21	3057.93
1643.74	3035.96
1645.28	3013.28
1646.81	2999.68
1648.35	2977.71
1649.88	2964.45
1651.42	2938.29
1652.95	2935.15
1654.49	2919.11
1656.02	2912.13
1657.55	2889.81
1659.09	2883.88
1660.62	2871.67
1662.15	2870.62
1663.68	2860.86
1665.22	2854.93
1666.75	2847.26
1668.28	2848.30
1669.81	2844.46
1671.34	2842.37
1672.87	2835.40
1674.40	2829.47
1675.93	2819.70
1677.46	2809.58
1678.99	2802.96
1680.52	2804.70
1682.04	2801.91
1683.57	2806.45
1685.10	2799.82
1686.63	2801.21
1688.15	2789.70
1689.68	2785.87
1691.21	2779.94
1692.73	2786.91
1694.26	2789.70
1695.78	2791.80
1697.31	2786.22
1698.83	2783.08
1700.36	2775.75
1701.88	2779.94
1703.40	2776.10
1704.93	2775.75
1706.45	2766.68
