896.35	2731.10
897.98	2714.36
899.60	2720.64
901.22	2733.20
902.85	2731.10
904.47	2729.01
906.10	2739.48
907.72	2725.87
909.34	2747.85
910.97	2744.71
912.59	2757.26
914.21	2748.89
915.84	2756.22
917.46	2775.05
919.08	2789.70
920.71	2787.61
922.33	2798.07
923.95	2789.70
925.58	2817.96
927.20	2791.80
928.82	2808.54
930.44	2815.86
932.07	2814.82
933.69	2782.38
935.31	2799.12
936.93	2793.89
938.56	2811.68
940.18	2810.63
941.80	2821.10
943.42	2816.91
945.05	2834.70
946.67	2814.82
948.29	2827.37
949.91	2814.82
951.53	2836.79
953.16	2826.33
954.78	2829.47
956.40	2807.49
958.02	2835.74
959.64	2823.19
961.26	2828.42
962.88	2816.91
964.51	2821.10
966.13	2830.51
967.75	2836.79
969.37	2811.68
970.99	2824.23
972.61	2817.96
974.23	2831.56
975.85	2827.37
977.47	2833.65
979.09	2816.91
980.71	2824.23
982.33	2823.19
983.95	2840.98
985.57	2838.88
987.19	2836.79
988.81	2836.79
990.43	2836.79
992.05	2823.19
993.67	2845.16
995.29	2831.56
996.91	2834.70
998.53	2838.88
1000.15	2850.39
1001.77	2837.84
1003.39	2850.39
1005.01	2836.79
1006.63	2854.58
1008.25	2844.12
1009.86	2865.04
1011.48	2840.98
1013.10	2842.02
1014.72	2848.30
1016.34	2864.00
1017.96	2870.28
1019.58	2860.86
1021.19	2849.35
1022.81	2860.86
1024.43	2856.67
1026.05	2855.63
1027.66	2859.81
1029.28	2865.04
1030.90	2851.44
1032.52	2847.26
1034.13	2853.53
1035.75	2884.93
1037.37	2865.04
1038.98	2882.83
1040.60	2857.72
1042.22	2858.77
1043.83	2855.63
1045.45	2870.28
1047.07	2855.63
1048.68	2871.32
1050.30	2855.63
1051.92	2871.32
1053.53	2855.63
1055.15	2876.55
1056.76	2856.67
1058.38	2871.32
1059.99	2864.00
1061.61	2873.42
1063.22	2855.63
1064.84	2873.42
1066.46	2857.72
1068.07	2861.90
1069.68	2866.09
1071.30	2888.06
1072.91	2865.04
1074.53	2862.95
1076.14	2871.32
1077.76	2868.18
1079.37	2860.86
1080.98	2858.77
1082.60	2856.67
1084.21	2871.32
1085.83	2862.95
1087.44	2874.46
1089.05	2855.63
1090.67	2868.18
1092.28	2848.30
1093.89	2870.28
1095.50	2858.77
1097.12	2864.00
1098.73	2861.90
1100.34	2850.39
1101.95	2860.86
1103.57	2865.04
1105.18	2848.30
1106.79	2852.49
1108.40	2853.53
1110.01	2857.72
1111.63	2861.90
1113.24	2879.69
1114.85	2860.86
1116.46	2874.46
1118.07	2861.90
1119.68	2870.28
1121.29	2862.95
1122.90	2868.18
1124.51	2861.90
1126.12	2878.65
1127.73	2870.28
1129.34	2877.60
1130.95	2867.14
1132.56	2883.88
1134.17	2837.84
1135.78	2856.67
1137.39	2857.72
1139.00	2856.67
1140.61	2862.95
1142.22	2869.23
1143.83	2854.58
1145.44	2865.04
1147.05	2864.00
1148.65	2869.23
1150.26	2845.16
1151.87	2850.39
1153.48	2860.86
1155.09	2877.60
1156.69	2857.72
1158.30	2859.81
1159.91	2853.53
1161.52	2870.28
1163.12	2858.77
1164.73	2865.04
1166.34	2871.32
1167.94	2866.09
1169.55	2855.63
1171.16	2856.67
1172.76	2861.90
1174.37	2871.32
1175.97	2869.23
1177.58	2851.44
1179.19	2867.14
1180.79	2862.95
1182.40	2864.00
1184.00	2861.90
1185.61	2870.28
1187.21	2881.79
1188.82	2866.09
1190.42	2861.90
1192.02	2854.58
1193.63	2856.67
1195.23	2859.81
1196.84	2866.09
1198.44	2859.81
1200.04	2877.60
1201.65	2867.14
1203.25	2864.00
1204.85	2866.09
1206.46	2858.77
1208.06	2860.86
1209.66	2852.49
1211.26	2850.39
1212.87	2888.06
1214.47	2856.67
1216.07	2868.18
1217.67	2859.81
1219.27	2865.04
1220.87	2855.63
1222.48	2861.90
1224.08	2847.26
1225.68	2864.00
1227.28	2866.09
1228.88	2860.86
1230.48	2855.63
1232.08	2848.30
1233.68	2862.95
1235.28	2877.60
1236.88	2846.21
1238.48	2849.35
1240.08	2871.32
1241.68	2844.12
1243.28	2854.58
1244.87	2860.86
1246.47	2849.35
1248.07	2846.21
1249.67	2842.02
1251.27	2873.42
1252.87	2844.12
1254.46	2843.07
1256.06	2842.02
1257.66	2854.58
1259.26	2833.65
1260.85	2856.67
1262.45	2844.12
1264.05	2853.53
1265.64	2847.26
1267.24	2853.53
1268.83	2849.35
1270.43	2845.16
1272.03	2854.58
1273.62	2856.67
1275.22	2835.74
1276.81	2853.53
1278.41	2842.02
1280.00	2849.35
1281.60	2830.51
1283.19	2834.70
1284.79	2843.07
1286.38	2852.49
1287.97	2849.35
1289.57	2843.07
1291.16	2835.74
1292.75	2829.47
1294.35	2837.84
1295.94	2842.02
1297.53	2837.84
1299.12	2830.51
1300.72	2834.70
1302.31	2823.19
1303.90	2853.53
1305.49	2849.35
1307.08	2830.51
1308.68	2830.51
1310.27	2829.47
1311.86	2830.51
1313.45	2829.47
1315.04	2835.74
1316.63	2826.33
1318.22	2826.33
1319.81	2814.82
1321.40	2830.51
1322.99	2834.70
1324.58	2822.14
1326.17	2815.86
1327.75	2817.96
1329.34	2817.96
1330.93	2820.05
1332.52	2804.35
1334.11	2811.68
1335.70	2812.72
1337.28	2809.58
1338.87	2807.49
1340.46	2815.86
1342.05	2806.45
1343.63	2808.54
1345.22	2804.35
1346.81	2822.14
1348.39	2804.35
1349.98	2812.72
1351.56	2799.12
1353.15	2798.07
1354.73	2806.45
1356.32	2795.98
1357.90	2799.12
1359.49	2804.35
1361.07	2795.98
1362.66	2803.31
1364.24	2793.89
1365.82	2795.98
1367.41	2802.26
1368.99	2785.52
1370.57	2775.05
1372.16	2788.66
1373.74	2792.84
1375.32	2801.21
1376.91	2784.47
1378.49	2775.05
1380.07	2764.59
1381.65	2776.10
1383.23	2756.22
1384.81	2768.78
1386.39	2755.17
1387.97	2775.05
1389.55	2772.96
1391.14	2765.64
1392.72	2750.99
1394.29	2758.31
1395.87	2756.22
1397.45	2750.99
1399.03	2758.31
1400.61	2757.26
1402.19	2745.75
1403.77	2741.57
1405.35	2762.50
1406.92	2748.89
1408.50	2746.80
1410.08	2755.17
1411.66	2736.34
1413.23	2747.85
1414.81	2748.89
1416.39	2736.34
1417.96	2742.62
1419.54	2735.29
1421.12	2743.66
1422.69	2750.99
1424.27	2736.34
1425.84	2742.62
1427.42	2738.43
1428.99	2734.24
1430.57	2738.43
1432.14	2739.48
1433.71	2731.10
1435.29	2745.75
1436.86	2741.57
1438.43	2739.48
1440.01	2737.38
1441.58	2617.05
1443.15	2741.57
1444.72	2750.99
1446.30	2731.10
1447.87	2745.75
1449.44	2729.01
1451.01	2726.92
1452.58	2738.43
1454.15	2739.48
1455.72	2732.15
1457.29	2730.06
1458.86	2746.80
1460.43	2736.34
1462.00	2760.40
1463.57	2746.80
1465.14	2742.62
1466.71	2729.01
1468.28	2725.87
1469.85	2745.75
1471.41	2753.08
1472.98	2732.15
1474.55	2747.85
1476.12	2735.29
1477.68	2732.15
1479.25	2743.66
1480.82	2733.20
1482.38	2743.66
1483.95	2720.64
1485.51	2748.89
1487.08	2752.03
1488.64	2747.85
1490.21	2747.85
1491.77	2729.01
1493.34	2744.71
1494.90	2731.10
1496.46	2734.24
1498.03	2737.38
1499.59	2740.52
1501.15	2745.75
1502.72	2740.52
1504.28	2749.94
1505.84	2732.15
1507.40	2724.83
1508.97	2742.62
1510.53	2745.75
1512.09	2746.80
1513.65	2747.85
1515.21	2743.66
1516.77	2729.01
1518.33	2744.71
1519.89	2737.38
1521.45	2743.66
1523.01	2746.80
1524.57	2740.52
1526.13	2734.24
1527.68	2742.62
1529.24	2758.31
1530.80	2744.71
1532.36	2749.94
1533.92	2748.89
1535.47	2734.24
1537.03	2737.38
1538.59	2737.38
1540.14	2736.34
1541.70	2729.01
1543.25	2741.57
1544.81	2744.71
1546.36	2741.57
1547.92	2732.15
1549.47	2739.48
1551.03	2732.15
1552.58	2734.24
1554.13	2726.92
1555.69	2742.62
1557.24	2730.06
1558.79	2732.15
1560.35	2732.15
1561.90	2745.75
1563.45	2726.92
1565.00	2730.06
1566.55	2730.06
1568.10	2720.64
1569.66	2716.45
1571.21	2731.10
1572.76	2737.38
1574.31	2737.38
1575.86	2732.15
1577.40	2712.27
1578.95	2716.45
1580.50	2719.59
1582.05	2715.41
1583.60	2717.50
1585.15	2710.18
1586.69	2714.36
1588.24	2727.97
1589.79	2726.92
1591.34	2711.22
1592.88	2735.29
1594.43	2713.32
1595.97	2720.64
1597.52	2720.64
1599.06	2715.41
1600.61	2705.99
1602.15	2726.92
1603.70	2716.45
1605.24	2712.27
1606.79	2721.69
1608.33	2705.99
1609.87	2707.04
1611.41	2717.50
1612.96	2722.73
1614.50	2695.53
1616.04	2697.62
1617.58	2729.01
1619.12	2705.99
1620.67	2707.04
1622.21	2681.92
1623.75	2711.22
1625.29	2697.62
1626.83	2698.67
1628.37	2711.22
1629.90	2696.57
1631.44	2690.29
1632.98	2704.94
1634.52	2688.20
1636.06	2696.57
1637.59	2710.18
1639.13	2691.34
1640.67	2699.71
1642.21	2687.16
1643.74	2696.57
1645.28	2678.78
1646.81	2676.69
1648.35	2692.39
1649.88	2670.41
1651.42	2679.83
1652.95	2656.81
1654.49	2688.20
1656.02	2673.55
1657.55	2679.83
1659.09	2652.62
1660.62	2671.46
1662.15	2661.00
1663.68	2669.37
1665.22	2659.95
1666.75	2657.86
1668.28	2651.58
1669.81	2672.51
1671.34	2673.55
1672.87	2661.00
1674.40	2663.09
1675.93	2655.76
1677.46	2649.49
1678.99	2643.21
1680.52	2643.21
1682.04	2658.90
1683.57	2645.30
1685.10	2647.39
1686.63	2642.16
1688.15	2641.11
1689.68	2637.97
1691.21	2642.16
1692.73	2646.35
1694.26	2647.39
1695.78	2639.02
1697.31	2646.35
1698.83	2635.88
1700.36	2635.88
1701.88	2635.88
1703.40	2647.39
1704.93	2625.42
1706.45	2624.37
