896.35	3072.23
897.98	3081.65
899.60	3090.02
901.22	3118.27
902.85	3102.58
904.47	3127.69
906.10	3124.55
907.72	3147.57
909.34	3151.76
910.97	3167.45
912.59	3184.20
914.21	3233.38
915.84	3258.49
917.46	3311.86
919.08	3331.74
920.71	3357.90
922.33	3385.10
923.95	3400.80
925.58	3422.78
927.20	3428.01
928.82	3431.15
930.44	3459.40
932.07	3440.56
933.69	3454.17
935.31	3461.49
936.93	3481.37
938.56	3476.14
940.18	3496.02
941.80	3484.51
943.42	3507.53
945.05	3509.63
946.67	3505.44
948.29	3503.35
949.91	3504.39
951.53	3504.39
953.16	3529.51
954.78	3516.95
956.40	3505.44
958.02	3502.30
959.64	3511.72
961.26	3503.35
962.88	3509.63
964.51	3492.88
966.13	3522.18
967.75	3511.72
969.37	3516.95
970.99	3504.39
972.61	3509.63
974.23	3492.88
975.85	3515.90
977.47	3511.72
979.09	3523.23
980.71	3505.44
982.33	3525.32
983.95	3520.09
985.57	3549.39
987.19	3519.04
988.81	3543.11
990.43	3534.74
992.05	3547.30
993.67	3548.34
995.29	3554.62
996.91	3529.51
998.53	3571.36
1000.15	3561.95
1001.77	3579.74
1003.39	3575.55
1005.01	3586.01
1006.63	3586.01
1008.25	3602.76
1009.86	3604.85
1011.48	3610.08
1013.10	3595.43
1014.72	3626.82
1016.34	3624.73
1017.96	3645.66
1019.58	3620.54
1021.19	3638.33
1022.81	3632.06
1024.43	3656.12
1026.05	3641.47
1027.66	3667.63
1029.28	3658.22
1030.90	3673.91
1032.52	3657.17
1034.13	3682.28
1035.75	3680.19
1037.37	3683.33
1038.98	3683.33
1040.60	3692.75
1042.22	3657.17
1043.83	3687.51
1045.45	3676.00
1047.07	3699.02
1048.68	3691.70
1050.30	3697.98
1051.92	3684.38
1053.53	3687.51
1055.15	3680.19
1056.76	3693.79
1058.38	3682.28
1059.99	3699.02
1061.61	3684.38
1063.22	3686.47
1064.84	3687.51
1066.46	3682.28
1068.07	3666.59
1069.68	3692.75
1071.30	3687.51
1072.91	3676.00
1074.53	3658.22
1076.14	3683.33
1077.76	3672.86
1079.37	3673.91
1080.98	3638.33
1082.60	3671.82
1084.21	3661.35
1085.83	3669.73
1087.44	3650.89
1089.05	3650.89
1090.67	3641.47
1092.28	3665.54
1093.89	3652.98
1095.50	3663.45
1097.12	3639.38
1098.73	3665.54
1100.34	3627.87
1101.95	3659.26
1103.57	3643.57
1105.18	3645.66
1106.79	3627.87
1108.40	3657.17
1110.01	3637.29
1111.63	3660.31
1113.24	3650.89
1114.85	3662.40
1116.46	3645.66
1118.07	3663.45
1119.68	3639.38
1121.29	3654.03
1122.90	3633.10
1124.51	3642.52
1126.12	3644.61
1127.73	3649.84
1129.34	3652.98
1130.95	3658.22
1132.56	3656.12
1134.17	3643.57
1135.78	3638.33
1137.39	3655.08
1139.00	3634.15
1140.61	3649.84
1142.22	3647.75
1143.83	3652.98
1145.44	3633.10
1147.05	3649.84
1148.65	3644.61
1150.26	3639.38
1151.87	3628.92
1153.48	3641.47
1155.09	3636.24
1156.69	3655.08
1158.30	3629.96
1159.91	3646.70
1161.52	3644.61
1163.12	3664.49
1164.73	3644.61
1166.34	3666.59
1167.94	3632.06
1169.55	3652.98
1171.16	3650.89
1172.76	3670.77
1174.37	3652.98
1175.97	3668.68
1177.58	3634.15
1179.19	3664.49
1180.79	3643.57
1182.40	3655.08
1184.00	3646.70
1185.61	3672.86
1187.21	3651.94
1188.82	3658.22
1190.42	3650.89
1192.02	3650.89
1193.63	3627.87
1195.23	3660.31
1196.84	3645.66
1198.44	3660.31
1200.04	3654.03
1201.65	3667.63
1203.25	3648.80
1204.85	3663.45
1206.46	3628.92
1208.06	3646.70
1209.66	3628.92
1211.26	3640.43
1212.87	3645.66
1214.47	3634.15
1216.07	3626.82
1217.67	3639.38
1219.27	3626.82
1220.87	3627.87
1222.48	3611.13
1224.08	3628.92
1225.68	3629.96
1227.28	3624.73
1228.88	3603.80
1230.48	3634.15
1232.08	3595.43
1233.68	3619.50
1235.28	3614.27
1236.88	3604.85
1238.48	3580.78
1240.08	3621.59
1241.68	3579.74
1243.28	3598.57
1244.87	3573.46
1246.47	3569.27
1248.07	3556.71
1249.67	3575.55
1251.27	3576.60
1252.87	3561.95
1254.46	3551.48
1256.06	3559.85
1257.66	3546.25
1259.26	3554.62
1260.85	3553.58
1262.45	3549.39
1264.05	3542.06
1265.64	3544.16
1267.24	3535.79
1268.83	3548.34
1270.43	3532.65
1272.03	3550.44
1273.62	3532.65
1275.22	3514.86
1276.81	3523.23
1278.41	3526.37
1280.00	3524.28
1281.60	3528.46
1283.19	3509.63
1284.79	3520.09
1286.38	3506.49
1287.97	3515.90
1289.57	3503.35
1291.16	3499.16
1292.75	3478.23
1294.35	3503.35
1295.94	3490.79
1297.53	3506.49
1299.12	3469.86
1300.72	3502.30
1302.31	3465.68
1303.90	3498.12
1305.49	3494.98
1307.08	3485.56
1308.68	3461.49
1310.27	3471.96
1311.86	3467.77
1313.45	3468.82
1315.04	3456.26
1316.63	3463.58
1318.22	3459.40
1319.81	3453.12
1321.40	3435.33
1322.99	3445.80
1324.58	3413.36
1326.17	3430.10
1327.75	3414.40
1329.34	3420.68
1330.93	3400.80
1332.52	3414.40
1334.11	3404.99
1335.70	3407.08
1337.28	3386.15
1338.87	3388.24
1340.46	3385.10
1342.05	3386.15
1343.63	3369.41
1345.22	3366.27
1346.81	3369.41
1348.39	3366.27
1349.98	3359.99
1351.56	3346.39
1353.15	3331.74
1354.73	3338.02
1356.32	3308.72
1357.90	3316.04
1359.49	3309.76
1361.07	3285.70
1362.66	3265.82
1364.24	3276.28
1365.82	3273.14
1367.41	3281.51
1368.99	3258.49
1370.57	3251.17
1372.16	3256.40
1373.74	3256.40
1375.32	3239.66
1376.91	3215.59
1378.49	3175.82
1380.07	3155.94
1381.65	3142.34
1383.23	3118.27
1384.81	3122.46
1386.39	3114.09
1387.97	3105.72
1389.55	3101.53
1391.14	3078.51
1392.72	3062.81
1394.29	3050.26
1395.87	3039.79
1397.45	3023.05
1399.03	3023.05
1400.61	3010.49
1402.19	2997.94
1403.77	2982.24
1405.35	2992.70
1406.92	2988.52
1408.50	2985.38
1410.08	2984.33
1411.66	2966.54
1413.23	2960.27
1414.81	2969.68
1416.39	2948.76
1417.96	2958.17
1419.54	2945.62
1421.12	2962.36
1422.69	2955.03
1424.27	2948.76
1425.84	2953.99
1427.42	2937.25
1428.99	2934.11
1430.57	2937.25
1432.14	2928.87
1433.71	2938.29
1435.29	2946.66
1436.86	2938.29
1438.43	2929.92
1440.01	2926.78
1441.58	2808.54
1443.15	2932.01
1444.72	2938.29
1446.30	2927.83
1447.87	2932.01
1449.44	2918.41
1451.01	2906.90
1452.58	2929.92
1454.15	2923.64
1455.72	2916.32
1457.29	2916.32
1458.86	2924.69
1460.43	2917.36
1462.00	2938.29
1463.57	2919.46
1465.14	2923.64
1466.71	2920.50
1468.28	2927.83
1469.85	2929.92
1471.41	2932.01
1472.98	2921.55
1474.55	2938.29
1476.12	2928.87
1477.68	2924.69
1479.25	2934.11
1480.82	2929.92
1482.38	2934.11
1483.95	2928.87
1485.51	2935.15
1487.08	2950.85
1488.64	2945.62
1490.21	2950.85
1491.77	2930.97
1493.34	2950.85
1494.90	2941.43
1496.46	2947.71
1498.03	2946.66
1499.59	2953.99
1501.15	2950.85
1502.72	2956.08
1504.28	2952.94
1505.84	2949.80
1507.40	2955.03
1508.97	2970.73
1510.53	2956.08
1512.09	2964.45
1513.65	2963.41
1515.21	2968.64
1516.77	2952.94
1518.33	2980.15
1519.89	2972.82
1521.45	2967.59
1523.01	2975.96
1524.57	2980.15
1526.13	2971.78
1527.68	2979.10
1529.24	2980.15
1530.80	2978.06
1532.36	2984.33
1533.92	2975.96
1535.47	2970.73
1537.03	2972.82
1538.59	2977.01
1540.14	2971.78
1541.70	2967.59
1543.25	2996.89
1544.81	2980.15
1546.36	2982.24
1547.92	2961.31
1549.47	2977.01
1551.03	2974.92
1552.58	2971.78
1554.13	2970.73
1555.69	2986.43
1557.24	2970.73
1558.79	2970.73
1560.35	2965.50
1561.90	2974.92
1563.45	2967.59
1565.00	2969.68
1566.55	2964.45
1568.10	2964.45
1569.66	2958.17
1571.21	2973.87
1572.76	2977.01
1574.31	2970.73
1575.86	2967.59
1577.40	2957.13
1578.95	2959.22
1580.50	2949.80
1582.05	2941.43
1583.60	2950.85
1585.15	2932.01
1586.69	2947.71
1588.24	2949.80
1589.79	2958.17
1591.34	2939.34
1592.88	2963.41
1594.43	2940.38
1595.97	2949.80
1597.52	2951.90
1599.06	2955.03
1600.61	2941.43
1602.15	2958.17
1603.70	2928.87
1605.24	2938.29
1606.79	2938.29
1608.33	2927.83
1609.87	2923.64
1611.41	2933.06
1612.96	2938.29
1614.50	2921.55
1616.04	2920.50
1617.58	2928.87
1619.12	2919.46
1620.67	2933.06
1622.21	2906.90
1623.75	2918.41
1625.29	2898.53
1626.83	2906.90
1628.37	2914.22
1629.90	2893.30
1631.44	2888.06
1632.98	2895.39
1634.52	2867.14
1636.06	2866.09
1637.59	2869.23
1639.13	2854.58
1640.67	2854.58
1642.21	2831.56
1643.74	2820.05
1645.28	2803.31
1646.81	2783.42
1648.35	2802.26
1649.88	2768.78
1651.42	2769.82
1652.95	2749.94
1654.49	2768.78
1656.02	2743.66
1657.55	2752.03
1659.09	2731.10
1660.62	2735.29
1662.15	2731.10
1663.68	2732.15
1665.22	2726.92
1666.75	2721.69
1668.28	2721.69
1669.81	2735.29
1671.34	2719.59
1672.87	2718.55
1674.40	2712.27
1675.93	2711.22
1677.46	2689.25
1678.99	2693.43
1680.52	2693.43
1682.04	2708.08
1683.57	2697.62
1685.10	2700.76
1686.63	2692.39
1688.15	2692.39
1689.68	2681.92
1691.21	2688.20
1692.73	2691.34
1694.26	2690.29
1695.78	2678.78
1697.31	2679.83
1698.83	2675.65
1700.36	2680.88
1701.88	2673.55
1703.40	2690.29
1704.93	2675.65
1706.45	2679.83
