896.35	3065.95
897.98	3077.46
899.60	3077.46
901.22	3108.86
902.85	3095.25
904.47	3130.83
906.10	3125.60
907.72	3128.74
909.34	3140.25
910.97	3166.41
912.59	3185.24
914.21	3221.87
915.84	3248.03
917.46	3306.62
919.08	3331.74
920.71	3358.94
922.33	3380.92
923.95	3392.43
925.58	3407.08
927.20	3415.45
928.82	3423.82
930.44	3457.31
932.07	3448.94
933.69	3447.89
935.31	3448.94
936.93	3466.72
938.56	3465.68
940.18	3493.93
941.80	3487.65
943.42	3497.07
945.05	3501.26
946.67	3509.63
948.29	3497.07
949.91	3502.30
951.53	3504.39
953.16	3519.04
954.78	3511.72
956.40	3501.26
958.02	3494.98
959.64	3516.95
961.26	3500.21
962.88	3503.35
964.51	3480.33
966.13	3526.37
967.75	3515.90
969.37	3503.35
970.99	3496.02
972.61	3509.63
974.23	3494.98
975.85	3512.77
977.47	3518.00
979.09	3529.51
980.71	3502.30
982.33	3516.95
983.95	3511.72
985.57	3539.97
987.19	3515.90
988.81	3534.74
990.43	3522.18
992.05	3543.11
993.67	3549.39
995.29	3545.20
996.91	3524.28
998.53	3568.22
1000.15	3567.18
1001.77	3590.20
1003.39	3573.46
1005.01	3587.06
1006.63	3584.97
1008.25	3605.90
1009.86	3599.62
1011.48	3606.94
1013.10	3603.80
1014.72	3622.64
1016.34	3622.64
1017.96	3656.12
1019.58	3626.82
1021.19	3633.10
1022.81	3633.10
1024.43	3654.03
1026.05	3634.15
1027.66	3667.63
1029.28	3644.61
1030.90	3661.35
1032.52	3641.47
1034.13	3663.45
1035.75	3664.49
1037.37	3684.38
1038.98	3676.00
1040.60	3682.28
1042.22	3650.89
1043.83	3679.14
1045.45	3676.00
1047.07	3690.65
1048.68	3685.42
1050.30	3681.24
1051.92	3680.19
1053.53	3691.70
1055.15	3674.96
1056.76	3685.42
1058.38	3683.33
1059.99	3702.16
1061.61	3682.28
1063.22	3684.38
1064.84	3673.91
1066.46	3682.28
1068.07	3671.82
1069.68	3687.51
1071.30	3681.24
1072.91	3676.00
1074.53	3659.26
1076.14	3689.61
1077.76	3671.82
1079.37	3668.68
1080.98	3632.06
1082.60	3664.49
1084.21	3647.75
1085.83	3660.31
1087.44	3656.12
1089.05	3650.89
1090.67	3635.19
1092.28	3639.38
1093.89	3646.70
1095.50	3656.12
1097.12	3642.52
1098.73	3659.26
1100.34	3625.78
1101.95	3649.84
1103.57	3640.43
1105.18	3640.43
1106.79	3625.78
1108.40	3649.84
1110.01	3639.38
1111.63	3651.94
1113.24	3655.08
1114.85	3648.80
1116.46	3631.01
1118.07	3651.94
1119.68	3637.29
1121.29	3656.12
1122.90	3626.82
1124.51	3640.43
1126.12	3638.33
1127.73	3662.40
1129.34	3650.89
1130.95	3656.12
1132.56	3649.84
1134.17	3637.29
1135.78	3629.96
1137.39	3655.08
1139.00	3640.43
1140.61	3649.84
1142.22	3640.43
1143.83	3644.61
1145.44	3635.19
1147.05	3648.80
1148.65	3648.80
1150.26	3636.24
1151.87	3628.92
1153.48	3645.66
1155.09	3645.66
1156.69	3637.29
1158.30	3623.68
1159.91	3643.57
1161.52	3636.24
1163.12	3641.47
1164.73	3620.54
1166.34	3654.03
1167.94	3625.78
1169.55	3652.98
1171.16	3648.80
1172.76	3662.40
1174.37	3641.47
1175.97	3660.31
1177.58	3637.29
1179.19	3663.45
1180.79	3638.33
1182.40	3658.22
1184.00	3635.19
1185.61	3661.35
1187.21	3647.75
1188.82	3652.98
1190.42	3647.75
1192.02	3661.35
1193.63	3640.43
1195.23	3668.68
1196.84	3642.52
1198.44	3661.35
1200.04	3645.66
1201.65	3654.03
1203.25	3639.38
1204.85	3647.75
1206.46	3624.73
1208.06	3646.70
1209.66	3636.24
1211.26	3636.24
1212.87	3649.84
1214.47	3638.33
1216.07	3626.82
1217.67	3629.96
1219.27	3626.82
1220.87	3631.01
1222.48	3622.64
1224.08	3629.96
1225.68	3615.31
1227.28	3624.73
1228.88	3609.03
1230.48	3620.54
1232.08	3592.29
1233.68	3621.59
1235.28	3617.41
1236.88	3607.99
1238.48	3591.25
1240.08	3621.59
1241.68	3590.20
1243.28	3594.38
1244.87	3570.32
1246.47	3576.60
1248.07	3565.09
1249.67	3577.64
1251.27	3566.13
1252.87	3550.44
1254.46	3532.65
1256.06	3552.53
1257.66	3548.34
1259.26	3552.53
1260.85	3549.39
1262.45	3556.71
1264.05	3541.02
1265.64	3543.11
1267.24	3542.06
1268.83	3551.48
1270.43	3538.93
1272.03	3558.81
1273.62	3532.65
1275.22	3520.09
1276.81	3522.18
1278.41	3532.65
1280.00	3522.18
1281.60	3521.14
1283.19	3498.12
1284.79	3522.18
1286.38	3502.30
1287.97	3521.14
1289.57	3504.39
1291.16	3512.77
1292.75	3487.65
1294.35	3503.35
1295.94	3487.65
1297.53	3502.30
1299.12	3470.91
1300.72	3492.88
1302.31	3467.77
1303.90	3499.16
1305.49	3485.56
1307.08	3473.00
1308.68	3462.54
1310.27	3465.68
1311.86	3451.03
1313.45	3452.07
1315.04	3444.75
1316.63	3452.07
1318.22	3443.70
1319.81	3442.66
1321.40	3434.29
1322.99	3448.94
1324.58	3419.64
1326.17	3425.91
1327.75	3406.03
1329.34	3419.64
1330.93	3399.75
1332.52	3397.66
1334.11	3400.80
1335.70	3404.99
1337.28	3386.15
1338.87	3396.62
1340.46	3383.01
1342.05	3379.87
1343.63	3366.27
1345.22	3370.46
1346.81	3369.41
1348.39	3366.27
1349.98	3354.76
1351.56	3348.48
1353.15	3324.41
1354.73	3325.46
1356.32	3305.58
1357.90	3306.62
1359.49	3303.49
1361.07	3283.60
1362.66	3272.09
1364.24	3279.42
1365.82	3271.05
1367.41	3279.42
1368.99	3258.49
1370.57	3244.89
1372.16	3244.89
1373.74	3240.70
1375.32	3226.05
1376.91	3216.63
1378.49	3176.87
1380.07	3144.43
1381.65	3130.83
1383.23	3118.27
1384.81	3111.99
1386.39	3110.95
1387.97	3100.48
1389.55	3090.02
1391.14	3080.60
1392.72	3064.91
1394.29	3057.58
1395.87	3037.70
1397.45	3023.05
1399.03	3023.05
1400.61	3000.03
1402.19	3000.03
1403.77	2987.47
1405.35	2996.89
1406.92	2968.64
1408.50	2971.78
1410.08	2965.50
1411.66	2973.87
1413.23	2960.27
1414.81	2967.59
1416.39	2944.57
1417.96	2956.08
1419.54	2947.71
1421.12	2952.94
1422.69	2952.94
1424.27	2937.25
1425.84	2934.11
1427.42	2940.38
1428.99	2942.48
1430.57	2934.11
1432.14	2927.83
1433.71	2929.92
1435.29	2941.43
1436.86	2934.11
1438.43	2925.74
1440.01	2921.55
1441.58	2806.45
1443.15	2927.83
1444.72	2923.64
1446.30	2924.69
1447.87	2932.01
1449.44	2923.64
1451.01	2907.95
1452.58	2930.97
1454.15	2922.60
1455.72	2911.09
1457.29	2910.04
1458.86	2932.01
1460.43	2915.27
1462.00	2941.43
1463.57	2913.18
1465.14	2928.87
1466.71	2908.99
1468.28	2926.78
1469.85	2925.74
1471.41	2929.92
1472.98	2921.55
1474.55	2935.15
1476.12	2924.69
1477.68	2918.41
1479.25	2928.87
1480.82	2932.01
1482.38	2938.29
1483.95	2929.92
1485.51	2934.11
1487.08	2944.57
1488.64	2935.15
1490.21	2945.62
1491.77	2924.69
1493.34	2938.29
1494.90	2925.74
1496.46	2939.34
1498.03	2945.62
1499.59	2956.08
1501.15	2951.90
1502.72	2948.76
1504.28	2949.80
1505.84	2950.85
1507.40	2947.71
1508.97	2964.45
1510.53	2957.13
1512.09	2963.41
1513.65	2963.41
1515.21	2970.73
1516.77	2963.41
1518.33	2974.92
1519.89	2966.54
1521.45	2965.50
1523.01	2966.54
1524.57	2972.82
1526.13	2971.78
1527.68	2979.10
1529.24	2987.47
1530.80	2980.15
1532.36	2980.15
1533.92	2968.64
1535.47	2961.31
1537.03	2967.59
1538.59	2970.73
1540.14	2969.68
1541.70	2963.41
1543.25	2987.47
1544.81	2970.73
1546.36	2986.43
1547.92	2961.31
1549.47	2974.92
1551.03	2980.15
1552.58	2979.10
1554.13	2971.78
1555.69	2967.59
1557.24	2966.54
1558.79	2971.78
1560.35	2961.31
1561.90	2968.64
1563.45	2958.17
1565.00	2969.68
1566.55	2959.22
1568.10	2960.27
1569.66	2949.80
1571.21	2966.54
1572.76	2963.41
1574.31	2974.92
1575.86	2958.17
1577.40	2944.57
1578.95	2945.62
1580.50	2958.17
1582.05	2938.29
1583.60	2944.57
1585.15	2938.29
1586.69	2946.66
1588.24	2946.66
1589.79	2949.80
1591.34	2934.11
1592.88	2957.13
1594.43	2921.55
1595.97	2942.48
1597.52	2935.15
1599.06	2941.43
1600.61	2930.97
1602.15	2952.94
1603.70	2936.20
1605.24	2932.01
1606.79	2932.01
1608.33	2923.64
1609.87	2920.50
1611.41	2937.25
1612.96	2935.15
1614.50	2917.36
1616.04	2911.09
1617.58	2919.46
1619.12	2904.81
1620.67	2915.27
1622.21	2897.48
1623.75	2916.32
1625.29	2897.48
1626.83	2900.62
1628.37	2907.95
1629.90	2881.79
1631.44	2882.83
1632.98	2885.97
1634.52	2864.00
1636.06	2871.32
1637.59	2870.28
1639.13	2848.30
1640.67	2840.98
1642.21	2833.65
1643.74	2822.14
1645.28	2797.03
1646.81	2783.42
1648.35	2785.52
1649.88	2756.22
1651.42	2769.82
1652.95	2749.94
1654.49	2768.78
1656.02	2745.75
1657.55	2738.43
1659.09	2717.50
1660.62	2734.24
1662.15	2720.64
1663.68	2730.06
1665.22	2718.55
1666.75	2723.78
1668.28	2716.45
1669.81	2733.20
1671.34	2714.36
1672.87	2711.22
1674.40	2711.22
1675.93	2711.22
1677.46	2690.29
1678.99	2684.02
1680.52	2682.97
1682.04	2701.81
1683.57	2687.16
1685.10	2696.57
1686.63	2692.39
1688.15	2694.48
1689.68	2679.83
1691.21	2674.60
1692.73	2681.92
1694.26	2689.25
1695.78	2677.74
1697.31	2679.83
1698.83	2668.32
1700.36	2676.69
1701.88	2672.51
1703.40	2691.34
1704.93	2671.46
1706.45	2670.41
