896.35	3059.67
897.98	3074.32
899.60	3073.28
901.22	3110.95
902.85	3093.16
904.47	3116.18
906.10	3116.18
907.72	3118.27
909.34	3125.60
910.97	3159.08
912.59	3171.64
914.21	3217.68
915.84	3242.79
917.46	3295.11
919.08	3313.95
920.71	3344.30
922.33	3365.22
923.95	3375.69
925.58	3398.71
927.20	3409.17
928.82	3414.40
930.44	3444.75
932.07	3425.91
933.69	3442.66
935.31	3436.38
936.93	3457.31
938.56	3449.98
940.18	3475.10
941.80	3458.35
943.42	3488.70
945.05	3483.47
946.67	3481.37
948.29	3487.65
949.91	3491.84
951.53	3500.21
953.16	3498.12
954.78	3488.70
956.40	3474.05
958.02	3468.82
959.64	3485.56
961.26	3477.19
962.88	3494.98
964.51	3473.00
966.13	3504.39
967.75	3491.84
969.37	3490.79
970.99	3482.42
972.61	3488.70
974.23	3484.51
975.85	3491.84
977.47	3490.79
979.09	3502.30
980.71	3488.70
982.33	3504.39
983.95	3504.39
985.57	3516.95
987.19	3496.02
988.81	3520.09
990.43	3509.63
992.05	3522.18
993.67	3514.86
995.29	3524.28
996.91	3516.95
998.53	3553.58
1000.15	3543.11
1001.77	3562.99
1003.39	3556.71
1005.01	3566.13
1006.63	3572.41
1008.25	3589.15
1009.86	3576.60
1011.48	3582.87
1013.10	3583.92
1014.72	3601.71
1016.34	3599.62
1017.96	3625.78
1019.58	3596.48
1021.19	3617.41
1022.81	3609.03
1024.43	3637.29
1026.05	3617.41
1027.66	3645.66
1029.28	3635.19
1030.90	3654.03
1032.52	3619.50
1034.13	3642.52
1035.75	3643.57
1037.37	3657.17
1038.98	3656.12
1040.60	3664.49
1042.22	3638.33
1043.83	3663.45
1045.45	3657.17
1047.07	3668.68
1048.68	3664.49
1050.30	3665.54
1051.92	3659.26
1053.53	3659.26
1055.15	3645.66
1056.76	3666.59
1058.38	3663.45
1059.99	3674.96
1061.61	3650.89
1063.22	3665.54
1064.84	3664.49
1066.46	3663.45
1068.07	3649.84
1069.68	3657.17
1071.30	3663.45
1072.91	3665.54
1074.53	3643.57
1076.14	3659.26
1077.76	3633.10
1079.37	3648.80
1080.98	3614.27
1082.60	3642.52
1084.21	3639.38
1085.83	3641.47
1087.44	3634.15
1089.05	3626.82
1090.67	3626.82
1092.28	3639.38
1093.89	3636.24
1095.50	3633.10
1097.12	3612.17
1098.73	3639.38
1100.34	3606.94
1101.95	3632.06
1103.57	3616.36
1105.18	3617.41
1106.79	3611.13
1108.40	3633.10
1110.01	3623.68
1111.63	3622.64
1113.24	3614.27
1114.85	3622.64
1116.46	3612.17
1118.07	3633.10
1119.68	3613.22
1121.29	3631.01
1122.90	3615.31
1124.51	3631.01
1126.12	3623.68
1127.73	3637.29
1129.34	3631.01
1130.95	3651.94
1132.56	3634.15
1134.17	3625.78
1135.78	3620.54
1137.39	3644.61
1139.00	3611.13
1140.61	3625.78
1142.22	3622.64
1143.83	3622.64
1145.44	3617.41
1147.05	3619.50
1148.65	3616.36
1150.26	3616.36
1151.87	3602.76
1153.48	3621.59
1155.09	3618.45
1156.69	3631.01
1158.30	3597.52
1159.91	3607.99
1161.52	3610.08
1163.12	3631.01
1164.73	3612.17
1166.34	3628.92
1167.94	3616.36
1169.55	3639.38
1171.16	3635.19
1172.76	3642.52
1174.37	3618.45
1175.97	3625.78
1177.58	3606.94
1179.19	3649.84
1180.79	3619.50
1182.40	3633.10
1184.00	3612.17
1185.61	3639.38
1187.21	3621.59
1188.82	3632.06
1190.42	3617.41
1192.02	3620.54
1193.63	3601.71
1195.23	3628.92
1196.84	3620.54
1198.44	3637.29
1200.04	3626.82
1201.65	3625.78
1203.25	3612.17
1204.85	3631.01
1206.46	3605.90
1208.06	3621.59
1209.66	3611.13
1211.26	3615.31
1212.87	3616.36
1214.47	3597.52
1216.07	3593.34
1217.67	3612.17
1219.27	3594.38
1220.87	3596.48
1222.48	3588.11
1224.08	3597.52
1225.68	3592.29
1227.28	3600.66
1228.88	3581.83
1230.48	3600.66
1232.08	3575.55
1233.68	3597.52
1235.28	3587.06
1236.88	3579.74
1238.48	3561.95
1240.08	3591.25
1241.68	3550.44
1243.28	3569.27
1244.87	3547.30
1246.47	3555.67
1248.07	3547.30
1249.67	3554.62
1251.27	3546.25
1252.87	3534.74
1254.46	3518.00
1256.06	3521.14
1257.66	3514.86
1259.26	3511.72
1260.85	3508.58
1262.45	3513.81
1264.05	3510.67
1265.64	3524.28
1267.24	3513.81
1268.83	3519.04
1270.43	3513.81
1272.03	3523.23
1273.62	3492.88
1275.22	3491.84
1276.81	3501.26
1278.41	3497.07
1280.00	3494.98
1281.60	3505.44
1283.19	3489.74
1284.79	3499.16
1286.38	3479.28
1287.97	3506.49
1289.57	3484.51
1291.16	3485.56
1292.75	3463.58
1294.35	3481.37
1295.94	3467.77
1297.53	3480.33
1299.12	3461.49
1300.72	3468.82
1302.31	3435.33
1303.90	3467.77
1305.49	3460.45
1307.08	3447.89
1308.68	3439.52
1310.27	3445.80
1311.86	3435.33
1313.45	3434.29
1315.04	3429.05
1316.63	3428.01
1318.22	3422.78
1319.81	3418.59
1321.40	3411.26
1322.99	3428.01
1324.58	3400.80
1326.17	3406.03
1327.75	3390.34
1329.34	3407.08
1330.93	3388.24
1332.52	3384.06
1334.11	3387.20
1335.70	3385.10
1337.28	3368.36
1338.87	3370.46
1340.46	3356.85
1342.05	3359.99
1343.63	3349.53
1345.22	3353.71
1346.81	3355.81
1348.39	3342.20
1349.98	3327.55
1351.56	3328.60
1353.15	3312.90
1354.73	3319.18
1356.32	3293.02
1357.90	3296.16
1359.49	3281.51
1361.07	3268.95
1362.66	3268.95
1364.24	3271.05
1365.82	3268.95
1367.41	3264.77
1368.99	3239.66
1370.57	3244.89
1372.16	3236.52
1373.74	3227.10
1375.32	3216.63
1376.91	3209.31
1378.49	3171.64
1380.07	3140.25
1381.65	3127.69
1383.23	3114.09
1384.81	3103.62
1386.39	3099.44
1387.97	3094.21
1389.55	3081.65
1391.14	3070.14
1392.72	3043.98
1394.29	3035.61
1395.87	3022.00
1397.45	3011.54
1399.03	3014.68
1400.61	3003.17
1402.19	2988.52
1403.77	2977.01
1405.35	2980.15
1406.92	2962.36
1408.50	2969.68
1410.08	2959.22
1411.66	2948.76
1413.23	2946.66
1414.81	2960.27
1416.39	2933.06
1417.96	2949.80
1419.54	2928.87
1421.12	2941.43
1422.69	2937.25
1424.27	2930.97
1425.84	2941.43
1427.42	2933.06
1428.99	2923.64
1430.57	2927.83
1432.14	2919.46
1433.71	2922.60
1435.29	2928.87
1436.86	2924.69
1438.43	2922.60
1440.01	2923.64
1441.58	2801.21
1443.15	2932.01
1444.72	2921.55
1446.30	2905.85
1447.87	2922.60
1449.44	2918.41
1451.01	2904.81
1452.58	2923.64
1454.15	2915.27
1455.72	2914.22
1457.29	2903.76
1458.86	2915.27
1460.43	2903.76
1462.00	2928.87
1463.57	2910.04
1465.14	2918.41
1466.71	2916.32
1468.28	2919.46
1469.85	2910.04
1471.41	2926.78
1472.98	2911.09
1474.55	2930.97
1476.12	2913.18
1477.68	2910.04
1479.25	2922.60
1480.82	2919.46
1482.38	2934.11
1483.95	2919.46
1485.51	2924.69
1487.08	2928.87
1488.64	2930.97
1490.21	2935.15
1491.77	2924.69
1493.34	2943.52
1494.90	2925.74
1496.46	2934.11
1498.03	2927.83
1499.59	2937.25
1501.15	2933.06
1502.72	2937.25
1504.28	2941.43
1505.84	2946.66
1507.40	2935.15
1508.97	2952.94
1510.53	2944.57
1512.09	2955.03
1513.65	2956.08
1515.21	2961.31
1516.77	2942.48
1518.33	2964.45
1519.89	2968.64
1521.45	2960.27
1523.01	2951.90
1524.57	2965.50
1526.13	2957.13
1527.68	2969.68
1529.24	2971.78
1530.80	2965.50
1532.36	2967.59
1533.92	2966.54
1535.47	2960.27
1537.03	2960.27
1538.59	2962.36
1540.14	2960.27
1541.70	2955.03
1543.25	2981.19
1544.81	2969.68
1546.36	2973.87
1547.92	2961.31
1549.47	2975.96
1551.03	2963.41
1552.58	2959.22
1554.13	2968.64
1555.69	2970.73
1557.24	2948.76
1558.79	2955.03
1560.35	2957.13
1561.90	2962.36
1563.45	2945.62
1565.00	2963.41
1566.55	2948.76
1568.10	2955.03
1569.66	2948.76
1571.21	2959.22
1572.76	2942.48
1574.31	2952.94
1575.86	2942.48
1577.40	2948.76
1578.95	2943.52
1580.50	2946.66
1582.05	2929.92
1583.60	2940.38
1585.15	2930.97
1586.69	2940.38
1588.24	2936.20
1589.79	2945.62
1591.34	2927.83
1592.88	2955.03
1594.43	2916.32
1595.97	2935.15
1597.52	2938.29
1599.06	2937.25
1600.61	2922.60
1602.15	2945.62
1603.70	2933.06
1605.24	2930.97
1606.79	2924.69
1608.33	2913.18
1609.87	2913.18
1611.41	2927.83
1612.96	2929.92
1614.50	2913.18
1616.04	2916.32
1617.58	2926.78
1619.12	2915.27
1620.67	2920.50
1622.21	2894.34
1623.75	2904.81
1625.29	2892.25
1626.83	2906.90
1628.37	2906.90
1629.90	2883.88
1631.44	2882.83
1632.98	2887.02
1634.52	2860.86
1636.06	2861.90
1637.59	2865.04
1639.13	2840.98
1640.67	2836.79
1642.21	2823.19
1643.74	2809.58
1645.28	2791.80
1646.81	2785.52
1648.35	2795.98
1649.88	2763.54
1651.42	2767.73
1652.95	2745.75
1654.49	2760.40
1656.02	2741.57
1657.55	2746.80
1659.09	2725.87
1660.62	2743.66
1662.15	2722.73
1663.68	2718.55
1665.22	2710.18
1666.75	2714.36
1668.28	2704.94
1669.81	2722.73
1671.34	2705.99
1672.87	2710.18
1674.40	2723.78
1675.93	2713.32
1677.46	2691.34
1678.99	2678.78
1680.52	2690.29
1682.04	2708.08
1683.57	2690.29
1685.10	2698.67
1686.63	2684.02
1688.15	2689.25
1689.68	2681.92
1691.21	2680.88
1692.73	2681.92
1694.26	2694.48
1695.78	2682.97
1697.31	2692.39
1698.83	2665.18
1700.36	2674.60
1701.88	2665.18
1703.40	2684.02
1704.93	2668.32
1706.45	2671.46
