896.35	2882.83
897.98	2893.30
899.60	2893.30
901.22	2913.18
902.85	2902.71
904.47	2912.13
906.10	2922.60
907.72	2920.50
909.34	2930.97
910.97	2945.62
912.59	2953.99
914.21	2974.92
915.84	2991.66
917.46	3018.86
919.08	3040.84
920.71	3043.98
922.33	3068.05
923.95	3071.18
925.58	3098.39
927.20	3081.65
928.82	3090.02
930.44	3109.90
932.07	3108.86
933.69	3101.53
935.31	3114.09
936.93	3117.23
938.56	3118.27
940.18	3122.46
941.80	3123.50
943.42	3133.97
945.05	3146.53
946.67	3129.78
948.29	3138.15
949.91	3133.97
951.53	3149.66
953.16	3147.57
954.78	3152.80
956.40	3128.74
958.02	3132.92
959.64	3138.15
961.26	3142.34
962.88	3132.92
964.51	3130.83
966.13	3144.43
967.75	3145.48
969.37	3136.06
970.99	3143.39
972.61	3136.06
974.23	3135.02
975.85	3136.06
977.47	3145.48
979.09	3142.34
980.71	3137.11
982.33	3150.71
983.95	3156.99
985.57	3167.45
987.19	3153.85
988.81	3162.22
990.43	3152.80
992.05	3148.62
993.67	3170.59
995.29	3168.50
996.91	3158.04
998.53	3174.78
1000.15	3186.29
1001.77	3175.82
1003.39	3186.29
1005.01	3182.10
1006.63	3189.43
1008.25	3191.52
1009.86	3198.85
1011.48	3188.38
1013.10	3198.85
1014.72	3208.26
1016.34	3207.22
1017.96	3225.01
1019.58	3211.40
1021.19	3211.40
1022.81	3219.77
1024.43	3227.10
1026.05	3220.82
1027.66	3227.10
1029.28	3236.52
1030.90	3227.10
1032.52	3213.50
1034.13	3227.10
1035.75	3241.75
1037.37	3233.38
1038.98	3251.17
1040.60	3241.75
1042.22	3229.19
1043.83	3226.05
1045.45	3236.52
1047.07	3238.61
1048.68	3251.17
1050.30	3234.42
1051.92	3248.03
1053.53	3242.79
1055.15	3243.84
1056.76	3234.42
1058.38	3239.66
1059.99	3245.93
1061.61	3238.61
1063.22	3241.75
1064.84	3251.17
1066.46	3242.79
1068.07	3235.47
1069.68	3233.38
1071.30	3243.84
1072.91	3237.56
1074.53	3231.28
1076.14	3243.84
1077.76	3234.42
1079.37	3232.33
1080.98	3209.31
1082.60	3225.01
1084.21	3225.01
1085.83	3227.10
1087.44	3234.42
1089.05	3216.63
1090.67	3218.73
1092.28	3219.77
1093.89	3227.10
1095.50	3221.87
1097.12	3227.10
1098.73	3227.10
1100.34	3209.31
1101.95	3220.82
1103.57	3218.73
1105.18	3207.22
1106.79	3204.08
1108.40	3212.45
1110.01	3222.91
1111.63	3225.01
1113.24	3227.10
1114.85	3226.05
1116.46	3226.05
1118.07	3225.01
1119.68	3209.31
1121.29	3222.91
1122.90	3217.68
1124.51	3220.82
1126.12	3225.01
1127.73	3235.47
1129.34	3232.33
1130.95	3232.33
1132.56	3231.28
1134.17	3208.26
1135.78	3216.63
1137.39	3223.96
1139.00	3216.63
1140.61	3213.50
1142.22	3225.01
1143.83	3207.22
1145.44	3211.40
1147.05	3212.45
1148.65	3218.73
1150.26	3209.31
1151.87	3204.08
1153.48	3206.17
1155.09	3216.63
1156.69	3212.45
1158.30	3199.89
1159.91	3211.40
1161.52	3222.91
1163.12	3217.68
1164.73	3216.63
1166.34	3226.05
1167.94	3220.82
1169.55	3221.87
1171.16	3227.10
1172.76	3230.24
1174.37	3228.14
1175.97	3230.24
1177.58	3212.45
1179.19	3231.28
1180.79	3210.36
1182.40	3215.59
1184.00	3211.40
1185.61	3230.24
1187.21	3231.28
1188.82	3217.68
1190.42	3213.50
1192.02	3218.73
1193.63	3212.45
1195.23	3226.05
1196.84	3225.01
1198.44	3230.24
1200.04	3223.96
1201.65	3210.36
1203.25	3221.87
1204.85	3223.96
1206.46	3208.26
1208.06	3213.50
1209.66	3205.12
1211.26	3206.17
1212.87	3228.14
1214.47	3213.50
1216.07	3213.50
1217.67	3211.40
1219.27	3197.80
1220.87	3206.17
1222.48	3205.12
1224.08	3203.03
1225.68	3210.36
1227.28	3209.31
1228.88	3204.08
1230.48	3210.36
1232.08	3196.75
1233.68	3201.98
1235.28	3210.36
1236.88	3206.17
1238.48	3192.57
1240.08	3212.45
1241.68	3182.10
1243.28	3193.61
1244.87	3187.34
1246.47	3183.15
1248.07	3177.92
1249.67	3178.96
1251.27	3187.34
1252.87	3167.45
1254.46	3160.13
1256.06	3160.13
1257.66	3169.55
1259.26	3171.64
1260.85	3173.73
1262.45	3165.36
1264.05	3167.45
1265.64	3161.18
1267.24	3166.41
1268.83	3166.41
1270.43	3165.36
1272.03	3174.78
1273.62	3155.94
1275.22	3148.62
1276.81	3155.94
1278.41	3147.57
1280.00	3151.76
1281.60	3158.04
1283.19	3145.48
1284.79	3154.90
1286.38	3143.39
1287.97	3151.76
1289.57	3137.11
1291.16	3145.48
1292.75	3135.02
1294.35	3142.34
1295.94	3137.11
1297.53	3141.29
1299.12	3130.83
1300.72	3146.53
1302.31	3120.37
1303.90	3146.53
1305.49	3144.43
1307.08	3116.18
1308.68	3114.09
1310.27	3119.32
1311.86	3116.18
1313.45	3117.23
1315.04	3117.23
1316.63	3118.27
1318.22	3111.99
1319.81	3110.95
1321.40	3099.44
1322.99	3103.62
1324.58	3093.16
1326.17	3094.21
1327.75	3086.88
1329.34	3095.25
1330.93	3092.11
1332.52	3081.65
1334.11	3079.56
1335.70	3077.46
1337.28	3065.95
1338.87	3071.18
1340.46	3074.32
1342.05	3062.81
1343.63	3061.77
1345.22	3065.95
1346.81	3070.14
1348.39	3055.49
1349.98	3063.86
1351.56	3047.12
1353.15	3047.12
1354.73	3049.21
1356.32	3030.38
1357.90	3035.61
1359.49	3039.79
1361.07	3012.59
1362.66	3010.49
1364.24	3022.00
1365.82	3022.00
1367.41	3017.82
1368.99	3001.08
1370.57	2998.98
1372.16	3008.40
1373.74	2996.89
1375.32	2992.70
1376.91	2992.70
1378.49	2971.78
1380.07	2943.52
1381.65	2935.15
1383.23	2933.06
1384.81	2934.11
1386.39	2925.74
1387.97	2921.55
1389.55	2918.41
1391.14	2910.04
1392.72	2893.30
1394.29	2902.71
1395.87	2892.25
1397.45	2879.69
1399.03	2877.60
1400.61	2877.60
1402.19	2875.51
1403.77	2868.18
1405.35	2876.55
1406.92	2862.95
1408.50	2859.81
1410.08	2861.90
1411.66	2856.67
1413.23	2855.63
1414.81	2856.67
1416.39	2843.07
1417.96	2858.77
1419.54	2853.53
1421.12	2853.53
1422.69	2859.81
1424.27	2848.30
1425.84	2859.81
1427.42	2850.39
1428.99	2849.35
1430.57	2840.98
1432.14	2847.26
1433.71	2851.44
1435.29	2856.67
1436.86	2847.26
1438.43	2838.88
1440.01	2837.84
1441.58	2721.69
1443.15	2838.88
1444.72	2839.93
1446.30	2834.70
1447.87	2846.21
1449.44	2837.84
1451.01	2832.61
1452.58	2843.07
1454.15	2843.07
1455.72	2827.37
1457.29	2826.33
1458.86	2837.84
1460.43	2833.65
1462.00	2853.53
1463.57	2834.70
1465.14	2831.56
1466.71	2826.33
1468.28	2839.93
1469.85	2836.79
1471.41	2842.02
1472.98	2833.65
1474.55	2845.16
1476.12	2829.47
1477.68	2827.37
1479.25	2846.21
1480.82	2835.74
1482.38	2843.07
1483.95	2830.51
1485.51	2837.84
1487.08	2847.26
1488.64	2837.84
1490.21	2842.02
1491.77	2842.02
1493.34	2850.39
1494.90	2837.84
1496.46	2833.65
1498.03	2842.02
1499.59	2849.35
1501.15	2839.93
1502.72	2840.98
1504.28	2847.26
1505.84	2839.93
1507.40	2831.56
1508.97	2846.21
1510.53	2835.74
1512.09	2854.58
1513.65	2857.72
1515.21	2853.53
1516.77	2837.84
1518.33	2855.63
1519.89	2853.53
1521.45	2849.35
1523.01	2854.58
1524.57	2857.72
1526.13	2852.49
1527.68	2860.86
1529.24	2866.09
1530.80	2858.77
1532.36	2865.04
1533.92	2857.72
1535.47	2843.07
1537.03	2847.26
1538.59	2852.49
1540.14	2848.30
1541.70	2842.02
1543.25	2855.63
1544.81	2853.53
1546.36	2850.39
1547.92	2838.88
1549.47	2858.77
1551.03	2850.39
1552.58	2842.02
1554.13	2845.16
1555.69	2849.35
1557.24	2844.12
1558.79	2842.02
1560.35	2837.84
1561.90	2852.49
1563.45	2837.84
1565.00	2847.26
1566.55	2842.02
1568.10	2837.84
1569.66	2831.56
1571.21	2848.30
1572.76	2842.02
1574.31	2844.12
1575.86	2839.93
1577.40	2831.56
1578.95	2829.47
1580.50	2823.19
1582.05	2820.05
1583.60	2829.47
1585.15	2823.19
1586.69	2833.65
1588.24	2830.51
1589.79	2832.61
1591.34	2816.91
1592.88	2830.51
1594.43	2814.82
1595.97	2825.28
1597.52	2823.19
1599.06	2820.05
1600.61	2808.54
1602.15	2832.61
1603.70	2822.14
1605.24	2820.05
1606.79	2820.05
1608.33	2808.54
1609.87	2807.49
1611.41	2822.14
1612.96	2816.91
1614.50	2798.07
1616.04	2804.35
1617.58	2808.54
1619.12	2802.26
1620.67	2806.45
1622.21	2785.52
1623.75	2808.54
1625.29	2784.47
1626.83	2778.19
1628.37	2797.03
1629.90	2783.42
1631.44	2783.42
1632.98	2789.70
1634.52	2767.73
1636.06	2769.82
1637.59	2782.38
1639.13	2766.68
1640.67	2764.59
1642.21	2752.03
1643.74	2755.17
1645.28	2731.10
1646.81	2727.97
1648.35	2729.01
1649.88	2710.18
1651.42	2712.27
1652.95	2705.99
1654.49	2719.59
1656.02	2702.85
1657.55	2704.94
1659.09	2682.97
1660.62	2702.85
1662.15	2688.20
1663.68	2691.34
1665.22	2678.78
1666.75	2687.16
1668.28	2684.02
1669.81	2697.62
1671.34	2676.69
1672.87	2688.20
1674.40	2689.25
1675.93	2679.83
1677.46	2666.23
1678.99	2663.09
1680.52	2664.13
1682.04	2672.51
1683.57	2666.23
1685.10	2673.55
1686.63	2665.18
1688.15	2669.37
1689.68	2655.76
1691.21	2654.72
1692.73	2663.09
1694.26	2675.65
1695.78	2659.95
1697.31	2659.95
1698.83	2653.67
1700.36	2662.04
1701.88	2655.76
1703.40	2664.13
1704.93	2649.49
1706.45	2653.67
