896.35	3343.25
897.98	3370.46
899.60	3365.22
901.22	3408.13
902.85	3395.57
904.47	3423.82
906.10	3421.73
907.72	3453.12
909.34	3463.58
910.97	3506.49
912.59	3530.55
914.21	3611.13
915.84	3654.03
917.46	3727.28
919.08	3767.04
920.71	3810.99
922.33	3838.20
923.95	3877.96
925.58	3900.98
927.20	3918.77
928.82	3915.63
930.44	3966.90
932.07	3941.79
933.69	3975.27
935.31	3970.04
936.93	4007.71
938.56	4006.67
940.18	4038.06
941.80	4013.99
943.42	4054.80
945.05	4045.38
946.67	4061.08
948.29	4044.34
949.91	4063.17
951.53	4051.66
953.16	4082.01
954.78	4061.08
956.40	4069.45
958.02	4058.99
959.64	4080.96
961.26	4056.89
962.88	4079.91
964.51	4043.29
966.13	4095.61
967.75	4066.31
969.37	4073.64
970.99	4052.71
972.61	4074.68
974.23	4058.99
975.85	4087.24
977.47	4076.78
979.09	4093.52
980.71	4066.31
982.33	4107.12
983.95	4088.29
985.57	4125.96
987.19	4079.91
988.81	4118.63
990.43	4090.38
992.05	4119.68
993.67	4120.72
995.29	4140.61
996.91	4113.40
998.53	4168.86
1000.15	4150.02
1001.77	4188.74
1003.39	4168.86
1005.01	4199.20
1006.63	4183.51
1008.25	4214.90
1009.86	4205.48
1011.48	4230.60
1013.10	4210.71
1014.72	4251.52
1016.34	4226.41
1017.96	4273.50
1019.58	4244.20
1021.19	4276.64
1022.81	4261.99
1024.43	4302.80
1026.05	4270.36
1027.66	4312.22
1029.28	4289.19
1030.90	4314.31
1032.52	4287.10
1034.13	4331.05
1035.75	4321.63
1037.37	4341.51
1038.98	4332.10
1040.60	4357.21
1042.22	4313.26
1043.83	4345.70
1045.45	4328.96
1047.07	4354.07
1048.68	4332.10
1050.30	4354.07
1051.92	4327.91
1053.53	4346.75
1055.15	4330.00
1056.76	4349.89
1058.38	4334.19
1059.99	4372.91
1061.61	4324.77
1063.22	4340.47
1064.84	4326.86
1066.46	4342.56
1068.07	4320.59
1069.68	4348.84
1071.30	4322.68
1072.91	4347.79
1074.53	4317.45
1076.14	4334.19
1077.76	4292.33
1079.37	4334.19
1080.98	4287.10
1082.60	4316.40
1084.21	4288.15
1085.83	4308.03
1087.44	4280.82
1089.05	4299.66
1090.67	4278.73
1092.28	4291.29
1093.89	4282.92
1095.50	4306.98
1097.12	4278.73
1098.73	4295.47
1100.34	4255.71
1101.95	4287.10
1103.57	4269.31
1105.18	4281.87
1106.79	4258.85
1108.40	4285.01
1110.01	4266.17
1111.63	4304.89
1113.24	4286.06
1114.85	4310.12
1116.46	4279.78
1118.07	4316.40
1119.68	4272.45
1121.29	4305.94
1122.90	4277.68
1124.51	4293.38
1126.12	4283.96
1127.73	4317.45
1129.34	4306.98
1130.95	4327.91
1132.56	4315.35
1134.17	4311.17
1135.78	4292.33
1137.39	4327.91
1139.00	4306.98
1140.61	4330.00
1142.22	4316.40
1143.83	4339.42
1145.44	4330.00
1147.05	4351.98
1148.65	4330.00
1150.26	4348.84
1151.87	4326.86
1153.48	4360.35
1155.09	4364.54
1156.69	4383.37
1158.30	4359.30
1159.91	4384.42
1161.52	4373.95
1163.12	4400.11
1164.73	4371.86
1166.34	4416.86
1167.94	4376.05
1169.55	4405.34
1171.16	4378.14
1172.76	4410.58
1174.37	4388.60
1175.97	4424.18
1177.58	4391.74
1179.19	4439.88
1180.79	4402.21
1182.40	4426.27
1184.00	4389.65
1185.61	4427.32
1187.21	4399.07
1188.82	4426.27
1190.42	4395.93
1192.02	4416.86
1193.63	4384.42
1195.23	4421.04
1196.84	4407.44
1198.44	4432.55
1200.04	4400.11
1201.65	4414.76
1203.25	4385.46
1204.85	4408.48
1206.46	4386.51
1208.06	4412.67
1209.66	4378.14
1211.26	4403.25
1212.87	4387.56
1214.47	4390.70
1216.07	4371.86
1217.67	4387.56
1219.27	4351.98
1220.87	4390.70
1222.48	4357.21
1224.08	4372.91
1225.68	4349.89
1227.28	4367.67
1228.88	4334.19
1230.48	4359.30
1232.08	4317.45
1233.68	4356.16
1235.28	4337.33
1236.88	4337.33
1238.48	4304.89
1240.08	4353.02
1241.68	4289.19
1243.28	4300.70
1244.87	4271.41
1246.47	4281.87
1248.07	4254.66
1249.67	4273.50
1251.27	4257.80
1252.87	4249.43
1254.46	4226.41
1256.06	4234.78
1257.66	4216.99
1259.26	4231.64
1260.85	4213.85
1262.45	4223.27
1264.05	4209.67
1265.64	4229.55
1267.24	4195.02
1268.83	4212.81
1270.43	4195.02
1272.03	4223.27
1273.62	4202.34
1275.22	4199.20
1276.81	4188.74
1278.41	4205.48
1280.00	4199.20
1281.60	4209.67
1283.19	4178.28
1284.79	4199.20
1286.38	4163.63
1287.97	4191.88
1289.57	4158.39
1291.16	4173.04
1292.75	4147.93
1294.35	4172.00
1295.94	4146.88
1297.53	4158.39
1299.12	4119.68
1300.72	4168.86
1302.31	4112.35
1303.90	4147.93
1305.49	4136.42
1307.08	4134.33
1308.68	4106.07
1310.27	4127.00
1311.86	4115.49
1313.45	4121.77
1315.04	4102.94
1316.63	4115.49
1318.22	4105.03
1319.81	4117.58
1321.40	4102.94
1322.99	4113.40
1324.58	4073.64
1326.17	4098.75
1327.75	4075.73
1329.34	4094.56
1330.93	4073.64
1332.52	4080.96
1334.11	4071.54
1335.70	4088.29
1337.28	4063.17
1338.87	4088.29
1340.46	4064.22
1342.05	4078.87
1343.63	4049.57
1345.22	4053.75
1346.81	4056.89
1348.39	4054.80
1349.98	4041.20
1351.56	4038.06
1353.15	4005.62
1354.73	4004.57
1356.32	3976.32
1357.90	3997.25
1359.49	3981.55
1361.07	3958.53
1362.66	3929.23
1364.24	3958.53
1365.82	3944.93
1367.41	3955.39
1368.99	3922.95
1370.57	3921.91
1372.16	3913.54
1373.74	3929.23
1375.32	3898.89
1376.91	3891.56
1378.49	3837.15
1380.07	3800.53
1381.65	3763.90
1383.23	3760.76
1384.81	3770.18
1386.39	3795.29
1387.97	3774.37
1389.55	3791.11
1391.14	3777.50
1392.72	3772.27
1394.29	3770.18
1395.87	3764.95
1397.45	3765.99
1399.03	3795.29
1400.61	3763.90
1402.19	3800.53
1403.77	3779.60
1405.35	3807.85
1406.92	3796.34
1408.50	3823.55
1410.08	3819.36
1411.66	3846.57
1413.23	3821.45
1414.81	3845.52
1416.39	3824.59
1417.96	3850.75
1419.54	3827.73
1421.12	3858.08
1422.69	3862.26
1424.27	3872.73
1425.84	3863.31
1427.42	3875.87
1428.99	3861.22
1430.57	3876.91
1432.14	3841.34
1433.71	3863.31
1435.29	3851.80
1436.86	3854.94
1438.43	3843.43
1440.01	3841.34
1441.58	3695.89
1443.15	3838.20
1444.72	3815.18
1446.30	3827.73
1447.87	3816.22
1449.44	3816.22
1451.01	3793.20
1452.58	3820.41
1454.15	3797.39
1455.72	3794.25
1457.29	3780.64
1458.86	3796.34
1460.43	3767.04
1462.00	3800.53
1463.57	3762.86
1465.14	3773.32
1466.71	3734.60
1468.28	3756.58
1469.85	3730.42
1471.41	3734.60
1472.98	3696.93
1474.55	3721.00
1476.12	3689.61
1477.68	3702.16
1479.25	3687.51
1480.82	3693.79
1482.38	3680.19
1483.95	3665.54
1485.51	3661.35
1487.08	3697.98
1488.64	3677.05
1490.21	3699.02
1491.77	3665.54
1493.34	3678.10
1494.90	3635.19
1496.46	3642.52
1498.03	3626.82
1499.59	3644.61
1501.15	3625.78
1502.72	3637.29
1504.28	3615.31
1505.84	3611.13
1507.40	3601.71
1508.97	3623.68
1510.53	3598.57
1512.09	3610.08
1513.65	3603.80
1515.21	3605.90
1516.77	3577.64
1518.33	3593.34
1519.89	3575.55
1521.45	3586.01
1523.01	3570.32
1524.57	3594.38
1526.13	3560.90
1527.68	3580.78
1529.24	3564.04
1530.80	3565.09
1532.36	3561.95
1533.92	3555.67
1535.47	3532.65
1537.03	3537.88
1538.59	3529.51
1540.14	3526.37
1541.70	3510.67
1543.25	3532.65
1544.81	3510.67
1546.36	3519.04
1547.92	3492.88
1549.47	3511.72
1551.03	3496.02
1552.58	3497.07
1554.13	3473.00
1555.69	3484.51
1557.24	3466.72
1558.79	3471.96
1560.35	3457.31
1561.90	3464.63
1563.45	3431.15
1565.00	3441.61
1566.55	3415.45
1568.10	3431.15
1569.66	3408.13
1571.21	3428.01
1572.76	3403.94
1574.31	3410.22
1575.86	3387.20
1577.40	3388.24
1578.95	3375.69
1580.50	3384.06
1582.05	3369.41
1583.60	3377.78
1585.15	3359.99
1586.69	3362.08
1588.24	3357.90
1589.79	3353.71
1591.34	3332.78
1592.88	3353.71
1594.43	3319.18
1595.97	3342.20
1597.52	3326.51
1599.06	3333.83
1600.61	3311.86
1602.15	3334.88
1603.70	3315.00
1605.24	3320.23
1606.79	3299.30
1608.33	3291.98
1609.87	3294.07
1611.41	3313.95
1612.96	3295.11
1614.50	3282.56
1616.04	3275.23
1617.58	3285.70
1619.12	3259.54
1620.67	3270.00
1622.21	3236.52
1623.75	3265.82
1625.29	3233.38
1626.83	3230.24
1628.37	3229.19
1629.90	3201.98
1631.44	3195.71
1632.98	3186.29
1634.52	3146.53
1636.06	3136.06
1637.59	3121.41
1639.13	3093.16
1640.67	3053.40
1642.21	3033.51
1643.74	3010.49
1645.28	2973.87
1646.81	2938.29
1648.35	2933.06
1649.88	2888.06
1651.42	2889.11
1652.95	2857.72
1654.49	2871.32
1656.02	2839.93
1657.55	2834.70
1659.09	2800.17
1660.62	2816.91
1662.15	2804.35
1663.68	2805.40
1665.22	2786.56
1666.75	2782.38
1668.28	2774.01
1669.81	2789.70
1671.34	2769.82
1672.87	2771.91
1674.40	2768.78
1675.93	2758.31
1677.46	2739.48
1678.99	2731.10
1680.52	2731.10
1682.04	2746.80
1683.57	2731.10
1685.10	2741.57
1686.63	2724.83
1688.15	2730.06
1689.68	2725.87
1691.21	2731.10
1692.73	2725.87
1694.26	2727.97
1695.78	2720.64
1697.31	2722.73
1698.83	2711.22
1700.36	2725.87
1701.88	2714.36
1703.40	2718.55
1704.93	2696.57
1706.45	2708.08
