896.35	2991.66
897.98	3005.26
899.60	3006.31
901.22	3024.10
902.85	3012.59
904.47	3028.28
906.10	3040.84
907.72	3036.65
909.34	3048.16
910.97	3065.95
912.59	3090.02
914.21	3120.37
915.84	3148.62
917.46	3185.24
919.08	3200.94
920.71	3220.82
922.33	3241.75
923.95	3248.03
925.58	3276.28
927.20	3270.00
928.82	3288.84
930.44	3307.67
932.07	3301.39
933.69	3295.11
935.31	3308.72
936.93	3323.37
938.56	3325.46
940.18	3330.69
941.80	3323.37
943.42	3336.97
945.05	3351.62
946.67	3343.25
948.29	3341.16
949.91	3332.78
951.53	3346.39
953.16	3354.76
954.78	3346.39
956.40	3335.92
958.02	3334.88
959.64	3335.92
961.26	3342.20
962.88	3345.34
964.51	3332.78
966.13	3354.76
967.75	3348.48
969.37	3340.11
970.99	3339.06
972.61	3340.11
974.23	3346.39
975.85	3356.85
977.47	3359.99
979.09	3351.62
980.71	3343.25
982.33	3353.71
983.95	3359.99
985.57	3374.64
987.19	3365.22
988.81	3376.73
990.43	3350.57
992.05	3366.27
993.67	3373.59
995.29	3379.87
996.91	3364.18
998.53	3398.71
1000.15	3394.52
1001.77	3397.66
1003.39	3408.13
1005.01	3406.03
1006.63	3402.89
1008.25	3406.03
1009.86	3419.64
1011.48	3420.68
1013.10	3422.78
1014.72	3437.42
1016.34	3435.33
1017.96	3452.07
1019.58	3442.66
1021.19	3430.10
1022.81	3441.61
1024.43	3453.12
1026.05	3442.66
1027.66	3467.77
1029.28	3462.54
1030.90	3466.72
1032.52	3442.66
1034.13	3463.58
1035.75	3469.86
1037.37	3471.96
1038.98	3477.19
1040.60	3471.96
1042.22	3459.40
1043.83	3474.05
1045.45	3473.00
1047.07	3479.28
1048.68	3479.28
1050.30	3473.00
1051.92	3483.47
1053.53	3477.19
1055.15	3481.37
1056.76	3476.14
1058.38	3473.00
1059.99	3483.47
1061.61	3469.86
1063.22	3462.54
1064.84	3466.72
1066.46	3465.68
1068.07	3471.96
1069.68	3468.82
1071.30	3475.10
1072.91	3465.68
1074.53	3453.12
1076.14	3473.00
1077.76	3460.45
1079.37	3461.49
1080.98	3436.38
1082.60	3451.03
1084.21	3453.12
1085.83	3442.66
1087.44	3454.17
1089.05	3439.52
1090.67	3433.24
1092.28	3434.29
1093.89	3441.61
1095.50	3434.29
1097.12	3432.19
1098.73	3443.70
1100.34	3425.91
1101.95	3445.80
1103.57	3432.19
1105.18	3422.78
1106.79	3415.45
1108.40	3426.96
1110.01	3440.56
1111.63	3446.84
1113.24	3439.52
1114.85	3436.38
1116.46	3433.24
1118.07	3445.80
1119.68	3434.29
1121.29	3440.56
1122.90	3425.91
1124.51	3425.91
1126.12	3436.38
1127.73	3443.70
1129.34	3435.33
1130.95	3451.03
1132.56	3455.21
1134.17	3429.05
1135.78	3432.19
1137.39	3439.52
1139.00	3424.87
1140.61	3437.42
1142.22	3432.19
1143.83	3419.64
1145.44	3423.82
1147.05	3431.15
1148.65	3444.75
1150.26	3426.96
1151.87	3412.31
1153.48	3423.82
1155.09	3438.47
1156.69	3436.38
1158.30	3415.45
1159.91	3421.73
1161.52	3434.29
1163.12	3437.42
1164.73	3429.05
1166.34	3448.94
1167.94	3429.05
1169.55	3441.61
1171.16	3442.66
1172.76	3445.80
1174.37	3437.42
1175.97	3443.70
1177.58	3419.64
1179.19	3449.98
1180.79	3428.01
1182.40	3432.19
1184.00	3432.19
1185.61	3445.80
1187.21	3439.52
1188.82	3433.24
1190.42	3430.10
1192.02	3425.91
1193.63	3424.87
1195.23	3430.10
1196.84	3430.10
1198.44	3426.96
1200.04	3429.05
1201.65	3434.29
1203.25	3429.05
1204.85	3438.47
1206.46	3413.36
1208.06	3422.78
1209.66	3411.26
1211.26	3411.26
1212.87	3424.87
1214.47	3417.54
1216.07	3419.64
1217.67	3418.59
1219.27	3416.50
1220.87	3419.64
1222.48	3410.22
1224.08	3407.08
1225.68	3412.31
1227.28	3409.17
1228.88	3396.62
1230.48	3408.13
1232.08	3389.29
1233.68	3397.66
1235.28	3402.89
1236.88	3394.52
1238.48	3376.73
1240.08	3397.66
1241.68	3361.04
1243.28	3374.64
1244.87	3374.64
1246.47	3359.99
1248.07	3363.13
1249.67	3365.22
1251.27	3366.27
1252.87	3348.48
1254.46	3333.83
1256.06	3336.97
1257.66	3345.34
1259.26	3340.11
1260.85	3346.39
1262.45	3329.65
1264.05	3339.06
1265.64	3328.60
1267.24	3331.74
1268.83	3332.78
1270.43	3326.51
1272.03	3344.30
1273.62	3319.18
1275.22	3308.72
1276.81	3321.27
1278.41	3317.09
1280.00	3320.23
1281.60	3317.09
1283.19	3302.44
1284.79	3313.95
1286.38	3308.72
1287.97	3319.18
1289.57	3296.16
1291.16	3300.35
1292.75	3284.65
1294.35	3301.39
1295.94	3290.93
1297.53	3300.35
1299.12	3291.98
1300.72	3296.16
1302.31	3271.05
1303.90	3295.11
1305.49	3296.16
1307.08	3272.09
1308.68	3267.91
1310.27	3267.91
1311.86	3272.09
1313.45	3265.82
1315.04	3268.95
1316.63	3267.91
1318.22	3265.82
1319.81	3252.21
1321.40	3254.30
1322.99	3260.58
1324.58	3239.66
1326.17	3244.89
1327.75	3232.33
1329.34	3241.75
1330.93	3225.01
1332.52	3222.91
1334.11	3221.87
1335.70	3219.77
1337.28	3206.17
1338.87	3207.22
1340.46	3203.03
1342.05	3197.80
1343.63	3200.94
1345.22	3201.98
1346.81	3205.12
1348.39	3194.66
1349.98	3182.10
1351.56	3180.01
1353.15	3177.92
1354.73	3182.10
1356.32	3154.90
1357.90	3155.94
1359.49	3151.76
1361.07	3143.39
1362.66	3142.34
1364.24	3142.34
1365.82	3133.97
1367.41	3132.92
1368.99	3116.18
1370.57	3117.23
1372.16	3122.46
1373.74	3110.95
1375.32	3108.86
1376.91	3096.30
1378.49	3068.05
1380.07	3045.02
1381.65	3039.79
1383.23	3023.05
1384.81	3019.91
1386.39	3012.59
1387.97	3023.05
1389.55	3010.49
1391.14	2996.89
1392.72	2982.24
1394.29	2974.92
1395.87	2970.73
1397.45	2963.41
1399.03	2963.41
1400.61	2951.90
1402.19	2945.62
1403.77	2930.97
1405.35	2946.66
1406.92	2943.52
1408.50	2934.11
1410.08	2933.06
1411.66	2924.69
1413.23	2918.41
1414.81	2924.69
1416.39	2906.90
1417.96	2916.32
1419.54	2903.76
1421.12	2911.09
1422.69	2906.90
1424.27	2906.90
1425.84	2915.27
1427.42	2908.99
1428.99	2907.95
1430.57	2903.76
1432.14	2896.44
1433.71	2898.53
1435.29	2904.81
1436.86	2902.71
1438.43	2898.53
1440.01	2894.34
1441.58	2769.82
1443.15	2888.06
1444.72	2892.25
1446.30	2881.79
1447.87	2893.30
1449.44	2894.34
1451.01	2882.83
1452.58	2895.39
1454.15	2887.02
1455.72	2876.55
1457.29	2881.79
1458.86	2885.97
1460.43	2877.60
1462.00	2900.62
1463.57	2879.69
1465.14	2890.16
1466.71	2878.65
1468.28	2895.39
1469.85	2890.16
1471.41	2890.16
1472.98	2883.88
1474.55	2897.48
1476.12	2881.79
1477.68	2879.69
1479.25	2900.62
1480.82	2887.02
1482.38	2899.58
1483.95	2876.55
1485.51	2885.97
1487.08	2899.58
1488.64	2895.39
1490.21	2899.58
1491.77	2877.60
1493.34	2900.62
1494.90	2888.06
1496.46	2901.67
1498.03	2889.11
1499.59	2896.44
1501.15	2890.16
1502.72	2897.48
1504.28	2906.90
1505.84	2905.85
1507.40	2893.30
1508.97	2906.90
1510.53	2905.85
1512.09	2915.27
1513.65	2916.32
1515.21	2905.85
1516.77	2897.48
1518.33	2916.32
1519.89	2913.18
1521.45	2912.13
1523.01	2914.22
1524.57	2921.55
1526.13	2914.22
1527.68	2911.09
1529.24	2923.64
1530.80	2914.22
1532.36	2918.41
1533.92	2915.27
1535.47	2902.71
1537.03	2908.99
1538.59	2908.99
1540.14	2907.95
1541.70	2910.04
1543.25	2920.50
1544.81	2900.62
1546.36	2913.18
1547.92	2898.53
1549.47	2912.13
1551.03	2910.04
1552.58	2900.62
1554.13	2908.99
1555.69	2918.41
1557.24	2898.53
1558.79	2905.85
1560.35	2899.58
1561.90	2899.58
1563.45	2890.16
1565.00	2900.62
1566.55	2895.39
1568.10	2891.20
1569.66	2881.79
1571.21	2898.53
1572.76	2895.39
1574.31	2893.30
1575.86	2888.06
1577.40	2879.69
1578.95	2880.74
1580.50	2882.83
1582.05	2869.23
1583.60	2874.46
1585.15	2865.04
1586.69	2879.69
1588.24	2877.60
1589.79	2878.65
1591.34	2861.90
1592.88	2889.11
1594.43	2866.09
1595.97	2880.74
1597.52	2872.37
1599.06	2876.55
1600.61	2868.18
1602.15	2882.83
1603.70	2869.23
1605.24	2873.42
1606.79	2855.63
1608.33	2851.44
1609.87	2853.53
1611.41	2870.28
1612.96	2867.14
1614.50	2851.44
1616.04	2849.35
1617.58	2857.72
1619.12	2850.39
1620.67	2861.90
1622.21	2836.79
1623.75	2850.39
1625.29	2837.84
1626.83	2833.65
1628.37	2848.30
1629.90	2831.56
1631.44	2836.79
1632.98	2831.56
1634.52	2811.68
1636.06	2815.86
1637.59	2825.28
1639.13	2805.40
1640.67	2795.98
1642.21	2785.52
1643.74	2776.10
1645.28	2763.54
1646.81	2750.99
1648.35	2755.17
1649.88	2737.38
1651.42	2742.62
1652.95	2726.92
1654.49	2745.75
1656.02	2718.55
1657.55	2725.87
1659.09	2705.99
1660.62	2720.64
1662.15	2711.22
1663.68	2703.90
1665.22	2698.67
1666.75	2709.13
1668.28	2702.85
1669.81	2717.50
1671.34	2695.53
1672.87	2705.99
1674.40	2701.81
1675.93	2693.43
1677.46	2680.88
1678.99	2681.92
1680.52	2686.11
1682.04	2689.25
1683.57	2678.78
1685.10	2693.43
1686.63	2680.88
1688.15	2681.92
1689.68	2677.74
1691.21	2674.60
1692.73	2679.83
1694.26	2681.92
1695.78	2659.95
1697.31	2670.41
1698.83	2652.62
1700.36	2676.69
1701.88	2668.32
1703.40	2679.83
1704.93	2667.27
1706.45	2667.27
