896.35	2993.75
897.98	3006.31
899.60	3013.63
901.22	3033.51
902.85	3024.10
904.47	3038.75
906.10	3046.07
907.72	3048.16
909.34	3052.35
910.97	3082.70
912.59	3101.53
914.21	3126.64
915.84	3140.25
917.46	3188.38
919.08	3212.45
920.71	3229.19
922.33	3252.21
923.95	3265.82
925.58	3288.84
927.20	3271.05
928.82	3283.60
930.44	3302.44
932.07	3309.76
933.69	3303.49
935.31	3319.18
936.93	3312.90
938.56	3321.27
940.18	3340.11
941.80	3331.74
943.42	3350.57
945.05	3356.85
946.67	3345.34
948.29	3356.85
949.91	3354.76
951.53	3363.13
953.16	3363.13
954.78	3354.76
956.40	3343.25
958.02	3338.02
959.64	3346.39
961.26	3351.62
962.88	3356.85
964.51	3343.25
966.13	3365.22
967.75	3356.85
969.37	3346.39
970.99	3357.90
972.61	3346.39
974.23	3345.34
975.85	3353.71
977.47	3357.90
979.09	3361.04
980.71	3352.67
982.33	3368.36
983.95	3368.36
985.57	3374.64
987.19	3365.22
988.81	3379.87
990.43	3363.13
992.05	3363.13
993.67	3389.29
995.29	3388.24
996.91	3381.97
998.53	3401.85
1000.15	3400.80
1001.77	3406.03
1003.39	3404.99
1005.01	3400.80
1006.63	3412.31
1008.25	3422.78
1009.86	3438.47
1011.48	3429.05
1013.10	3432.19
1014.72	3437.42
1016.34	3437.42
1017.96	3457.31
1019.58	3434.29
1021.19	3432.19
1022.81	3441.61
1024.43	3467.77
1026.05	3448.94
1027.66	3464.63
1029.28	3461.49
1030.90	3469.86
1032.52	3455.21
1034.13	3465.68
1035.75	3480.33
1037.37	3486.61
1038.98	3491.84
1040.60	3478.23
1042.22	3467.77
1043.83	3464.63
1045.45	3480.33
1047.07	3489.74
1048.68	3491.84
1050.30	3477.19
1051.92	3479.28
1053.53	3483.47
1055.15	3482.42
1056.76	3485.56
1058.38	3476.14
1059.99	3489.74
1061.61	3482.42
1063.22	3483.47
1064.84	3482.42
1066.46	3476.14
1068.07	3469.86
1069.68	3470.91
1071.30	3487.65
1072.91	3477.19
1074.53	3474.05
1076.14	3481.37
1077.76	3463.58
1079.37	3468.82
1080.98	3440.56
1082.60	3464.63
1084.21	3462.54
1085.83	3457.31
1087.44	3455.21
1089.05	3438.47
1090.67	3435.33
1092.28	3439.52
1093.89	3448.94
1095.50	3455.21
1097.12	3446.84
1098.73	3457.31
1100.34	3431.15
1101.95	3447.89
1103.57	3444.75
1105.18	3431.15
1106.79	3426.96
1108.40	3445.80
1110.01	3445.80
1111.63	3451.03
1113.24	3446.84
1114.85	3441.61
1116.46	3435.33
1118.07	3451.03
1119.68	3438.47
1121.29	3452.07
1122.90	3442.66
1124.51	3447.89
1126.12	3445.80
1127.73	3448.94
1129.34	3451.03
1130.95	3456.26
1132.56	3449.98
1134.17	3430.10
1135.78	3434.29
1137.39	3444.75
1139.00	3438.47
1140.61	3447.89
1142.22	3447.89
1143.83	3445.80
1145.44	3436.38
1147.05	3442.66
1148.65	3449.98
1150.26	3437.42
1151.87	3422.78
1153.48	3437.42
1155.09	3439.52
1156.69	3442.66
1158.30	3436.38
1159.91	3443.70
1161.52	3447.89
1163.12	3443.70
1164.73	3441.61
1166.34	3452.07
1167.94	3434.29
1169.55	3440.56
1171.16	3438.47
1172.76	3442.66
1174.37	3437.42
1175.97	3452.07
1177.58	3435.33
1179.19	3455.21
1180.79	3439.52
1182.40	3447.89
1184.00	3431.15
1185.61	3448.94
1187.21	3441.61
1188.82	3439.52
1190.42	3447.89
1192.02	3437.42
1193.63	3432.19
1195.23	3440.56
1196.84	3438.47
1198.44	3442.66
1200.04	3445.80
1201.65	3443.70
1203.25	3436.38
1204.85	3447.89
1206.46	3417.54
1208.06	3428.01
1209.66	3416.50
1211.26	3432.19
1212.87	3447.89
1214.47	3426.96
1216.07	3421.73
1217.67	3428.01
1219.27	3423.82
1220.87	3417.54
1222.48	3409.17
1224.08	3402.89
1225.68	3408.13
1227.28	3414.40
1228.88	3409.17
1230.48	3413.36
1232.08	3386.15
1233.68	3404.99
1235.28	3401.85
1236.88	3398.71
1238.48	3387.20
1240.08	3413.36
1241.68	3375.69
1243.28	3379.87
1244.87	3369.41
1246.47	3369.41
1248.07	3370.46
1249.67	3377.78
1251.27	3374.64
1252.87	3352.67
1254.46	3349.53
1256.06	3353.71
1257.66	3351.62
1259.26	3341.16
1260.85	3349.53
1262.45	3343.25
1264.05	3339.06
1265.64	3335.92
1267.24	3340.11
1268.83	3338.02
1270.43	3338.02
1272.03	3354.76
1273.62	3345.34
1275.22	3320.23
1276.81	3328.60
1278.41	3324.41
1280.00	3333.83
1281.60	3329.65
1283.19	3327.55
1284.79	3332.78
1286.38	3325.46
1287.97	3324.41
1289.57	3308.72
1291.16	3315.00
1292.75	3305.58
1294.35	3321.27
1295.94	3304.53
1297.53	3313.95
1299.12	3296.16
1300.72	3313.95
1302.31	3287.79
1303.90	3311.86
1305.49	3300.35
1307.08	3282.56
1308.68	3276.28
1310.27	3279.42
1311.86	3276.28
1313.45	3273.14
1315.04	3268.95
1316.63	3270.00
1318.22	3273.14
1319.81	3258.49
1321.40	3258.49
1322.99	3268.95
1324.58	3248.03
1326.17	3251.17
1327.75	3249.07
1329.34	3242.79
1330.93	3248.03
1332.52	3231.28
1334.11	3231.28
1335.70	3230.24
1337.28	3225.01
1338.87	3226.05
1340.46	3219.77
1342.05	3221.87
1343.63	3212.45
1345.22	3200.94
1346.81	3212.45
1348.39	3210.36
1349.98	3197.80
1351.56	3188.38
1353.15	3182.10
1354.73	3184.20
1356.32	3167.45
1357.90	3163.27
1359.49	3166.41
1361.07	3151.76
1362.66	3146.53
1364.24	3146.53
1365.82	3150.71
1367.41	3151.76
1368.99	3130.83
1370.57	3126.64
1372.16	3130.83
1373.74	3130.83
1375.32	3115.13
1376.91	3100.48
1378.49	3074.32
1380.07	3054.44
1381.65	3058.63
1383.23	3042.93
1384.81	3031.42
1386.39	3029.33
1387.97	3033.51
1389.55	3026.19
1391.14	3009.45
1392.72	2995.84
1394.29	2990.61
1395.87	2980.15
1397.45	2965.50
1399.03	2966.54
1400.61	2964.45
1402.19	2955.03
1403.77	2937.25
1405.35	2955.03
1406.92	2948.76
1408.50	2955.03
1410.08	2947.71
1411.66	2930.97
1413.23	2940.38
1414.81	2947.71
1416.39	2920.50
1417.96	2936.20
1419.54	2919.46
1421.12	2925.74
1422.69	2932.01
1424.27	2907.95
1425.84	2919.46
1427.42	2925.74
1428.99	2924.69
1430.57	2916.32
1432.14	2914.22
1433.71	2916.32
1435.29	2917.36
1436.86	2916.32
1438.43	2910.04
1440.01	2906.90
1441.58	2793.89
1443.15	2911.09
1444.72	2911.09
1446.30	2901.67
1447.87	2906.90
1449.44	2899.58
1451.01	2889.11
1452.58	2908.99
1454.15	2904.81
1455.72	2891.20
1457.29	2884.93
1458.86	2905.85
1460.43	2894.34
1462.00	2911.09
1463.57	2906.90
1465.14	2904.81
1466.71	2889.11
1468.28	2892.25
1469.85	2896.44
1471.41	2902.71
1472.98	2895.39
1474.55	2905.85
1476.12	2898.53
1477.68	2898.53
1479.25	2912.13
1480.82	2905.85
1482.38	2912.13
1483.95	2894.34
1485.51	2905.85
1487.08	2915.27
1488.64	2904.81
1490.21	2914.22
1491.77	2902.71
1493.34	2914.22
1494.90	2895.39
1496.46	2907.95
1498.03	2911.09
1499.59	2913.18
1501.15	2914.22
1502.72	2905.85
1504.28	2905.85
1505.84	2902.71
1507.40	2905.85
1508.97	2916.32
1510.53	2907.95
1512.09	2922.60
1513.65	2926.78
1515.21	2927.83
1516.77	2907.95
1518.33	2924.69
1519.89	2916.32
1521.45	2915.27
1523.01	2926.78
1524.57	2928.87
1526.13	2915.27
1527.68	2926.78
1529.24	2935.15
1530.80	2930.97
1532.36	2926.78
1533.92	2916.32
1535.47	2902.71
1537.03	2916.32
1538.59	2920.50
1540.14	2916.32
1541.70	2908.99
1543.25	2928.87
1544.81	2924.69
1546.36	2923.64
1547.92	2910.04
1549.47	2921.55
1551.03	2916.32
1552.58	2911.09
1554.13	2905.85
1555.69	2921.55
1557.24	2904.81
1558.79	2911.09
1560.35	2910.04
1561.90	2912.13
1563.45	2900.62
1565.00	2907.95
1566.55	2902.71
1568.10	2903.76
1569.66	2902.71
1571.21	2908.99
1572.76	2902.71
1574.31	2898.53
1575.86	2901.67
1577.40	2892.25
1578.95	2897.48
1580.50	2891.20
1582.05	2880.74
1583.60	2885.97
1585.15	2874.46
1586.69	2878.65
1588.24	2892.25
1589.79	2896.44
1591.34	2874.46
1592.88	2892.25
1594.43	2866.09
1595.97	2885.97
1597.52	2876.55
1599.06	2877.60
1600.61	2873.42
1602.15	2894.34
1603.70	2877.60
1605.24	2872.37
1606.79	2874.46
1608.33	2868.18
1609.87	2868.18
1611.41	2878.65
1612.96	2872.37
1614.50	2867.14
1616.04	2874.46
1617.58	2870.28
1619.12	2856.67
1620.67	2862.95
1622.21	2834.70
1623.75	2852.49
1625.29	2840.98
1626.83	2844.12
1628.37	2853.53
1629.90	2829.47
1631.44	2824.23
1632.98	2835.74
1634.52	2812.72
1636.06	2819.00
1637.59	2821.10
1639.13	2807.49
1640.67	2798.07
1642.21	2787.61
1643.74	2790.75
1645.28	2764.59
1646.81	2765.64
1648.35	2755.17
1649.88	2729.01
1651.42	2736.34
1652.95	2721.69
1654.49	2744.71
1656.02	2722.73
1657.55	2729.01
1659.09	2708.08
1660.62	2737.38
1662.15	2711.22
1663.68	2718.55
1665.22	2699.71
1666.75	2710.18
1668.28	2699.71
1669.81	2720.64
1671.34	2697.62
1672.87	2694.48
1674.40	2699.71
1675.93	2694.48
1677.46	2682.97
1678.99	2684.02
1680.52	2678.78
1682.04	2690.29
1683.57	2684.02
1685.10	2690.29
1686.63	2675.65
1688.15	2679.83
1689.68	2661.00
1691.21	2681.92
1692.73	2682.97
1694.26	2680.88
1695.78	2677.74
1697.31	2678.78
1698.83	2663.09
1700.36	2672.51
1701.88	2659.95
1703.40	2681.92
1704.93	2665.18
1706.45	2662.04
