896.35	3184.20
897.98	3195.71
899.60	3205.12
901.22	3232.33
902.85	3218.73
904.47	3245.93
906.10	3240.70
907.72	3261.63
909.34	3267.91
910.97	3295.11
912.59	3322.32
914.21	3378.83
915.84	3401.85
917.46	3468.82
919.08	3500.21
920.71	3534.74
922.33	3556.71
923.95	3590.20
925.58	3603.80
927.20	3615.31
928.82	3626.82
930.44	3660.31
932.07	3650.89
933.69	3657.17
935.31	3657.17
936.93	3686.47
938.56	3674.96
940.18	3702.16
941.80	3694.84
943.42	3725.18
945.05	3721.00
946.67	3717.86
948.29	3704.26
949.91	3716.81
951.53	3731.46
953.16	3738.79
954.78	3718.91
956.40	3716.81
958.02	3714.72
959.64	3725.18
961.26	3712.63
962.88	3724.14
964.51	3691.70
966.13	3734.60
967.75	3717.86
969.37	3721.00
970.99	3714.72
972.61	3719.95
974.23	3709.49
975.85	3728.32
977.47	3723.09
979.09	3732.51
980.71	3721.00
982.33	3738.79
983.95	3717.86
985.57	3744.02
987.19	3728.32
988.81	3751.34
990.43	3730.42
992.05	3749.25
993.67	3752.39
995.29	3764.95
996.91	3737.74
998.53	3783.78
1000.15	3774.37
1001.77	3799.48
1003.39	3807.85
1005.01	3807.85
1006.63	3807.85
1008.25	3829.82
1009.86	3834.01
1011.48	3842.38
1013.10	3826.69
1014.72	3847.61
1016.34	3847.61
1017.96	3871.68
1019.58	3844.47
1021.19	3861.22
1022.81	3859.12
1024.43	3881.10
1026.05	3861.22
1027.66	3896.79
1029.28	3873.77
1030.90	3899.93
1032.52	3876.91
1034.13	3910.40
1035.75	3903.07
1037.37	3914.58
1038.98	3909.35
1040.60	3904.12
1042.22	3889.47
1043.83	3909.35
1045.45	3898.89
1047.07	3914.58
1048.68	3918.77
1050.30	3915.63
1051.92	3909.35
1053.53	3916.68
1055.15	3914.58
1056.76	3912.49
1058.38	3906.21
1059.99	3926.09
1061.61	3896.79
1063.22	3906.21
1064.84	3902.03
1066.46	3905.17
1068.07	3888.42
1069.68	3902.03
1071.30	3908.30
1072.91	3908.30
1074.53	3883.19
1076.14	3902.03
1077.76	3877.96
1079.37	3890.52
1080.98	3862.26
1082.60	3889.47
1084.21	3881.10
1085.83	3879.01
1087.44	3864.36
1089.05	3870.63
1090.67	3850.75
1092.28	3858.08
1093.89	3854.94
1095.50	3869.59
1097.12	3857.03
1098.73	3877.96
1100.34	3836.10
1101.95	3860.17
1103.57	3848.66
1105.18	3849.71
1106.79	3836.10
1108.40	3853.89
1110.01	3840.29
1111.63	3859.12
1113.24	3851.80
1114.85	3851.80
1116.46	3842.38
1118.07	3860.17
1119.68	3843.43
1121.29	3860.17
1122.90	3846.57
1124.51	3850.75
1126.12	3844.47
1127.73	3865.40
1129.34	3857.03
1130.95	3876.91
1132.56	3866.45
1134.17	3847.61
1135.78	3832.96
1137.39	3849.71
1139.00	3835.06
1140.61	3853.89
1142.22	3857.03
1143.83	3859.12
1145.44	3835.06
1147.05	3844.47
1148.65	3844.47
1150.26	3840.29
1151.87	3826.69
1153.48	3843.43
1155.09	3845.52
1156.69	3847.61
1158.30	3820.41
1159.91	3838.20
1161.52	3852.85
1163.12	3855.98
1164.73	3845.52
1166.34	3861.22
1167.94	3844.47
1169.55	3867.50
1171.16	3850.75
1172.76	3865.40
1174.37	3847.61
1175.97	3865.40
1177.58	3834.01
1179.19	3864.36
1180.79	3849.71
1182.40	3853.89
1184.00	3835.06
1185.61	3860.17
1187.21	3853.89
1188.82	3855.98
1190.42	3851.80
1192.02	3857.03
1193.63	3829.82
1195.23	3853.89
1196.84	3848.66
1198.44	3849.71
1200.04	3842.38
1201.65	3853.89
1203.25	3843.43
1204.85	3854.94
1206.46	3827.73
1208.06	3839.24
1209.66	3823.55
1211.26	3835.06
1212.87	3840.29
1214.47	3821.45
1216.07	3816.22
1217.67	3828.78
1219.27	3813.08
1220.87	3816.22
1222.48	3805.76
1224.08	3800.53
1225.68	3799.48
1227.28	3808.90
1228.88	3789.02
1230.48	3785.88
1232.08	3758.67
1233.68	3792.15
1235.28	3783.78
1236.88	3778.55
1238.48	3758.67
1240.08	3794.25
1241.68	3760.76
1243.28	3764.95
1244.87	3750.30
1246.47	3751.34
1248.07	3725.18
1249.67	3726.23
1251.27	3729.37
1252.87	3723.09
1254.46	3706.35
1256.06	3714.72
1257.66	3695.89
1259.26	3702.16
1260.85	3701.12
1262.45	3693.79
1264.05	3701.12
1265.64	3700.07
1267.24	3684.38
1268.83	3694.84
1270.43	3680.19
1272.03	3707.40
1273.62	3685.42
1275.22	3671.82
1276.81	3667.63
1278.41	3666.59
1280.00	3676.00
1281.60	3666.59
1283.19	3656.12
1284.79	3660.31
1286.38	3655.08
1287.97	3661.35
1289.57	3647.75
1291.16	3642.52
1292.75	3633.10
1294.35	3642.52
1295.94	3628.92
1297.53	3638.33
1299.12	3620.54
1300.72	3627.87
1302.31	3595.43
1303.90	3628.92
1305.49	3620.54
1307.08	3600.66
1308.68	3588.11
1310.27	3598.57
1311.86	3590.20
1313.45	3588.11
1315.04	3578.69
1316.63	3579.74
1318.22	3572.41
1319.81	3564.04
1321.40	3557.76
1322.99	3569.27
1324.58	3541.02
1326.17	3549.39
1327.75	3539.97
1329.34	3549.39
1330.93	3535.79
1332.52	3527.42
1334.11	3523.23
1335.70	3522.18
1337.28	3507.53
1338.87	3509.63
1340.46	3504.39
1342.05	3499.16
1343.63	3494.98
1345.22	3500.21
1346.81	3507.53
1348.39	3486.61
1349.98	3464.63
1351.56	3462.54
1353.15	3455.21
1354.73	3458.35
1356.32	3435.33
1357.90	3432.19
1359.49	3424.87
1361.07	3409.17
1362.66	3392.43
1364.24	3400.80
1365.82	3406.03
1367.41	3398.71
1368.99	3375.69
1370.57	3373.59
1372.16	3378.83
1373.74	3370.46
1375.32	3359.99
1376.91	3336.97
1378.49	3293.02
1380.07	3264.77
1381.65	3244.89
1383.23	3226.05
1384.81	3230.24
1386.39	3219.77
1387.97	3210.36
1389.55	3206.17
1391.14	3180.01
1392.72	3170.59
1394.29	3160.13
1395.87	3143.39
1397.45	3127.69
1399.03	3120.37
1400.61	3107.81
1402.19	3107.81
1403.77	3091.07
1405.35	3109.90
1406.92	3090.02
1408.50	3078.51
1410.08	3073.28
1411.66	3071.18
1413.23	3067.00
1414.81	3072.23
1416.39	3055.49
1417.96	3071.18
1419.54	3060.72
1421.12	3060.72
1422.69	3068.05
1424.27	3055.49
1425.84	3058.63
1427.42	3052.35
1428.99	3047.12
1430.57	3050.26
1432.14	3041.89
1433.71	3043.98
1435.29	3052.35
1436.86	3041.89
1438.43	3032.47
1440.01	3026.19
1441.58	2913.18
1443.15	3035.61
1444.72	3029.33
1446.30	3024.10
1447.87	3035.61
1449.44	3020.96
1451.01	3011.54
1452.58	3027.24
1454.15	3015.73
1455.72	3013.63
1457.29	3020.96
1458.86	3029.33
1460.43	3000.03
1462.00	3030.38
1463.57	3014.68
1465.14	3016.77
1466.71	3008.40
1468.28	3020.96
1469.85	3018.86
1471.41	3018.86
1472.98	3017.82
1474.55	3035.61
1476.12	3009.45
1477.68	3013.63
1479.25	3022.00
1480.82	3014.68
1482.38	3017.82
1483.95	3003.17
1485.51	3012.59
1487.08	3030.38
1488.64	3025.14
1490.21	3025.14
1491.77	3011.54
1493.34	3030.38
1494.90	3019.91
1496.46	3025.14
1498.03	3025.14
1499.59	3030.38
1501.15	3026.19
1502.72	3028.28
1504.28	3033.51
1505.84	3029.33
1507.40	3019.91
1508.97	3043.98
1510.53	3029.33
1512.09	3042.93
1513.65	3047.12
1515.21	3055.49
1516.77	3035.61
1518.33	3057.58
1519.89	3045.02
1521.45	3041.89
1523.01	3042.93
1524.57	3053.40
1526.13	3048.16
1527.68	3055.49
1529.24	3062.81
1530.80	3050.26
1532.36	3051.30
1533.92	3051.30
1535.47	3038.75
1537.03	3048.16
1538.59	3048.16
1540.14	3042.93
1541.70	3036.65
1543.25	3064.91
1544.81	3050.26
1546.36	3047.12
1547.92	3029.33
1549.47	3045.02
1551.03	3036.65
1552.58	3034.56
1554.13	3032.47
1555.69	3050.26
1557.24	3030.38
1558.79	3032.47
1560.35	3036.65
1561.90	3035.61
1563.45	3026.19
1565.00	3025.14
1566.55	3015.73
1568.10	3022.00
1569.66	3014.68
1571.21	3034.56
1572.76	3023.05
1574.31	3024.10
1575.86	3019.91
1577.40	3010.49
1578.95	3013.63
1580.50	3004.22
1582.05	3001.08
1583.60	3002.12
1585.15	2989.57
1586.69	2991.66
1588.24	3002.12
1589.79	3004.22
1591.34	2980.15
1592.88	3004.22
1594.43	2987.47
1595.97	2996.89
1597.52	2995.84
1599.06	2991.66
1600.61	2980.15
1602.15	3001.08
1603.70	2984.33
1605.24	2985.38
1606.79	2979.10
1608.33	2969.68
1609.87	2975.96
1611.41	2982.24
1612.96	2982.24
1614.50	2966.54
1616.04	2969.68
1617.58	2971.78
1619.12	2961.31
1620.67	2965.50
1622.21	2943.52
1623.75	2958.17
1625.29	2936.20
1626.83	2933.06
1628.37	2945.62
1629.90	2923.64
1631.44	2923.64
1632.98	2924.69
1634.52	2899.58
1636.06	2897.48
1637.59	2896.44
1639.13	2880.74
1640.67	2868.18
1642.21	2851.44
1643.74	2850.39
1645.28	2824.23
1646.81	2806.45
1648.35	2810.63
1649.88	2785.52
1651.42	2785.52
1652.95	2764.59
1654.49	2783.42
1656.02	2759.36
1657.55	2757.26
1659.09	2737.38
1660.62	2756.22
1662.15	2737.38
1663.68	2738.43
1665.22	2723.78
1666.75	2723.78
1668.28	2717.50
1669.81	2740.52
1671.34	2723.78
1672.87	2724.83
1674.40	2727.97
1675.93	2717.50
1677.46	2709.13
1678.99	2709.13
1680.52	2705.99
1682.04	2720.64
1683.57	2699.71
1685.10	2705.99
1686.63	2692.39
1688.15	2700.76
1689.68	2690.29
1691.21	2695.53
1692.73	2698.67
1694.26	2702.85
1695.78	2696.57
1697.31	2699.71
1698.83	2678.78
1700.36	2689.25
1701.88	2681.92
1703.40	2696.57
1704.93	2682.97
1706.45	2687.16
