896.35	2752.03
897.98	2758.31
899.60	2753.08
901.22	2765.64
902.85	2761.45
904.47	2774.01
906.10	2769.82
907.72	2765.64
909.34	2784.47
910.97	2786.56
912.59	2800.17
914.21	2801.21
915.84	2810.63
917.46	2824.23
919.08	2839.93
920.71	2838.88
922.33	2855.63
923.95	2843.07
925.58	2877.60
927.20	2848.30
928.82	2862.95
930.44	2868.18
932.07	2868.18
933.69	2846.21
935.31	2867.14
936.93	2857.72
938.56	2870.28
940.18	2873.42
941.80	2882.83
943.42	2873.42
945.05	2896.44
946.67	2873.42
948.29	2881.79
949.91	2874.46
951.53	2898.53
953.16	2891.20
954.78	2899.58
956.40	2871.32
958.02	2883.88
959.64	2893.30
961.26	2894.34
962.88	2885.97
964.51	2877.60
966.13	2896.44
967.75	2901.67
969.37	2876.55
970.99	2895.39
972.61	2884.93
974.23	2894.34
975.85	2887.02
977.47	2906.90
979.09	2885.97
980.71	2889.11
982.33	2891.20
983.95	2907.95
985.57	2902.71
987.19	2899.58
988.81	2900.62
990.43	2900.62
992.05	2892.25
993.67	2911.09
995.29	2896.44
996.91	2894.34
998.53	2911.09
1000.15	2921.55
1001.77	2916.32
1003.39	2919.46
1005.01	2906.90
1006.63	2925.74
1008.25	2918.41
1009.86	2936.20
1011.48	2918.41
1013.10	2932.01
1014.72	2925.74
1016.34	2933.06
1017.96	2945.62
1019.58	2935.15
1021.19	2925.74
1022.81	2927.83
1024.43	2928.87
1026.05	2927.83
1027.66	2936.20
1029.28	2934.11
1030.90	2939.34
1032.52	2938.29
1034.13	2937.25
1035.75	2944.57
1037.37	2925.74
1038.98	2955.03
1040.60	2932.01
1042.22	2936.20
1043.83	2923.64
1045.45	2942.48
1047.07	2926.78
1048.68	2947.71
1050.30	2935.15
1051.92	2956.08
1053.53	2933.06
1055.15	2943.52
1056.76	2930.97
1058.38	2949.80
1059.99	2945.62
1061.61	2941.43
1063.22	2929.92
1064.84	2956.08
1066.46	2928.87
1068.07	2936.20
1069.68	2927.83
1071.30	2946.66
1072.91	2927.83
1074.53	2937.25
1076.14	2942.48
1077.76	2943.52
1079.37	2938.29
1080.98	2925.74
1082.60	2923.64
1084.21	2935.15
1085.83	2928.87
1087.44	2946.66
1089.05	2925.74
1090.67	2929.92
1092.28	2920.50
1093.89	2938.29
1095.50	2927.83
1097.12	2930.97
1098.73	2932.01
1100.34	2906.90
1101.95	2921.55
1103.57	2943.52
1105.18	2916.32
1106.79	2921.55
1108.40	2923.64
1110.01	2934.11
1111.63	2928.87
1113.24	2937.25
1114.85	2930.97
1116.46	2934.11
1118.07	2932.01
1119.68	2921.55
1121.29	2933.06
1122.90	2927.83
1124.51	2920.50
1126.12	2935.15
1127.73	2934.11
1129.34	2939.34
1130.95	2932.01
1132.56	2938.29
1134.17	2910.04
1135.78	2925.74
1137.39	2926.78
1139.00	2924.69
1140.61	2922.60
1142.22	2932.01
1143.83	2921.55
1145.44	2928.87
1147.05	2919.46
1148.65	2940.38
1150.26	2914.22
1151.87	2924.69
1153.48	2922.60
1155.09	2928.87
1156.69	2923.64
1158.30	2929.92
1159.91	2918.41
1161.52	2935.15
1163.12	2921.55
1164.73	2922.60
1166.34	2934.11
1167.94	2926.78
1169.55	2929.92
1171.16	2929.92
1172.76	2925.74
1174.37	2919.46
1175.97	2923.64
1177.58	2916.32
1179.19	2926.78
1180.79	2922.60
1182.40	2921.55
1184.00	2920.50
1185.61	2930.97
1187.21	2939.34
1188.82	2924.69
1190.42	2935.15
1192.02	2917.36
1193.63	2908.99
1195.23	2915.27
1196.84	2928.87
1198.44	2927.83
1200.04	2934.11
1201.65	2926.78
1203.25	2932.01
1204.85	2929.92
1206.46	2919.46
1208.06	2921.55
1209.66	2915.27
1211.26	2913.18
1212.87	2940.38
1214.47	2916.32
1216.07	2925.74
1217.67	2919.46
1219.27	2913.18
1220.87	2916.32
1222.48	2923.64
1224.08	2904.81
1225.68	2924.69
1227.28	2922.60
1228.88	2923.64
1230.48	2919.46
1232.08	2913.18
1233.68	2914.22
1235.28	2935.15
1236.88	2914.22
1238.48	2916.32
1240.08	2924.69
1241.68	2895.39
1243.28	2907.95
1244.87	2914.22
1246.47	2900.62
1248.07	2902.71
1249.67	2908.99
1251.27	2927.83
1252.87	2898.53
1254.46	2897.48
1256.06	2892.25
1257.66	2901.67
1259.26	2888.06
1260.85	2901.67
1262.45	2903.76
1264.05	2911.09
1265.64	2889.11
1267.24	2896.44
1268.83	2897.48
1270.43	2895.39
1272.03	2908.99
1273.62	2900.62
1275.22	2888.06
1276.81	2904.81
1278.41	2892.25
1280.00	2906.90
1281.60	2892.25
1283.19	2889.11
1284.79	2888.06
1286.38	2894.34
1287.97	2896.44
1289.57	2893.30
1291.16	2880.74
1292.75	2879.69
1294.35	2884.93
1295.94	2882.83
1297.53	2878.65
1299.12	2875.51
1300.72	2894.34
1302.31	2874.46
1303.90	2878.65
1305.49	2891.20
1307.08	2879.69
1308.68	2876.55
1310.27	2872.37
1311.86	2881.79
1313.45	2869.23
1315.04	2870.28
1316.63	2869.23
1318.22	2870.28
1319.81	2855.63
1321.40	2877.60
1322.99	2876.55
1324.58	2871.32
1326.17	2858.77
1327.75	2857.72
1329.34	2859.81
1330.93	2862.95
1332.52	2850.39
1334.11	2859.81
1335.70	2852.49
1337.28	2845.16
1338.87	2846.21
1340.46	2846.21
1342.05	2844.12
1343.63	2847.26
1345.22	2847.26
1346.81	2853.53
1348.39	2848.30
1349.98	2845.16
1351.56	2833.65
1353.15	2843.07
1354.73	2849.35
1356.32	2834.70
1357.90	2824.23
1359.49	2845.16
1361.07	2837.84
1362.66	2843.07
1364.24	2828.42
1365.82	2831.56
1367.41	2832.61
1368.99	2825.28
1370.57	2814.82
1372.16	2823.19
1373.74	2821.10
1375.32	2825.28
1376.91	2815.86
1378.49	2807.49
1380.07	2795.98
1381.65	2812.72
1383.23	2797.03
1384.81	2799.12
1386.39	2791.80
1387.97	2791.80
1389.55	2780.29
1391.14	2784.47
1392.72	2777.15
1394.29	2779.24
1395.87	2784.47
1397.45	2776.10
1399.03	2774.01
1400.61	2778.19
1402.19	2762.50
1403.77	2759.36
1405.35	2774.01
1406.92	2766.68
1408.50	2775.05
1410.08	2776.10
1411.66	2758.31
1413.23	2767.73
1414.81	2768.78
1416.39	2757.26
1417.96	2772.96
1419.54	2766.68
1421.12	2769.82
1422.69	2768.78
1424.27	2754.13
1425.84	2769.82
1427.42	2766.68
1428.99	2768.78
1430.57	2763.54
1432.14	2763.54
1433.71	2755.17
1435.29	2772.96
1436.86	2765.64
1438.43	2762.50
1440.01	2762.50
1441.58	2640.07
1443.15	2753.08
1444.72	2763.54
1446.30	2754.13
1447.87	2761.45
1449.44	2746.80
1451.01	2744.71
1452.58	2762.50
1454.15	2762.50
1455.72	2753.08
1457.29	2745.75
1458.86	2757.26
1460.43	2753.08
1462.00	2785.52
1463.57	2763.54
1465.14	2764.59
1466.71	2755.17
1468.28	2756.22
1469.85	2764.59
1471.41	2768.78
1472.98	2760.40
1474.55	2764.59
1476.12	2745.75
1477.68	2744.71
1479.25	2764.59
1480.82	2756.22
1482.38	2764.59
1483.95	2748.89
1485.51	2762.50
1487.08	2774.01
1488.64	2758.31
1490.21	2757.26
1491.77	2745.75
1493.34	2756.22
1494.90	2753.08
1496.46	2754.13
1498.03	2767.73
1499.59	2762.50
1501.15	2753.08
1502.72	2756.22
1504.28	2761.45
1505.84	2754.13
1507.40	2764.59
1508.97	2770.87
1510.53	2763.54
1512.09	2770.87
1513.65	2774.01
1515.21	2768.78
1516.77	2756.22
1518.33	2774.01
1519.89	2765.64
1521.45	2757.26
1523.01	2764.59
1524.57	2769.82
1526.13	2752.03
1527.68	2766.68
1529.24	2771.91
1530.80	2765.64
1532.36	2766.68
1533.92	2761.45
1535.47	2754.13
1537.03	2755.17
1538.59	2762.50
1540.14	2752.03
1541.70	2743.66
1543.25	2761.45
1544.81	2759.36
1546.36	2758.31
1547.92	2746.80
1549.47	2758.31
1551.03	2760.40
1552.58	2748.89
1554.13	2750.99
1555.69	2759.36
1557.24	2747.85
1558.79	2746.80
1560.35	2750.99
1561.90	2755.17
1563.45	2742.62
1565.00	2748.89
1566.55	2747.85
1568.10	2741.57
1569.66	2731.10
1571.21	2752.03
1572.76	2753.08
1574.31	2747.85
1575.86	2747.85
1577.40	2739.48
1578.95	2746.80
1580.50	2734.24
1582.05	2725.87
1583.60	2722.73
1585.15	2729.01
1586.69	2736.34
1588.24	2740.52
1589.79	2743.66
1591.34	2715.41
1592.88	2737.38
1594.43	2721.69
1595.97	2730.06
1597.52	2722.73
1599.06	2732.15
1600.61	2734.24
1602.15	2746.80
1603.70	2722.73
1605.24	2720.64
1606.79	2724.83
1608.33	2715.41
1609.87	2715.41
1611.41	2727.97
1612.96	2723.78
1614.50	2709.13
1616.04	2709.13
1617.58	2720.64
1619.12	2723.78
1620.67	2726.92
1622.21	2701.81
1623.75	2723.78
1625.29	2711.22
1626.83	2709.13
1628.37	2723.78
1629.90	2707.04
1631.44	2704.94
1632.98	2708.08
1634.52	2700.76
1636.06	2702.85
1637.59	2716.45
1639.13	2714.36
1640.67	2707.04
1642.21	2698.67
1643.74	2698.67
1645.28	2686.11
1646.81	2682.97
1648.35	2694.48
1649.88	2678.78
1651.42	2692.39
1652.95	2667.27
1654.49	2689.25
1656.02	2671.46
1657.55	2681.92
1659.09	2657.86
1660.62	2676.69
1662.15	2667.27
1663.68	2675.65
1665.22	2661.00
1666.75	2663.09
1668.28	2662.04
1669.81	2679.83
1671.34	2662.04
1672.87	2663.09
1674.40	2667.27
1675.93	2664.13
1677.46	2647.39
1678.99	2647.39
1680.52	2643.21
1682.04	2658.90
1683.57	2643.21
1685.10	2646.35
1686.63	2643.21
1688.15	2650.53
1689.68	2652.62
1691.21	2642.16
1692.73	2648.44
1694.26	2649.49
1695.78	2640.07
1697.31	2644.25
1698.83	2630.65
1700.36	2639.02
1701.88	2628.56
1703.40	2649.49
1704.93	2639.02
1706.45	2634.84
