896.35	2657.86
897.98	2657.86
899.60	2663.09
901.22	2674.60
902.85	2666.23
904.47	2667.27
906.10	2675.65
907.72	2662.04
909.34	2684.02
910.97	2677.74
912.59	2681.92
914.21	2667.27
915.84	2671.46
917.46	2674.60
919.08	2687.16
920.71	2676.69
922.33	2691.34
923.95	2678.78
925.58	2705.99
927.20	2673.55
928.82	2695.53
930.44	2696.57
932.07	2695.53
933.69	2677.74
935.31	2694.48
936.93	2685.06
938.56	2698.67
940.18	2689.25
941.80	2701.81
943.42	2697.62
945.05	2714.36
946.67	2679.83
948.29	2707.04
949.91	2682.97
951.53	2717.50
953.16	2704.94
954.78	2718.55
956.40	2693.43
958.02	2704.94
959.64	2692.39
961.26	2702.85
962.88	2691.34
964.51	2701.81
966.13	2715.41
967.75	2719.59
969.37	2695.53
970.99	2714.36
972.61	2695.53
974.23	2715.41
975.85	2703.90
977.47	2721.69
979.09	2702.85
980.71	2715.41
982.33	2698.67
983.95	2709.13
985.57	2704.94
987.19	2720.64
988.81	2713.32
990.43	2716.45
992.05	2697.62
993.67	2731.10
995.29	2708.08
996.91	2711.22
998.53	2710.18
1000.15	2718.55
1001.77	2705.99
1003.39	2715.41
1005.01	2711.22
1006.63	2724.83
1008.25	2708.08
1009.86	2732.15
1011.48	2707.04
1013.10	2718.55
1014.72	2715.41
1016.34	2734.24
1017.96	2724.83
1019.58	2726.92
1021.19	2704.94
1022.81	2726.92
1024.43	2717.50
1026.05	2731.10
1027.66	2713.32
1029.28	2724.83
1030.90	2712.27
1032.52	2717.50
1034.13	2714.36
1035.75	2729.01
1037.37	2717.50
1038.98	2732.15
1040.60	2707.04
1042.22	2716.45
1043.83	2711.22
1045.45	2731.10
1047.07	2710.18
1048.68	2732.15
1050.30	2710.18
1051.92	2729.01
1053.53	2713.32
1055.15	2725.87
1056.76	2716.45
1058.38	2738.43
1059.99	2718.55
1061.61	2723.78
1063.22	2705.99
1064.84	2732.15
1066.46	2712.27
1068.07	2721.69
1069.68	2714.36
1071.30	2739.48
1072.91	2713.32
1074.53	2732.15
1076.14	2725.87
1077.76	2724.83
1079.37	2723.78
1080.98	2709.13
1082.60	2715.41
1084.21	2731.10
1085.83	2714.36
1087.44	2733.20
1089.05	2709.13
1090.67	2724.83
1092.28	2713.32
1093.89	2737.38
1095.50	2716.45
1097.12	2714.36
1098.73	2721.69
1100.34	2715.41
1101.95	2716.45
1103.57	2730.06
1105.18	2713.32
1106.79	2714.36
1108.40	2714.36
1110.01	2717.50
1111.63	2722.73
1113.24	2735.29
1114.85	2727.97
1116.46	2733.20
1118.07	2720.64
1119.68	2720.64
1121.29	2724.83
1122.90	2727.97
1124.51	2714.36
1126.12	2735.29
1127.73	2726.92
1129.34	2745.75
1130.95	2731.10
1132.56	2741.57
1134.17	2708.08
1135.78	2724.83
1137.39	2718.55
1139.00	2718.55
1140.61	2716.45
1142.22	2739.48
1143.83	2722.73
1145.44	2730.06
1147.05	2719.59
1148.65	2732.15
1150.26	2715.41
1151.87	2720.64
1153.48	2713.32
1155.09	2729.01
1156.69	2716.45
1158.30	2712.27
1159.91	2705.99
1161.52	2735.29
1163.12	2717.50
1164.73	2723.78
1166.34	2727.97
1167.94	2719.59
1169.55	2719.59
1171.16	2719.59
1172.76	2717.50
1174.37	2727.97
1175.97	2717.50
1177.58	2714.36
1179.19	2724.83
1180.79	2723.78
1182.40	2719.59
1184.00	2731.10
1185.61	2729.01
1187.21	2734.24
1188.82	2724.83
1190.42	2737.38
1192.02	2715.41
1193.63	2719.59
1195.23	2716.45
1196.84	2731.10
1198.44	2718.55
1200.04	2739.48
1201.65	2721.69
1203.25	2733.20
1204.85	2730.06
1206.46	2718.55
1208.06	2716.45
1209.66	2720.64
1211.26	2705.99
1212.87	2738.43
1214.47	2710.18
1216.07	2726.92
1217.67	2725.87
1219.27	2723.78
1220.87	2718.55
1222.48	2726.92
1224.08	2710.18
1225.68	2731.10
1227.28	2727.97
1228.88	2731.10
1230.48	2729.01
1232.08	2725.87
1233.68	2734.24
1235.28	2747.85
1236.88	2726.92
1238.48	2730.06
1240.08	2741.57
1241.68	2720.64
1243.28	2713.32
1244.87	2723.78
1246.47	2717.50
1248.07	2724.83
1249.67	2718.55
1251.27	2740.52
1252.87	2721.69
1254.46	2722.73
1256.06	2715.41
1257.66	2722.73
1259.26	2710.18
1260.85	2724.83
1262.45	2717.50
1264.05	2735.29
1265.64	2718.55
1267.24	2729.01
1268.83	2725.87
1270.43	2726.92
1272.03	2735.29
1273.62	2730.06
1275.22	2711.22
1276.81	2731.10
1278.41	2716.45
1280.00	2739.48
1281.60	2721.69
1283.19	2726.92
1284.79	2724.83
1286.38	2731.10
1287.97	2727.97
1289.57	2726.92
1291.16	2723.78
1292.75	2716.45
1294.35	2718.55
1295.94	2726.92
1297.53	2727.97
1299.12	2723.78
1300.72	2734.24
1302.31	2714.36
1303.90	2727.97
1305.49	2732.15
1307.08	2710.18
1308.68	2723.78
1310.27	2715.41
1311.86	2723.78
1313.45	2718.55
1315.04	2720.64
1316.63	2713.32
1318.22	2723.78
1319.81	2713.32
1321.40	2722.73
1322.99	2724.83
1324.58	2712.27
1326.17	2712.27
1327.75	2710.18
1329.34	2712.27
1330.93	2703.90
1332.52	2701.81
1334.11	2711.22
1335.70	2701.81
1337.28	2703.90
1338.87	2699.71
1340.46	2715.41
1342.05	2701.81
1343.63	2711.22
1345.22	2702.85
1346.81	2721.69
1348.39	2714.36
1349.98	2720.64
1351.56	2700.76
1353.15	2711.22
1354.73	2715.41
1356.32	2716.45
1357.90	2709.13
1359.49	2723.78
1361.07	2716.45
1362.66	2714.36
1364.24	2713.32
1365.82	2715.41
1367.41	2719.59
1368.99	2708.08
1370.57	2703.90
1372.16	2716.45
1373.74	2714.36
1375.32	2718.55
1376.91	2708.08
1378.49	2703.90
1380.07	2702.85
1381.65	2724.83
1383.23	2709.13
1384.81	2705.99
1386.39	2699.71
1387.97	2718.55
1389.55	2709.13
1391.14	2712.27
1392.72	2700.76
1394.29	2714.36
1395.87	2707.04
1397.45	2703.90
1399.03	2716.45
1400.61	2711.22
1402.19	2701.81
1403.77	2700.76
1405.35	2722.73
1406.92	2709.13
1408.50	2709.13
1410.08	2705.99
1411.66	2703.90
1413.23	2717.50
1414.81	2720.64
1416.39	2697.62
1417.96	2708.08
1419.54	2698.67
1421.12	2711.22
1422.69	2721.69
1424.27	2702.85
1425.84	2709.13
1427.42	2712.27
1428.99	2714.36
1430.57	2717.50
1432.14	2710.18
1433.71	2709.13
1435.29	2725.87
1436.86	2719.59
1438.43	2713.32
1440.01	2708.08
1441.58	2590.89
1443.15	2711.22
1444.72	2712.27
1446.30	2708.08
1447.87	2718.55
1449.44	2710.18
1451.01	2704.94
1452.58	2710.18
1454.15	2719.59
1455.72	2700.76
1457.29	2702.85
1458.86	2709.13
1460.43	2705.99
1462.00	2729.01
1463.57	2713.32
1465.14	2710.18
1466.71	2702.85
1468.28	2704.94
1469.85	2714.36
1471.41	2717.50
1472.98	2704.94
1474.55	2719.59
1476.12	2716.45
1477.68	2707.04
1479.25	2721.69
1480.82	2714.36
1482.38	2719.59
1483.95	2705.99
1485.51	2712.27
1487.08	2715.41
1488.64	2720.64
1490.21	2716.45
1491.77	2703.90
1493.34	2703.90
1494.90	2695.53
1496.46	2699.71
1498.03	2707.04
1499.59	2711.22
1501.15	2709.13
1502.72	2703.90
1504.28	2704.94
1505.84	2700.76
1507.40	2692.39
1508.97	2712.27
1510.53	2716.45
1512.09	2707.04
1513.65	2708.08
1515.21	2709.13
1516.77	2700.76
1518.33	2708.08
1519.89	2704.94
1521.45	2701.81
1523.01	2712.27
1524.57	2707.04
1526.13	2701.81
1527.68	2711.22
1529.24	2719.59
1530.80	2699.71
1532.36	2702.85
1533.92	2701.81
1535.47	2688.20
1537.03	2692.39
1538.59	2702.85
1540.14	2697.62
1541.70	2684.02
1543.25	2713.32
1544.81	2705.99
1546.36	2697.62
1547.92	2686.11
1549.47	2696.57
1551.03	2701.81
1552.58	2690.29
1554.13	2689.25
1555.69	2697.62
1557.24	2688.20
1558.79	2689.25
1560.35	2693.43
1561.90	2700.76
1563.45	2691.34
1565.00	2701.81
1566.55	2692.39
1568.10	2690.29
1569.66	2691.34
1571.21	2697.62
1572.76	2690.29
1574.31	2696.57
1575.86	2694.48
1577.40	2691.34
1578.95	2689.25
1580.50	2687.16
1582.05	2670.41
1583.60	2686.11
1585.15	2681.92
1586.69	2682.97
1588.24	2679.83
1589.79	2686.11
1591.34	2675.65
1592.88	2685.06
1594.43	2670.41
1595.97	2677.74
1597.52	2680.88
1599.06	2685.06
1600.61	2676.69
1602.15	2693.43
1603.70	2687.16
1605.24	2680.88
1606.79	2682.97
1608.33	2667.27
1609.87	2669.37
1611.41	2679.83
1612.96	2690.29
1614.50	2670.41
1616.04	2669.37
1617.58	2682.97
1619.12	2671.46
1620.67	2668.32
1622.21	2652.62
1623.75	2685.06
1625.29	2662.04
1626.83	2665.18
1628.37	2686.11
1629.90	2662.04
1631.44	2668.32
1632.98	2669.37
1634.52	2652.62
1636.06	2665.18
1637.59	2674.60
1639.13	2667.27
1640.67	2671.46
1642.21	2665.18
1643.74	2680.88
1645.28	2667.27
1646.81	2662.04
1648.35	2678.78
1649.88	2654.72
1651.42	2664.13
1652.95	2646.35
1654.49	2671.46
1656.02	2650.53
1657.55	2663.09
1659.09	2647.39
1660.62	2663.09
1662.15	2651.58
1663.68	2659.95
1665.22	2652.62
1666.75	2658.90
1668.28	2648.44
1669.81	2655.76
1671.34	2651.58
1672.87	2659.95
1674.40	2666.23
1675.93	2652.62
1677.46	2640.07
1678.99	2643.21
1680.52	2641.11
1682.04	2653.67
1683.57	2640.07
1685.10	2643.21
1686.63	2632.74
1688.15	2641.11
1689.68	2626.46
1691.21	2635.88
1692.73	2634.84
1694.26	2634.84
1695.78	2627.51
1697.31	2634.84
1698.83	2630.65
1700.36	2631.70
1701.88	2631.70
1703.40	2637.97
1704.93	2627.51
1706.45	2630.65
