896.35	2964.45
897.98	2962.71
899.60	2969.68
901.22	2976.31
902.85	2979.80
904.47	2983.98
906.10	2986.43
907.72	2994.80
909.34	2997.59
910.97	3005.96
912.59	3012.24
914.21	3025.84
915.84	3046.07
917.46	3069.09
919.08	3082.35
920.71	3097.34
922.33	3103.97
923.95	3125.95
925.58	3127.69
927.20	3135.71
928.82	3138.85
930.44	3149.66
932.07	3151.76
933.69	3149.32
935.31	3152.46
936.93	3158.73
938.56	3161.52
940.18	3164.66
941.80	3170.59
943.42	3182.10
945.05	3182.10
946.67	3191.87
948.29	3182.45
949.91	3191.17
951.53	3189.43
953.16	3199.54
954.78	3192.92
956.40	3188.03
958.02	3180.71
959.64	3187.34
961.26	3187.68
962.88	3190.82
964.51	3190.13
966.13	3195.71
967.75	3191.17
969.37	3194.31
970.99	3190.82
972.61	3199.54
974.23	3196.06
975.85	3201.64
977.47	3198.85
979.09	3200.94
980.71	3199.54
982.33	3206.52
983.95	3212.10
985.57	3213.15
987.19	3215.59
988.81	3213.15
990.43	3212.80
992.05	3218.38
993.67	3221.17
995.29	3220.12
996.91	3218.38
998.53	3224.66
1000.15	3236.17
1001.77	3239.31
1003.39	3236.52
1005.01	3241.05
1006.63	3242.79
1008.25	3255.70
1009.86	3254.65
1011.48	3254.30
1013.10	3253.61
1014.72	3258.49
1016.34	3270.70
1017.96	3267.56
1019.58	3264.07
1021.19	3258.84
1022.81	3264.07
1024.43	3270.70
1026.05	3275.93
1027.66	3279.42
1029.28	3279.42
1030.90	3275.23
1032.52	3273.84
1034.13	3280.81
1035.75	3287.79
1037.37	3298.60
1038.98	3295.81
1040.60	3294.07
1042.22	3284.65
1043.83	3289.88
1045.45	3293.37
1047.07	3303.83
1048.68	3297.90
1050.30	3300.70
1051.92	3295.81
1053.53	3303.49
1055.15	3300.70
1056.76	3304.88
1058.38	3302.44
1059.99	3304.53
1061.61	3296.51
1063.22	3299.65
1064.84	3296.16
1066.46	3297.90
1068.07	3291.98
1069.68	3298.25
1071.30	3297.56
1072.91	3297.56
1074.53	3295.81
1076.14	3298.25
1077.76	3300.70
1079.37	3289.88
1080.98	3287.79
1082.60	3287.44
1084.21	3294.42
1085.83	3298.60
1087.44	3291.28
1089.05	3287.79
1090.67	3279.77
1092.28	3283.95
1093.89	3289.88
1095.50	3293.72
1097.12	3295.81
1098.73	3289.53
1100.34	3288.84
1101.95	3288.14
1103.57	3285.35
1105.18	3283.95
1106.79	3281.51
1108.40	3286.39
1110.01	3288.84
1111.63	3294.77
1113.24	3298.95
1114.85	3296.51
1116.46	3295.11
1118.07	3291.28
1119.68	3296.51
1121.29	3291.63
1122.90	3289.53
1124.51	3291.63
1126.12	3297.56
1127.73	3305.23
1129.34	3307.67
1130.95	3311.16
1132.56	3300.70
1134.17	3295.11
1135.78	3294.42
1137.39	3301.04
1139.00	3297.56
1140.61	3295.11
1142.22	3295.81
1143.83	3302.09
1145.44	3302.09
1147.05	3308.72
1148.65	3306.62
1150.26	3306.28
1151.87	3302.44
1153.48	3311.51
1155.09	3315.69
1156.69	3315.34
1158.30	3307.67
1159.91	3310.81
1161.52	3312.90
1163.12	3314.30
1164.73	3315.00
1166.34	3317.44
1167.94	3323.02
1169.55	3321.97
1171.16	3324.41
1172.76	3324.06
1174.37	3324.41
1175.97	3321.27
1177.58	3325.81
1179.19	3324.06
1180.79	3324.76
1182.40	3317.44
1184.00	3323.02
1185.61	3329.30
1187.21	3333.83
1188.82	3337.32
1190.42	3334.88
1192.02	3332.09
1193.63	3328.25
1195.23	3331.39
1196.84	3335.58
1198.44	3338.37
1200.04	3337.32
1201.65	3341.50
1203.25	3343.25
1204.85	3338.37
1206.46	3332.78
1208.06	3325.81
1209.66	3328.95
1211.26	3338.02
1212.87	3337.32
1214.47	3340.81
1216.07	3334.53
1217.67	3339.41
1219.27	3335.58
1220.87	3335.58
1222.48	3332.44
1224.08	3335.92
1225.68	3333.83
1227.28	3332.44
1228.88	3334.18
1230.48	3334.53
1232.08	3337.32
1233.68	3340.11
1235.28	3338.37
1236.88	3336.27
1238.48	3334.88
1240.08	3331.39
1241.68	3327.90
1243.28	3316.74
1244.87	3314.30
1246.47	3311.86
1248.07	3310.46
1249.67	3316.39
1251.27	3314.30
1252.87	3313.95
1254.46	3304.88
1256.06	3309.42
1257.66	3309.42
1259.26	3317.09
1260.85	3315.34
1262.45	3317.79
1264.05	3312.21
1265.64	3315.00
1267.24	3312.55
1268.83	3311.51
1270.43	3310.81
1272.03	3311.86
1273.62	3306.28
1275.22	3305.93
1276.81	3302.44
1278.41	3312.21
1280.00	3310.81
1281.60	3312.21
1283.19	3309.76
1284.79	3307.32
1286.38	3308.72
1287.97	3308.37
1289.57	3303.83
1291.16	3296.86
1292.75	3296.16
1294.35	3296.86
1295.94	3302.09
1297.53	3297.56
1299.12	3299.65
1300.72	3295.46
1302.31	3303.49
1303.90	3305.58
1305.49	3304.53
1307.08	3295.11
1308.68	3291.98
1310.27	3293.02
1311.86	3295.11
1313.45	3293.72
1315.04	3293.72
1316.63	3293.02
1318.22	3291.98
1319.81	3292.32
1321.40	3296.51
1322.99	3293.37
1324.58	3290.23
1326.17	3283.26
1327.75	3280.81
1329.34	3278.37
1330.93	3275.58
1332.52	3275.93
1334.11	3273.14
1335.70	3266.86
1337.28	3264.07
1338.87	3263.37
1340.46	3263.37
1342.05	3259.89
1343.63	3253.96
1345.22	3254.65
1346.81	3253.96
1348.39	3257.10
1349.98	3253.96
1351.56	3253.96
1353.15	3253.96
1354.73	3247.68
1356.32	3241.40
1357.90	3234.77
1359.49	3232.33
1361.07	3224.31
1362.66	3215.94
1364.24	3213.15
1365.82	3217.68
1367.41	3215.94
1368.99	3210.36
1370.57	3206.87
1372.16	3207.91
1373.74	3213.50
1375.32	3211.75
1376.91	3201.29
1378.49	3182.45
1380.07	3162.22
1381.65	3148.97
1383.23	3143.39
1384.81	3142.69
1386.39	3147.57
1387.97	3147.22
1389.55	3144.08
1391.14	3131.88
1392.72	3124.90
1394.29	3116.53
1395.87	3108.51
1397.45	3102.23
1399.03	3097.34
1400.61	3095.60
1402.19	3087.58
1403.77	3086.88
1405.35	3081.65
1406.92	3081.65
1408.50	3075.37
1410.08	3071.18
1411.66	3063.51
1413.23	3061.77
1414.81	3053.40
1416.39	3057.58
1417.96	3050.95
1419.54	3057.93
1421.12	3057.23
1422.69	3054.09
1424.27	3054.09
1425.84	3048.16
1427.42	3050.26
1428.99	3048.86
1430.57	3048.86
1432.14	3048.51
1433.71	3053.05
1435.29	3054.79
1436.86	3054.79
1438.43	3046.77
1440.01	2981.89
1441.58	2981.89
1443.15	2985.38
1444.72	3047.82
1446.30	3050.26
1447.87	3046.42
1449.44	3039.44
1451.01	3040.49
1452.58	3046.07
1454.15	3053.05
1455.72	3046.42
1457.29	3046.07
1458.86	3041.89
1460.43	3051.30
1462.00	3049.21
1463.57	3056.88
1465.14	3050.95
1466.71	3050.26
1468.28	3051.65
1469.85	3055.49
1471.41	3056.88
1472.98	3060.02
1474.55	3058.28
1476.12	3059.33
1477.68	3059.33
1479.25	3060.72
1480.82	3064.21
1482.38	3058.28
1483.95	3059.33
1485.51	3065.60
1487.08	3074.32
1488.64	3080.60
1490.21	3073.63
1491.77	3079.21
1493.34	3072.23
1494.90	3074.32
1496.46	3070.49
1498.03	3077.46
1499.59	3080.25
1501.15	3079.56
1502.72	3079.90
1504.28	3079.21
1505.84	3076.77
1507.40	3082.35
1508.97	3087.93
1510.53	3097.34
1512.09	3097.69
1513.65	3099.79
1515.21	3094.55
1516.77	3097.34
1518.33	3096.65
1519.89	3100.48
1521.45	3099.79
1523.01	3102.93
1524.57	3105.37
1526.13	3107.11
1527.68	3114.09
1529.24	3115.13
1530.80	3117.58
1532.36	3109.55
1533.92	3104.67
1535.47	3099.79
1537.03	3101.18
1538.59	3106.41
1540.14	3105.02
1541.70	3108.86
1543.25	3110.95
1544.81	3114.78
1546.36	3107.46
1547.92	3108.16
1549.47	3107.11
1551.03	3108.86
1552.58	3105.72
1554.13	3108.86
1555.69	3114.09
1557.24	3115.48
1558.79	3111.99
1560.35	3109.20
1561.90	3105.37
1563.45	3107.11
1565.00	3106.41
1566.55	3107.81
1568.10	3101.53
1569.66	3103.27
1571.21	3103.97
1572.76	3110.60
1574.31	3110.95
1575.86	3107.46
1577.40	3102.93
1578.95	3102.58
1580.50	3101.88
1582.05	3103.27
1583.60	3095.60
1585.15	3097.69
1586.69	3097.69
1588.24	3106.06
1589.79	3102.58
1591.34	3106.06
1592.88	3098.74
1594.43	3102.23
1595.97	3095.60
1597.52	3095.25
1599.06	3090.72
1600.61	3098.39
1602.15	3100.48
1603.70	3104.67
1605.24	3094.90
1606.79	3088.62
1608.33	3080.60
1609.87	3080.60
1611.41	3084.09
1612.96	3086.18
1614.50	3084.79
1616.04	3084.09
1617.58	3084.09
1619.12	3086.53
1620.67	3075.37
1622.21	3078.51
1623.75	3069.44
1625.29	3070.14
1626.83	3064.56
1628.37	3063.86
1629.90	3062.46
1631.44	3057.58
1632.98	3049.91
1634.52	3042.93
1636.06	3039.79
1637.59	3034.91
1639.13	3028.98
1640.67	3012.59
1642.21	3001.08
1643.74	2985.38
1645.28	2964.45
1646.81	2951.20
1648.35	2929.22
1649.88	2919.81
1651.42	2902.02
1652.95	2902.37
1654.49	2888.41
1656.02	2878.65
1657.55	2862.25
1659.09	2862.25
1660.62	2854.58
1662.15	2853.18
1663.68	2842.02
1665.22	2838.54
1666.75	2830.86
1668.28	2832.26
1669.81	2830.16
1671.34	2831.21
1672.87	2828.77
1674.40	2823.89
1675.93	2814.12
1677.46	2804.35
1678.99	2796.68
1680.52	2800.86
1682.04	2799.47
1683.57	2803.66
1685.10	2795.63
1686.63	2797.38
1688.15	2789.70
1689.68	2788.31
1691.21	2782.73
1692.73	2787.26
1694.26	2787.26
1695.78	2785.87
1697.31	2776.80
1698.83	2772.26
1700.36	2763.89
1701.88	2770.17
1703.40	2767.73
1704.93	2771.22
1706.45	2766.68
