896.35	2936.20
897.98	2933.06
899.60	2940.04
901.22	2946.66
902.85	2952.24
904.47	2956.78
906.10	2961.31
907.72	2964.80
909.34	2967.94
910.97	2975.96
912.59	2983.98
914.21	2993.75
915.84	3006.66
917.46	3025.84
919.08	3034.91
920.71	3049.56
922.33	3054.09
923.95	3074.67
925.58	3078.16
927.20	3085.83
928.82	3088.62
930.44	3098.39
932.07	3095.95
933.69	3091.42
935.31	3092.11
936.93	3101.53
938.56	3107.11
940.18	3109.90
941.80	3115.13
943.42	3124.20
945.05	3122.11
946.67	3128.74
948.29	3121.06
949.91	3131.18
951.53	3129.78
953.16	3139.20
954.78	3133.62
956.40	3131.18
958.02	3128.39
959.64	3136.76
961.26	3139.20
962.88	3138.50
964.51	3135.02
966.13	3140.94
967.75	3136.76
969.37	3136.76
970.99	3126.64
972.61	3135.02
974.23	3135.36
975.85	3145.13
977.47	3141.29
979.09	3140.60
980.71	3136.06
982.33	3145.13
983.95	3151.06
985.57	3153.50
987.19	3155.25
988.81	3155.94
990.43	3155.25
992.05	3153.85
993.67	3153.50
995.29	3154.55
996.91	3156.64
998.53	3162.57
1000.15	3170.94
1001.77	3172.34
1003.39	3171.99
1005.01	3177.22
1006.63	3180.01
1008.25	3188.03
1009.86	3189.08
1011.48	3191.52
1013.10	3192.22
1014.72	3193.61
1016.34	3204.08
1017.96	3206.87
1019.58	3207.91
1021.19	3206.52
1022.81	3208.26
1024.43	3213.84
1026.05	3212.80
1027.66	3214.19
1029.28	3212.45
1030.90	3213.84
1032.52	3213.50
1034.13	3220.82
1035.75	3220.82
1037.37	3233.38
1038.98	3228.14
1040.60	3227.80
1042.22	3215.59
1043.83	3222.91
1045.45	3226.05
1047.07	3233.73
1048.68	3226.40
1050.30	3230.24
1051.92	3229.19
1053.53	3238.96
1055.15	3235.82
1056.76	3237.56
1058.38	3234.07
1059.99	3236.17
1061.61	3227.45
1063.22	3229.19
1064.84	3227.10
1066.46	3233.73
1068.07	3228.49
1069.68	3234.42
1071.30	3232.68
1072.91	3234.07
1074.53	3230.24
1076.14	3230.59
1077.76	3234.07
1079.37	3228.14
1080.98	3227.80
1082.60	3223.61
1084.21	3224.31
1085.83	3230.59
1087.44	3227.45
1089.05	3228.14
1090.67	3216.98
1092.28	3221.52
1093.89	3224.31
1095.50	3228.14
1097.12	3230.24
1098.73	3222.56
1100.34	3222.56
1101.95	3220.47
1103.57	3221.52
1105.18	3218.03
1106.79	3213.84
1108.40	3218.73
1110.01	3221.87
1111.63	3228.84
1113.24	3232.33
1114.85	3230.94
1116.46	3230.94
1118.07	3229.19
1119.68	3233.03
1121.29	3225.70
1122.90	3223.26
1124.51	3225.35
1126.12	3231.98
1127.73	3238.26
1129.34	3239.66
1130.95	3243.14
1132.56	3231.98
1134.17	3228.14
1135.78	3225.35
1137.39	3236.86
1139.00	3236.52
1140.61	3241.40
1142.22	3237.56
1143.83	3242.10
1145.44	3236.17
1147.05	3243.49
1148.65	3238.96
1150.26	3236.17
1151.87	3231.28
1153.48	3240.00
1155.09	3243.84
1156.69	3243.49
1158.30	3236.17
1159.91	3238.96
1161.52	3239.66
1163.12	3241.05
1164.73	3244.54
1166.34	3244.19
1167.94	3247.33
1169.55	3244.89
1171.16	3251.51
1172.76	3251.51
1174.37	3255.70
1175.97	3250.12
1177.58	3253.96
1179.19	3246.98
1180.79	3249.42
1182.40	3244.54
1184.00	3250.47
1185.61	3256.75
1187.21	3259.54
1188.82	3259.19
1190.42	3252.21
1192.02	3247.33
1193.63	3245.58
1195.23	3249.77
1196.84	3254.30
1198.44	3258.84
1200.04	3259.89
1201.65	3264.07
1203.25	3264.42
1204.85	3261.63
1206.46	3259.19
1208.06	3252.21
1209.66	3253.61
1211.26	3258.49
1212.87	3260.93
1214.47	3265.12
1216.07	3263.37
1217.67	3266.51
1219.27	3263.02
1220.87	3263.02
1222.48	3258.84
1224.08	3264.07
1225.68	3264.07
1227.28	3264.07
1228.88	3259.89
1230.48	3255.00
1232.08	3257.10
1233.68	3259.89
1235.28	3259.89
1236.88	3258.14
1238.48	3261.63
1240.08	3261.63
1241.68	3260.93
1243.28	3252.56
1244.87	3250.12
1246.47	3247.68
1248.07	3244.54
1249.67	3251.86
1251.27	3248.72
1252.87	3247.33
1254.46	3238.26
1256.06	3244.54
1257.66	3243.84
1259.26	3244.19
1260.85	3241.05
1262.45	3245.58
1264.05	3247.33
1265.64	3251.51
1267.24	3250.47
1268.83	3250.12
1270.43	3251.51
1272.03	3251.17
1273.62	3245.24
1275.22	3241.40
1276.81	3235.12
1278.41	3243.49
1280.00	3238.96
1281.60	3242.79
1283.19	3239.31
1284.79	3241.40
1286.38	3243.14
1287.97	3241.40
1289.57	3237.21
1291.16	3230.94
1292.75	3233.38
1294.35	3236.86
1295.94	3238.61
1297.53	3230.59
1299.12	3234.07
1300.72	3230.94
1302.31	3237.21
1303.90	3234.77
1305.49	3238.26
1307.08	3232.68
1308.68	3228.14
1310.27	3227.45
1311.86	3229.19
1313.45	3229.89
1315.04	3228.49
1316.63	3227.80
1318.22	3220.82
1319.81	3220.47
1321.40	3222.22
1322.99	3221.87
1324.58	3219.08
1326.17	3212.45
1327.75	3214.54
1329.34	3212.80
1330.93	3211.05
1332.52	3208.96
1334.11	3207.57
1335.70	3204.43
1337.28	3203.73
1338.87	3205.12
1340.46	3206.87
1342.05	3206.87
1343.63	3202.68
1345.22	3205.12
1346.81	3202.33
1348.39	3199.89
1349.98	3191.17
1351.56	3188.73
1353.15	3184.89
1354.73	3180.36
1356.32	3172.69
1357.90	3172.34
1359.49	3172.69
1361.07	3171.64
1362.66	3166.41
1364.24	3165.71
1365.82	3167.80
1367.41	3165.36
1368.99	3156.99
1370.57	3153.50
1372.16	3154.20
1373.74	3159.08
1375.32	3158.04
1376.91	3148.27
1378.49	3132.57
1380.07	3116.88
1381.65	3105.37
1383.23	3102.93
1384.81	3099.79
1386.39	3102.23
1387.97	3101.53
1389.55	3098.04
1391.14	3089.67
1392.72	3081.65
1394.29	3077.81
1395.87	3072.23
1397.45	3068.39
1399.03	3062.81
1400.61	3059.67
1402.19	3049.91
1403.77	3047.12
1405.35	3043.98
1406.92	3044.68
1408.50	3038.40
1410.08	3030.72
1411.66	3026.19
1413.23	3027.58
1414.81	3023.40
1416.39	3026.19
1417.96	3018.52
1419.54	3024.45
1421.12	3025.14
1422.69	3024.10
1424.27	3023.05
1425.84	3017.12
1427.42	3016.07
1428.99	3014.68
1430.57	3012.24
1432.14	3011.19
1433.71	3015.73
1435.29	3019.21
1436.86	3020.61
1438.43	3013.28
1440.01	2947.36
1441.58	2948.41
1443.15	2954.34
1444.72	3016.77
1446.30	3019.21
1447.87	3010.84
1449.44	3002.47
1451.01	2999.33
1452.58	3006.66
1454.15	3010.49
1455.72	3007.35
1457.29	3007.01
1458.86	3010.14
1460.43	3020.61
1462.00	3017.12
1463.57	3019.56
1465.14	3010.84
1466.71	3011.89
1468.28	3017.82
1469.85	3025.49
1471.41	3026.54
1472.98	3027.58
1474.55	3023.05
1476.12	3022.70
1477.68	3021.66
1479.25	3024.45
1480.82	3028.28
1482.38	3022.35
1483.95	3020.26
1485.51	3027.24
1487.08	3034.91
1488.64	3042.93
1490.21	3036.65
1491.77	3041.54
1493.34	3035.61
1494.90	3038.05
1496.46	3039.10
1498.03	3046.07
1499.59	3049.56
1501.15	3047.47
1502.72	3045.72
1504.28	3043.98
1505.84	3040.14
1507.40	3043.98
1508.97	3047.82
1510.53	3058.63
1512.09	3061.07
1513.65	3064.21
1515.21	3055.84
1516.77	3056.54
1518.33	3053.40
1519.89	3057.23
1521.45	3056.54
1523.01	3058.98
1524.57	3062.81
1526.13	3065.95
1527.68	3072.23
1529.24	3072.23
1530.80	3075.72
1532.36	3070.84
1533.92	3066.30
1535.47	3060.72
1537.03	3061.77
1538.59	3065.26
1540.14	3062.81
1541.70	3064.91
1543.25	3067.00
1544.81	3073.63
1546.36	3069.09
1547.92	3068.74
1549.47	3066.30
1551.03	3068.39
1552.58	3067.70
1554.13	3070.14
1555.69	3070.84
1557.24	3070.84
1558.79	3065.60
1560.35	3066.65
1561.90	3069.09
1563.45	3071.88
1565.00	3070.14
1566.55	3067.70
1568.10	3065.95
1569.66	3066.65
1571.21	3068.74
1572.76	3073.28
1574.31	3073.98
1575.86	3071.18
1577.40	3067.00
1578.95	3066.65
1580.50	3061.77
1582.05	3060.37
1583.60	3051.30
1585.15	3055.14
1586.69	3056.19
1588.24	3065.26
1589.79	3058.63
1591.34	3059.67
1592.88	3049.91
1594.43	3056.19
1595.97	3052.00
1597.52	3056.54
1599.06	3048.86
1600.61	3050.95
1602.15	3048.51
1603.70	3053.74
1605.24	3050.26
1606.79	3048.16
1608.33	3042.93
1609.87	3042.58
1611.41	3046.77
1612.96	3046.77
1614.50	3042.93
1616.04	3038.40
1617.58	3034.56
1619.12	3032.82
1620.67	3024.10
1622.21	3030.72
1623.75	3028.98
1625.29	3031.42
1626.83	3027.93
1628.37	3025.84
1629.90	3021.31
1631.44	3014.33
1632.98	3007.35
1634.52	3000.38
1636.06	2997.94
1637.59	2995.50
1639.13	2994.80
1640.67	2980.15
1642.21	2968.64
1643.74	2950.50
1645.28	2934.80
1646.81	2926.08
1648.35	2911.09
1649.88	2905.16
1651.42	2887.72
1652.95	2888.06
1654.49	2874.46
1656.02	2869.58
1657.55	2854.23
1659.09	2855.63
1660.62	2846.56
1662.15	2847.26
1663.68	2834.35
1665.22	2831.21
1666.75	2823.89
1668.28	2828.42
1669.81	2824.23
1671.34	2822.14
1672.87	2818.65
1674.40	2817.26
1675.93	2808.89
1677.46	2797.73
1678.99	2788.31
1680.52	2791.10
1682.04	2791.10
1683.57	2794.24
1685.10	2789.01
1686.63	2787.61
1688.15	2781.33
1689.68	2777.50
1691.21	2774.70
1692.73	2779.59
1694.26	2783.08
1695.78	2784.47
1697.31	2776.45
1698.83	2771.22
1700.36	2762.15
1701.88	2765.98
1703.40	2763.19
1704.93	2765.98
1706.45	2764.59
