896.35	3010.49
897.98	3018.86
899.60	3029.33
901.22	3059.67
902.85	3034.56
904.47	3055.49
906.10	3051.30
907.72	3068.05
909.34	3084.79
910.97	3103.62
912.59	3128.74
914.21	3150.71
915.84	3183.15
917.46	3220.82
919.08	3234.42
920.71	3255.35
922.33	3283.60
923.95	3301.39
925.58	3319.18
927.20	3309.76
928.82	3320.23
930.44	3344.30
932.07	3336.97
933.69	3334.88
935.31	3351.62
936.93	3365.22
938.56	3349.53
940.18	3365.22
941.80	3371.50
943.42	3383.01
945.05	3392.43
946.67	3373.59
948.29	3380.92
949.91	3381.97
951.53	3391.38
953.16	3391.38
954.78	3387.20
956.40	3388.24
958.02	3384.06
959.64	3384.06
961.26	3380.92
962.88	3386.15
964.51	3371.50
966.13	3393.48
967.75	3390.34
969.37	3381.97
970.99	3384.06
972.61	3385.10
974.23	3383.01
975.85	3383.01
977.47	3381.97
979.09	3387.20
980.71	3379.87
982.33	3395.57
983.95	3397.66
985.57	3409.17
987.19	3395.57
988.81	3403.94
990.43	3396.62
992.05	3406.03
993.67	3422.78
995.29	3413.36
996.91	3399.75
998.53	3430.10
1000.15	3429.05
1001.77	3434.29
1003.39	3439.52
1005.01	3443.70
1006.63	3447.89
1008.25	3458.35
1009.86	3470.91
1011.48	3467.77
1013.10	3462.54
1014.72	3466.72
1016.34	3465.68
1017.96	3494.98
1019.58	3479.28
1021.19	3478.23
1022.81	3481.37
1024.43	3499.16
1026.05	3493.93
1027.66	3506.49
1029.28	3503.35
1030.90	3507.53
1032.52	3500.21
1034.13	3496.02
1035.75	3511.72
1037.37	3508.58
1038.98	3520.09
1040.60	3515.90
1042.22	3499.16
1043.83	3508.58
1045.45	3512.77
1047.07	3512.77
1048.68	3519.04
1050.30	3506.49
1051.92	3522.18
1053.53	3519.04
1055.15	3527.42
1056.76	3520.09
1058.38	3514.86
1059.99	3522.18
1061.61	3508.58
1063.22	3501.26
1064.84	3513.81
1066.46	3509.63
1068.07	3502.30
1069.68	3507.53
1071.30	3515.90
1072.91	3505.44
1074.53	3502.30
1076.14	3513.81
1077.76	3494.98
1079.37	3501.26
1080.98	3475.10
1082.60	3494.98
1084.21	3494.98
1085.83	3489.74
1087.44	3497.07
1089.05	3485.56
1090.67	3476.14
1092.28	3475.10
1093.89	3483.47
1095.50	3488.70
1097.12	3473.00
1098.73	3476.14
1100.34	3453.12
1101.95	3477.19
1103.57	3481.37
1105.18	3461.49
1106.79	3449.98
1108.40	3467.77
1110.01	3470.91
1111.63	3475.10
1113.24	3478.23
1114.85	3469.86
1116.46	3474.05
1118.07	3482.42
1119.68	3464.63
1121.29	3476.14
1122.90	3461.49
1124.51	3474.05
1126.12	3475.10
1127.73	3474.05
1129.34	3470.91
1130.95	3481.37
1132.56	3474.05
1134.17	3449.98
1135.78	3471.96
1137.39	3471.96
1139.00	3459.40
1140.61	3456.26
1142.22	3467.77
1143.83	3459.40
1145.44	3456.26
1147.05	3460.45
1148.65	3453.12
1150.26	3449.98
1151.87	3434.29
1153.48	3454.17
1155.09	3469.86
1156.69	3456.26
1158.30	3445.80
1159.91	3448.94
1161.52	3453.12
1163.12	3451.03
1164.73	3451.03
1166.34	3467.77
1167.94	3452.07
1169.55	3463.58
1171.16	3458.35
1172.76	3466.72
1174.37	3458.35
1175.97	3463.58
1177.58	3441.61
1179.19	3462.54
1180.79	3448.94
1182.40	3448.94
1184.00	3446.84
1185.61	3464.63
1187.21	3459.40
1188.82	3447.89
1190.42	3445.80
1192.02	3443.70
1193.63	3428.01
1195.23	3445.80
1196.84	3449.98
1198.44	3453.12
1200.04	3461.49
1201.65	3458.35
1203.25	3449.98
1204.85	3453.12
1206.46	3433.24
1208.06	3437.42
1209.66	3426.96
1211.26	3435.33
1212.87	3455.21
1214.47	3439.52
1216.07	3436.38
1217.67	3435.33
1219.27	3417.54
1220.87	3423.82
1222.48	3426.96
1224.08	3422.78
1225.68	3414.40
1227.28	3414.40
1228.88	3407.08
1230.48	3410.22
1232.08	3400.80
1233.68	3410.22
1235.28	3417.54
1236.88	3398.71
1238.48	3393.48
1240.08	3413.36
1241.68	3383.01
1243.28	3390.34
1244.87	3380.92
1246.47	3380.92
1248.07	3366.27
1249.67	3370.46
1251.27	3378.83
1252.87	3362.08
1254.46	3357.90
1256.06	3366.27
1257.66	3355.81
1259.26	3340.11
1260.85	3358.94
1262.45	3356.85
1264.05	3353.71
1265.64	3340.11
1267.24	3346.39
1268.83	3350.57
1270.43	3345.34
1272.03	3355.81
1273.62	3335.92
1275.22	3327.55
1276.81	3342.20
1278.41	3330.69
1280.00	3327.55
1281.60	3316.04
1283.19	3320.23
1284.79	3328.60
1286.38	3320.23
1287.97	3319.18
1289.57	3310.81
1291.16	3310.81
1292.75	3293.02
1294.35	3302.44
1295.94	3299.30
1297.53	3309.76
1299.12	3286.74
1300.72	3301.39
1302.31	3275.23
1303.90	3302.44
1305.49	3301.39
1307.08	3283.60
1308.68	3281.51
1310.27	3285.70
1311.86	3273.14
1313.45	3263.72
1315.04	3259.54
1316.63	3275.23
1318.22	3268.95
1319.81	3256.40
1321.40	3254.30
1322.99	3261.63
1324.58	3240.70
1326.17	3239.66
1327.75	3219.77
1329.34	3237.56
1330.93	3234.42
1332.52	3219.77
1334.11	3222.91
1335.70	3219.77
1337.28	3213.50
1338.87	3212.45
1340.46	3215.59
1342.05	3207.22
1343.63	3199.89
1345.22	3194.66
1346.81	3197.80
1348.39	3189.43
1349.98	3190.47
1351.56	3183.15
1353.15	3172.69
1354.73	3175.82
1356.32	3156.99
1357.90	3156.99
1359.49	3154.90
1361.07	3142.34
1362.66	3130.83
1364.24	3124.55
1365.82	3122.46
1367.41	3127.69
1368.99	3108.86
1370.57	3105.72
1372.16	3109.90
1373.74	3102.58
1375.32	3101.53
1376.91	3082.70
1378.49	3056.54
1380.07	3031.42
1381.65	3030.38
1383.23	3004.22
1384.81	3009.45
1386.39	2998.98
1387.97	3002.12
1389.55	2983.29
1391.14	2977.01
1392.72	2959.22
1394.29	2961.31
1395.87	2949.80
1397.45	2939.34
1399.03	2943.52
1400.61	2929.92
1402.19	2917.36
1403.77	2905.85
1405.35	2921.55
1406.92	2905.85
1408.50	2907.95
1410.08	2905.85
1411.66	2895.39
1413.23	2894.34
1414.81	2889.11
1416.39	2879.69
1417.96	2893.30
1419.54	2870.28
1421.12	2882.83
1422.69	2896.44
1424.27	2874.46
1425.84	2880.74
1427.42	2871.32
1428.99	2878.65
1430.57	2872.37
1432.14	2875.51
1433.71	2870.28
1435.29	2882.83
1436.86	2884.93
1438.43	2868.18
1440.01	2868.18
1441.58	2747.85
1443.15	2872.37
1444.72	2876.55
1446.30	2862.95
1447.87	2875.51
1449.44	2861.90
1451.01	2848.30
1452.58	2860.86
1454.15	2870.28
1455.72	2862.95
1457.29	2866.09
1458.86	2872.37
1460.43	2857.72
1462.00	2879.69
1463.57	2864.00
1465.14	2870.28
1466.71	2862.95
1468.28	2867.14
1469.85	2869.23
1471.41	2865.04
1472.98	2854.58
1474.55	2874.46
1476.12	2858.77
1477.68	2864.00
1479.25	2875.51
1480.82	2872.37
1482.38	2867.14
1483.95	2866.09
1485.51	2875.51
1487.08	2890.16
1488.64	2884.93
1490.21	2876.55
1491.77	2862.95
1493.34	2883.88
1494.90	2869.23
1496.46	2874.46
1498.03	2881.79
1499.59	2883.88
1501.15	2884.93
1502.72	2880.74
1504.28	2884.93
1505.84	2877.60
1507.40	2875.51
1508.97	2883.88
1510.53	2882.83
1512.09	2896.44
1513.65	2896.44
1515.21	2892.25
1516.77	2881.79
1518.33	2906.90
1519.89	2897.48
1521.45	2898.53
1523.01	2901.67
1524.57	2904.81
1526.13	2887.02
1527.68	2897.48
1529.24	2904.81
1530.80	2898.53
1532.36	2901.67
1533.92	2899.58
1535.47	2882.83
1537.03	2887.02
1538.59	2895.39
1540.14	2893.30
1541.70	2897.48
1543.25	2911.09
1544.81	2896.44
1546.36	2899.58
1547.92	2882.83
1549.47	2900.62
1551.03	2897.48
1552.58	2890.16
1554.13	2892.25
1555.69	2896.44
1557.24	2888.06
1558.79	2883.88
1560.35	2877.60
1561.90	2902.71
1563.45	2887.02
1565.00	2895.39
1566.55	2885.97
1568.10	2876.55
1569.66	2874.46
1571.21	2888.06
1572.76	2880.74
1574.31	2882.83
1575.86	2878.65
1577.40	2861.90
1578.95	2877.60
1580.50	2880.74
1582.05	2860.86
1583.60	2857.72
1585.15	2856.67
1586.69	2869.23
1588.24	2870.28
1589.79	2872.37
1591.34	2859.81
1592.88	2878.65
1594.43	2850.39
1595.97	2874.46
1597.52	2865.04
1599.06	2860.86
1600.61	2846.21
1602.15	2872.37
1603.70	2857.72
1605.24	2858.77
1606.79	2860.86
1608.33	2850.39
1609.87	2846.21
1611.41	2856.67
1612.96	2852.49
1614.50	2833.65
1616.04	2848.30
1617.58	2859.81
1619.12	2844.12
1620.67	2852.49
1622.21	2821.10
1623.75	2847.26
1625.29	2832.61
1626.83	2831.56
1628.37	2842.02
1629.90	2817.96
1631.44	2820.05
1632.98	2819.00
1634.52	2799.12
1636.06	2812.72
1637.59	2816.91
1639.13	2804.35
1640.67	2794.94
1642.21	2781.33
1643.74	2779.24
1645.28	2753.08
1646.81	2749.94
1648.35	2754.13
1649.88	2724.83
1651.42	2734.24
1652.95	2720.64
1654.49	2745.75
1656.02	2714.36
1657.55	2715.41
1659.09	2699.71
1660.62	2710.18
1662.15	2704.94
1663.68	2711.22
1665.22	2695.53
1666.75	2697.62
1668.28	2696.57
1669.81	2708.08
1671.34	2688.20
1672.87	2701.81
1674.40	2700.76
1675.93	2691.34
1677.46	2679.83
1678.99	2678.78
1680.52	2673.55
1682.04	2691.34
1683.57	2677.74
1685.10	2681.92
1686.63	2676.69
1688.15	2684.02
1689.68	2679.83
1691.21	2677.74
1692.73	2680.88
1694.26	2676.69
1695.78	2667.27
1697.31	2677.74
1698.83	2662.04
1700.36	2671.46
1701.88	2670.41
1703.40	2677.74
1704.93	2663.09
1706.45	2673.55
