896.35	3167.45
897.98	3180.01
899.60	3185.24
901.22	3216.63
902.85	3189.43
904.47	3219.77
906.10	3228.14
907.72	3232.33
909.34	3246.98
910.97	3279.42
912.59	3301.39
914.21	3352.67
915.84	3388.24
917.46	3454.17
919.08	3474.05
920.71	3504.39
922.33	3526.37
923.95	3557.76
925.58	3578.69
927.20	3581.83
928.82	3584.97
930.44	3623.68
932.07	3609.03
933.69	3621.59
935.31	3621.59
936.93	3650.89
938.56	3645.66
940.18	3660.31
941.80	3650.89
943.42	3680.19
945.05	3674.96
946.67	3682.28
948.29	3674.96
949.91	3684.38
951.53	3685.42
953.16	3694.84
954.78	3680.19
956.40	3684.38
958.02	3670.77
959.64	3687.51
961.26	3676.00
962.88	3695.89
964.51	3658.22
966.13	3701.12
967.75	3678.10
969.37	3680.19
970.99	3673.91
972.61	3684.38
974.23	3669.73
975.85	3679.14
977.47	3673.91
979.09	3684.38
980.71	3671.82
982.33	3692.75
983.95	3690.65
985.57	3713.67
987.19	3696.93
988.81	3716.81
990.43	3696.93
992.05	3713.67
993.67	3709.49
995.29	3724.14
996.91	3705.30
998.53	3747.16
1000.15	3744.02
1001.77	3757.62
1003.39	3744.02
1005.01	3767.04
1006.63	3761.81
1008.25	3784.83
1009.86	3787.97
1011.48	3790.06
1013.10	3784.83
1014.72	3806.80
1016.34	3798.43
1017.96	3825.64
1019.58	3809.94
1021.19	3815.18
1022.81	3812.04
1024.43	3837.15
1026.05	3825.64
1027.66	3850.75
1029.28	3835.06
1030.90	3849.71
1032.52	3828.78
1034.13	3857.03
1035.75	3847.61
1037.37	3868.54
1038.98	3859.12
1040.60	3872.73
1042.22	3843.43
1043.83	3873.77
1045.45	3863.31
1047.07	3886.33
1048.68	3870.63
1050.30	3871.68
1051.92	3864.36
1053.53	3888.42
1055.15	3866.45
1056.76	3874.82
1058.38	3868.54
1059.99	3883.19
1061.61	3865.40
1063.22	3875.87
1064.84	3858.08
1066.46	3869.59
1068.07	3855.98
1069.68	3872.73
1071.30	3865.40
1072.91	3858.08
1074.53	3830.87
1076.14	3862.26
1077.76	3834.01
1079.37	3857.03
1080.98	3809.94
1082.60	3842.38
1084.21	3837.15
1085.83	3837.15
1087.44	3829.82
1089.05	3821.45
1090.67	3803.66
1092.28	3812.04
1093.89	3810.99
1095.50	3829.82
1097.12	3812.04
1098.73	3825.64
1100.34	3798.43
1101.95	3820.41
1103.57	3800.53
1105.18	3796.34
1106.79	3786.92
1108.40	3806.80
1110.01	3790.06
1111.63	3810.99
1113.24	3804.71
1114.85	3812.04
1116.46	3800.53
1118.07	3821.45
1119.68	3790.06
1121.29	3805.76
1122.90	3783.78
1124.51	3805.76
1126.12	3809.94
1127.73	3820.41
1129.34	3802.62
1130.95	3820.41
1132.56	3805.76
1134.17	3784.83
1135.78	3784.83
1137.39	3802.62
1139.00	3780.64
1140.61	3791.11
1142.22	3792.15
1143.83	3795.29
1145.44	3783.78
1147.05	3794.25
1148.65	3785.88
1150.26	3784.83
1151.87	3769.13
1153.48	3790.06
1155.09	3777.50
1156.69	3780.64
1158.30	3772.27
1159.91	3791.11
1161.52	3789.02
1163.12	3793.20
1164.73	3780.64
1166.34	3807.85
1167.94	3787.97
1169.55	3803.66
1171.16	3780.64
1172.76	3790.06
1174.37	3771.23
1175.97	3807.85
1177.58	3767.04
1179.19	3795.29
1180.79	3777.50
1182.40	3784.83
1184.00	3770.18
1185.61	3792.15
1187.21	3775.41
1188.82	3791.11
1190.42	3778.55
1192.02	3785.88
1193.63	3775.41
1195.23	3784.83
1196.84	3767.04
1198.44	3791.11
1200.04	3786.92
1201.65	3780.64
1203.25	3768.09
1204.85	3789.02
1206.46	3756.58
1208.06	3759.72
1209.66	3749.25
1211.26	3756.58
1212.87	3762.86
1214.47	3754.48
1216.07	3759.72
1217.67	3762.86
1219.27	3741.93
1220.87	3758.67
1222.48	3737.74
1224.08	3738.79
1225.68	3738.79
1227.28	3749.25
1228.88	3724.14
1230.48	3735.65
1232.08	3704.26
1233.68	3718.91
1235.28	3718.91
1236.88	3717.86
1238.48	3705.30
1240.08	3736.70
1241.68	3680.19
1243.28	3693.79
1244.87	3671.82
1246.47	3687.51
1248.07	3663.45
1249.67	3679.14
1251.27	3680.19
1252.87	3661.35
1254.46	3638.33
1256.06	3642.52
1257.66	3648.80
1259.26	3639.38
1260.85	3648.80
1262.45	3642.52
1264.05	3640.43
1265.64	3646.70
1267.24	3637.29
1268.83	3645.66
1270.43	3635.19
1272.03	3646.70
1273.62	3621.59
1275.22	3622.64
1276.81	3620.54
1278.41	3621.59
1280.00	3611.13
1281.60	3616.36
1283.19	3594.38
1284.79	3610.08
1286.38	3588.11
1287.97	3597.52
1289.57	3584.97
1291.16	3590.20
1292.75	3576.60
1294.35	3594.38
1295.94	3573.46
1297.53	3581.83
1299.12	3564.04
1300.72	3577.64
1302.31	3549.39
1303.90	3575.55
1305.49	3557.76
1307.08	3549.39
1308.68	3546.25
1310.27	3541.02
1311.86	3525.32
1313.45	3533.69
1315.04	3523.23
1316.63	3533.69
1318.22	3519.04
1319.81	3518.00
1321.40	3511.72
1322.99	3518.00
1324.58	3481.37
1326.17	3491.84
1327.75	3476.14
1329.34	3491.84
1330.93	3477.19
1332.52	3474.05
1334.11	3465.68
1335.70	3458.35
1337.28	3441.61
1338.87	3452.07
1340.46	3445.80
1342.05	3441.61
1343.63	3426.96
1345.22	3430.10
1346.81	3431.15
1348.39	3420.68
1349.98	3409.17
1351.56	3393.48
1353.15	3381.97
1354.73	3389.29
1356.32	3365.22
1357.90	3375.69
1359.49	3366.27
1361.07	3343.25
1362.66	3329.65
1364.24	3334.88
1365.82	3334.88
1367.41	3336.97
1368.99	3308.72
1370.57	3301.39
1372.16	3304.53
1373.74	3299.30
1375.32	3290.93
1376.91	3261.63
1378.49	3227.10
1380.07	3195.71
1381.65	3181.06
1383.23	3160.13
1384.81	3154.90
1386.39	3151.76
1387.97	3143.39
1389.55	3129.78
1391.14	3103.62
1392.72	3091.07
1394.29	3079.56
1395.87	3067.00
1397.45	3048.16
1399.03	3052.35
1400.61	3037.70
1402.19	3028.28
1403.77	3015.73
1405.35	3027.24
1406.92	3003.17
1408.50	2993.75
1410.08	2997.94
1411.66	2987.47
1413.23	2991.66
1414.81	2992.70
1416.39	2977.01
1417.96	2983.29
1419.54	2971.78
1421.12	2980.15
1422.69	2987.47
1424.27	2966.54
1425.84	2972.82
1427.42	2961.31
1428.99	2958.17
1430.57	2963.41
1432.14	2952.94
1433.71	2955.03
1435.29	2963.41
1436.86	2963.41
1438.43	2947.71
1440.01	2942.48
1441.58	2824.23
1443.15	2948.76
1444.72	2947.71
1446.30	2941.43
1447.87	2951.90
1449.44	2946.66
1451.01	2940.38
1452.58	2945.62
1454.15	2939.34
1455.72	2929.92
1457.29	2928.87
1458.86	2950.85
1460.43	2941.43
1462.00	2957.13
1463.57	2944.57
1465.14	2946.66
1466.71	2938.29
1468.28	2944.57
1469.85	2941.43
1471.41	2946.66
1472.98	2942.48
1474.55	2961.31
1476.12	2938.29
1477.68	2929.92
1479.25	2951.90
1480.82	2950.85
1482.38	2952.94
1483.95	2943.52
1485.51	2953.99
1487.08	2964.45
1488.64	2959.22
1490.21	2964.45
1491.77	2951.90
1493.34	2966.54
1494.90	2945.62
1496.46	2957.13
1498.03	2967.59
1499.59	2972.82
1501.15	2966.54
1502.72	2974.92
1504.28	2969.68
1505.84	2969.68
1507.40	2971.78
1508.97	2983.29
1510.53	2978.06
1512.09	2989.57
1513.65	2992.70
1515.21	2989.57
1516.77	2969.68
1518.33	2996.89
1519.89	2983.29
1521.45	2988.52
1523.01	2991.66
1524.57	2997.94
1526.13	2988.52
1527.68	2991.66
1529.24	2992.70
1530.80	2993.75
1532.36	3002.12
1533.92	2997.94
1535.47	2987.47
1537.03	2994.80
1538.59	3002.12
1540.14	2989.57
1541.70	2978.06
1543.25	3001.08
1544.81	3001.08
1546.36	2994.80
1547.92	2979.10
1549.47	2991.66
1551.03	2993.75
1552.58	2991.66
1554.13	2983.29
1555.69	2993.75
1557.24	2983.29
1558.79	2992.70
1560.35	2979.10
1561.90	2991.66
1563.45	2974.92
1565.00	2983.29
1566.55	2972.82
1568.10	2974.92
1569.66	2968.64
1571.21	2985.38
1572.76	2986.43
1574.31	2977.01
1575.86	2972.82
1577.40	2964.45
1578.95	2967.59
1580.50	2975.96
1582.05	2961.31
1583.60	2958.17
1585.15	2947.71
1586.69	2955.03
1588.24	2956.08
1589.79	2962.36
1591.34	2941.43
1592.88	2963.41
1594.43	2940.38
1595.97	2952.94
1597.52	2952.94
1599.06	2956.08
1600.61	2944.57
1602.15	2963.41
1603.70	2958.17
1605.24	2956.08
1606.79	2951.90
1608.33	2939.34
1609.87	2943.52
1611.41	2950.85
1612.96	2947.71
1614.50	2934.11
1616.04	2926.78
1617.58	2935.15
1619.12	2927.83
1620.67	2935.15
1622.21	2912.13
1623.75	2932.01
1625.29	2917.36
1626.83	2908.99
1628.37	2929.92
1629.90	2908.99
1631.44	2908.99
1632.98	2893.30
1634.52	2868.18
1636.06	2871.32
1637.59	2881.79
1639.13	2859.81
1640.67	2855.63
1642.21	2838.88
1643.74	2830.51
1645.28	2805.40
1646.81	2790.75
1648.35	2799.12
1649.88	2770.87
1651.42	2776.10
1652.95	2745.75
1654.49	2774.01
1656.02	2749.94
1657.55	2753.08
1659.09	2727.97
1660.62	2741.57
1662.15	2724.83
1663.68	2732.15
1665.22	2724.83
1666.75	2730.06
1668.28	2724.83
1669.81	2734.24
1671.34	2715.41
1672.87	2723.78
1674.40	2723.78
1675.93	2719.59
1677.46	2704.94
1678.99	2702.85
1680.52	2693.43
1682.04	2701.81
1683.57	2704.94
1685.10	2707.04
1686.63	2694.48
1688.15	2703.90
1689.68	2691.34
1691.21	2694.48
1692.73	2692.39
1694.26	2702.85
1695.78	2687.16
1697.31	2685.06
1698.83	2678.78
1700.36	2691.34
1701.88	2689.25
1703.40	2697.62
1704.93	2684.02
1706.45	2677.74
