896.35	3006.31
897.98	3018.86
899.60	3029.33
901.22	3048.16
902.85	3033.51
904.47	3048.16
906.10	3061.77
907.72	3064.91
909.34	3076.42
910.97	3091.07
912.59	3107.81
914.21	3136.06
915.84	3169.55
917.46	3209.31
919.08	3243.84
920.71	3258.49
922.33	3280.46
923.95	3286.74
925.58	3319.18
927.20	3305.58
928.82	3308.72
930.44	3338.02
932.07	3328.60
933.69	3317.09
935.31	3333.83
936.93	3350.57
938.56	3354.76
940.18	3364.18
941.80	3353.71
943.42	3375.69
945.05	3389.29
946.67	3371.50
948.29	3376.73
949.91	3372.55
951.53	3384.06
953.16	3388.24
954.78	3387.20
956.40	3376.73
958.02	3369.41
959.64	3367.32
961.26	3370.46
962.88	3383.01
964.51	3365.22
966.13	3389.29
967.75	3386.15
969.37	3373.59
970.99	3368.36
972.61	3371.50
974.23	3362.08
975.85	3367.32
977.47	3380.92
979.09	3375.69
980.71	3362.08
982.33	3370.46
983.95	3381.97
985.57	3397.66
987.19	3390.34
988.81	3400.80
990.43	3390.34
992.05	3394.52
993.67	3408.13
995.29	3404.99
996.91	3392.43
998.53	3429.05
1000.15	3421.73
1001.77	3422.78
1003.39	3422.78
1005.01	3431.15
1006.63	3441.61
1008.25	3451.03
1009.86	3453.12
1011.48	3455.21
1013.10	3445.80
1014.72	3460.45
1016.34	3460.45
1017.96	3483.47
1019.58	3476.14
1021.19	3468.82
1022.81	3462.54
1024.43	3482.42
1026.05	3468.82
1027.66	3489.74
1029.28	3487.65
1030.90	3489.74
1032.52	3482.42
1034.13	3491.84
1035.75	3498.12
1037.37	3500.21
1038.98	3500.21
1040.60	3504.39
1042.22	3499.16
1043.83	3503.35
1045.45	3491.84
1047.07	3503.35
1048.68	3512.77
1050.30	3494.98
1051.92	3505.44
1053.53	3504.39
1055.15	3502.30
1056.76	3501.26
1058.38	3493.93
1059.99	3509.63
1061.61	3507.53
1063.22	3499.16
1064.84	3502.30
1066.46	3500.21
1068.07	3486.61
1069.68	3504.39
1071.30	3501.26
1072.91	3491.84
1074.53	3480.33
1076.14	3494.98
1077.76	3493.93
1079.37	3484.51
1080.98	3451.03
1082.60	3469.86
1084.21	3473.00
1085.83	3478.23
1087.44	3478.23
1089.05	3462.54
1090.67	3460.45
1092.28	3467.77
1093.89	3464.63
1095.50	3463.58
1097.12	3455.21
1098.73	3462.54
1100.34	3441.61
1101.95	3465.68
1103.57	3466.72
1105.18	3458.35
1106.79	3452.07
1108.40	3459.40
1110.01	3456.26
1111.63	3455.21
1113.24	3469.86
1114.85	3461.49
1116.46	3454.17
1118.07	3461.49
1119.68	3451.03
1121.29	3457.31
1122.90	3452.07
1124.51	3455.21
1126.12	3460.45
1127.73	3462.54
1129.34	3461.49
1130.95	3468.82
1132.56	3474.05
1134.17	3445.80
1135.78	3456.26
1137.39	3455.21
1139.00	3439.52
1140.61	3451.03
1142.22	3458.35
1143.83	3446.84
1145.44	3452.07
1147.05	3447.89
1148.65	3449.98
1150.26	3440.56
1151.87	3424.87
1153.48	3433.24
1155.09	3443.70
1156.69	3449.98
1158.30	3436.38
1159.91	3436.38
1161.52	3446.84
1163.12	3453.12
1164.73	3447.89
1166.34	3457.31
1167.94	3446.84
1169.55	3451.03
1171.16	3453.12
1172.76	3458.35
1174.37	3446.84
1175.97	3458.35
1177.58	3434.29
1179.19	3452.07
1180.79	3441.61
1182.40	3441.61
1184.00	3434.29
1185.61	3452.07
1187.21	3441.61
1188.82	3437.42
1190.42	3441.61
1192.02	3434.29
1193.63	3425.91
1195.23	3444.75
1196.84	3438.47
1198.44	3433.24
1200.04	3438.47
1201.65	3438.47
1203.25	3433.24
1204.85	3438.47
1206.46	3415.45
1208.06	3429.05
1209.66	3426.96
1211.26	3426.96
1212.87	3437.42
1214.47	3423.82
1216.07	3420.68
1217.67	3420.68
1219.27	3413.36
1220.87	3417.54
1222.48	3414.40
1224.08	3409.17
1225.68	3401.85
1227.28	3410.22
1228.88	3404.99
1230.48	3416.50
1232.08	3395.57
1233.68	3413.36
1235.28	3408.13
1236.88	3393.48
1238.48	3386.15
1240.08	3407.08
1241.68	3370.46
1243.28	3378.83
1244.87	3371.50
1246.47	3369.41
1248.07	3362.08
1249.67	3357.90
1251.27	3368.36
1252.87	3353.71
1254.46	3338.02
1256.06	3342.20
1257.66	3350.57
1259.26	3345.34
1260.85	3348.48
1262.45	3336.97
1264.05	3346.39
1265.64	3342.20
1267.24	3347.43
1268.83	3339.06
1270.43	3333.83
1272.03	3344.30
1273.62	3334.88
1275.22	3319.18
1276.81	3328.60
1278.41	3324.41
1280.00	3328.60
1281.60	3326.51
1283.19	3321.27
1284.79	3323.37
1286.38	3309.76
1287.97	3311.86
1289.57	3306.62
1291.16	3301.39
1292.75	3294.07
1294.35	3301.39
1295.94	3287.79
1297.53	3301.39
1299.12	3282.56
1300.72	3302.44
1302.31	3271.05
1303.90	3298.25
1305.49	3289.88
1307.08	3268.95
1308.68	3259.54
1310.27	3266.86
1311.86	3270.00
1313.45	3263.72
1315.04	3260.58
1316.63	3261.63
1318.22	3256.40
1319.81	3249.07
1321.40	3256.40
1322.99	3249.07
1324.58	3226.05
1326.17	3244.89
1327.75	3229.19
1329.34	3227.10
1330.93	3223.96
1332.52	3219.77
1334.11	3218.73
1335.70	3214.54
1337.28	3195.71
1338.87	3198.85
1340.46	3204.08
1342.05	3205.12
1343.63	3189.43
1345.22	3182.10
1346.81	3192.57
1348.39	3188.38
1349.98	3187.34
1351.56	3176.87
1353.15	3166.41
1354.73	3166.41
1356.32	3162.22
1357.90	3153.85
1359.49	3140.25
1361.07	3128.74
1362.66	3136.06
1364.24	3135.02
1365.82	3136.06
1367.41	3133.97
1368.99	3111.99
1370.57	3105.72
1372.16	3113.04
1373.74	3105.72
1375.32	3103.62
1376.91	3084.79
1378.49	3058.63
1380.07	3040.84
1381.65	3034.56
1383.23	3014.68
1384.81	3009.45
1386.39	2993.75
1387.97	3003.17
1389.55	2991.66
1391.14	2983.29
1392.72	2970.73
1394.29	2968.64
1395.87	2964.45
1397.45	2933.06
1399.03	2941.43
1400.61	2928.87
1402.19	2923.64
1403.77	2914.22
1405.35	2926.78
1406.92	2906.90
1408.50	2902.71
1410.08	2904.81
1411.66	2894.34
1413.23	2896.44
1414.81	2900.62
1416.39	2881.79
1417.96	2897.48
1419.54	2894.34
1421.12	2897.48
1422.69	2897.48
1424.27	2881.79
1425.84	2883.88
1427.42	2873.42
1428.99	2881.79
1430.57	2887.02
1432.14	2883.88
1433.71	2873.42
1435.29	2892.25
1436.86	2883.88
1438.43	2879.69
1440.01	2874.46
1441.58	2756.22
1443.15	2882.83
1444.72	2885.97
1446.30	2876.55
1447.87	2883.88
1449.44	2872.37
1451.01	2859.81
1452.58	2874.46
1454.15	2869.23
1455.72	2861.90
1457.29	2860.86
1458.86	2871.32
1460.43	2865.04
1462.00	2878.65
1463.57	2874.46
1465.14	2877.60
1466.71	2874.46
1468.28	2874.46
1469.85	2869.23
1471.41	2877.60
1472.98	2865.04
1474.55	2882.83
1476.12	2867.14
1477.68	2866.09
1479.25	2878.65
1480.82	2867.14
1482.38	2878.65
1483.95	2866.09
1485.51	2882.83
1487.08	2884.93
1488.64	2881.79
1490.21	2884.93
1491.77	2870.28
1493.34	2896.44
1494.90	2878.65
1496.46	2874.46
1498.03	2877.60
1499.59	2883.88
1501.15	2881.79
1502.72	2893.30
1504.28	2890.16
1505.84	2882.83
1507.40	2882.83
1508.97	2902.71
1510.53	2897.48
1512.09	2901.67
1513.65	2906.90
1515.21	2905.85
1516.77	2885.97
1518.33	2906.90
1519.89	2894.34
1521.45	2889.11
1523.01	2896.44
1524.57	2897.48
1526.13	2896.44
1527.68	2905.85
1529.24	2907.95
1530.80	2897.48
1532.36	2907.95
1533.92	2901.67
1535.47	2894.34
1537.03	2898.53
1538.59	2903.76
1540.14	2891.20
1541.70	2877.60
1543.25	2920.50
1544.81	2903.76
1546.36	2905.85
1547.92	2892.25
1549.47	2898.53
1551.03	2898.53
1552.58	2892.25
1554.13	2887.02
1555.69	2897.48
1557.24	2876.55
1558.79	2891.20
1560.35	2889.11
1561.90	2900.62
1563.45	2879.69
1565.00	2891.20
1566.55	2882.83
1568.10	2884.93
1569.66	2877.60
1571.21	2887.02
1572.76	2883.88
1574.31	2891.20
1575.86	2887.02
1577.40	2873.42
1578.95	2876.55
1580.50	2866.09
1582.05	2861.90
1583.60	2881.79
1585.15	2868.18
1586.69	2868.18
1588.24	2872.37
1589.79	2879.69
1591.34	2859.81
1592.88	2877.60
1594.43	2858.77
1595.97	2875.51
1597.52	2873.42
1599.06	2859.81
1600.61	2851.44
1602.15	2870.28
1603.70	2857.72
1605.24	2857.72
1606.79	2862.95
1608.33	2855.63
1609.87	2853.53
1611.41	2867.14
1612.96	2861.90
1614.50	2839.93
1616.04	2842.02
1617.58	2865.04
1619.12	2847.26
1620.67	2853.53
1622.21	2829.47
1623.75	2851.44
1625.29	2829.47
1626.83	2830.51
1628.37	2842.02
1629.90	2822.14
1631.44	2824.23
1632.98	2827.37
1634.52	2804.35
1636.06	2802.26
1637.59	2805.40
1639.13	2794.94
1640.67	2793.89
1642.21	2780.29
1643.74	2771.91
1645.28	2756.22
1646.81	2752.03
1648.35	2762.50
1649.88	2737.38
1651.42	2746.80
1652.95	2724.83
1654.49	2740.52
1656.02	2721.69
1657.55	2723.78
1659.09	2703.90
1660.62	2712.27
1662.15	2700.76
1663.68	2713.32
1665.22	2705.99
1666.75	2704.94
1668.28	2690.29
1669.81	2716.45
1671.34	2696.57
1672.87	2699.71
1674.40	2705.99
1675.93	2689.25
1677.46	2678.78
1678.99	2678.78
1680.52	2675.65
1682.04	2694.48
1683.57	2685.06
1685.10	2686.11
1686.63	2669.37
1688.15	2673.55
1689.68	2668.32
1691.21	2665.18
1692.73	2674.60
1694.26	2685.06
1695.78	2666.23
1697.31	2672.51
1698.83	2661.00
1700.36	2659.95
1701.88	2658.90
1703.40	2679.83
1704.93	2662.04
1706.45	2657.86
