896.35	2756.22
897.98	2756.22
899.60	2754.13
901.22	2769.82
902.85	2763.54
904.47	2763.54
906.10	2771.91
907.72	2766.68
909.34	2787.61
910.97	2790.75
912.59	2787.61
914.21	2788.66
915.84	2805.40
917.46	2815.86
919.08	2827.37
920.71	2828.42
922.33	2850.39
923.95	2842.02
925.58	2866.09
927.20	2852.49
928.82	2864.00
930.44	2865.04
932.07	2852.49
933.69	2835.74
935.31	2857.72
936.93	2862.95
938.56	2872.37
940.18	2865.04
941.80	2874.46
943.42	2873.42
945.05	2892.25
946.67	2861.90
948.29	2874.46
949.91	2866.09
951.53	2896.44
953.16	2887.02
954.78	2897.48
956.40	2872.37
958.02	2884.93
959.64	2879.69
961.26	2891.20
962.88	2879.69
964.51	2880.74
966.13	2887.02
967.75	2892.25
969.37	2868.18
970.99	2882.83
972.61	2871.32
974.23	2894.34
975.85	2887.02
977.47	2896.44
979.09	2883.88
980.71	2884.93
982.33	2880.74
983.95	2902.71
985.57	2902.71
987.19	2893.30
988.81	2900.62
990.43	2898.53
992.05	2879.69
993.67	2901.67
995.29	2889.11
996.91	2896.44
998.53	2903.76
1000.15	2903.76
1001.77	2898.53
1003.39	2907.95
1005.01	2903.76
1006.63	2925.74
1008.25	2912.13
1009.86	2916.32
1011.48	2899.58
1013.10	2912.13
1014.72	2918.41
1016.34	2921.55
1017.96	2926.78
1019.58	2923.64
1021.19	2910.04
1022.81	2923.64
1024.43	2919.46
1026.05	2919.46
1027.66	2934.11
1029.28	2942.48
1030.90	2915.27
1032.52	2921.55
1034.13	2924.69
1035.75	2943.52
1037.37	2928.87
1038.98	2947.71
1040.60	2925.74
1042.22	2920.50
1043.83	2919.46
1045.45	2935.15
1047.07	2929.92
1048.68	2934.11
1050.30	2917.36
1051.92	2939.34
1053.53	2927.83
1055.15	2939.34
1056.76	2926.78
1058.38	2941.43
1059.99	2940.38
1061.61	2935.15
1063.22	2913.18
1064.84	2941.43
1066.46	2927.83
1068.07	2923.64
1069.68	2919.46
1071.30	2939.34
1072.91	2922.60
1074.53	2925.74
1076.14	2930.97
1077.76	2930.97
1079.37	2922.60
1080.98	2908.99
1082.60	2919.46
1084.21	2927.83
1085.83	2913.18
1087.44	2926.78
1089.05	2917.36
1090.67	2923.64
1092.28	2914.22
1093.89	2932.01
1095.50	2917.36
1097.12	2918.41
1098.73	2926.78
1100.34	2910.04
1101.95	2920.50
1103.57	2919.46
1105.18	2904.81
1106.79	2904.81
1108.40	2905.85
1110.01	2921.55
1111.63	2916.32
1113.24	2936.20
1114.85	2914.22
1116.46	2923.64
1118.07	2919.46
1119.68	2917.36
1121.29	2920.50
1122.90	2919.46
1124.51	2920.50
1126.12	2933.06
1127.73	2927.83
1129.34	2925.74
1130.95	2919.46
1132.56	2925.74
1134.17	2904.81
1135.78	2922.60
1137.39	2916.32
1139.00	2913.18
1140.61	2910.04
1142.22	2925.74
1143.83	2910.04
1145.44	2920.50
1147.05	2915.27
1148.65	2922.60
1150.26	2905.85
1151.87	2905.85
1153.48	2910.04
1155.09	2922.60
1156.69	2912.13
1158.30	2907.95
1159.91	2901.67
1161.52	2916.32
1163.12	2908.99
1164.73	2913.18
1166.34	2916.32
1167.94	2914.22
1169.55	2914.22
1171.16	2907.95
1172.76	2906.90
1174.37	2912.13
1175.97	2913.18
1177.58	2905.85
1179.19	2914.22
1180.79	2898.53
1182.40	2906.90
1184.00	2904.81
1185.61	2914.22
1187.21	2919.46
1188.82	2914.22
1190.42	2913.18
1192.02	2895.39
1193.63	2896.44
1195.23	2910.04
1196.84	2913.18
1198.44	2910.04
1200.04	2921.55
1201.65	2903.76
1203.25	2910.04
1204.85	2906.90
1206.46	2897.48
1208.06	2895.39
1209.66	2896.44
1211.26	2905.85
1212.87	2927.83
1214.47	2896.44
1216.07	2904.81
1217.67	2904.81
1219.27	2906.90
1220.87	2898.53
1222.48	2904.81
1224.08	2890.16
1225.68	2905.85
1227.28	2898.53
1228.88	2894.34
1230.48	2901.67
1232.08	2899.58
1233.68	2890.16
1235.28	2904.81
1236.88	2891.20
1238.48	2893.30
1240.08	2914.22
1241.68	2883.88
1243.28	2888.06
1244.87	2895.39
1246.47	2884.93
1248.07	2890.16
1249.67	2882.83
1251.27	2902.71
1252.87	2877.60
1254.46	2885.97
1256.06	2885.97
1257.66	2887.02
1259.26	2869.23
1260.85	2882.83
1262.45	2871.32
1264.05	2882.83
1265.64	2868.18
1267.24	2875.51
1268.83	2869.23
1270.43	2878.65
1272.03	2889.11
1273.62	2880.74
1275.22	2859.81
1276.81	2880.74
1278.41	2875.51
1280.00	2883.88
1281.60	2872.37
1283.19	2872.37
1284.79	2874.46
1286.38	2866.09
1287.97	2866.09
1289.57	2866.09
1291.16	2869.23
1292.75	2861.90
1294.35	2870.28
1295.94	2865.04
1297.53	2866.09
1299.12	2852.49
1300.72	2866.09
1302.31	2851.44
1303.90	2876.55
1305.49	2884.93
1307.08	2845.16
1308.68	2844.12
1310.27	2851.44
1311.86	2859.81
1313.45	2855.63
1315.04	2853.53
1316.63	2849.35
1318.22	2859.81
1319.81	2844.12
1321.40	2851.44
1322.99	2849.35
1324.58	2834.70
1326.17	2835.74
1327.75	2832.61
1329.34	2840.98
1330.93	2839.93
1332.52	2834.70
1334.11	2835.74
1335.70	2826.33
1337.28	2825.28
1338.87	2823.19
1340.46	2829.47
1342.05	2830.51
1343.63	2827.37
1345.22	2822.14
1346.81	2831.56
1348.39	2819.00
1349.98	2823.19
1351.56	2814.82
1353.15	2816.91
1354.73	2820.05
1356.32	2812.72
1357.90	2810.63
1359.49	2824.23
1361.07	2811.68
1362.66	2820.05
1364.24	2808.54
1365.82	2820.05
1367.41	2811.68
1368.99	2793.89
1370.57	2787.61
1372.16	2801.21
1373.74	2802.26
1375.32	2809.58
1376.91	2801.21
1378.49	2790.75
1380.07	2779.24
1381.65	2780.29
1383.23	2772.96
1384.81	2781.33
1386.39	2765.64
1387.97	2780.29
1389.55	2755.17
1391.14	2760.40
1392.72	2759.36
1394.29	2766.68
1395.87	2758.31
1397.45	2753.08
1399.03	2750.99
1400.61	2755.17
1402.19	2746.80
1403.77	2740.52
1405.35	2765.64
1406.92	2742.62
1408.50	2750.99
1410.08	2757.26
1411.66	2742.62
1413.23	2753.08
1414.81	2748.89
1416.39	2734.24
1417.96	2747.85
1419.54	2735.29
1421.12	2744.71
1422.69	2757.26
1424.27	2736.34
1425.84	2747.85
1427.42	2741.57
1428.99	2749.94
1430.57	2744.71
1432.14	2737.38
1433.71	2739.48
1435.29	2750.99
1436.86	2741.57
1438.43	2734.24
1440.01	2735.29
1441.58	2614.95
1443.15	2740.52
1444.72	2746.80
1446.30	2740.52
1447.87	2748.89
1449.44	2735.29
1451.01	2723.78
1452.58	2735.29
1454.15	2740.52
1455.72	2727.97
1457.29	2730.06
1458.86	2737.38
1460.43	2733.20
1462.00	2757.26
1463.57	2748.89
1465.14	2742.62
1466.71	2733.20
1468.28	2735.29
1469.85	2736.34
1471.41	2745.75
1472.98	2738.43
1474.55	2749.94
1476.12	2737.38
1477.68	2738.43
1479.25	2752.03
1480.82	2740.52
1482.38	2756.22
1483.95	2735.29
1485.51	2741.57
1487.08	2748.89
1488.64	2740.52
1490.21	2743.66
1491.77	2733.20
1493.34	2742.62
1494.90	2729.01
1496.46	2734.24
1498.03	2741.57
1499.59	2739.48
1501.15	2742.62
1502.72	2741.57
1504.28	2740.52
1505.84	2737.38
1507.40	2737.38
1508.97	2744.71
1510.53	2744.71
1512.09	2747.85
1513.65	2744.71
1515.21	2743.66
1516.77	2734.24
1518.33	2754.13
1519.89	2745.75
1521.45	2738.43
1523.01	2742.62
1524.57	2747.85
1526.13	2737.38
1527.68	2746.80
1529.24	2756.22
1530.80	2745.75
1532.36	2749.94
1533.92	2740.52
1535.47	2724.83
1537.03	2736.34
1538.59	2747.85
1540.14	2732.15
1541.70	2731.10
1543.25	2743.66
1544.81	2743.66
1546.36	2742.62
1547.92	2732.15
1549.47	2736.34
1551.03	2742.62
1552.58	2735.29
1554.13	2729.01
1555.69	2732.15
1557.24	2726.92
1558.79	2731.10
1560.35	2730.06
1561.90	2737.38
1563.45	2724.83
1565.00	2734.24
1566.55	2722.73
1568.10	2723.78
1569.66	2720.64
1571.21	2735.29
1572.76	2734.24
1574.31	2735.29
1575.86	2727.97
1577.40	2720.64
1578.95	2726.92
1580.50	2724.83
1582.05	2705.99
1583.60	2710.18
1585.15	2704.94
1586.69	2709.13
1588.24	2713.32
1589.79	2721.69
1591.34	2700.76
1592.88	2720.64
1594.43	2701.81
1595.97	2717.50
1597.52	2713.32
1599.06	2722.73
1600.61	2719.59
1602.15	2730.06
1603.70	2704.94
1605.24	2711.22
1606.79	2713.32
1608.33	2698.67
1609.87	2700.76
1611.41	2710.18
1612.96	2712.27
1614.50	2691.34
1616.04	2698.67
1617.58	2701.81
1619.12	2698.67
1620.67	2702.85
1622.21	2689.25
1623.75	2709.13
1625.29	2692.39
1626.83	2695.53
1628.37	2708.08
1629.90	2692.39
1631.44	2691.34
1632.98	2701.81
1634.52	2682.97
1636.06	2678.78
1637.59	2700.76
1639.13	2695.53
1640.67	2690.29
1642.21	2690.29
1643.74	2692.39
1645.28	2674.60
1646.81	2672.51
1648.35	2686.11
1649.88	2653.67
1651.42	2673.55
1652.95	2669.37
1654.49	2687.16
1656.02	2663.09
1657.55	2670.41
1659.09	2644.25
1660.62	2664.13
1662.15	2654.72
1663.68	2665.18
1665.22	2653.67
1666.75	2665.18
1668.28	2656.81
1669.81	2676.69
1671.34	2659.95
1672.87	2651.58
1674.40	2655.76
1675.93	2654.72
1677.46	2645.30
1678.99	2642.16
1680.52	2642.16
1682.04	2654.72
1683.57	2649.49
1685.10	2651.58
1686.63	2645.30
1688.15	2649.49
1689.68	2631.70
1691.21	2641.11
1692.73	2636.93
1694.26	2643.21
1695.78	2631.70
1697.31	2640.07
1698.83	2630.65
1700.36	2637.97
1701.88	2627.51
1703.40	2637.97
1704.93	2629.60
1706.45	2636.93
