896.35	3189.43
897.98	3210.36
899.60	3199.89
901.22	3236.52
902.85	3230.24
904.47	3256.40
906.10	3257.44
907.72	3265.82
909.34	3276.28
910.97	3309.76
912.59	3329.65
914.21	3384.06
915.84	3422.78
917.46	3485.56
919.08	3516.95
920.71	3559.85
922.33	3574.50
923.95	3590.20
925.58	3607.99
927.20	3624.73
928.82	3631.01
930.44	3670.77
932.07	3656.12
933.69	3670.77
935.31	3663.45
936.93	3692.75
938.56	3692.75
940.18	3723.09
941.80	3705.30
943.42	3730.42
945.05	3724.14
946.67	3732.51
948.29	3725.18
949.91	3733.56
951.53	3728.32
953.16	3744.02
954.78	3724.14
956.40	3726.23
958.02	3724.14
959.64	3739.83
961.26	3719.95
962.88	3736.70
964.51	3707.40
966.13	3738.79
967.75	3728.32
969.37	3732.51
970.99	3717.86
972.61	3738.79
974.23	3718.91
975.85	3728.32
977.47	3716.81
979.09	3734.60
980.71	3719.95
982.33	3741.93
983.95	3739.83
985.57	3754.48
987.19	3739.83
988.81	3762.86
990.43	3747.16
992.05	3757.62
993.67	3750.30
995.29	3778.55
996.91	3761.81
998.53	3792.15
1000.15	3793.20
1001.77	3808.90
1003.39	3805.76
1005.01	3820.41
1006.63	3819.36
1008.25	3830.87
1009.86	3834.01
1011.48	3849.71
1013.10	3840.29
1014.72	3852.85
1016.34	3849.71
1017.96	3889.47
1019.58	3860.17
1021.19	3875.87
1022.81	3867.50
1024.43	3902.03
1026.05	3886.33
1027.66	3909.35
1029.28	3891.56
1030.90	3899.93
1032.52	3887.38
1034.13	3924.00
1035.75	3912.49
1037.37	3919.82
1038.98	3928.19
1040.60	3940.74
1042.22	3904.12
1043.83	3929.23
1045.45	3925.05
1047.07	3937.60
1048.68	3918.77
1050.30	3922.95
1051.92	3920.86
1053.53	3945.98
1055.15	3926.09
1056.76	3933.42
1058.38	3918.77
1059.99	3934.46
1061.61	3916.68
1063.22	3926.09
1064.84	3918.77
1066.46	3924.00
1068.07	3910.40
1069.68	3914.58
1071.30	3916.68
1072.91	3915.63
1074.53	3886.33
1076.14	3906.21
1077.76	3893.66
1079.37	3912.49
1080.98	3863.31
1082.60	3895.75
1084.21	3886.33
1085.83	3893.66
1087.44	3872.73
1089.05	3873.77
1090.67	3855.98
1092.28	3876.91
1093.89	3875.87
1095.50	3887.38
1097.12	3858.08
1098.73	3883.19
1100.34	3842.38
1101.95	3862.26
1103.57	3850.75
1105.18	3852.85
1106.79	3841.34
1108.40	3864.36
1110.01	3844.47
1111.63	3869.59
1113.24	3853.89
1114.85	3869.59
1116.46	3853.89
1118.07	3870.63
1119.68	3840.29
1121.29	3857.03
1122.90	3842.38
1124.51	3853.89
1126.12	3852.85
1127.73	3868.54
1129.34	3858.08
1130.95	3875.87
1132.56	3858.08
1134.17	3834.01
1135.78	3839.24
1137.39	3862.26
1139.00	3838.20
1140.61	3838.20
1142.22	3835.06
1143.83	3840.29
1145.44	3827.73
1147.05	3834.01
1148.65	3823.55
1150.26	3829.82
1151.87	3824.59
1153.48	3836.10
1155.09	3839.24
1156.69	3842.38
1158.30	3824.59
1159.91	3839.24
1161.52	3839.24
1163.12	3845.52
1164.73	3828.78
1166.34	3848.66
1167.94	3823.55
1169.55	3847.61
1171.16	3841.34
1172.76	3854.94
1174.37	3836.10
1175.97	3858.08
1177.58	3823.55
1179.19	3860.17
1180.79	3832.96
1182.40	3842.38
1184.00	3826.69
1185.61	3853.89
1187.21	3836.10
1188.82	3836.10
1190.42	3824.59
1192.02	3847.61
1193.63	3816.22
1195.23	3839.24
1196.84	3818.31
1198.44	3838.20
1200.04	3828.78
1201.65	3842.38
1203.25	3821.45
1204.85	3837.15
1206.46	3805.76
1208.06	3835.06
1209.66	3818.31
1211.26	3822.50
1212.87	3818.31
1214.47	3810.99
1216.07	3812.04
1217.67	3817.27
1219.27	3801.57
1220.87	3798.43
1222.48	3781.69
1224.08	3792.15
1225.68	3780.64
1227.28	3791.11
1228.88	3777.50
1230.48	3789.02
1232.08	3749.25
1233.68	3773.32
1235.28	3760.76
1236.88	3759.72
1238.48	3735.65
1240.08	3773.32
1241.68	3736.70
1243.28	3751.34
1244.87	3726.23
1246.47	3730.42
1248.07	3709.49
1249.67	3721.00
1251.27	3716.81
1252.87	3699.02
1254.46	3685.42
1256.06	3690.65
1257.66	3683.33
1259.26	3680.19
1260.85	3679.14
1262.45	3684.38
1264.05	3685.42
1265.64	3681.24
1267.24	3678.10
1268.83	3673.91
1270.43	3652.98
1272.03	3680.19
1273.62	3651.94
1275.22	3648.80
1276.81	3655.08
1278.41	3649.84
1280.00	3647.75
1281.60	3647.75
1283.19	3633.10
1284.79	3639.38
1286.38	3617.41
1287.97	3650.89
1289.57	3627.87
1291.16	3631.01
1292.75	3613.22
1294.35	3628.92
1295.94	3616.36
1297.53	3618.45
1299.12	3604.85
1300.72	3625.78
1302.31	3583.92
1303.90	3613.22
1305.49	3597.52
1307.08	3583.92
1308.68	3574.50
1310.27	3586.01
1311.86	3575.55
1313.45	3576.60
1315.04	3566.13
1316.63	3568.22
1318.22	3557.76
1319.81	3559.85
1321.40	3544.16
1322.99	3558.81
1324.58	3543.11
1326.17	3543.11
1327.75	3513.81
1329.34	3525.32
1330.93	3510.67
1332.52	3510.67
1334.11	3490.79
1335.70	3493.93
1337.28	3470.91
1338.87	3477.19
1340.46	3470.91
1342.05	3467.77
1343.63	3454.17
1345.22	3464.63
1346.81	3459.40
1348.39	3455.21
1349.98	3441.61
1351.56	3434.29
1353.15	3412.31
1354.73	3417.54
1356.32	3388.24
1357.90	3396.62
1359.49	3399.75
1361.07	3375.69
1362.66	3361.04
1364.24	3363.13
1365.82	3359.99
1367.41	3363.13
1368.99	3329.65
1370.57	3329.65
1372.16	3330.69
1373.74	3326.51
1375.32	3305.58
1376.91	3287.79
1378.49	3251.17
1380.07	3220.82
1381.65	3210.36
1383.23	3176.87
1384.81	3172.69
1386.39	3166.41
1387.97	3153.85
1389.55	3152.80
1391.14	3138.15
1392.72	3116.18
1394.29	3107.81
1395.87	3090.02
1397.45	3077.46
1399.03	3069.09
1400.61	3046.07
1402.19	3048.16
1403.77	3028.28
1405.35	3041.89
1406.92	3023.05
1408.50	3015.73
1410.08	3014.68
1411.66	3002.12
1413.23	3006.31
1414.81	3013.63
1416.39	2990.61
1417.96	2989.57
1419.54	2981.19
1421.12	2990.61
1422.69	2994.80
1424.27	2978.06
1425.84	2980.15
1427.42	2974.92
1428.99	2979.10
1430.57	2980.15
1432.14	2967.59
1433.71	2974.92
1435.29	2972.82
1436.86	2977.01
1438.43	2971.78
1440.01	2961.31
1441.58	2830.51
1443.15	2964.45
1444.72	2963.41
1446.30	2962.36
1447.87	2970.73
1449.44	2960.27
1451.01	2944.57
1452.58	2966.54
1454.15	2967.59
1455.72	2957.13
1457.29	2955.03
1458.86	2961.31
1460.43	2943.52
1462.00	2964.45
1463.57	2956.08
1465.14	2960.27
1466.71	2950.85
1468.28	2956.08
1469.85	2957.13
1471.41	2971.78
1472.98	2956.08
1474.55	2979.10
1476.12	2946.66
1477.68	2947.71
1479.25	2967.59
1480.82	2966.54
1482.38	2968.64
1483.95	2960.27
1485.51	2967.59
1487.08	2981.19
1488.64	2977.01
1490.21	2986.43
1491.77	2972.82
1493.34	2983.29
1494.90	2964.45
1496.46	2981.19
1498.03	2986.43
1499.59	2979.10
1501.15	2981.19
1502.72	2987.47
1504.28	2986.43
1505.84	2988.52
1507.40	2981.19
1508.97	2993.75
1510.53	2985.38
1512.09	3000.03
1513.65	3004.22
1515.21	3011.54
1516.77	2992.70
1518.33	3008.40
1519.89	2998.98
1521.45	2998.98
1523.01	3004.22
1524.57	3017.82
1526.13	3004.22
1527.68	3015.73
1529.24	3024.10
1530.80	3016.77
1532.36	3014.68
1533.92	3003.17
1535.47	2990.61
1537.03	3003.17
1538.59	3014.68
1540.14	3008.40
1541.70	3004.22
1543.25	3026.19
1544.81	3018.86
1546.36	3020.96
1547.92	3006.31
1549.47	3011.54
1551.03	3004.22
1552.58	3010.49
1554.13	3004.22
1555.69	3015.73
1557.24	2997.94
1558.79	3010.49
1560.35	2996.89
1561.90	3014.68
1563.45	2995.84
1565.00	3004.22
1566.55	2987.47
1568.10	2985.38
1569.66	2984.33
1571.21	2998.98
1572.76	2998.98
1574.31	2988.52
1575.86	2983.29
1577.40	2970.73
1578.95	2984.33
1580.50	2985.38
1582.05	2964.45
1583.60	2981.19
1585.15	2967.59
1586.69	2974.92
1588.24	2975.96
1589.79	2984.33
1591.34	2965.50
1592.88	2984.33
1594.43	2951.90
1595.97	2966.54
1597.52	2965.50
1599.06	2967.59
1600.61	2960.27
1602.15	2971.78
1603.70	2957.13
1605.24	2962.36
1606.79	2966.54
1608.33	2959.22
1609.87	2956.08
1611.41	2963.41
1612.96	2966.54
1614.50	2952.94
1616.04	2947.71
1617.58	2955.03
1619.12	2941.43
1620.67	2948.76
1622.21	2918.41
1623.75	2938.29
1625.29	2926.78
1626.83	2932.01
1628.37	2942.48
1629.90	2917.36
1631.44	2905.85
1632.98	2908.99
1634.52	2894.34
1636.06	2895.39
1637.59	2899.58
1639.13	2870.28
1640.67	2854.58
1642.21	2846.21
1643.74	2837.84
1645.28	2815.86
1646.81	2804.35
1648.35	2811.68
1649.88	2786.56
1651.42	2788.66
1652.95	2762.50
1654.49	2780.29
1656.02	2760.40
1657.55	2770.87
1659.09	2737.38
1660.62	2747.85
1662.15	2740.52
1663.68	2745.75
1665.22	2730.06
1666.75	2734.24
1668.28	2724.83
1669.81	2744.71
1671.34	2732.15
1672.87	2734.24
1674.40	2733.20
1675.93	2723.78
1677.46	2705.99
1678.99	2700.76
1680.52	2702.85
1682.04	2720.64
1683.57	2704.94
1685.10	2713.32
1686.63	2700.76
1688.15	2703.90
1689.68	2689.25
1691.21	2695.53
1692.73	2709.13
1694.26	2695.53
1695.78	2684.02
1697.31	2699.71
1698.83	2677.74
1700.36	2696.57
1701.88	2684.02
1703.40	2696.57
1704.93	2680.88
1706.45	2679.83
