896.35	3163.27
897.98	3180.01
899.60	3178.96
901.22	3208.26
902.85	3193.61
904.47	3215.59
906.10	3212.45
907.72	3230.24
909.34	3241.75
910.97	3274.19
912.59	3297.21
914.21	3351.62
915.84	3379.87
917.46	3441.61
919.08	3460.45
920.71	3505.44
922.33	3528.46
923.95	3557.76
925.58	3573.46
927.20	3578.69
928.82	3583.92
930.44	3618.45
932.07	3607.99
933.69	3613.22
935.31	3611.13
936.93	3633.10
938.56	3628.92
940.18	3655.08
941.80	3651.94
943.42	3679.14
945.05	3673.91
946.67	3664.49
948.29	3671.82
949.91	3676.00
951.53	3676.00
953.16	3694.84
954.78	3677.05
956.40	3676.00
958.02	3667.63
959.64	3681.24
961.26	3674.96
962.88	3677.05
964.51	3654.03
966.13	3686.47
967.75	3672.86
969.37	3664.49
970.99	3666.59
972.61	3678.10
974.23	3661.35
975.85	3671.82
977.47	3668.68
979.09	3674.96
980.71	3661.35
982.33	3691.70
983.95	3687.51
985.57	3709.49
987.19	3684.38
988.81	3710.54
990.43	3692.75
992.05	3701.12
993.67	3712.63
995.29	3722.05
996.91	3703.21
998.53	3741.93
1000.15	3733.56
1001.77	3753.44
1003.39	3746.11
1005.01	3758.67
1006.63	3754.48
1008.25	3782.74
1009.86	3780.64
1011.48	3781.69
1013.10	3773.32
1014.72	3790.06
1016.34	3784.83
1017.96	3817.27
1019.58	3790.06
1021.19	3803.66
1022.81	3802.62
1024.43	3835.06
1026.05	3814.13
1027.66	3846.57
1029.28	3835.06
1030.90	3851.80
1032.52	3817.27
1034.13	3846.57
1035.75	3841.34
1037.37	3862.26
1038.98	3858.08
1040.60	3865.40
1042.22	3844.47
1043.83	3862.26
1045.45	3850.75
1047.07	3866.45
1048.68	3863.31
1050.30	3868.54
1051.92	3864.36
1053.53	3873.77
1055.15	3866.45
1056.76	3855.98
1058.38	3852.85
1059.99	3870.63
1061.61	3850.75
1063.22	3863.31
1064.84	3857.03
1066.46	3859.12
1068.07	3849.71
1069.68	3850.75
1071.30	3845.52
1072.91	3848.66
1074.53	3830.87
1076.14	3846.57
1077.76	3822.50
1079.37	3839.24
1080.98	3802.62
1082.60	3831.92
1084.21	3818.31
1085.83	3826.69
1087.44	3819.36
1089.05	3813.08
1090.67	3793.20
1092.28	3810.99
1093.89	3804.71
1095.50	3813.08
1097.12	3803.66
1098.73	3818.31
1100.34	3774.37
1101.95	3804.71
1103.57	3790.06
1105.18	3795.29
1106.79	3784.83
1108.40	3804.71
1110.01	3792.15
1111.63	3804.71
1113.24	3800.53
1114.85	3807.85
1116.46	3792.15
1118.07	3814.13
1119.68	3791.11
1121.29	3802.62
1122.90	3786.92
1124.51	3802.62
1126.12	3791.11
1127.73	3801.57
1129.34	3797.39
1130.95	3807.85
1132.56	3805.76
1134.17	3779.60
1135.78	3776.46
1137.39	3802.62
1139.00	3775.41
1140.61	3784.83
1142.22	3787.97
1143.83	3783.78
1145.44	3771.23
1147.05	3786.92
1148.65	3778.55
1150.26	3777.50
1151.87	3759.72
1153.48	3770.18
1155.09	3772.27
1156.69	3782.74
1158.30	3750.30
1159.91	3776.46
1161.52	3785.88
1163.12	3783.78
1164.73	3761.81
1166.34	3782.74
1167.94	3769.13
1169.55	3780.64
1171.16	3774.37
1172.76	3774.37
1174.37	3772.27
1175.97	3796.34
1177.58	3764.95
1179.19	3798.43
1180.79	3758.67
1182.40	3784.83
1184.00	3770.18
1185.61	3801.57
1187.21	3781.69
1188.82	3784.83
1190.42	3773.32
1192.02	3778.55
1193.63	3755.53
1195.23	3781.69
1196.84	3776.46
1198.44	3776.46
1200.04	3761.81
1201.65	3772.27
1203.25	3763.90
1204.85	3780.64
1206.46	3748.21
1208.06	3757.62
1209.66	3738.79
1211.26	3745.07
1212.87	3761.81
1214.47	3750.30
1216.07	3744.02
1217.67	3758.67
1219.27	3726.23
1220.87	3742.97
1222.48	3727.28
1224.08	3736.70
1225.68	3724.14
1227.28	3728.32
1228.88	3716.81
1230.48	3734.60
1232.08	3705.30
1233.68	3729.37
1235.28	3723.09
1236.88	3721.00
1238.48	3700.07
1240.08	3722.05
1241.68	3678.10
1243.28	3678.10
1244.87	3664.49
1246.47	3669.73
1248.07	3656.12
1249.67	3667.63
1251.27	3662.40
1252.87	3642.52
1254.46	3627.87
1256.06	3637.29
1257.66	3639.38
1259.26	3635.19
1260.85	3632.06
1262.45	3627.87
1264.05	3618.45
1265.64	3628.92
1267.24	3619.50
1268.83	3637.29
1270.43	3617.41
1272.03	3644.61
1273.62	3624.73
1275.22	3613.22
1276.81	3620.54
1278.41	3602.76
1280.00	3590.20
1281.60	3591.25
1283.19	3580.78
1284.79	3592.29
1286.38	3574.50
1287.97	3592.29
1289.57	3571.36
1291.16	3570.32
1292.75	3554.62
1294.35	3575.55
1295.94	3565.09
1297.53	3572.41
1299.12	3550.44
1300.72	3571.36
1302.31	3543.11
1303.90	3562.99
1305.49	3545.20
1307.08	3539.97
1308.68	3530.55
1310.27	3531.60
1311.86	3523.23
1313.45	3525.32
1315.04	3513.81
1316.63	3525.32
1318.22	3512.77
1319.81	3497.07
1321.40	3493.93
1322.99	3508.58
1324.58	3479.28
1326.17	3490.79
1327.75	3471.96
1329.34	3475.10
1330.93	3467.77
1332.52	3467.77
1334.11	3445.80
1335.70	3448.94
1337.28	3436.38
1338.87	3445.80
1340.46	3436.38
1342.05	3433.24
1343.63	3421.73
1345.22	3426.96
1346.81	3434.29
1348.39	3415.45
1349.98	3399.75
1351.56	3395.57
1353.15	3388.24
1354.73	3388.24
1356.32	3364.18
1357.90	3370.46
1359.49	3358.94
1361.07	3332.78
1362.66	3324.41
1364.24	3327.55
1365.82	3328.60
1367.41	3329.65
1368.99	3303.49
1370.57	3296.16
1372.16	3307.67
1373.74	3296.16
1375.32	3279.42
1376.91	3260.58
1378.49	3226.05
1380.07	3197.80
1381.65	3180.01
1383.23	3155.94
1384.81	3144.43
1386.39	3140.25
1387.97	3142.34
1389.55	3135.02
1391.14	3108.86
1392.72	3084.79
1394.29	3079.56
1395.87	3062.81
1397.45	3048.16
1399.03	3047.12
1400.61	3031.42
1402.19	3023.05
1403.77	3013.63
1405.35	3017.82
1406.92	3000.03
1408.50	3000.03
1410.08	2991.66
1411.66	2980.15
1413.23	2978.06
1414.81	2980.15
1416.39	2963.41
1417.96	2974.92
1419.54	2963.41
1421.12	2965.50
1422.69	2973.87
1424.27	2958.17
1425.84	2967.59
1427.42	2962.36
1428.99	2964.45
1430.57	2965.50
1432.14	2943.52
1433.71	2947.71
1435.29	2963.41
1436.86	2958.17
1438.43	2948.76
1440.01	2942.48
1441.58	2820.05
1443.15	2948.76
1444.72	2946.66
1446.30	2942.48
1447.87	2941.43
1449.44	2936.20
1451.01	2928.87
1452.58	2947.71
1454.15	2940.38
1455.72	2928.87
1457.29	2924.69
1458.86	2935.15
1460.43	2928.87
1462.00	2952.94
1463.57	2933.06
1465.14	2936.20
1466.71	2932.01
1468.28	2930.97
1469.85	2932.01
1471.41	2940.38
1472.98	2932.01
1474.55	2950.85
1476.12	2926.78
1477.68	2932.01
1479.25	2944.57
1480.82	2941.43
1482.38	2947.71
1483.95	2938.29
1485.51	2947.71
1487.08	2962.36
1488.64	2953.99
1490.21	2969.68
1491.77	2947.71
1493.34	2966.54
1494.90	2943.52
1496.46	2951.90
1498.03	2958.17
1499.59	2961.31
1501.15	2960.27
1502.72	2964.45
1504.28	2968.64
1505.84	2969.68
1507.40	2961.31
1508.97	2982.24
1510.53	2981.19
1512.09	2986.43
1513.65	2987.47
1515.21	2982.24
1516.77	2969.68
1518.33	2986.43
1519.89	2979.10
1521.45	2980.15
1523.01	2983.29
1524.57	2996.89
1526.13	2984.33
1527.68	2997.94
1529.24	2998.98
1530.80	3000.03
1532.36	3000.03
1533.92	2994.80
1535.47	2984.33
1537.03	2989.57
1538.59	3001.08
1540.14	2984.33
1541.70	2975.96
1543.25	3006.31
1544.81	2998.98
1546.36	2994.80
1547.92	2985.38
1549.47	2994.80
1551.03	2988.52
1552.58	2982.24
1554.13	2982.24
1555.69	2991.66
1557.24	2979.10
1558.79	2983.29
1560.35	2987.47
1561.90	2984.33
1563.45	2966.54
1565.00	2986.43
1566.55	2981.19
1568.10	2983.29
1569.66	2970.73
1571.21	2983.29
1572.76	2971.78
1574.31	2974.92
1575.86	2971.78
1577.40	2962.36
1578.95	2962.36
1580.50	2962.36
1582.05	2956.08
1583.60	2967.59
1585.15	2951.90
1586.69	2953.99
1588.24	2963.41
1589.79	2970.73
1591.34	2946.66
1592.88	2964.45
1594.43	2937.25
1595.97	2949.80
1597.52	2953.99
1599.06	2963.41
1600.61	2946.66
1602.15	2972.82
1603.70	2943.52
1605.24	2951.90
1606.79	2946.66
1608.33	2941.43
1609.87	2929.92
1611.41	2943.52
1612.96	2937.25
1614.50	2928.87
1616.04	2943.52
1617.58	2939.34
1619.12	2923.64
1620.67	2938.29
1622.21	2913.18
1623.75	2936.20
1625.29	2911.09
1626.83	2916.32
1628.37	2927.83
1629.90	2900.62
1631.44	2891.20
1632.98	2898.53
1634.52	2880.74
1636.06	2875.51
1637.59	2872.37
1639.13	2858.77
1640.67	2851.44
1642.21	2838.88
1643.74	2830.51
1645.28	2810.63
1646.81	2794.94
1648.35	2797.03
1649.88	2777.15
1651.42	2785.52
1652.95	2754.13
1654.49	2771.91
1656.02	2750.99
1657.55	2757.26
1659.09	2730.06
1660.62	2743.66
1662.15	2730.06
1663.68	2737.38
1665.22	2721.69
1666.75	2719.59
1668.28	2712.27
1669.81	2736.34
1671.34	2730.06
1672.87	2720.64
1674.40	2723.78
1675.93	2719.59
1677.46	2702.85
1678.99	2697.62
1680.52	2696.57
1682.04	2708.08
1683.57	2696.57
1685.10	2696.57
1686.63	2694.48
1688.15	2711.22
1689.68	2689.25
1691.21	2689.25
1692.73	2694.48
1694.26	2696.57
1695.78	2686.11
1697.31	2687.16
1698.83	2674.60
1700.36	2686.11
1701.88	2675.65
1703.40	2695.53
1704.93	2680.88
1706.45	2670.41
