896.35	3234.42
897.98	3239.31
899.60	3254.65
901.22	3262.33
902.85	3272.44
904.47	3276.63
906.10	3286.05
907.72	3294.07
909.34	3308.02
910.97	3328.25
912.59	3357.20
914.21	3385.45
915.84	3428.70
917.46	3468.47
919.08	3506.84
920.71	3535.44
922.33	3562.64
923.95	3586.36
925.58	3603.10
927.20	3614.62
928.82	3633.45
930.44	3642.52
932.07	3653.33
933.69	3651.59
935.31	3665.89
936.93	3676.70
938.56	3693.10
940.18	3696.93
941.80	3706.35
943.42	3714.37
945.05	3720.65
946.67	3729.02
948.29	3727.63
949.91	3732.51
951.53	3736.35
953.16	3739.14
954.78	3741.93
956.40	3738.79
958.02	3744.72
959.64	3748.55
961.26	3752.74
962.88	3745.07
964.51	3748.90
966.13	3747.86
967.75	3750.30
969.37	3744.37
970.99	3746.11
972.61	3751.00
974.23	3754.83
975.85	3754.14
977.47	3761.46
979.09	3762.51
980.71	3767.74
982.33	3767.39
983.95	3775.41
985.57	3774.02
987.19	3777.16
988.81	3770.88
990.43	3778.90
992.05	3785.88
993.67	3798.78
995.29	3797.74
996.91	3809.94
998.53	3816.92
1000.15	3837.50
1001.77	3837.15
1003.39	3843.78
1005.01	3843.43
1006.63	3851.80
1008.25	3861.57
1009.86	3870.98
1011.48	3868.54
1013.10	3871.68
1014.72	3874.12
1016.34	3895.75
1017.96	3899.58
1019.58	3905.51
1021.19	3896.79
1022.81	3908.30
1024.43	3913.89
1026.05	3925.05
1027.66	3923.65
1029.28	3928.54
1030.90	3928.54
1032.52	3934.81
1034.13	3939.35
1035.75	3946.32
1037.37	3952.25
1038.98	3955.74
1040.60	3954.35
1042.22	3954.35
1043.83	3952.25
1045.45	3959.58
1047.07	3962.72
1048.68	3968.30
1050.30	3965.51
1051.92	3966.21
1053.53	3971.09
1055.15	3976.67
1056.76	3977.02
1058.38	3976.67
1059.99	3973.53
1061.61	3970.39
1063.22	3968.30
1064.84	3970.74
1066.46	3970.04
1068.07	3968.65
1069.68	3970.04
1071.30	3972.48
1072.91	3970.39
1074.53	3973.88
1076.14	3972.14
1077.76	3975.97
1079.37	3954.35
1080.98	3959.58
1082.60	3957.83
1084.21	3971.09
1085.83	3964.81
1087.44	3956.79
1089.05	3948.42
1090.67	3945.98
1092.28	3947.02
1093.89	3954.35
1095.50	3950.51
1097.12	3958.53
1098.73	3952.60
1100.34	3959.23
1101.95	3951.21
1103.57	3955.39
1105.18	3953.65
1106.79	3962.37
1108.40	3965.16
1110.01	3971.44
1111.63	3971.09
1113.24	3979.46
1114.85	3972.83
1116.46	3975.62
1118.07	3968.30
1119.68	3981.20
1121.29	3977.72
1122.90	3985.04
1124.51	3983.99
1126.12	3996.55
1127.73	4000.39
1129.34	4011.55
1130.95	4006.67
1132.56	3996.90
1134.17	3986.09
1135.78	3994.11
1137.39	4006.32
1139.00	4011.55
1140.61	4008.41
1142.22	4013.64
1143.83	4021.32
1145.44	4031.08
1147.05	4033.52
1148.65	4033.87
1150.26	4029.34
1151.87	4038.41
1153.48	4047.13
1155.09	4060.03
1156.69	4057.94
1158.30	4064.22
1159.91	4071.19
1161.52	4083.05
1163.12	4084.80
1164.73	4094.91
1166.34	4092.82
1167.94	4101.54
1169.55	4099.80
1171.16	4112.35
1172.76	4108.17
1174.37	4108.86
1175.97	4100.14
1177.58	4108.52
1179.19	4101.54
1180.79	4107.82
1182.40	4099.10
1184.00	4113.05
1185.61	4121.07
1187.21	4136.77
1188.82	4139.91
1190.42	4141.30
1192.02	4133.28
1193.63	4134.33
1195.23	4130.49
1196.84	4139.91
1198.44	4137.82
1200.04	4142.35
1201.65	4140.61
1203.25	4146.54
1204.85	4142.00
1206.46	4140.95
1208.06	4125.61
1209.66	4128.05
1211.26	4133.28
1212.87	4143.74
1214.47	4146.88
1216.07	4147.93
1217.67	4148.28
1219.27	4152.12
1220.87	4146.54
1222.48	4147.23
1224.08	4140.95
1225.68	4144.79
1227.28	4136.77
1228.88	4138.51
1230.48	4130.14
1232.08	4136.07
1233.68	4134.68
1235.28	4136.77
1236.88	4129.44
1238.48	4135.02
1240.08	4125.61
1241.68	4125.61
1243.28	4104.68
1244.87	4103.28
1246.47	4093.52
1248.07	4091.77
1249.67	4090.03
1251.27	4090.38
1252.87	4087.59
1254.46	4084.80
1256.06	4084.10
1257.66	4091.42
1259.26	4090.03
1260.85	4092.47
1262.45	4084.45
1264.05	4081.31
1265.64	4074.68
1267.24	4078.17
1268.83	4078.87
1270.43	4087.59
1272.03	4084.10
1273.62	4081.66
1275.22	4075.73
1276.81	4079.91
1278.41	4085.50
1280.00	4086.19
1281.60	4084.10
1283.19	4087.59
1284.79	4090.73
1286.38	4095.61
1287.97	4086.19
1289.57	4083.05
1291.16	4071.19
1292.75	4078.52
1294.35	4071.54
1295.94	4080.26
1297.53	4071.54
1299.12	4086.54
1300.72	4085.15
1302.31	4099.80
1303.90	4091.77
1305.49	4094.22
1307.08	4080.96
1308.68	4082.01
1310.27	4076.43
1311.86	4081.31
1313.45	4074.68
1315.04	4072.94
1316.63	4068.06
1318.22	4072.94
1319.81	4078.52
1321.40	4092.12
1322.99	4089.33
1324.58	4091.08
1326.17	4080.26
1327.75	4084.10
1329.34	4077.47
1330.93	4080.61
1332.52	4075.73
1334.11	4083.75
1335.70	4079.91
1337.28	4088.98
1338.87	4087.59
1340.46	4093.17
1342.05	4088.29
1343.63	4091.08
1345.22	4093.17
1346.81	4097.70
1348.39	4088.29
1349.98	4083.75
1351.56	4069.10
1353.15	4062.47
1354.73	4037.36
1356.32	4028.29
1357.90	4009.81
1359.49	4000.04
1361.07	3974.93
1362.66	3972.83
1364.24	3976.32
1365.82	3999.34
1367.41	3999.34
1368.99	4000.39
1370.57	3992.37
1372.16	4003.88
1373.74	4008.76
1375.32	4005.27
1376.91	3977.37
1378.49	3946.67
1380.07	3911.44
1381.65	3887.03
1383.23	3883.89
1384.81	3898.54
1386.39	3916.33
1387.97	3931.33
1389.55	3939.35
1391.14	3945.98
1392.72	3943.18
1394.29	3939.70
1395.87	3941.44
1397.45	3949.81
1399.03	3948.42
1400.61	3955.74
1402.19	3958.53
1403.77	3978.41
1405.35	3982.95
1406.92	3991.32
1408.50	3993.41
1410.08	4004.57
1411.66	4008.76
1413.23	4025.85
1414.81	4029.69
1416.39	4040.15
1417.96	4029.34
1419.54	4041.20
1421.12	4050.62
1422.69	4065.26
1424.27	4069.10
1425.84	4076.78
1427.42	4084.45
1428.99	4093.17
1430.57	4082.36
1432.14	4082.36
1433.71	4074.68
1435.29	4081.31
1436.86	4073.29
1438.43	4075.03
1440.01	4008.41
1441.58	4016.08
1443.15	4010.85
1444.72	4070.85
1446.30	4064.22
1447.87	4064.22
1449.44	4053.75
1451.01	4059.34
1452.58	4058.99
1454.15	4070.50
1455.72	4066.66
1457.29	4075.38
1458.86	4064.57
1460.43	4068.06
1462.00	4053.06
1463.57	4062.13
1465.14	4051.66
1466.71	4055.15
1468.28	4047.48
1469.85	4048.17
1471.41	4041.20
1472.98	4050.62
1474.55	4040.50
1476.12	4037.71
1477.68	4017.48
1479.25	4011.20
1480.82	4001.43
1482.38	3999.69
1483.95	3998.99
1485.51	4008.76
1487.08	4015.39
1488.64	4027.25
1490.21	4019.57
1491.77	4023.76
1493.34	4009.81
1494.90	4010.85
1496.46	4002.83
1498.03	4004.57
1499.59	3993.41
1501.15	3982.25
1502.72	3972.83
1504.28	3974.58
1505.84	3971.79
1507.40	3981.90
1508.97	3979.11
1510.53	3988.53
1512.09	3980.86
1513.65	3986.09
1515.21	3972.48
1516.77	3973.18
1518.33	3965.51
1519.89	3969.00
1521.45	3963.76
1523.01	3970.39
1524.57	3967.25
1526.13	3970.04
1527.68	3969.00
1529.24	3972.48
1530.80	3970.39
1532.36	3967.60
1533.92	3957.83
1535.47	3952.25
1537.03	3940.39
1538.59	3940.05
1540.14	3931.67
1541.70	3940.05
1543.25	3938.30
1544.81	3945.98
1546.36	3936.56
1547.92	3945.28
1549.47	3940.74
1551.03	3934.46
1552.58	3917.72
1554.13	3916.68
1555.69	3916.68
1557.24	3921.56
1558.79	3914.58
1560.35	3918.42
1561.90	3911.10
1563.45	3913.54
1565.00	3903.77
1566.55	3903.42
1568.10	3893.66
1569.66	3894.70
1571.21	3892.26
1572.76	3892.61
1574.31	3889.12
1575.86	3885.28
1577.40	3877.96
1578.95	3874.12
1580.50	3861.57
1582.05	3860.87
1583.60	3848.31
1585.15	3851.80
1586.69	3846.92
1588.24	3852.85
1589.79	3838.20
1591.34	3835.06
1592.88	3816.22
1594.43	3823.90
1595.97	3817.62
1597.52	3827.73
1599.06	3821.10
1600.61	3829.13
1602.15	3819.71
1603.70	3819.01
1605.24	3803.32
1606.79	3802.97
1608.33	3796.69
1609.87	3799.48
1611.41	3793.55
1612.96	3790.41
1614.50	3778.20
1616.04	3781.69
1617.58	3781.34
1619.12	3787.97
1620.67	3771.23
1622.21	3764.25
1623.75	3745.76
1625.29	3739.49
1626.83	3728.67
1628.37	3718.21
1629.90	3698.33
1631.44	3680.19
1632.98	3655.42
1634.52	3641.47
1636.06	3618.45
1637.59	3595.78
1639.13	3560.20
1640.67	3514.86
1642.21	3469.17
1643.74	3418.24
1645.28	3360.69
1646.81	3312.90
1648.35	3259.54
1649.88	3226.75
1651.42	3179.66
1652.95	3156.64
1654.49	3118.62
1656.02	3099.09
1657.55	3062.81
1659.09	3047.12
1660.62	3020.26
1662.15	3009.80
1663.68	2986.78
1665.22	2973.52
1666.75	2955.73
1668.28	2952.59
1669.81	2941.43
1671.34	2932.71
1672.87	2921.20
1674.40	2910.74
1675.93	2899.92
1677.46	2885.62
1678.99	2877.95
1680.52	2876.21
1682.04	2870.97
1683.57	2868.53
1685.10	2860.16
1686.63	2858.77
1688.15	2849.35
1689.68	2846.21
1691.21	2839.23
1692.73	2842.72
1694.26	2840.28
1695.78	2837.49
1697.31	2828.77
1698.83	2822.84
1700.36	2815.86
1701.88	2820.05
1703.40	2817.26
1704.93	2818.65
1706.45	2812.72
