896.35	2848.30
897.98	2839.58
899.60	2840.63
901.22	2847.60
902.85	2849.35
904.47	2853.53
906.10	2853.88
907.72	2859.46
909.34	2858.77
910.97	2866.79
912.59	2868.18
914.21	2876.55
915.84	2881.44
917.46	2895.39
919.08	2898.88
920.71	2909.69
922.33	2911.78
923.95	2926.78
925.58	2924.69
927.20	2930.62
928.82	2932.01
930.44	2938.29
932.07	2930.62
933.69	2925.74
935.31	2926.43
936.93	2936.55
938.56	2939.34
940.18	2941.08
941.80	2943.18
943.42	2952.24
945.05	2949.80
946.67	2955.38
948.29	2944.22
949.91	2954.69
951.53	2956.08
953.16	2969.68
954.78	2964.45
956.40	2963.75
958.02	2958.17
959.64	2966.54
961.26	2966.89
962.88	2969.34
964.51	2967.24
966.13	2971.78
967.75	2968.64
969.37	2973.17
970.99	2964.80
972.61	2973.17
974.23	2967.94
975.85	2978.75
977.47	2973.87
979.09	2977.01
980.71	2970.38
982.33	2978.06
983.95	2981.89
985.57	2986.08
987.19	2988.52
988.81	2991.31
990.43	2989.91
992.05	2992.70
993.67	2988.52
995.29	2987.47
996.91	2985.38
998.53	2992.70
1000.15	3000.03
1001.77	3001.77
1003.39	2996.89
1005.01	3003.52
1006.63	3002.47
1008.25	3012.59
1009.86	3009.10
1011.48	3011.19
1013.10	3010.84
1014.72	3016.07
1016.34	3023.05
1017.96	3021.66
1019.58	3015.73
1021.19	3012.94
1022.81	3016.42
1024.43	3022.35
1026.05	3022.00
1027.66	3021.31
1029.28	3020.26
1030.90	3017.12
1032.52	3012.59
1034.13	3018.52
1035.75	3024.10
1037.37	3038.40
1038.98	3034.91
1040.60	3033.86
1042.22	3021.66
1043.83	3024.79
1045.45	3024.45
1047.07	3031.42
1048.68	3025.49
1050.30	3031.77
1051.92	3027.24
1053.53	3034.91
1055.15	3028.98
1056.76	3035.96
1058.38	3035.26
1059.99	3040.14
1061.61	3032.82
1063.22	3035.61
1064.84	3029.33
1066.46	3031.77
1068.07	3021.66
1069.68	3030.72
1071.30	3030.03
1072.91	3037.35
1074.53	3035.96
1076.14	3040.49
1077.76	3042.58
1079.37	3035.96
1080.98	3034.21
1082.60	3034.56
1084.21	3039.44
1085.83	3043.63
1087.44	3035.26
1089.05	3032.47
1090.67	3023.75
1092.28	3030.38
1093.89	3035.26
1095.50	3039.10
1097.12	3038.40
1098.73	3032.12
1100.34	3032.47
1101.95	3032.12
1103.57	3030.72
1105.18	3026.19
1106.79	3022.70
1108.40	3030.72
1110.01	3036.65
1111.63	3045.02
1113.24	3043.63
1114.85	3042.93
1116.46	3041.54
1118.07	3041.54
1119.68	3042.58
1121.29	3042.58
1122.90	3045.02
1124.51	3052.70
1126.12	3055.14
1127.73	3058.28
1129.34	3056.88
1130.95	3061.42
1132.56	3049.56
1134.17	3045.72
1135.78	3040.84
1137.39	3051.30
1139.00	3049.91
1140.61	3054.09
1142.22	3053.05
1143.83	3058.98
1145.44	3054.44
1147.05	3061.07
1148.65	3056.88
1150.26	3056.54
1151.87	3050.26
1153.48	3058.98
1155.09	3062.81
1156.69	3063.16
1158.30	3055.49
1159.91	3056.88
1161.52	3059.67
1163.12	3060.02
1164.73	3061.77
1166.34	3063.86
1167.94	3068.39
1169.55	3070.14
1171.16	3071.88
1172.76	3072.58
1174.37	3069.44
1175.97	3066.30
1177.58	3069.79
1179.19	3067.00
1180.79	3068.74
1182.40	3064.91
1184.00	3070.14
1185.61	3073.98
1187.21	3073.63
1188.82	3076.07
1190.42	3070.84
1192.02	3071.18
1193.63	3067.70
1195.23	3076.07
1196.84	3079.90
1198.44	3088.28
1200.04	3085.49
1201.65	3084.44
1203.25	3082.35
1204.85	3078.16
1206.46	3077.81
1208.06	3071.18
1209.66	3071.88
1211.26	3079.21
1212.87	3079.21
1214.47	3084.09
1216.07	3079.56
1217.67	3085.14
1219.27	3082.00
1220.87	3082.35
1222.48	3076.07
1224.08	3081.30
1225.68	3081.65
1227.28	3084.79
1228.88	3081.65
1230.48	3079.56
1232.08	3079.21
1233.68	3085.49
1235.28	3083.39
1236.88	3084.44
1238.48	3085.83
1240.08	3087.58
1241.68	3085.83
1243.28	3077.46
1244.87	3074.67
1246.47	3073.98
1248.07	3073.63
1249.67	3082.35
1251.27	3082.00
1252.87	3082.35
1254.46	3072.58
1256.06	3075.37
1257.66	3072.58
1259.26	3078.16
1260.85	3074.32
1262.45	3078.16
1264.05	3072.58
1265.64	3079.56
1267.24	3079.90
1268.83	3084.79
1270.43	3084.44
1272.03	3085.14
1273.62	3080.25
1275.22	3083.39
1276.81	3080.25
1278.41	3089.32
1280.00	3082.00
1281.60	3083.04
1283.19	3079.56
1284.79	3084.44
1286.38	3086.18
1287.97	3086.88
1289.57	3080.95
1291.16	3076.77
1292.75	3076.77
1294.35	3078.51
1295.94	3082.35
1297.53	3077.11
1299.12	3081.30
1300.72	3075.02
1302.31	3082.35
1303.90	3082.35
1305.49	3084.79
1307.08	3078.16
1308.68	3072.23
1310.27	3075.72
1311.86	3074.32
1313.45	3072.93
1315.04	3072.58
1316.63	3075.72
1318.22	3077.11
1319.81	3079.21
1321.40	3084.09
1322.99	3081.65
1324.58	3076.42
1326.17	3069.09
1327.75	3069.44
1329.34	3071.18
1330.93	3069.79
1332.52	3071.88
1334.11	3071.18
1335.70	3069.09
1337.28	3069.44
1338.87	3070.84
1340.46	3071.53
1342.05	3070.49
1343.63	3066.30
1345.22	3071.88
1346.81	3069.79
1348.39	3070.49
1349.98	3063.16
1351.56	3064.56
1353.15	3067.35
1354.73	3067.70
1356.32	3062.12
1357.90	3061.42
1359.49	3058.28
1361.07	3060.02
1362.66	3052.00
1364.24	3055.14
1365.82	3058.63
1367.41	3058.63
1368.99	3053.40
1370.57	3049.91
1372.16	3053.40
1373.74	3061.07
1375.32	3060.72
1376.91	3056.88
1378.49	3045.72
1380.07	3039.10
1381.65	3032.12
1383.23	3032.47
1384.81	3032.82
1386.39	3039.79
1387.97	3042.58
1389.55	3044.33
1391.14	3040.14
1392.72	3041.54
1394.29	3042.23
1395.87	3041.54
1397.45	3043.28
1399.03	3044.68
1400.61	3048.51
1402.19	3043.98
1403.77	3048.16
1405.35	3049.21
1406.92	3053.40
1408.50	3052.70
1410.08	3055.49
1411.66	3058.63
1413.23	3064.91
1414.81	3061.42
1416.39	3065.60
1417.96	3058.98
1419.54	3065.26
1421.12	3068.39
1422.69	3069.79
1424.27	3072.23
1425.84	3069.79
1427.42	3076.42
1428.99	3076.42
1430.57	3075.02
1432.14	3071.53
1433.71	3074.32
1435.29	3078.51
1436.86	3078.51
1438.43	3076.77
1440.01	3012.24
1441.58	3013.98
1443.15	3015.73
1444.72	3077.46
1446.30	3078.86
1447.87	3074.32
1449.44	3067.00
1451.01	3067.35
1452.58	3073.98
1454.15	3081.65
1455.72	3080.25
1457.29	3080.25
1458.86	3076.77
1460.43	3083.74
1462.00	3080.25
1463.57	3084.09
1465.14	3075.02
1466.71	3070.49
1468.28	3068.05
1469.85	3068.39
1471.41	3069.09
1472.98	3071.18
1474.55	3064.91
1476.12	3061.07
1477.68	3058.98
1479.25	3061.77
1480.82	3066.30
1482.38	3062.12
1483.95	3061.42
1485.51	3067.35
1487.08	3072.23
1488.64	3078.51
1490.21	3067.70
1491.77	3069.79
1493.34	3058.63
1494.90	3060.37
1496.46	3058.63
1498.03	3065.26
1499.59	3069.44
1501.15	3067.35
1502.72	3068.39
1504.28	3066.65
1505.84	3063.16
1507.40	3063.86
1508.97	3064.56
1510.53	3071.88
1512.09	3073.63
1513.65	3075.37
1515.21	3068.39
1516.77	3064.91
1518.33	3058.63
1519.89	3058.63
1521.45	3055.84
1523.01	3059.33
1524.57	3057.93
1526.13	3058.28
1527.68	3060.72
1529.24	3063.16
1530.80	3067.70
1532.36	3061.77
1533.92	3054.79
1535.47	3045.37
1537.03	3044.68
1538.59	3047.12
1540.14	3045.37
1541.70	3047.47
1543.25	3048.51
1544.81	3054.09
1546.36	3048.86
1547.92	3051.65
1549.47	3047.82
1551.03	3046.42
1552.58	3041.54
1554.13	3042.23
1555.69	3042.58
1557.24	3037.70
1558.79	3033.17
1560.35	3035.96
1561.90	3038.75
1563.45	3041.89
1565.00	3036.30
1566.55	3033.86
1568.10	3027.24
1569.66	3028.98
1571.21	3032.12
1572.76	3037.35
1574.31	3038.75
1575.86	3033.51
1577.40	3028.28
1578.95	3022.35
1580.50	3016.07
1582.05	3015.03
1583.60	3009.10
1585.15	3012.94
1586.69	3013.98
1588.24	3021.66
1589.79	3018.52
1591.34	3020.26
1592.88	3010.14
1594.43	3015.73
1595.97	3010.49
1597.52	3016.42
1599.06	3009.80
1600.61	3011.54
1602.15	3007.35
1603.70	3006.31
1605.24	2999.68
1606.79	2995.15
1608.33	2993.75
1609.87	2997.24
1611.41	3000.38
1612.96	2996.19
1614.50	2991.31
1616.04	2991.66
1617.58	2992.70
1619.12	2993.05
1620.67	2982.59
1622.21	2984.68
1623.75	2980.15
1625.29	2981.89
1626.83	2982.59
1628.37	2982.24
1629.90	2979.10
1631.44	2972.13
1632.98	2963.06
1634.52	2959.57
1636.06	2955.03
1637.59	2953.64
1639.13	2950.15
1640.67	2939.34
1642.21	2933.76
1643.74	2921.55
1645.28	2909.69
1646.81	2898.53
1648.35	2880.74
1649.88	2873.07
1651.42	2857.37
1652.95	2861.21
1654.49	2849.35
1656.02	2845.51
1657.55	2826.33
1659.09	2826.68
1660.62	2818.30
1662.15	2822.14
1663.68	2810.28
1665.22	2805.75
1666.75	2798.07
1668.28	2801.91
1669.81	2801.21
1671.34	2800.17
1672.87	2798.07
1674.40	2792.14
1675.93	2785.52
1677.46	2774.01
1678.99	2771.57
1680.52	2776.80
1682.04	2778.89
1683.57	2780.98
1685.10	2774.01
1686.63	2772.96
1688.15	2767.38
1689.68	2763.89
1691.21	2759.01
1692.73	2760.40
1694.26	2760.06
1695.78	2757.96
1697.31	2751.34
1698.83	2750.99
1700.36	2746.45
1701.88	2749.94
1703.40	2745.06
1704.93	2748.54
1706.45	2747.85
