896.35	3494.98
897.98	3504.74
899.60	3523.58
901.22	3535.79
902.85	3556.37
904.47	3565.09
906.10	3581.48
907.72	3591.94
909.34	3615.66
910.97	3639.03
912.59	3677.75
914.21	3719.60
915.84	3787.27
917.46	3851.45
919.08	3917.72
920.71	3958.88
922.33	4000.74
923.95	4030.73
925.58	4064.57
927.20	4082.36
928.82	4113.75
930.44	4126.65
932.07	4149.33
933.69	4147.58
935.31	4169.90
936.93	4178.97
938.56	4203.39
940.18	4206.53
941.80	4229.55
943.42	4233.74
945.05	4247.69
946.67	4246.29
948.29	4251.87
949.91	4255.71
951.53	4268.62
953.16	4269.66
954.78	4271.75
956.40	4260.24
958.02	4267.92
959.64	4264.78
961.26	4275.94
962.88	4263.38
964.51	4277.68
966.13	4276.64
967.75	4294.08
969.37	4287.45
970.99	4291.29
972.61	4283.96
974.23	4285.71
975.85	4283.61
977.47	4296.52
979.09	4296.17
980.71	4303.15
982.33	4297.22
983.95	4315.70
985.57	4312.22
987.19	4330.70
988.81	4326.52
990.43	4342.91
992.05	4338.72
993.67	4351.98
995.29	4349.89
996.91	4376.05
998.53	4381.28
1000.15	4406.04
1001.77	4399.42
1003.39	4414.76
1005.01	4413.37
1006.63	4433.60
1008.25	4439.53
1009.86	4461.85
1011.48	4461.50
1013.10	4475.10
1014.72	4473.71
1016.34	4502.66
1017.96	4502.31
1019.58	4518.01
1021.19	4509.29
1022.81	4531.26
1024.43	4527.42
1026.05	4543.12
1027.66	4541.73
1029.28	4564.05
1030.90	4558.82
1032.52	4572.77
1034.13	4573.82
1035.75	4589.51
1037.37	4590.56
1038.98	4599.63
1040.60	4596.49
1042.22	4608.00
1043.83	4605.56
1045.45	4619.51
1047.07	4614.28
1048.68	4620.90
1050.30	4614.63
1051.92	4620.55
1053.53	4615.67
1055.15	4625.09
1056.76	4622.65
1058.38	4634.86
1059.99	4626.48
1061.61	4629.27
1063.22	4624.04
1064.84	4632.07
1066.46	4621.60
1068.07	4624.04
1069.68	4619.16
1071.30	4630.32
1072.91	4619.16
1074.53	4624.04
1076.14	4613.58
1077.76	4625.09
1079.37	4601.37
1080.98	4607.65
1082.60	4593.00
1084.21	4607.30
1085.83	4595.09
1087.44	4594.74
1089.05	4583.23
1090.67	4588.81
1092.28	4588.12
1093.89	4600.67
1095.50	4592.65
1097.12	4601.37
1098.73	4583.58
1100.34	4595.44
1101.95	4584.63
1103.57	4595.79
1105.18	4584.28
1106.79	4590.56
1108.40	4588.81
1110.01	4601.37
1111.63	4601.37
1113.24	4618.46
1114.85	4611.83
1116.46	4619.51
1118.07	4602.07
1119.68	4612.53
1121.29	4599.98
1122.90	4612.88
1124.51	4610.44
1126.12	4637.99
1127.73	4644.62
1129.34	4661.02
1130.95	4655.43
1132.56	4653.34
1134.17	4640.44
1135.78	4649.51
1137.39	4655.09
1139.00	4672.53
1140.61	4671.13
1142.22	4684.73
1143.83	4686.83
1145.44	4703.92
1147.05	4708.10
1148.65	4719.61
1150.26	4712.64
1151.87	4722.40
1153.48	4727.64
1155.09	4748.91
1156.69	4750.31
1158.30	4761.82
1159.91	4758.68
1161.52	4774.03
1163.12	4770.19
1164.73	4789.03
1166.34	4785.54
1167.94	4804.72
1169.55	4798.79
1171.16	4819.02
1172.76	4815.88
1174.37	4830.88
1175.97	4821.81
1177.58	4835.76
1179.19	4824.95
1180.79	4835.42
1182.40	4823.21
1184.00	4841.69
1185.61	4843.44
1187.21	4861.58
1188.82	4855.30
1190.42	4861.92
1192.02	4848.32
1193.63	4855.65
1195.23	4850.41
1196.84	4872.04
1198.44	4868.55
1200.04	4880.06
1201.65	4868.90
1203.25	4881.81
1204.85	4873.78
1206.46	4878.32
1208.06	4860.88
1209.66	4861.92
1211.26	4860.53
1212.87	4880.76
1214.47	4885.29
1216.07	4889.48
1217.67	4872.39
1219.27	4876.23
1220.87	4869.60
1222.48	4885.29
1224.08	4880.41
1225.68	4883.55
1227.28	4861.23
1228.88	4866.11
1230.48	4853.90
1232.08	4864.37
1233.68	4851.81
1235.28	4857.74
1236.88	4844.14
1238.48	4859.13
1240.08	4852.51
1241.68	4860.53
1243.28	4836.81
1244.87	4833.67
1246.47	4816.23
1248.07	4817.28
1249.67	4817.28
1251.27	4821.81
1252.87	4808.21
1254.46	4799.49
1256.06	4784.49
1257.66	4786.93
1259.26	4781.70
1260.85	4787.98
1262.45	4771.93
1264.05	4763.56
1265.64	4756.94
1267.24	4774.03
1268.83	4781.70
1270.43	4801.23
1272.03	4792.86
1273.62	4797.40
1275.22	4787.98
1276.81	4800.88
1278.41	4797.75
1280.00	4801.23
1281.60	4785.54
1283.19	4782.75
1284.79	4764.96
1286.38	4768.45
1287.97	4762.52
1289.57	4772.28
1291.16	4766.70
1292.75	4783.10
1294.35	4783.44
1295.94	4798.09
1297.53	4783.10
1299.12	4798.09
1300.72	4785.19
1302.31	4795.30
1303.90	4779.26
1305.49	4789.03
1307.08	4782.75
1308.68	4793.21
1310.27	4786.58
1311.86	4794.95
1313.45	4779.96
1315.04	4783.79
1316.63	4772.63
1318.22	4776.82
1319.81	4777.51
1321.40	4795.65
1322.99	4794.61
1324.58	4806.12
1326.17	4800.19
1327.75	4812.39
1329.34	4803.33
1330.93	4809.95
1332.52	4807.51
1334.11	4816.58
1335.70	4802.98
1337.28	4801.58
1338.87	4788.33
1340.46	4788.33
1342.05	4776.82
1343.63	4779.26
1345.22	4776.12
1346.81	4774.38
1348.39	4762.87
1349.98	4762.17
1351.56	4752.05
1353.15	4737.75
1354.73	4702.17
1356.32	4697.99
1357.90	4687.52
1359.49	4682.29
1361.07	4641.83
1362.66	4640.44
1364.24	4642.88
1365.82	4676.01
1367.41	4667.64
1368.99	4676.01
1370.57	4663.46
1372.16	4689.62
1373.74	4691.71
1375.32	4696.94
1376.91	4653.34
1378.49	4597.53
1380.07	4520.10
1381.65	4464.99
1383.23	4455.57
1384.81	4491.15
1386.39	4523.59
1387.97	4551.84
1389.55	4565.44
1391.14	4581.84
1392.72	4581.84
1394.29	4564.05
1395.87	4560.21
1397.45	4576.61
1399.03	4582.19
1400.61	4604.86
1402.19	4605.91
1403.77	4635.20
1405.35	4630.32
1406.92	4635.90
1408.50	4629.27
1410.08	4647.06
1411.66	4655.09
1413.23	4687.87
1414.81	4697.64
1416.39	4725.19
1417.96	4722.06
1419.54	4742.98
1421.12	4739.50
1422.69	4749.96
1424.27	4746.47
1425.84	4758.33
1427.42	4760.77
1428.99	4769.84
1430.57	4755.89
1432.14	4763.91
1433.71	4759.38
1435.29	4777.86
1436.86	4768.79
1438.43	4778.21
1440.01	4711.94
1441.58	4729.03
1443.15	4710.89
1444.72	4766.00
1446.30	4756.24
1447.87	4766.70
1449.44	4752.75
1451.01	4755.19
1452.58	4752.75
1454.15	4776.82
1455.72	4770.19
1457.29	4772.63
1458.86	4753.80
1460.43	4760.42
1462.00	4741.59
1463.57	4744.38
1465.14	4721.36
1466.71	4729.03
1468.28	4720.66
1469.85	4729.38
1471.41	4710.55
1472.98	4711.94
1474.55	4687.87
1476.12	4686.13
1477.68	4669.39
1479.25	4671.48
1480.82	4659.97
1482.38	4652.99
1483.95	4638.34
1485.51	4650.90
1487.08	4656.83
1488.64	4687.87
1490.21	4683.34
1491.77	4698.34
1493.34	4682.29
1494.90	4687.18
1496.46	4671.48
1498.03	4669.39
1499.59	4657.53
1501.15	4661.71
1502.72	4653.69
1504.28	4652.30
1505.84	4632.76
1507.40	4636.25
1508.97	4629.97
1510.53	4635.20
1512.09	4625.44
1513.65	4633.46
1515.21	4626.14
1516.77	4640.09
1518.33	4632.07
1519.89	4641.83
1521.45	4622.30
1523.01	4622.65
1524.57	4615.32
1526.13	4627.88
1527.68	4622.30
1529.24	4616.72
1530.80	4597.19
1532.36	4588.81
1533.92	4569.63
1535.47	4569.98
1537.03	4568.93
1538.59	4584.98
1540.14	4578.70
1541.70	4586.02
1543.25	4579.05
1544.81	4583.58
1546.36	4566.84
1547.92	4569.63
1549.47	4562.31
1551.03	4566.14
1552.58	4553.93
1554.13	4562.65
1555.69	4560.91
1557.24	4569.98
1558.79	4551.49
1560.35	4549.40
1561.90	4535.45
1563.45	4544.52
1565.00	4530.22
1566.55	4528.47
1568.10	4508.59
1569.66	4513.47
1571.21	4505.80
1572.76	4508.94
1574.31	4494.99
1575.86	4491.50
1577.40	4485.57
1578.95	4487.66
1580.50	4475.45
1582.05	4468.48
1583.60	4448.25
1585.15	4444.76
1586.69	4430.11
1588.24	4433.25
1589.79	4420.69
1591.34	4428.71
1592.88	4414.41
1594.43	4415.46
1595.97	4396.97
1597.52	4405.00
1599.06	4395.58
1600.61	4405.69
1602.15	4390.35
1603.70	4389.65
1605.24	4373.60
1606.79	4374.65
1608.33	4367.67
1609.87	4372.56
1611.41	4368.37
1612.96	4366.63
1614.50	4346.75
1616.04	4340.47
1617.58	4328.96
1619.12	4334.19
1620.67	4314.31
1622.21	4311.17
1623.75	4286.40
1625.29	4277.34
1626.83	4257.10
1628.37	4239.66
1629.90	4209.32
1631.44	4183.16
1632.98	4147.58
1634.52	4117.24
1636.06	4075.03
1637.59	4030.38
1639.13	3972.83
1640.67	3902.72
1642.21	3827.38
1643.74	3752.39
1645.28	3671.12
1646.81	3602.76
1648.35	3523.93
1649.88	3466.03
1651.42	3400.10
1652.95	3361.39
1654.49	3306.97
1656.02	3269.65
1657.55	3220.47
1659.09	3195.36
1660.62	3160.48
1662.15	3140.94
1663.68	3109.90
1665.22	3089.32
1666.75	3067.00
1668.28	3057.58
1669.81	3040.84
1671.34	3028.28
1672.87	3011.54
1674.40	2998.98
1675.93	2979.80
1677.46	2965.85
1678.99	2952.59
1680.52	2948.76
1682.04	2937.94
1683.57	2934.46
1685.10	2921.90
1686.63	2915.62
1688.15	2901.67
1689.68	2895.74
1691.21	2888.06
1692.73	2891.55
1694.26	2885.62
1695.78	2880.04
1697.31	2869.93
1698.83	2868.53
1700.36	2862.25
1701.88	2863.30
1703.40	2857.37
1704.93	2858.77
1706.45	2855.63
