896.35	3075.37
897.98	3076.42
899.60	3085.14
901.22	3092.81
902.85	3099.44
904.47	3107.11
906.10	3112.69
907.72	3119.67
909.34	3128.39
910.97	3146.18
912.59	3164.31
914.21	3181.41
915.84	3205.82
917.46	3234.42
919.08	3258.49
920.71	3280.81
922.33	3296.51
923.95	3318.14
925.58	3327.20
927.20	3333.83
928.82	3342.20
930.44	3351.62
932.07	3357.20
933.69	3357.20
935.31	3363.13
936.93	3373.59
938.56	3383.71
940.18	3389.29
941.80	3396.62
943.42	3404.29
945.05	3408.13
946.67	3415.10
948.29	3409.52
949.91	3415.45
951.53	3419.29
953.16	3425.22
954.78	3423.47
956.40	3419.29
958.02	3420.33
959.64	3422.43
961.26	3425.57
962.88	3425.57
964.51	3430.80
966.13	3433.59
967.75	3433.94
969.37	3430.80
970.99	3424.52
972.61	3429.40
974.23	3430.80
975.85	3437.77
977.47	3437.42
979.09	3438.82
980.71	3439.52
982.33	3442.66
983.95	3449.63
985.57	3449.28
987.19	3455.56
988.81	3452.07
990.43	3455.91
992.05	3458.70
993.67	3463.24
995.29	3460.79
996.91	3466.72
998.53	3475.79
1000.15	3493.93
1001.77	3494.63
1003.39	3497.42
1005.01	3495.67
1006.63	3499.86
1008.25	3505.09
1009.86	3510.32
1011.48	3510.32
1013.10	3515.21
1014.72	3519.39
1016.34	3534.74
1017.96	3535.79
1019.58	3537.53
1021.19	3533.69
1022.81	3542.06
1024.43	3548.69
1026.05	3555.32
1027.66	3556.37
1029.28	3559.85
1030.90	3555.32
1032.52	3555.67
1034.13	3561.25
1035.75	3569.62
1037.37	3579.74
1038.98	3577.29
1040.60	3574.50
1042.22	3568.22
1043.83	3570.67
1045.45	3575.55
1047.07	3584.62
1048.68	3588.11
1050.30	3591.25
1051.92	3584.97
1053.53	3586.36
1055.15	3582.53
1056.76	3584.27
1058.38	3581.83
1059.99	3583.22
1061.61	3578.69
1063.22	3579.74
1064.84	3580.43
1066.46	3581.83
1068.07	3580.08
1069.68	3582.53
1071.30	3581.83
1072.91	3579.04
1074.53	3579.39
1076.14	3579.04
1077.76	3584.62
1079.37	3571.71
1080.98	3574.50
1082.60	3570.67
1084.21	3576.94
1085.83	3576.60
1087.44	3571.02
1089.05	3565.09
1090.67	3559.85
1092.28	3564.39
1093.89	3569.62
1095.50	3567.18
1097.12	3568.22
1098.73	3565.09
1100.34	3571.71
1101.95	3570.67
1103.57	3570.32
1105.18	3565.78
1106.79	3565.78
1108.40	3571.71
1110.01	3576.60
1111.63	3580.08
1113.24	3579.04
1114.85	3577.99
1116.46	3576.94
1118.07	3576.94
1119.68	3582.53
1121.29	3580.08
1122.90	3582.18
1124.51	3582.53
1126.12	3588.80
1127.73	3592.99
1129.34	3594.38
1130.95	3597.52
1132.56	3591.59
1134.17	3589.15
1135.78	3589.50
1137.39	3599.27
1139.00	3606.24
1140.61	3610.78
1142.22	3612.17
1143.83	3611.48
1145.44	3609.38
1147.05	3613.57
1148.65	3613.92
1150.26	3613.92
1151.87	3614.62
1153.48	3622.64
1155.09	3631.71
1156.69	3632.40
1158.30	3631.71
1159.91	3634.50
1161.52	3643.91
1163.12	3647.40
1164.73	3655.42
1166.34	3650.19
1167.94	3651.94
1169.55	3644.96
1171.16	3654.03
1172.76	3656.82
1174.37	3662.40
1175.97	3658.56
1177.58	3667.28
1179.19	3664.84
1180.79	3668.33
1182.40	3659.26
1184.00	3668.33
1185.61	3672.52
1187.21	3677.75
1188.82	3677.05
1190.42	3677.75
1192.02	3675.31
1193.63	3674.26
1195.23	3678.45
1196.84	3689.96
1198.44	3692.75
1200.04	3693.44
1201.65	3686.12
1203.25	3689.61
1204.85	3680.19
1206.46	3682.28
1208.06	3673.21
1209.66	3678.10
1211.26	3684.03
1212.87	3688.91
1214.47	3694.49
1216.07	3693.10
1217.67	3692.05
1219.27	3687.86
1220.87	3687.17
1222.48	3685.77
1224.08	3688.21
1225.68	3685.07
1227.28	3682.28
1228.88	3679.84
1230.48	3674.26
1232.08	3679.84
1233.68	3683.33
1235.28	3685.07
1236.88	3679.84
1238.48	3684.03
1240.08	3681.24
1241.68	3681.24
1243.28	3668.68
1244.87	3666.94
1246.47	3661.35
1248.07	3660.66
1249.67	3666.24
1251.27	3664.49
1252.87	3660.31
1254.46	3648.45
1256.06	3646.70
1257.66	3642.17
1259.26	3643.22
1260.85	3642.87
1262.45	3646.70
1264.05	3646.36
1265.64	3648.10
1267.24	3645.66
1268.83	3644.26
1270.43	3648.10
1272.03	3650.19
1273.62	3649.15
1275.22	3647.40
1276.81	3645.66
1278.41	3648.80
1280.00	3643.91
1281.60	3641.82
1283.19	3643.22
1284.79	3645.31
1286.38	3650.19
1287.97	3649.15
1289.57	3648.45
1291.16	3639.38
1292.75	3640.43
1294.35	3640.43
1295.94	3649.50
1297.53	3644.26
1299.12	3646.36
1300.72	3637.64
1302.31	3649.50
1303.90	3654.38
1305.49	3665.19
1307.08	3654.03
1308.68	3646.36
1310.27	3640.08
1311.86	3642.17
1313.45	3641.82
1315.04	3644.61
1316.63	3644.96
1318.22	3643.91
1319.81	3641.82
1321.40	3644.61
1322.99	3639.38
1324.58	3637.98
1326.17	3635.19
1327.75	3640.43
1329.34	3640.08
1330.93	3635.19
1332.52	3632.40
1334.11	3633.45
1335.70	3635.54
1337.28	3642.87
1338.87	3648.45
1340.46	3652.98
1342.05	3647.40
1343.63	3639.73
1345.22	3637.64
1346.81	3635.89
1348.39	3634.85
1349.98	3629.61
1351.56	3618.10
1353.15	3608.34
1354.73	3595.08
1356.32	3595.43
1357.90	3592.99
1359.49	3591.25
1361.07	3579.04
1362.66	3569.62
1364.24	3569.27
1365.82	3580.08
1367.41	3581.83
1368.99	3576.94
1370.57	3575.55
1372.16	3585.32
1373.74	3593.69
1375.32	3591.59
1376.91	3576.25
1378.49	3554.62
1380.07	3528.11
1381.65	3508.23
1383.23	3504.05
1384.81	3513.11
1386.39	3525.67
1387.97	3535.79
1389.55	3539.97
1391.14	3541.37
1392.72	3541.37
1394.29	3537.88
1395.87	3537.88
1397.45	3544.86
1399.03	3543.81
1400.61	3554.97
1402.19	3551.83
1403.77	3565.78
1405.35	3564.74
1406.92	3572.76
1408.50	3575.55
1410.08	3583.92
1411.66	3589.85
1413.23	3601.36
1414.81	3601.01
1416.39	3609.38
1417.96	3606.24
1419.54	3614.62
1421.12	3614.62
1422.69	3619.15
1424.27	3620.54
1425.84	3619.85
1427.42	3620.20
1428.99	3623.68
1430.57	3624.38
1432.14	3629.96
1433.71	3631.36
1435.29	3636.59
1436.86	3633.10
1438.43	3632.40
1440.01	3564.39
1441.58	3563.34
1443.15	3559.50
1444.72	3623.34
1446.30	3628.92
1447.87	3626.47
1449.44	3613.22
1451.01	3608.69
1452.58	3610.78
1454.15	3623.68
1455.72	3624.38
1457.29	3633.80
1458.86	3631.71
1460.43	3638.68
1462.00	3631.71
1463.57	3633.10
1465.14	3619.15
1466.71	3616.01
1468.28	3613.22
1469.85	3614.62
1471.41	3606.94
1472.98	3608.69
1474.55	3599.97
1476.12	3597.18
1477.68	3587.06
1479.25	3587.41
1480.82	3584.97
1482.38	3582.18
1483.95	3581.83
1485.51	3597.87
1487.08	3606.94
1488.64	3615.31
1490.21	3600.31
1491.77	3601.36
1493.34	3588.11
1494.90	3587.76
1496.46	3580.78
1498.03	3584.97
1499.59	3584.27
1501.15	3581.13
1502.72	3575.55
1504.28	3574.50
1505.84	3568.22
1507.40	3572.41
1508.97	3567.18
1510.53	3574.15
1512.09	3573.11
1513.65	3575.90
1515.21	3565.09
1516.77	3562.30
1518.33	3557.41
1519.89	3558.81
1521.45	3556.37
1523.01	3563.69
1524.57	3568.92
1526.13	3573.11
1527.68	3571.02
1529.24	3565.09
1530.80	3561.25
1532.36	3553.23
1533.92	3546.95
1535.47	3544.16
1537.03	3545.90
1538.59	3552.53
1540.14	3546.95
1541.70	3552.18
1543.25	3546.60
1544.81	3545.55
1546.36	3531.25
1547.92	3529.16
1549.47	3527.76
1551.03	3531.60
1552.58	3530.90
1554.13	3537.88
1555.69	3535.79
1557.24	3537.18
1558.79	3523.58
1560.35	3520.44
1561.90	3510.32
1563.45	3508.58
1565.00	3501.60
1566.55	3503.35
1568.10	3499.86
1569.66	3505.44
1571.21	3504.74
1572.76	3510.32
1574.31	3505.09
1575.86	3499.51
1577.40	3493.93
1578.95	3490.09
1580.50	3483.82
1582.05	3482.42
1583.60	3477.19
1585.15	3481.37
1586.69	3476.84
1588.24	3481.72
1589.79	3471.96
1591.34	3471.96
1592.88	3459.40
1594.43	3465.33
1595.97	3460.45
1597.52	3465.33
1599.06	3459.05
1600.61	3463.58
1602.15	3455.91
1603.70	3451.38
1605.24	3439.52
1606.79	3437.08
1608.33	3435.33
1609.87	3437.42
1611.41	3437.08
1612.96	3435.68
1614.50	3428.01
1616.04	3429.05
1617.58	3426.96
1619.12	3428.01
1620.67	3413.36
1622.21	3409.17
1623.75	3394.52
1625.29	3392.78
1626.83	3389.29
1628.37	3388.24
1629.90	3376.38
1631.44	3363.48
1632.98	3348.13
1634.52	3336.62
1636.06	3317.79
1637.59	3297.90
1639.13	3278.02
1640.67	3250.47
1642.21	3222.56
1643.74	3189.43
1645.28	3155.94
1646.81	3130.83
1648.35	3095.60
1649.88	3072.93
1651.42	3039.44
1652.95	3027.93
1654.49	3002.82
1656.02	2987.82
1657.55	2958.87
1659.09	2947.01
1660.62	2930.27
1662.15	2927.13
1663.68	2913.53
1665.22	2905.16
1666.75	2892.95
1668.28	2888.76
1669.81	2878.65
1671.34	2872.37
1672.87	2867.49
1674.40	2862.60
1675.93	2851.79
1677.46	2838.88
1678.99	2835.74
1680.52	2838.19
1682.04	2836.44
1683.57	2834.00
1685.10	2825.63
1686.63	2824.58
1688.15	2816.21
1689.68	2812.38
1691.21	2804.70
1692.73	2807.84
1694.26	2809.58
1695.78	2808.19
1697.31	2798.77
1698.83	2792.84
1700.36	2786.91
1701.88	2790.40
1703.40	2786.91
1704.93	2787.96
1706.45	2784.47
