896.35	2950.85
897.98	2953.99
899.60	2957.13
901.22	2977.01
902.85	2968.64
904.47	2978.06
906.10	2985.38
907.72	2986.43
909.34	3010.49
910.97	3017.82
912.59	3038.75
914.21	3056.54
915.84	3077.46
917.46	3117.23
919.08	3133.97
920.71	3138.15
922.33	3171.64
923.95	3172.69
925.58	3196.75
927.20	3186.29
928.82	3194.66
930.44	3216.63
932.07	3211.40
933.69	3212.45
935.31	3220.82
936.93	3228.14
938.56	3227.10
940.18	3234.42
941.80	3231.28
943.42	3244.89
945.05	3256.40
946.67	3249.07
948.29	3257.44
949.91	3246.98
951.53	3254.30
953.16	3263.72
954.78	3266.86
956.40	3256.40
958.02	3248.03
959.64	3256.40
961.26	3256.40
962.88	3258.49
964.51	3253.26
966.13	3271.05
967.75	3266.86
969.37	3254.30
970.99	3260.58
972.61	3256.40
974.23	3257.44
975.85	3261.63
977.47	3263.72
979.09	3261.63
980.71	3258.49
982.33	3270.00
983.95	3275.23
985.57	3286.74
987.19	3275.23
988.81	3288.84
990.43	3281.51
992.05	3278.37
993.67	3291.98
995.29	3295.11
996.91	3281.51
998.53	3306.62
1000.15	3305.58
1001.77	3312.90
1003.39	3317.09
1005.01	3312.90
1006.63	3312.90
1008.25	3321.27
1009.86	3331.74
1011.48	3334.88
1013.10	3332.78
1014.72	3333.83
1016.34	3340.11
1017.96	3359.99
1019.58	3343.25
1021.19	3350.57
1022.81	3355.81
1024.43	3363.13
1026.05	3358.94
1027.66	3368.36
1029.28	3364.18
1030.90	3366.27
1032.52	3356.85
1034.13	3374.64
1035.75	3388.24
1037.37	3391.38
1038.98	3383.01
1040.60	3379.87
1042.22	3364.18
1043.83	3380.92
1045.45	3377.78
1047.07	3384.06
1048.68	3392.43
1050.30	3380.92
1051.92	3390.34
1053.53	3385.10
1055.15	3396.62
1056.76	3387.20
1058.38	3378.83
1059.99	3390.34
1061.61	3392.43
1063.22	3387.20
1064.84	3387.20
1066.46	3381.97
1068.07	3381.97
1069.68	3385.10
1071.30	3399.75
1072.91	3372.55
1074.53	3367.32
1076.14	3384.06
1077.76	3384.06
1079.37	3393.48
1080.98	3352.67
1082.60	3363.13
1084.21	3359.99
1085.83	3366.27
1087.44	3368.36
1089.05	3361.04
1090.67	3353.71
1092.28	3355.81
1093.89	3372.55
1095.50	3368.36
1097.12	3343.25
1098.73	3361.04
1100.34	3348.48
1101.95	3365.22
1103.57	3359.99
1105.18	3356.85
1106.79	3345.34
1108.40	3365.22
1110.01	3367.32
1111.63	3365.22
1113.24	3366.27
1114.85	3368.36
1116.46	3350.57
1118.07	3356.85
1119.68	3351.62
1121.29	3364.18
1122.90	3356.85
1124.51	3351.62
1126.12	3365.22
1127.73	3366.27
1129.34	3374.64
1130.95	3374.64
1132.56	3367.32
1134.17	3348.48
1135.78	3347.43
1137.39	3355.81
1139.00	3351.62
1140.61	3368.36
1142.22	3370.46
1143.83	3362.08
1145.44	3362.08
1147.05	3358.94
1148.65	3363.13
1150.26	3354.76
1151.87	3352.67
1153.48	3354.76
1155.09	3353.71
1156.69	3359.99
1158.30	3344.30
1159.91	3349.53
1161.52	3362.08
1163.12	3365.22
1164.73	3355.81
1166.34	3374.64
1167.94	3367.32
1169.55	3370.46
1171.16	3361.04
1172.76	3367.32
1174.37	3365.22
1175.97	3373.59
1177.58	3353.71
1179.19	3369.41
1180.79	3364.18
1182.40	3364.18
1184.00	3370.46
1185.61	3370.46
1187.21	3369.41
1188.82	3367.32
1190.42	3361.04
1192.02	3361.04
1193.63	3357.90
1195.23	3367.32
1196.84	3372.55
1198.44	3367.32
1200.04	3362.08
1201.65	3362.08
1203.25	3358.94
1204.85	3366.27
1206.46	3351.62
1208.06	3359.99
1209.66	3350.57
1211.26	3351.62
1212.87	3368.36
1214.47	3358.94
1216.07	3362.08
1217.67	3356.85
1219.27	3358.94
1220.87	3359.99
1222.48	3354.76
1224.08	3351.62
1225.68	3353.71
1227.28	3350.57
1228.88	3342.20
1230.48	3352.67
1232.08	3333.83
1233.68	3348.48
1235.28	3346.39
1236.88	3334.88
1238.48	3328.60
1240.08	3344.30
1241.68	3324.41
1243.28	3322.32
1244.87	3315.00
1246.47	3309.76
1248.07	3299.30
1249.67	3318.14
1251.27	3325.46
1252.87	3302.44
1254.46	3295.11
1256.06	3297.21
1257.66	3301.39
1259.26	3296.16
1260.85	3302.44
1262.45	3286.74
1264.05	3294.07
1265.64	3286.74
1267.24	3288.84
1268.83	3295.11
1270.43	3285.70
1272.03	3304.53
1273.62	3287.79
1275.22	3280.46
1276.81	3276.28
1278.41	3272.09
1280.00	3283.60
1281.60	3273.14
1283.19	3267.91
1284.79	3273.14
1286.38	3263.72
1287.97	3267.91
1289.57	3262.68
1291.16	3264.77
1292.75	3258.49
1294.35	3266.86
1295.94	3252.21
1297.53	3255.35
1299.12	3241.75
1300.72	3264.77
1302.31	3234.42
1303.90	3259.54
1305.49	3262.68
1307.08	3252.21
1308.68	3232.33
1310.27	3233.38
1311.86	3229.19
1313.45	3227.10
1315.04	3235.47
1316.63	3242.79
1318.22	3231.28
1319.81	3221.87
1321.40	3219.77
1322.99	3225.01
1324.58	3203.03
1326.17	3207.22
1327.75	3201.98
1329.34	3204.08
1330.93	3194.66
1332.52	3194.66
1334.11	3186.29
1335.70	3190.47
1337.28	3181.06
1338.87	3188.38
1340.46	3180.01
1342.05	3173.73
1343.63	3175.82
1345.22	3170.59
1346.81	3172.69
1348.39	3167.45
1349.98	3166.41
1351.56	3155.94
1353.15	3143.39
1354.73	3144.43
1356.32	3131.88
1357.90	3131.88
1359.49	3126.64
1361.07	3111.99
1362.66	3104.67
1364.24	3114.09
1365.82	3113.04
1367.41	3116.18
1368.99	3092.11
1370.57	3080.60
1372.16	3091.07
1373.74	3087.93
1375.32	3086.88
1376.91	3076.42
1378.49	3053.40
1380.07	3011.54
1381.65	3014.68
1383.23	2996.89
1384.81	3000.03
1386.39	2996.89
1387.97	3001.08
1389.55	2992.70
1391.14	2982.24
1392.72	2964.45
1394.29	2956.08
1395.87	2953.99
1397.45	2950.85
1399.03	2942.48
1400.61	2932.01
1402.19	2926.78
1403.77	2911.09
1405.35	2923.64
1406.92	2912.13
1408.50	2915.27
1410.08	2904.81
1411.66	2892.25
1413.23	2896.44
1414.81	2903.76
1416.39	2884.93
1417.96	2893.30
1419.54	2881.79
1421.12	2894.34
1422.69	2903.76
1424.27	2891.20
1425.84	2890.16
1427.42	2881.79
1428.99	2882.83
1430.57	2883.88
1432.14	2873.42
1433.71	2881.79
1435.29	2888.06
1436.86	2883.88
1438.43	2882.83
1440.01	2877.60
1441.58	2756.22
1443.15	2877.60
1444.72	2874.46
1446.30	2870.28
1447.87	2878.65
1449.44	2870.28
1451.01	2861.90
1452.58	2871.32
1454.15	2871.32
1455.72	2860.86
1457.29	2859.81
1458.86	2877.60
1460.43	2870.28
1462.00	2879.69
1463.57	2867.14
1465.14	2871.32
1466.71	2871.32
1468.28	2870.28
1469.85	2869.23
1471.41	2876.55
1472.98	2868.18
1474.55	2877.60
1476.12	2860.86
1477.68	2860.86
1479.25	2874.46
1480.82	2876.55
1482.38	2888.06
1483.95	2864.00
1485.51	2879.69
1487.08	2889.11
1488.64	2883.88
1490.21	2887.02
1491.77	2877.60
1493.34	2888.06
1494.90	2874.46
1496.46	2876.55
1498.03	2875.51
1499.59	2888.06
1501.15	2875.51
1502.72	2878.65
1504.28	2885.97
1505.84	2882.83
1507.40	2878.65
1508.97	2891.20
1510.53	2887.02
1512.09	2894.34
1513.65	2898.53
1515.21	2892.25
1516.77	2880.74
1518.33	2898.53
1519.89	2890.16
1521.45	2895.39
1523.01	2896.44
1524.57	2905.85
1526.13	2898.53
1527.68	2905.85
1529.24	2914.22
1530.80	2910.04
1532.36	2910.04
1533.92	2891.20
1535.47	2884.93
1537.03	2899.58
1538.59	2902.71
1540.14	2897.48
1541.70	2892.25
1543.25	2905.85
1544.81	2902.71
1546.36	2904.81
1547.92	2896.44
1549.47	2902.71
1551.03	2892.25
1552.58	2883.88
1554.13	2892.25
1555.69	2899.58
1557.24	2891.20
1558.79	2890.16
1560.35	2889.11
1561.90	2897.48
1563.45	2888.06
1565.00	2889.11
1566.55	2884.93
1568.10	2888.06
1569.66	2877.60
1571.21	2883.88
1572.76	2878.65
1574.31	2890.16
1575.86	2892.25
1577.40	2882.83
1578.95	2879.69
1580.50	2876.55
1582.05	2865.04
1583.60	2871.32
1585.15	2857.72
1586.69	2860.86
1588.24	2869.23
1589.79	2882.83
1591.34	2853.53
1592.88	2877.60
1594.43	2856.67
1595.97	2877.60
1597.52	2875.51
1599.06	2867.14
1600.61	2865.04
1602.15	2882.83
1603.70	2865.04
1605.24	2862.95
1606.79	2853.53
1608.33	2849.35
1609.87	2848.30
1611.41	2860.86
1612.96	2856.67
1614.50	2849.35
1616.04	2851.44
1617.58	2852.49
1619.12	2844.12
1620.67	2858.77
1622.21	2824.23
1623.75	2837.84
1625.29	2831.56
1626.83	2837.84
1628.37	2845.16
1629.90	2830.51
1631.44	2824.23
1632.98	2827.37
1634.52	2808.54
1636.06	2807.49
1637.59	2810.63
1639.13	2794.94
1640.67	2794.94
1642.21	2776.10
1643.74	2781.33
1645.28	2758.31
1646.81	2746.80
1648.35	2758.31
1649.88	2727.97
1651.42	2739.48
1652.95	2724.83
1654.49	2743.66
1656.02	2717.50
1657.55	2724.83
1659.09	2691.34
1660.62	2707.04
1662.15	2704.94
1663.68	2710.18
1665.22	2696.57
1666.75	2698.67
1668.28	2688.20
1669.81	2708.08
1671.34	2689.25
1672.87	2695.53
1674.40	2702.85
1675.93	2694.48
1677.46	2672.51
1678.99	2670.41
1680.52	2674.60
1682.04	2687.16
1683.57	2676.69
1685.10	2681.92
1686.63	2672.51
1688.15	2677.74
1689.68	2666.23
1691.21	2662.04
1692.73	2670.41
1694.26	2671.46
1695.78	2666.23
1697.31	2674.60
1698.83	2658.90
1700.36	2659.95
1701.88	2648.44
1703.40	2665.18
1704.93	2655.76
1706.45	2651.58
