896.35	2940.38
897.98	2947.71
899.60	2950.85
901.22	2970.73
902.85	2959.22
904.47	2973.87
906.10	2978.06
907.72	2975.96
909.34	2992.70
910.97	3007.35
912.59	3028.28
914.21	3047.12
915.84	3074.32
917.46	3108.86
919.08	3122.46
920.71	3135.02
922.33	3153.85
923.95	3171.64
925.58	3188.38
927.20	3180.01
928.82	3195.71
930.44	3216.63
932.07	3206.17
933.69	3196.75
935.31	3208.26
936.93	3217.68
938.56	3220.82
940.18	3231.28
941.80	3226.05
943.42	3235.47
945.05	3252.21
946.67	3234.42
948.29	3237.56
949.91	3241.75
951.53	3258.49
953.16	3256.40
954.78	3244.89
956.40	3230.24
958.02	3238.61
959.64	3241.75
961.26	3248.03
962.88	3245.93
964.51	3229.19
966.13	3262.68
967.75	3250.12
969.37	3238.61
970.99	3242.79
972.61	3249.07
974.23	3252.21
975.85	3249.07
977.47	3255.35
979.09	3245.93
980.71	3243.84
982.33	3249.07
983.95	3246.98
985.57	3267.91
987.19	3256.40
988.81	3275.23
990.43	3274.19
992.05	3264.77
993.67	3283.60
995.29	3280.46
996.91	3268.95
998.53	3295.11
1000.15	3289.88
1001.77	3287.79
1003.39	3294.07
1005.01	3288.84
1006.63	3309.76
1008.25	3311.86
1009.86	3317.09
1011.48	3316.04
1013.10	3318.14
1014.72	3325.46
1016.34	3326.51
1017.96	3342.20
1019.58	3329.65
1021.19	3339.06
1022.81	3332.78
1024.43	3352.67
1026.05	3343.25
1027.66	3358.94
1029.28	3351.62
1030.90	3363.13
1032.52	3349.53
1034.13	3366.27
1035.75	3364.18
1037.37	3364.18
1038.98	3375.69
1040.60	3370.46
1042.22	3358.94
1043.83	3361.04
1045.45	3362.08
1047.07	3362.08
1048.68	3371.50
1050.30	3363.13
1051.92	3378.83
1053.53	3371.50
1055.15	3370.46
1056.76	3364.18
1058.38	3367.32
1059.99	3375.69
1061.61	3363.13
1063.22	3361.04
1064.84	3367.32
1066.46	3365.22
1068.07	3357.90
1069.68	3361.04
1071.30	3371.50
1072.91	3365.22
1074.53	3357.90
1076.14	3376.73
1077.76	3358.94
1079.37	3357.90
1080.98	3331.74
1082.60	3353.71
1084.21	3348.48
1085.83	3356.85
1087.44	3353.71
1089.05	3353.71
1090.67	3344.30
1092.28	3340.11
1093.89	3348.48
1095.50	3353.71
1097.12	3342.20
1098.73	3353.71
1100.34	3326.51
1101.95	3348.48
1103.57	3348.48
1105.18	3336.97
1106.79	3334.88
1108.40	3345.34
1110.01	3335.92
1111.63	3340.11
1113.24	3340.11
1114.85	3341.16
1116.46	3344.30
1118.07	3354.76
1119.68	3333.83
1121.29	3350.57
1122.90	3331.74
1124.51	3347.43
1126.12	3353.71
1127.73	3365.22
1129.34	3352.67
1130.95	3356.85
1132.56	3366.27
1134.17	3341.16
1135.78	3340.11
1137.39	3348.48
1139.00	3329.65
1140.61	3342.20
1142.22	3349.53
1143.83	3340.11
1145.44	3335.92
1147.05	3343.25
1148.65	3356.85
1150.26	3345.34
1151.87	3339.06
1153.48	3342.20
1155.09	3349.53
1156.69	3349.53
1158.30	3324.41
1159.91	3336.97
1161.52	3346.39
1163.12	3343.25
1164.73	3343.25
1166.34	3357.90
1167.94	3349.53
1169.55	3354.76
1171.16	3351.62
1172.76	3345.34
1174.37	3344.30
1175.97	3353.71
1177.58	3334.88
1179.19	3361.04
1180.79	3344.30
1182.40	3353.71
1184.00	3348.48
1185.61	3351.62
1187.21	3342.20
1188.82	3358.94
1190.42	3352.67
1192.02	3351.62
1193.63	3340.11
1195.23	3357.90
1196.84	3347.43
1198.44	3346.39
1200.04	3352.67
1201.65	3349.53
1203.25	3347.43
1204.85	3354.76
1206.46	3343.25
1208.06	3338.02
1209.66	3341.16
1211.26	3340.11
1212.87	3349.53
1214.47	3333.83
1216.07	3332.78
1217.67	3334.88
1219.27	3325.46
1220.87	3333.83
1222.48	3335.92
1224.08	3332.78
1225.68	3331.74
1227.28	3331.74
1228.88	3325.46
1230.48	3333.83
1232.08	3311.86
1233.68	3324.41
1235.28	3342.20
1236.88	3315.00
1238.48	3302.44
1240.08	3324.41
1241.68	3303.49
1243.28	3306.62
1244.87	3297.21
1246.47	3291.98
1248.07	3281.51
1249.67	3294.07
1251.27	3298.25
1252.87	3281.51
1254.46	3270.00
1256.06	3279.42
1257.66	3274.19
1259.26	3273.14
1260.85	3278.37
1262.45	3280.46
1264.05	3282.56
1265.64	3274.19
1267.24	3274.19
1268.83	3279.42
1270.43	3266.86
1272.03	3287.79
1273.62	3268.95
1275.22	3253.26
1276.81	3261.63
1278.41	3255.35
1280.00	3264.77
1281.60	3268.95
1283.19	3252.21
1284.79	3259.54
1286.38	3254.30
1287.97	3259.54
1289.57	3250.12
1291.16	3249.07
1292.75	3237.56
1294.35	3245.93
1295.94	3242.79
1297.53	3253.26
1299.12	3243.84
1300.72	3256.40
1302.31	3227.10
1303.90	3249.07
1305.49	3250.12
1307.08	3223.96
1308.68	3215.59
1310.27	3216.63
1311.86	3218.73
1313.45	3216.63
1315.04	3213.50
1316.63	3213.50
1318.22	3201.98
1319.81	3213.50
1321.40	3214.54
1322.99	3214.54
1324.58	3191.52
1326.17	3195.71
1327.75	3187.34
1329.34	3198.85
1330.93	3189.43
1332.52	3183.15
1334.11	3187.34
1335.70	3183.15
1337.28	3161.18
1338.87	3168.50
1340.46	3170.59
1342.05	3174.78
1343.63	3165.36
1345.22	3158.04
1346.81	3158.04
1348.39	3150.71
1349.98	3152.80
1351.56	3137.11
1353.15	3133.97
1354.73	3133.97
1356.32	3124.55
1357.90	3122.46
1359.49	3120.37
1361.07	3098.39
1362.66	3096.30
1364.24	3102.58
1365.82	3108.86
1367.41	3108.86
1368.99	3084.79
1370.57	3075.37
1372.16	3077.46
1373.74	3082.70
1375.32	3082.70
1376.91	3068.05
1378.49	3041.89
1380.07	3017.82
1381.65	3014.68
1383.23	2990.61
1384.81	2993.75
1386.39	2986.43
1387.97	2986.43
1389.55	2980.15
1391.14	2960.27
1392.72	2958.17
1394.29	2961.31
1395.87	2935.15
1397.45	2934.11
1399.03	2934.11
1400.61	2921.55
1402.19	2915.27
1403.77	2903.76
1405.35	2922.60
1406.92	2907.95
1408.50	2903.76
1410.08	2900.62
1411.66	2890.16
1413.23	2882.83
1414.81	2899.58
1416.39	2880.74
1417.96	2892.25
1419.54	2880.74
1421.12	2881.79
1422.69	2881.79
1424.27	2877.60
1425.84	2882.83
1427.42	2874.46
1428.99	2884.93
1430.57	2875.51
1432.14	2873.42
1433.71	2868.18
1435.29	2877.60
1436.86	2875.51
1438.43	2869.23
1440.01	2864.00
1441.58	2741.57
1443.15	2869.23
1444.72	2869.23
1446.30	2871.32
1447.87	2878.65
1449.44	2860.86
1451.01	2845.16
1452.58	2867.14
1454.15	2867.14
1455.72	2855.63
1457.29	2865.04
1458.86	2866.09
1460.43	2854.58
1462.00	2873.42
1463.57	2856.67
1465.14	2859.81
1466.71	2857.72
1468.28	2867.14
1469.85	2864.00
1471.41	2873.42
1472.98	2865.04
1474.55	2875.51
1476.12	2860.86
1477.68	2861.90
1479.25	2877.60
1480.82	2867.14
1482.38	2874.46
1483.95	2866.09
1485.51	2869.23
1487.08	2876.55
1488.64	2871.32
1490.21	2877.60
1491.77	2866.09
1493.34	2885.97
1494.90	2868.18
1496.46	2872.37
1498.03	2871.32
1499.59	2883.88
1501.15	2875.51
1502.72	2873.42
1504.28	2876.55
1505.84	2880.74
1507.40	2881.79
1508.97	2896.44
1510.53	2887.02
1512.09	2897.48
1513.65	2892.25
1515.21	2888.06
1516.77	2873.42
1518.33	2891.20
1519.89	2888.06
1521.45	2883.88
1523.01	2897.48
1524.57	2898.53
1526.13	2892.25
1527.68	2895.39
1529.24	2901.67
1530.80	2893.30
1532.36	2898.53
1533.92	2890.16
1535.47	2881.79
1537.03	2885.97
1538.59	2894.34
1540.14	2897.48
1541.70	2883.88
1543.25	2895.39
1544.81	2894.34
1546.36	2905.85
1547.92	2891.20
1549.47	2895.39
1551.03	2892.25
1552.58	2885.97
1554.13	2883.88
1555.69	2887.02
1557.24	2875.51
1558.79	2876.55
1560.35	2876.55
1561.90	2892.25
1563.45	2882.83
1565.00	2887.02
1566.55	2874.46
1568.10	2876.55
1569.66	2866.09
1571.21	2885.97
1572.76	2884.93
1574.31	2884.93
1575.86	2879.69
1577.40	2870.28
1578.95	2868.18
1580.50	2869.23
1582.05	2862.95
1583.60	2864.00
1585.15	2859.81
1586.69	2867.14
1588.24	2869.23
1589.79	2870.28
1591.34	2854.58
1592.88	2882.83
1594.43	2856.67
1595.97	2868.18
1597.52	2861.90
1599.06	2861.90
1600.61	2855.63
1602.15	2868.18
1603.70	2854.58
1605.24	2855.63
1606.79	2853.53
1608.33	2856.67
1609.87	2847.26
1611.41	2848.30
1612.96	2846.21
1614.50	2845.16
1616.04	2850.39
1617.58	2852.49
1619.12	2840.98
1620.67	2849.35
1622.21	2823.19
1623.75	2847.26
1625.29	2827.37
1626.83	2826.33
1628.37	2832.61
1629.90	2820.05
1631.44	2815.86
1632.98	2824.23
1634.52	2797.03
1636.06	2804.35
1637.59	2814.82
1639.13	2795.98
1640.67	2790.75
1642.21	2782.38
1643.74	2779.24
1645.28	2754.13
1646.81	2745.75
1648.35	2749.94
1649.88	2725.87
1651.42	2727.97
1652.95	2711.22
1654.49	2733.20
1656.02	2714.36
1657.55	2717.50
1659.09	2697.62
1660.62	2716.45
1662.15	2698.67
1663.68	2710.18
1665.22	2693.43
1666.75	2695.53
1668.28	2688.20
1669.81	2704.94
1671.34	2690.29
1672.87	2698.67
1674.40	2702.85
1675.93	2685.06
1677.46	2673.55
1678.99	2669.37
1680.52	2668.32
1682.04	2682.97
1683.57	2678.78
1685.10	2685.06
1686.63	2672.51
1688.15	2684.02
1689.68	2669.37
1691.21	2666.23
1692.73	2668.32
1694.26	2679.83
1695.78	2667.27
1697.31	2669.37
1698.83	2662.04
1700.36	2665.18
1701.88	2652.62
1703.40	2663.09
1704.93	2653.67
1706.45	2661.00
