896.35	2779.24
897.98	2772.96
899.60	2785.52
901.22	2798.07
902.85	2783.42
904.47	2795.98
906.10	2804.35
907.72	2795.98
909.34	2815.86
910.97	2812.72
912.59	2824.23
914.21	2825.28
915.84	2843.07
917.46	2857.72
919.08	2874.46
920.71	2869.23
922.33	2891.20
923.95	2892.25
925.58	2916.32
927.20	2896.44
928.82	2904.81
930.44	2915.27
932.07	2915.27
933.69	2893.30
935.31	2905.85
936.93	2910.04
938.56	2923.64
940.18	2919.46
941.80	2921.55
943.42	2926.78
945.05	2949.80
946.67	2918.41
948.29	2934.11
949.91	2924.69
951.53	2948.76
953.16	2939.34
954.78	2936.20
956.40	2918.41
958.02	2930.97
959.64	2930.97
961.26	2938.29
962.88	2937.25
964.51	2932.01
966.13	2943.52
967.75	2946.66
969.37	2924.69
970.99	2936.20
972.61	2930.97
974.23	2936.20
975.85	2935.15
977.47	2950.85
979.09	2945.62
980.71	2938.29
982.33	2936.20
983.95	2944.57
985.57	2955.03
987.19	2948.76
988.81	2958.17
990.43	2952.94
992.05	2950.85
993.67	2959.22
995.29	2943.52
996.91	2952.94
998.53	2965.50
1000.15	2968.64
1001.77	2963.41
1003.39	2973.87
1005.01	2958.17
1006.63	2961.31
1008.25	2974.92
1009.86	2984.33
1011.48	2975.96
1013.10	2974.92
1014.72	2981.19
1016.34	2990.61
1017.96	2995.84
1019.58	2984.33
1021.19	2974.92
1022.81	2982.24
1024.43	2987.47
1026.05	2993.75
1027.66	2989.57
1029.28	2990.61
1030.90	2989.57
1032.52	2985.38
1034.13	2990.61
1035.75	3006.31
1037.37	2994.80
1038.98	3013.63
1040.60	2995.84
1042.22	2985.38
1043.83	2982.24
1045.45	2994.80
1047.07	3000.03
1048.68	3015.73
1050.30	2992.70
1051.92	3012.59
1053.53	3001.08
1055.15	3010.49
1056.76	3000.03
1058.38	3006.31
1059.99	3000.03
1061.61	2995.84
1063.22	2992.70
1064.84	3008.40
1066.46	2994.80
1068.07	3000.03
1069.68	2990.61
1071.30	3017.82
1072.91	2988.52
1074.53	2997.94
1076.14	3001.08
1077.76	3000.03
1079.37	2988.52
1080.98	2966.54
1082.60	2977.01
1084.21	3003.17
1085.83	2996.89
1087.44	3001.08
1089.05	2978.06
1090.67	2983.29
1092.28	2980.15
1093.89	2995.84
1095.50	2983.29
1097.12	2987.47
1098.73	2991.66
1100.34	2985.38
1101.95	2990.61
1103.57	2998.98
1105.18	2973.87
1106.79	2981.19
1108.40	2986.43
1110.01	2987.47
1111.63	2993.75
1113.24	2991.66
1114.85	2986.43
1116.46	2981.19
1118.07	2986.43
1119.68	2980.15
1121.29	2993.75
1122.90	2995.84
1124.51	2984.33
1126.12	2996.89
1127.73	2994.80
1129.34	3007.35
1130.95	2998.98
1132.56	3002.12
1134.17	2968.64
1135.78	2991.66
1137.39	2989.57
1139.00	2988.52
1140.61	2978.06
1142.22	2997.94
1143.83	2983.29
1145.44	2993.75
1147.05	2980.15
1148.65	2988.52
1150.26	2979.10
1151.87	2977.01
1153.48	2981.19
1155.09	2997.94
1156.69	2984.33
1158.30	2983.29
1159.91	2975.96
1161.52	2995.84
1163.12	2986.43
1164.73	2982.24
1166.34	2986.43
1167.94	2986.43
1169.55	2986.43
1171.16	2989.57
1172.76	2986.43
1174.37	2991.66
1175.97	2992.70
1177.58	2969.68
1179.19	2990.61
1180.79	2991.66
1182.40	2995.84
1184.00	2985.38
1185.61	2993.75
1187.21	2994.80
1188.82	2986.43
1190.42	3000.03
1192.02	2986.43
1193.63	2985.38
1195.23	2991.66
1196.84	2997.94
1198.44	2994.80
1200.04	3001.08
1201.65	2989.57
1203.25	2992.70
1204.85	2995.84
1206.46	2979.10
1208.06	2987.47
1209.66	2983.29
1211.26	2971.78
1212.87	2998.98
1214.47	2987.47
1216.07	2994.80
1217.67	2986.43
1219.27	2988.52
1220.87	2980.15
1222.48	2982.24
1224.08	2973.87
1225.68	2985.38
1227.28	2986.43
1228.88	2984.33
1230.48	2982.24
1232.08	2974.92
1233.68	2982.24
1235.28	2998.98
1236.88	2975.96
1238.48	2968.64
1240.08	2996.89
1241.68	2966.54
1243.28	2974.92
1244.87	2972.82
1246.47	2965.50
1248.07	2965.50
1249.67	2959.22
1251.27	2975.96
1252.87	2958.17
1254.46	2952.94
1256.06	2958.17
1257.66	2967.59
1259.26	2952.94
1260.85	2971.78
1262.45	2958.17
1264.05	2962.36
1265.64	2949.80
1267.24	2961.31
1268.83	2961.31
1270.43	2957.13
1272.03	2969.68
1273.62	2953.99
1275.22	2945.62
1276.81	2965.50
1278.41	2946.66
1280.00	2956.08
1281.60	2953.99
1283.19	2950.85
1284.79	2947.71
1286.38	2949.80
1287.97	2952.94
1289.57	2946.66
1291.16	2950.85
1292.75	2942.48
1294.35	2951.90
1295.94	2944.57
1297.53	2940.38
1299.12	2932.01
1300.72	2946.66
1302.31	2929.92
1303.90	2947.71
1305.49	2951.90
1307.08	2933.06
1308.68	2929.92
1310.27	2933.06
1311.86	2946.66
1313.45	2918.41
1315.04	2924.69
1316.63	2921.55
1318.22	2927.83
1319.81	2915.27
1321.40	2927.83
1322.99	2929.92
1324.58	2912.13
1326.17	2917.36
1327.75	2919.46
1329.34	2920.50
1330.93	2918.41
1332.52	2905.85
1334.11	2913.18
1335.70	2904.81
1337.28	2895.39
1338.87	2899.58
1340.46	2903.76
1342.05	2903.76
1343.63	2900.62
1345.22	2900.62
1346.81	2913.18
1348.39	2903.76
1349.98	2906.90
1351.56	2889.11
1353.15	2881.79
1354.73	2892.25
1356.32	2883.88
1357.90	2879.69
1359.49	2888.06
1361.07	2880.74
1362.66	2877.60
1364.24	2873.42
1365.82	2875.51
1367.41	2877.60
1368.99	2865.04
1370.57	2861.90
1372.16	2874.46
1373.74	2864.00
1375.32	2867.14
1376.91	2860.86
1378.49	2839.93
1380.07	2827.37
1381.65	2832.61
1383.23	2826.33
1384.81	2827.37
1386.39	2814.82
1387.97	2819.00
1389.55	2803.31
1391.14	2809.58
1392.72	2801.21
1394.29	2807.49
1395.87	2808.54
1397.45	2797.03
1399.03	2801.21
1400.61	2795.98
1402.19	2789.70
1403.77	2781.33
1405.35	2800.17
1406.92	2785.52
1408.50	2784.47
1410.08	2778.19
1411.66	2776.10
1413.23	2785.52
1414.81	2788.66
1416.39	2767.73
1417.96	2777.15
1419.54	2766.68
1421.12	2778.19
1422.69	2791.80
1424.27	2774.01
1425.84	2771.91
1427.42	2761.45
1428.99	2774.01
1430.57	2774.01
1432.14	2771.91
1433.71	2772.96
1435.29	2783.42
1436.86	2770.87
1438.43	2766.68
1440.01	2764.59
1441.58	2647.39
1443.15	2771.91
1444.72	2775.05
1446.30	2771.91
1447.87	2785.52
1449.44	2761.45
1451.01	2753.08
1452.58	2763.54
1454.15	2771.91
1455.72	2757.26
1457.29	2757.26
1458.86	2769.82
1460.43	2763.54
1462.00	2777.15
1463.57	2762.50
1465.14	2764.59
1466.71	2770.87
1468.28	2763.54
1469.85	2768.78
1471.41	2774.01
1472.98	2761.45
1474.55	2774.01
1476.12	2762.50
1477.68	2760.40
1479.25	2776.10
1480.82	2775.05
1482.38	2775.05
1483.95	2761.45
1485.51	2772.96
1487.08	2778.19
1488.64	2781.33
1490.21	2776.10
1491.77	2771.91
1493.34	2777.15
1494.90	2765.64
1496.46	2770.87
1498.03	2775.05
1499.59	2785.52
1501.15	2779.24
1502.72	2771.91
1504.28	2779.24
1505.84	2768.78
1507.40	2769.82
1508.97	2788.66
1510.53	2776.10
1512.09	2784.47
1513.65	2787.61
1515.21	2782.38
1516.77	2768.78
1518.33	2790.75
1519.89	2779.24
1521.45	2774.01
1523.01	2783.42
1524.57	2789.70
1526.13	2781.33
1527.68	2785.52
1529.24	2789.70
1530.80	2778.19
1532.36	2781.33
1533.92	2776.10
1535.47	2768.78
1537.03	2783.42
1538.59	2789.70
1540.14	2774.01
1541.70	2771.91
1543.25	2790.75
1544.81	2783.42
1546.36	2783.42
1547.92	2778.19
1549.47	2782.38
1551.03	2783.42
1552.58	2775.05
1554.13	2772.96
1555.69	2782.38
1557.24	2772.96
1558.79	2766.68
1560.35	2777.15
1561.90	2776.10
1563.45	2772.96
1565.00	2768.78
1566.55	2767.73
1568.10	2760.40
1569.66	2764.59
1571.21	2777.15
1572.76	2770.87
1574.31	2770.87
1575.86	2768.78
1577.40	2761.45
1578.95	2771.91
1580.50	2767.73
1582.05	2749.94
1583.60	2746.80
1585.15	2752.03
1586.69	2762.50
1588.24	2760.40
1589.79	2764.59
1591.34	2747.85
1592.88	2765.64
1594.43	2745.75
1595.97	2754.13
1597.52	2757.26
1599.06	2754.13
1600.61	2745.75
1602.15	2760.40
1603.70	2743.66
1605.24	2749.94
1606.79	2749.94
1608.33	2735.29
1609.87	2738.43
1611.41	2746.80
1612.96	2749.94
1614.50	2739.48
1616.04	2745.75
1617.58	2755.17
1619.12	2736.34
1620.67	2741.57
1622.21	2716.45
1623.75	2739.48
1625.29	2730.06
1626.83	2732.15
1628.37	2745.75
1629.90	2720.64
1631.44	2725.87
1632.98	2730.06
1634.52	2719.59
1636.06	2723.78
1637.59	2730.06
1639.13	2715.41
1640.67	2722.73
1642.21	2714.36
1643.74	2717.50
1645.28	2700.76
1646.81	2702.85
1648.35	2699.71
1649.88	2678.78
1651.42	2687.16
1652.95	2673.55
1654.49	2705.99
1656.02	2680.88
1657.55	2688.20
1659.09	2666.23
1660.62	2678.78
1662.15	2674.60
1663.68	2682.97
1665.22	2673.55
1666.75	2667.27
1668.28	2659.95
1669.81	2671.46
1671.34	2665.18
1672.87	2671.46
1674.40	2669.37
1675.93	2664.13
1677.46	2643.21
1678.99	2649.49
1680.52	2651.58
1682.04	2663.09
1683.57	2654.72
1685.10	2654.72
1686.63	2654.72
1688.15	2653.67
1689.68	2641.11
1691.21	2645.30
1692.73	2643.21
1694.26	2650.53
1695.78	2637.97
1697.31	2644.25
1698.83	2649.49
1700.36	2644.25
1701.88	2630.65
1703.40	2652.62
1704.93	2635.88
1706.45	2644.25
