896.35	3078.51
897.98	3093.16
899.60	3090.02
901.22	3123.50
902.85	3105.72
904.47	3127.69
906.10	3129.78
907.72	3141.29
909.34	3151.76
910.97	3175.82
912.59	3195.71
914.21	3223.96
915.84	3254.30
917.46	3310.81
919.08	3333.83
920.71	3367.32
922.33	3380.92
923.95	3409.17
925.58	3421.73
927.20	3434.29
928.82	3437.42
930.44	3471.96
932.07	3448.94
933.69	3463.58
935.31	3452.07
936.93	3480.33
938.56	3480.33
940.18	3497.07
941.80	3491.84
943.42	3518.00
945.05	3514.86
946.67	3516.95
948.29	3514.86
949.91	3523.23
951.53	3532.65
953.16	3531.60
954.78	3507.53
956.40	3516.95
958.02	3514.86
959.64	3532.65
961.26	3515.90
962.88	3521.14
964.51	3502.30
966.13	3534.74
967.75	3520.09
969.37	3519.04
970.99	3511.72
972.61	3526.37
974.23	3509.63
975.85	3526.37
977.47	3525.32
979.09	3531.60
980.71	3512.77
982.33	3530.55
983.95	3528.46
985.57	3557.76
987.19	3527.42
988.81	3547.30
990.43	3532.65
992.05	3558.81
993.67	3557.76
995.29	3561.95
996.91	3543.11
998.53	3581.83
1000.15	3578.69
1001.77	3591.25
1003.39	3588.11
1005.01	3595.43
1006.63	3591.25
1008.25	3610.08
1009.86	3616.36
1011.48	3622.64
1013.10	3616.36
1014.72	3642.52
1016.34	3629.96
1017.96	3655.08
1019.58	3628.92
1021.19	3642.52
1022.81	3644.61
1024.43	3671.82
1026.05	3651.94
1027.66	3679.14
1029.28	3666.59
1030.90	3685.42
1032.52	3662.40
1034.13	3683.33
1035.75	3679.14
1037.37	3699.02
1038.98	3693.79
1040.60	3689.61
1042.22	3673.91
1043.83	3691.70
1045.45	3676.00
1047.07	3694.84
1048.68	3702.16
1050.30	3707.40
1051.92	3683.33
1053.53	3693.79
1055.15	3680.19
1056.76	3696.93
1058.38	3690.65
1059.99	3717.86
1061.61	3694.84
1063.22	3690.65
1064.84	3684.38
1066.46	3701.12
1068.07	3676.00
1069.68	3695.89
1071.30	3700.07
1072.91	3690.65
1074.53	3677.05
1076.14	3706.35
1077.76	3686.47
1079.37	3691.70
1080.98	3654.03
1082.60	3682.28
1084.21	3667.63
1085.83	3677.05
1087.44	3664.49
1089.05	3670.77
1090.67	3662.40
1092.28	3669.73
1093.89	3663.45
1095.50	3667.63
1097.12	3651.94
1098.73	3668.68
1100.34	3642.52
1101.95	3672.86
1103.57	3658.22
1105.18	3646.70
1106.79	3633.10
1108.40	3660.31
1110.01	3649.84
1111.63	3670.77
1113.24	3652.98
1114.85	3660.31
1116.46	3642.52
1118.07	3678.10
1119.68	3645.66
1121.29	3661.35
1122.90	3646.70
1124.51	3658.22
1126.12	3661.35
1127.73	3678.10
1129.34	3658.22
1130.95	3679.14
1132.56	3662.40
1134.17	3645.66
1135.78	3650.89
1137.39	3667.63
1139.00	3641.47
1140.61	3662.40
1142.22	3659.26
1143.83	3662.40
1145.44	3654.03
1147.05	3664.49
1148.65	3652.98
1150.26	3656.12
1151.87	3651.94
1153.48	3665.54
1155.09	3655.08
1156.69	3664.49
1158.30	3641.47
1159.91	3660.31
1161.52	3663.45
1163.12	3660.31
1164.73	3641.47
1166.34	3663.45
1167.94	3664.49
1169.55	3682.28
1171.16	3661.35
1172.76	3677.05
1174.37	3663.45
1175.97	3682.28
1177.58	3646.70
1179.19	3684.38
1180.79	3663.45
1182.40	3678.10
1184.00	3655.08
1185.61	3679.14
1187.21	3667.63
1188.82	3678.10
1190.42	3665.54
1192.02	3674.96
1193.63	3654.03
1195.23	3674.96
1196.84	3663.45
1198.44	3667.63
1200.04	3667.63
1201.65	3677.05
1203.25	3660.31
1204.85	3669.73
1206.46	3644.61
1208.06	3663.45
1209.66	3651.94
1211.26	3655.08
1212.87	3667.63
1214.47	3646.70
1216.07	3646.70
1217.67	3660.31
1219.27	3635.19
1220.87	3648.80
1222.48	3643.57
1224.08	3639.38
1225.68	3635.19
1227.28	3641.47
1228.88	3621.59
1230.48	3642.52
1232.08	3617.41
1233.68	3639.38
1235.28	3629.96
1236.88	3625.78
1238.48	3602.76
1240.08	3640.43
1241.68	3597.52
1243.28	3607.99
1244.87	3590.20
1246.47	3598.57
1248.07	3572.41
1249.67	3593.34
1251.27	3587.06
1252.87	3577.64
1254.46	3554.62
1256.06	3562.99
1257.66	3549.39
1259.26	3551.48
1260.85	3557.76
1262.45	3576.60
1264.05	3566.13
1265.64	3558.81
1267.24	3552.53
1268.83	3565.09
1270.43	3542.06
1272.03	3566.13
1273.62	3545.20
1275.22	3537.88
1276.81	3543.11
1278.41	3541.02
1280.00	3535.79
1281.60	3541.02
1283.19	3520.09
1284.79	3538.93
1286.38	3521.14
1287.97	3542.06
1289.57	3525.32
1291.16	3528.46
1292.75	3503.35
1294.35	3522.18
1295.94	3501.26
1297.53	3518.00
1299.12	3503.35
1300.72	3523.23
1302.31	3484.51
1303.90	3515.90
1305.49	3501.26
1307.08	3492.88
1308.68	3478.23
1310.27	3485.56
1311.86	3469.86
1313.45	3478.23
1315.04	3474.05
1316.63	3476.14
1318.22	3459.40
1319.81	3449.98
1321.40	3451.03
1322.99	3460.45
1324.58	3434.29
1326.17	3438.47
1327.75	3430.10
1329.34	3440.56
1330.93	3430.10
1332.52	3425.91
1334.11	3409.17
1335.70	3415.45
1337.28	3400.80
1338.87	3411.26
1340.46	3409.17
1342.05	3409.17
1343.63	3391.38
1345.22	3394.52
1346.81	3388.24
1348.39	3390.34
1349.98	3377.78
1351.56	3369.41
1353.15	3353.71
1354.73	3354.76
1356.32	3331.74
1357.90	3343.25
1359.49	3330.69
1361.07	3308.72
1362.66	3291.98
1364.24	3302.44
1365.82	3303.49
1367.41	3311.86
1368.99	3284.65
1370.57	3277.33
1372.16	3270.00
1373.74	3277.33
1375.32	3258.49
1376.91	3250.12
1378.49	3199.89
1380.07	3174.78
1381.65	3164.31
1383.23	3145.48
1384.81	3146.53
1386.39	3141.29
1387.97	3129.78
1389.55	3122.46
1391.14	3113.04
1392.72	3091.07
1394.29	3084.79
1395.87	3070.14
1397.45	3067.00
1399.03	3059.67
1400.61	3030.38
1402.19	3030.38
1403.77	3005.26
1405.35	3028.28
1406.92	3009.45
1408.50	3014.68
1410.08	3003.17
1411.66	2992.70
1413.23	2990.61
1414.81	2989.57
1416.39	2971.78
1417.96	2983.29
1419.54	2974.92
1421.12	2982.24
1422.69	2981.19
1424.27	2972.82
1425.84	2972.82
1427.42	2969.68
1428.99	2971.78
1430.57	2974.92
1432.14	2959.22
1433.71	2960.27
1435.29	2966.54
1436.86	2967.59
1438.43	2960.27
1440.01	2955.03
1441.58	2857.72
1443.15	2966.54
1444.72	2959.22
1446.30	2958.17
1447.87	2964.45
1449.44	2943.52
1451.01	2923.64
1452.58	2950.85
1454.15	2957.13
1455.72	2947.71
1457.29	2942.48
1458.86	2949.80
1460.43	2942.48
1462.00	2960.27
1463.57	2944.57
1465.14	2952.94
1466.71	2936.20
1468.28	2948.76
1469.85	2950.85
1471.41	2959.22
1472.98	2941.43
1474.55	2963.41
1476.12	2940.38
1477.68	2941.43
1479.25	2951.90
1480.82	2953.99
1482.38	2958.17
1483.95	2946.66
1485.51	2956.08
1487.08	2958.17
1488.64	2958.17
1490.21	2958.17
1491.77	2947.71
1493.34	2971.78
1494.90	2963.41
1496.46	2966.54
1498.03	2965.50
1499.59	2970.73
1501.15	2974.92
1502.72	2972.82
1504.28	2973.87
1505.84	2980.15
1507.40	2965.50
1508.97	2982.24
1510.53	2981.19
1512.09	3001.08
1513.65	2992.70
1515.21	2990.61
1516.77	2977.01
1518.33	2998.98
1519.89	3001.08
1521.45	2995.84
1523.01	2991.66
1524.57	3000.03
1526.13	2991.66
1527.68	3003.17
1529.24	3014.68
1530.80	3002.12
1532.36	3004.22
1533.92	2996.89
1535.47	2987.47
1537.03	3000.03
1538.59	3002.12
1540.14	3000.03
1541.70	2994.80
1543.25	3008.40
1544.81	3006.31
1546.36	3005.26
1547.92	2994.80
1549.47	3006.31
1551.03	3000.03
1552.58	2994.80
1554.13	2982.24
1555.69	2992.70
1557.24	2979.10
1558.79	2985.38
1560.35	2985.38
1561.90	3000.03
1563.45	2979.10
1565.00	2990.61
1566.55	2988.52
1568.10	2990.61
1569.66	2968.64
1571.21	2988.52
1572.76	2983.29
1574.31	2982.24
1575.86	2980.15
1577.40	2968.64
1578.95	2973.87
1580.50	2980.15
1582.05	2960.27
1583.60	2975.96
1585.15	2968.64
1586.69	2965.50
1588.24	2966.54
1589.79	2970.73
1591.34	2946.66
1592.88	2971.78
1594.43	2945.62
1595.97	2968.64
1597.52	2961.31
1599.06	2959.22
1600.61	2946.66
1602.15	2969.68
1603.70	2953.99
1605.24	2950.85
1606.79	2946.66
1608.33	2948.76
1609.87	2945.62
1611.41	2958.17
1612.96	2949.80
1614.50	2938.29
1616.04	2926.78
1617.58	2937.25
1619.12	2924.69
1620.67	2941.43
1622.21	2916.32
1623.75	2939.34
1625.29	2917.36
1626.83	2912.13
1628.37	2914.22
1629.90	2901.67
1631.44	2901.67
1632.98	2896.44
1634.52	2866.09
1636.06	2877.60
1637.59	2882.83
1639.13	2862.95
1640.67	2855.63
1642.21	2835.74
1643.74	2831.56
1645.28	2808.54
1646.81	2795.98
1648.35	2799.12
1649.88	2770.87
1651.42	2772.96
1652.95	2755.17
1654.49	2769.82
1656.02	2743.66
1657.55	2750.99
1659.09	2718.55
1660.62	2742.62
1662.15	2734.24
1663.68	2731.10
1665.22	2712.27
1666.75	2718.55
1668.28	2711.22
1669.81	2731.10
1671.34	2715.41
1672.87	2713.32
1674.40	2715.41
1675.93	2709.13
1677.46	2692.39
1678.99	2692.39
1680.52	2686.11
1682.04	2710.18
1683.57	2691.34
1685.10	2695.53
1686.63	2685.06
1688.15	2692.39
1689.68	2690.29
1691.21	2686.11
1692.73	2685.06
1694.26	2691.34
1695.78	2682.97
1697.31	2674.60
1698.83	2676.69
1700.36	2675.65
1701.88	2675.65
1703.40	2685.06
1704.93	2669.37
1706.45	2676.69
