896.35	2973.87
897.98	2986.43
899.60	2981.19
901.22	3009.45
902.85	2998.98
904.47	3009.45
906.10	3022.00
907.72	3019.91
909.34	3033.51
910.97	3050.26
912.59	3072.23
914.21	3100.48
915.84	3115.13
917.46	3161.18
919.08	3174.78
920.71	3189.43
922.33	3208.26
923.95	3229.19
925.58	3244.89
927.20	3236.52
928.82	3250.12
930.44	3276.28
932.07	3275.23
933.69	3264.77
935.31	3271.05
936.93	3276.28
938.56	3284.65
940.18	3303.49
941.80	3293.02
943.42	3306.62
945.05	3324.41
946.67	3307.67
948.29	3308.72
949.91	3304.53
951.53	3320.23
953.16	3320.23
954.78	3312.90
956.40	3302.44
958.02	3308.72
959.64	3317.09
961.26	3309.76
962.88	3321.27
964.51	3299.30
966.13	3320.23
967.75	3315.00
969.37	3309.76
970.99	3307.67
972.61	3315.00
974.23	3310.81
975.85	3320.23
977.47	3320.23
979.09	3319.18
980.71	3309.76
982.33	3331.74
983.95	3332.78
985.57	3344.30
987.19	3321.27
988.81	3338.02
990.43	3331.74
992.05	3336.97
993.67	3352.67
995.29	3349.53
996.91	3339.06
998.53	3366.27
1000.15	3368.36
1001.77	3371.50
1003.39	3377.78
1005.01	3378.83
1006.63	3375.69
1008.25	3387.20
1009.86	3401.85
1011.48	3392.43
1013.10	3387.20
1014.72	3400.80
1016.34	3401.85
1017.96	3420.68
1019.58	3403.94
1021.19	3412.31
1022.81	3414.40
1024.43	3429.05
1026.05	3418.59
1027.66	3438.47
1029.28	3442.66
1030.90	3444.75
1032.52	3419.64
1034.13	3430.10
1035.75	3441.61
1037.37	3448.94
1038.98	3455.21
1040.60	3442.66
1042.22	3434.29
1043.83	3443.70
1045.45	3437.42
1047.07	3447.89
1048.68	3454.17
1050.30	3459.40
1051.92	3456.26
1053.53	3456.26
1055.15	3456.26
1056.76	3447.89
1058.38	3451.03
1059.99	3456.26
1061.61	3454.17
1063.22	3451.03
1064.84	3452.07
1066.46	3444.75
1068.07	3443.70
1069.68	3446.84
1071.30	3453.12
1072.91	3441.61
1074.53	3443.70
1076.14	3460.45
1077.76	3441.61
1079.37	3441.61
1080.98	3412.31
1082.60	3434.29
1084.21	3429.05
1085.83	3434.29
1087.44	3441.61
1089.05	3429.05
1090.67	3420.68
1092.28	3418.59
1093.89	3430.10
1095.50	3432.19
1097.12	3422.78
1098.73	3432.19
1100.34	3414.40
1101.95	3431.15
1103.57	3421.73
1105.18	3407.08
1106.79	3406.03
1108.40	3425.91
1110.01	3417.54
1111.63	3425.91
1113.24	3424.87
1114.85	3425.91
1116.46	3422.78
1118.07	3440.56
1119.68	3419.64
1121.29	3436.38
1122.90	3433.24
1124.51	3420.68
1126.12	3429.05
1127.73	3436.38
1129.34	3440.56
1130.95	3444.75
1132.56	3438.47
1134.17	3420.68
1135.78	3418.59
1137.39	3434.29
1139.00	3429.05
1140.61	3433.24
1142.22	3441.61
1143.83	3430.10
1145.44	3426.96
1147.05	3425.91
1148.65	3425.91
1150.26	3423.82
1151.87	3416.50
1153.48	3425.91
1155.09	3424.87
1156.69	3437.42
1158.30	3420.68
1159.91	3429.05
1161.52	3432.19
1163.12	3434.29
1164.73	3424.87
1166.34	3440.56
1167.94	3431.15
1169.55	3443.70
1171.16	3433.24
1172.76	3442.66
1174.37	3431.15
1175.97	3449.98
1177.58	3432.19
1179.19	3444.75
1180.79	3434.29
1182.40	3434.29
1184.00	3421.73
1185.61	3442.66
1187.21	3433.24
1188.82	3433.24
1190.42	3431.15
1192.02	3438.47
1193.63	3431.15
1195.23	3440.56
1196.84	3432.19
1198.44	3445.80
1200.04	3447.89
1201.65	3440.56
1203.25	3440.56
1204.85	3445.80
1206.46	3425.91
1208.06	3431.15
1209.66	3418.59
1211.26	3421.73
1212.87	3440.56
1214.47	3430.10
1216.07	3428.01
1217.67	3429.05
1219.27	3419.64
1220.87	3428.01
1222.48	3424.87
1224.08	3414.40
1225.68	3420.68
1227.28	3415.45
1228.88	3409.17
1230.48	3416.50
1232.08	3387.20
1233.68	3409.17
1235.28	3416.50
1236.88	3399.75
1238.48	3379.87
1240.08	3410.22
1241.68	3374.64
1243.28	3390.34
1244.87	3378.83
1246.47	3370.46
1248.07	3359.99
1249.67	3378.83
1251.27	3381.97
1252.87	3361.04
1254.46	3349.53
1256.06	3349.53
1257.66	3352.67
1259.26	3346.39
1260.85	3355.81
1262.45	3351.62
1264.05	3348.48
1265.64	3356.85
1267.24	3355.81
1268.83	3361.04
1270.43	3343.25
1272.03	3363.13
1273.62	3346.39
1275.22	3342.20
1276.81	3345.34
1278.41	3344.30
1280.00	3335.92
1281.60	3339.06
1283.19	3334.88
1284.79	3339.06
1286.38	3328.60
1287.97	3332.78
1289.57	3319.18
1291.16	3323.37
1292.75	3318.14
1294.35	3323.37
1295.94	3315.00
1297.53	3317.09
1299.12	3300.35
1300.72	3327.55
1302.31	3302.44
1303.90	3327.55
1305.49	3322.32
1307.08	3308.72
1308.68	3298.25
1310.27	3301.39
1311.86	3291.98
1313.45	3295.11
1315.04	3291.98
1316.63	3291.98
1318.22	3285.70
1319.81	3272.09
1321.40	3283.60
1322.99	3286.74
1324.58	3264.77
1326.17	3261.63
1327.75	3248.03
1329.34	3259.54
1330.93	3254.30
1332.52	3250.12
1334.11	3252.21
1335.70	3254.30
1337.28	3248.03
1338.87	3252.21
1340.46	3246.98
1342.05	3234.42
1343.63	3220.82
1345.22	3228.14
1346.81	3230.24
1348.39	3218.73
1349.98	3225.01
1351.56	3208.26
1353.15	3199.89
1354.73	3201.98
1356.32	3183.15
1357.90	3176.87
1359.49	3180.01
1361.07	3159.08
1362.66	3156.99
1364.24	3168.50
1365.82	3163.27
1367.41	3158.04
1368.99	3141.29
1370.57	3140.25
1372.16	3149.66
1373.74	3147.57
1375.32	3143.39
1376.91	3122.46
1378.49	3094.21
1380.07	3072.23
1381.65	3065.95
1383.23	3038.75
1384.81	3036.65
1386.39	3033.51
1387.97	3039.79
1389.55	3033.51
1391.14	3026.19
1392.72	3011.54
1394.29	3010.49
1395.87	2998.98
1397.45	2988.52
1399.03	2989.57
1400.61	2975.96
1402.19	2979.10
1403.77	2959.22
1405.35	2972.82
1406.92	2956.08
1408.50	2950.85
1410.08	2952.94
1411.66	2948.76
1413.23	2952.94
1414.81	2950.85
1416.39	2934.11
1417.96	2942.48
1419.54	2934.11
1421.12	2941.43
1422.69	2947.71
1424.27	2925.74
1425.84	2929.92
1427.42	2924.69
1428.99	2924.69
1430.57	2927.83
1432.14	2916.32
1433.71	2925.74
1435.29	2933.06
1436.86	2923.64
1438.43	2918.41
1440.01	2922.60
1441.58	2800.17
1443.15	2924.69
1444.72	2933.06
1446.30	2925.74
1447.87	2928.87
1449.44	2910.04
1451.01	2900.62
1452.58	2917.36
1454.15	2920.50
1455.72	2902.71
1457.29	2900.62
1458.86	2910.04
1460.43	2907.95
1462.00	2928.87
1463.57	2916.32
1465.14	2921.55
1466.71	2900.62
1468.28	2913.18
1469.85	2906.90
1471.41	2919.46
1472.98	2910.04
1474.55	2919.46
1476.12	2907.95
1477.68	2906.90
1479.25	2913.18
1480.82	2910.04
1482.38	2916.32
1483.95	2907.95
1485.51	2924.69
1487.08	2930.97
1488.64	2926.78
1490.21	2924.69
1491.77	2902.71
1493.34	2926.78
1494.90	2913.18
1496.46	2917.36
1498.03	2916.32
1499.59	2930.97
1501.15	2919.46
1502.72	2921.55
1504.28	2927.83
1505.84	2930.97
1507.40	2926.78
1508.97	2936.20
1510.53	2926.78
1512.09	2928.87
1513.65	2937.25
1515.21	2937.25
1516.77	2925.74
1518.33	2946.66
1519.89	2938.29
1521.45	2928.87
1523.01	2927.83
1524.57	2941.43
1526.13	2933.06
1527.68	2937.25
1529.24	2940.38
1530.80	2940.38
1532.36	2942.48
1533.92	2934.11
1535.47	2918.41
1537.03	2937.25
1538.59	2944.57
1540.14	2937.25
1541.70	2935.15
1543.25	2946.66
1544.81	2934.11
1546.36	2938.29
1547.92	2923.64
1549.47	2934.11
1551.03	2936.20
1552.58	2929.92
1554.13	2932.01
1555.69	2933.06
1557.24	2913.18
1558.79	2920.50
1560.35	2914.22
1561.90	2925.74
1563.45	2913.18
1565.00	2917.36
1566.55	2911.09
1568.10	2918.41
1569.66	2910.04
1571.21	2926.78
1572.76	2926.78
1574.31	2915.27
1575.86	2914.22
1577.40	2910.04
1578.95	2912.13
1580.50	2908.99
1582.05	2895.39
1583.60	2898.53
1585.15	2893.30
1586.69	2904.81
1588.24	2906.90
1589.79	2914.22
1591.34	2889.11
1592.88	2904.81
1594.43	2881.79
1595.97	2898.53
1597.52	2901.67
1599.06	2895.39
1600.61	2891.20
1602.15	2898.53
1603.70	2878.65
1605.24	2890.16
1606.79	2899.58
1608.33	2877.60
1609.87	2880.74
1611.41	2885.97
1612.96	2879.69
1614.50	2872.37
1616.04	2872.37
1617.58	2882.83
1619.12	2871.32
1620.67	2881.79
1622.21	2859.81
1623.75	2872.37
1625.29	2846.21
1626.83	2854.58
1628.37	2871.32
1629.90	2847.26
1631.44	2845.16
1632.98	2848.30
1634.52	2825.28
1636.06	2830.51
1637.59	2832.61
1639.13	2816.91
1640.67	2808.54
1642.21	2790.75
1643.74	2788.66
1645.28	2769.82
1646.81	2762.50
1648.35	2767.73
1649.88	2745.75
1651.42	2743.66
1652.95	2722.73
1654.49	2740.52
1656.02	2723.78
1657.55	2725.87
1659.09	2699.71
1660.62	2717.50
1662.15	2702.85
1663.68	2708.08
1665.22	2695.53
1666.75	2696.57
1668.28	2697.62
1669.81	2720.64
1671.34	2700.76
1672.87	2698.67
1674.40	2700.76
1675.93	2688.20
1677.46	2674.60
1678.99	2671.46
1680.52	2679.83
1682.04	2697.62
1683.57	2675.65
1685.10	2685.06
1686.63	2678.78
1688.15	2687.16
1689.68	2665.18
1691.21	2663.09
1692.73	2672.51
1694.26	2680.88
1695.78	2668.32
1697.31	2675.65
1698.83	2659.95
1700.36	2672.51
1701.88	2655.76
1703.40	2673.55
1704.93	2659.95
1706.45	2659.95
