896.35	3646.70
897.98	3689.61
899.60	3681.24
901.22	3738.79
902.85	3711.58
904.47	3764.95
906.10	3753.44
907.72	3793.20
909.34	3800.53
910.97	3868.54
912.59	3890.52
914.21	4002.48
915.84	4057.94
917.46	4203.39
919.08	4229.55
920.71	4322.68
922.33	4337.33
923.95	4407.44
925.58	4400.11
927.20	4466.04
928.82	4450.34
930.44	4538.24
932.07	4492.20
933.69	4549.75
935.31	4525.68
936.93	4598.93
938.56	4565.44
940.18	4656.48
941.80	4597.88
943.42	4665.90
945.05	4611.49
946.67	4648.11
948.29	4612.53
949.91	4665.90
951.53	4635.55
953.16	4702.52
954.78	4647.06
956.40	4687.87
958.02	4646.02
959.64	4695.20
961.26	4644.97
962.88	4703.57
964.51	4646.02
966.13	4709.85
967.75	4660.67
969.37	4692.06
970.99	4654.39
972.61	4706.71
974.23	4651.25
975.85	4705.66
977.47	4656.48
979.09	4716.13
980.71	4662.76
982.33	4729.73
983.95	4666.95
985.57	4734.96
987.19	4685.78
988.81	4755.89
990.43	4691.01
992.05	4754.84
993.67	4730.78
995.29	4784.14
996.91	4734.96
998.53	4820.77
1000.15	4790.42
1001.77	4844.83
1003.39	4799.84
1005.01	4862.62
1006.63	4839.60
1008.25	4897.15
1009.86	4864.71
1011.48	4918.08
1013.10	4882.50
1014.72	4951.57
1016.34	4907.62
1017.96	4972.49
1019.58	4918.08
1021.19	4976.68
1022.81	4943.19
1024.43	5011.21
1026.05	4962.03
1027.66	5034.23
1029.28	4973.54
1030.90	5029.00
1032.52	4976.68
1034.13	5053.07
1035.75	5015.40
1037.37	5075.04
1038.98	5036.32
1040.60	5087.60
1042.22	5027.95
1043.83	5075.04
1045.45	5033.19
1047.07	5103.29
1048.68	5039.46
1050.30	5086.55
1051.92	5040.51
1053.53	5098.06
1055.15	5049.93
1056.76	5087.60
1058.38	5036.32
1059.99	5101.20
1061.61	5029.00
1063.22	5076.09
1064.84	5045.74
1066.46	5083.41
1068.07	5021.67
1069.68	5072.95
1071.30	5025.86
1072.91	5059.35
1074.53	5008.07
1076.14	5060.39
1077.76	5001.79
1079.37	5061.44
1080.98	4979.82
1082.60	5031.09
1084.21	4960.98
1085.83	5012.26
1087.44	4980.87
1089.05	5022.72
1090.67	4966.22
1092.28	5004.93
1093.89	4953.66
1095.50	5005.98
1097.12	4951.57
1098.73	5012.26
1100.34	4932.73
1101.95	5004.93
1103.57	4957.84
1105.18	4995.51
1106.79	4935.87
1108.40	4994.47
1110.01	4956.80
1111.63	5008.07
1113.24	4960.98
1114.85	5012.26
1116.46	4959.94
1118.07	5013.30
1119.68	4937.96
1121.29	5001.79
1122.90	4947.38
1124.51	5013.30
1126.12	4976.68
1127.73	5027.95
1129.34	4988.19
1130.95	5045.74
1132.56	5009.12
1134.17	5030.05
1135.78	4990.28
1137.39	5064.58
1139.00	5017.49
1140.61	5073.99
1142.22	5043.65
1143.83	5087.60
1145.44	5041.56
1147.05	5085.51
1148.65	5048.88
1150.26	5098.06
1151.87	5056.21
1153.48	5111.67
1155.09	5066.67
1156.69	5124.22
1158.30	5076.09
1159.91	5146.20
1161.52	5101.20
1163.12	5143.06
1164.73	5106.43
1166.34	5173.40
1167.94	5116.90
1169.55	5167.12
1171.16	5126.31
1172.76	5178.63
1174.37	5126.31
1175.97	5183.87
1177.58	5108.53
1179.19	5192.24
1180.79	5122.13
1182.40	5177.59
1184.00	5118.99
1185.61	5193.28
1187.21	5133.64
1188.82	5170.26
1190.42	5132.59
1192.02	5185.96
1193.63	5125.27
1195.23	5175.50
1196.84	5128.41
1198.44	5193.28
1200.04	5155.61
1201.65	5198.52
1203.25	5128.41
1204.85	5181.77
1206.46	5120.04
1208.06	5168.17
1209.66	5118.99
1211.26	5160.85
1212.87	5123.18
1214.47	5137.83
1216.07	5094.92
1217.67	5146.20
1219.27	5095.97
1220.87	5130.50
1222.48	5055.16
1224.08	5106.43
1225.68	5058.30
1227.28	5099.11
1228.88	5039.46
1230.48	5095.97
1232.08	5031.09
1233.68	5091.78
1235.28	5040.51
1236.88	5060.39
1238.48	4995.51
1240.08	5050.97
1241.68	4963.08
1243.28	5017.49
1244.87	4963.08
1246.47	4982.96
1248.07	4940.06
1249.67	4970.40
1251.27	4923.31
1252.87	4931.68
1254.46	4882.50
1256.06	4921.22
1257.66	4878.32
1259.26	4903.43
1260.85	4874.13
1262.45	4928.55
1264.05	4878.32
1265.64	4911.80
1267.24	4861.58
1268.83	4901.34
1270.43	4842.74
1272.03	4894.01
1273.62	4827.04
1275.22	4859.48
1276.81	4817.63
1278.41	4852.16
1280.00	4827.04
1281.60	4846.93
1283.19	4796.70
1284.79	4841.69
1286.38	4794.61
1287.97	4828.09
1289.57	4779.96
1291.16	4818.67
1292.75	4771.59
1294.35	4827.04
1295.94	4772.63
1297.53	4795.65
1299.12	4753.80
1300.72	4818.67
1302.31	4742.29
1303.90	4794.61
1305.49	4749.61
1307.08	4779.96
1308.68	4731.82
1310.27	4776.82
1311.86	4729.73
1313.45	4751.70
1315.04	4703.57
1316.63	4750.66
1318.22	4722.40
1319.81	4755.89
1321.40	4711.94
1322.99	4740.19
1324.58	4677.41
1326.17	4726.59
1327.75	4683.69
1329.34	4721.36
1330.93	4686.83
1332.52	4719.27
1334.11	4671.13
1335.70	4719.27
1337.28	4675.32
1338.87	4706.71
1340.46	4662.76
1342.05	4693.11
1343.63	4656.48
1345.22	4678.46
1346.81	4653.34
1348.39	4676.36
1349.98	4641.83
1351.56	4646.02
1353.15	4597.88
1354.73	4591.60
1356.32	4544.52
1357.90	4579.05
1359.49	4536.14
1361.07	4508.94
1362.66	4461.85
1364.24	4516.26
1365.82	4486.96
1367.41	4506.85
1368.99	4454.53
1370.57	4466.04
1372.16	4444.06
1373.74	4485.92
1375.32	4438.83
1376.91	4426.27
1378.49	4332.10
1380.07	4276.64
1381.65	4220.13
1383.23	4218.04
1384.81	4226.41
1386.39	4275.59
1387.97	4242.11
1389.55	4295.47
1391.14	4257.80
1392.72	4260.94
1394.29	4256.76
1395.87	4269.31
1397.45	4272.45
1399.03	4303.84
1400.61	4237.92
1402.19	4310.12
1403.77	4287.10
1405.35	4321.63
1406.92	4298.61
1408.50	4340.47
1410.08	4314.31
1411.66	4361.40
1413.23	4332.10
1414.81	4366.63
1416.39	4343.61
1417.96	4392.79
1419.54	4362.44
1421.12	4406.39
1422.69	4384.42
1424.27	4396.97
1425.84	4373.95
1427.42	4403.25
1428.99	4383.37
1430.57	4402.21
1432.14	4363.49
1433.71	4395.93
1435.29	4368.72
1436.86	4389.65
1438.43	4332.10
1440.01	4364.54
1441.58	4210.71
1443.15	4367.67
1444.72	4330.00
1446.30	4346.75
1447.87	4333.14
1449.44	4333.14
1451.01	4285.01
1452.58	4318.49
1454.15	4286.06
1455.72	4297.57
1457.29	4263.03
1458.86	4288.15
1460.43	4228.50
1462.00	4260.94
1463.57	4222.22
1465.14	4250.48
1466.71	4205.48
1468.28	4228.50
1469.85	4178.28
1471.41	4200.25
1472.98	4146.88
1474.55	4180.37
1476.12	4121.77
1477.68	4148.98
1479.25	4120.72
1480.82	4116.54
1482.38	4097.70
1483.95	4112.35
1485.51	4092.47
1487.08	4130.14
1488.64	4102.94
1490.21	4141.65
1491.77	4091.42
1493.34	4110.26
1494.90	4063.17
1496.46	4090.38
1498.03	4058.99
1499.59	4079.91
1501.15	4050.62
1502.72	4067.36
1504.28	4033.87
1505.84	4052.71
1507.40	4015.04
1508.97	4046.43
1510.53	4010.85
1512.09	4041.20
1513.65	4031.78
1515.21	4033.87
1516.77	3979.46
1518.33	4020.27
1519.89	3981.55
1521.45	3984.69
1523.01	3957.49
1524.57	3975.27
1526.13	3945.98
1527.68	3964.81
1529.24	3962.72
1530.80	3969.00
1532.36	3937.60
1533.92	3929.23
1535.47	3898.89
1537.03	3927.14
1538.59	3902.03
1540.14	3917.72
1541.70	3876.91
1543.25	3919.82
1544.81	3877.96
1546.36	3898.89
1547.92	3859.12
1549.47	3875.87
1551.03	3842.38
1552.58	3843.43
1554.13	3823.55
1555.69	3828.78
1557.24	3791.11
1558.79	3812.04
1560.35	3783.78
1561.90	3802.62
1563.45	3772.27
1565.00	3780.64
1566.55	3747.16
1568.10	3763.90
1569.66	3725.18
1571.21	3742.97
1572.76	3712.63
1574.31	3733.56
1575.86	3705.30
1577.40	3704.26
1578.95	3686.47
1580.50	3691.70
1582.05	3668.68
1583.60	3681.24
1585.15	3647.75
1586.69	3669.73
1588.24	3655.08
1589.79	3673.91
1591.34	3628.92
1592.88	3644.61
1594.43	3605.90
1595.97	3639.38
1597.52	3618.45
1599.06	3629.96
1600.61	3617.41
1602.15	3643.57
1603.70	3605.90
1605.24	3614.27
1606.79	3594.38
1608.33	3588.11
1609.87	3571.36
1611.41	3595.43
1612.96	3566.13
1614.50	3562.99
1616.04	3548.34
1617.58	3564.04
1619.12	3535.79
1620.67	3536.83
1622.21	3492.88
1623.75	3514.86
1625.29	3474.05
1626.83	3483.47
1628.37	3477.19
1629.90	3455.21
1631.44	3423.82
1632.98	3410.22
1634.52	3363.13
1636.06	3345.34
1637.59	3315.00
1639.13	3284.65
1640.67	3233.38
1642.21	3191.52
1643.74	3155.94
1645.28	3117.23
1646.81	3070.14
1648.35	3056.54
1649.88	2998.98
1651.42	2986.43
1652.95	2952.94
1654.49	2956.08
1656.02	2915.27
1657.55	2913.18
1659.09	2873.42
1660.62	2885.97
1662.15	2868.18
1663.68	2869.23
1665.22	2853.53
1666.75	2851.44
1668.28	2826.33
1669.81	2837.84
1671.34	2821.10
1672.87	2822.14
1674.40	2821.10
1675.93	2813.77
1677.46	2793.89
1678.99	2790.75
1680.52	2789.70
1682.04	2799.12
1683.57	2777.15
1685.10	2794.94
1686.63	2777.15
1688.15	2779.24
1689.68	2769.82
1691.21	2766.68
1692.73	2763.54
1694.26	2770.87
1695.78	2756.22
1697.31	2761.45
1698.83	2754.13
1700.36	2766.68
1701.88	2745.75
1703.40	2755.17
1704.93	2742.62
1706.45	2754.13
