896.35	3160.13
897.98	3178.96
899.60	3174.78
901.22	3209.31
902.85	3198.85
904.47	3213.50
906.10	3218.73
907.72	3227.10
909.34	3237.56
910.97	3273.14
912.59	3290.93
914.21	3341.16
915.84	3374.64
917.46	3436.38
919.08	3460.45
920.71	3492.88
922.33	3520.09
923.95	3547.30
925.58	3560.90
927.20	3575.55
928.82	3580.78
930.44	3618.45
932.07	3606.94
933.69	3614.27
935.31	3618.45
936.93	3641.47
938.56	3634.15
940.18	3669.73
941.80	3648.80
943.42	3678.10
945.05	3669.73
946.67	3677.05
948.29	3669.73
949.91	3687.51
951.53	3685.42
953.16	3697.98
954.78	3685.42
956.40	3685.42
958.02	3673.91
959.64	3693.79
961.26	3687.51
962.88	3704.26
964.51	3682.28
966.13	3714.72
967.75	3695.89
969.37	3697.98
970.99	3689.61
972.61	3699.02
974.23	3687.51
975.85	3706.35
977.47	3702.16
979.09	3716.81
980.71	3685.42
982.33	3703.21
983.95	3696.93
985.57	3728.32
987.19	3706.35
988.81	3734.60
990.43	3715.77
992.05	3730.42
993.67	3740.88
995.29	3748.21
996.91	3722.05
998.53	3768.09
1000.15	3764.95
1001.77	3769.13
1003.39	3761.81
1005.01	3780.64
1006.63	3781.69
1008.25	3802.62
1009.86	3802.62
1011.48	3813.08
1013.10	3803.66
1014.72	3825.64
1016.34	3805.76
1017.96	3841.34
1019.58	3831.92
1021.19	3841.34
1022.81	3831.92
1024.43	3858.08
1026.05	3845.52
1027.66	3884.24
1029.28	3853.89
1030.90	3873.77
1032.52	3847.61
1034.13	3876.91
1035.75	3876.91
1037.37	3897.84
1038.98	3897.84
1040.60	3905.17
1042.22	3867.50
1043.83	3888.42
1045.45	3879.01
1047.07	3891.56
1048.68	3887.38
1050.30	3890.52
1051.92	3882.14
1053.53	3905.17
1055.15	3885.28
1056.76	3890.52
1058.38	3887.38
1059.99	3912.49
1061.61	3881.10
1063.22	3887.38
1064.84	3888.42
1066.46	3894.70
1068.07	3876.91
1069.68	3889.47
1071.30	3881.10
1072.91	3879.01
1074.53	3857.03
1076.14	3888.42
1077.76	3863.31
1079.37	3886.33
1080.98	3832.96
1082.60	3873.77
1084.21	3853.89
1085.83	3866.45
1087.44	3864.36
1089.05	3853.89
1090.67	3842.38
1092.28	3854.94
1093.89	3850.75
1095.50	3853.89
1097.12	3837.15
1098.73	3853.89
1100.34	3819.36
1101.95	3855.98
1103.57	3840.29
1105.18	3841.34
1106.79	3822.50
1108.40	3854.94
1110.01	3840.29
1111.63	3853.89
1113.24	3845.52
1114.85	3855.98
1116.46	3832.96
1118.07	3868.54
1119.68	3832.96
1121.29	3857.03
1122.90	3831.92
1124.51	3845.52
1126.12	3843.43
1127.73	3871.68
1129.34	3851.80
1130.95	3872.73
1132.56	3868.54
1134.17	3848.66
1135.78	3850.75
1137.39	3879.01
1139.00	3860.17
1140.61	3873.77
1142.22	3885.28
1143.83	3879.01
1145.44	3868.54
1147.05	3888.42
1148.65	3890.52
1150.26	3889.47
1151.87	3873.77
1153.48	3908.30
1155.09	3907.26
1156.69	3912.49
1158.30	3885.28
1159.91	3917.72
1161.52	3912.49
1163.12	3924.00
1164.73	3917.72
1166.34	3937.60
1167.94	3915.63
1169.55	3929.23
1171.16	3927.14
1172.76	3941.79
1174.37	3924.00
1175.97	3949.11
1177.58	3918.77
1179.19	3947.02
1180.79	3926.09
1182.40	3950.16
1184.00	3934.46
1185.61	3965.86
1187.21	3940.74
1188.82	3954.35
1190.42	3938.65
1192.02	3940.74
1193.63	3913.54
1195.23	3943.88
1196.84	3935.51
1198.44	3949.11
1200.04	3939.70
1201.65	3944.93
1203.25	3931.33
1204.85	3942.84
1206.46	3912.49
1208.06	3931.33
1209.66	3908.30
1211.26	3932.37
1212.87	3929.23
1214.47	3928.19
1216.07	3903.07
1217.67	3920.86
1219.27	3900.98
1220.87	3915.63
1222.48	3906.21
1224.08	3911.44
1225.68	3896.79
1227.28	3904.12
1228.88	3872.73
1230.48	3891.56
1232.08	3862.26
1233.68	3888.42
1235.28	3882.14
1236.88	3876.91
1238.48	3851.80
1240.08	3890.52
1241.68	3839.24
1243.28	3857.03
1244.87	3834.01
1246.47	3836.10
1248.07	3815.18
1249.67	3832.96
1251.27	3829.82
1252.87	3814.13
1254.46	3812.04
1256.06	3803.66
1257.66	3787.97
1259.26	3797.39
1260.85	3793.20
1262.45	3798.43
1264.05	3796.34
1265.64	3801.57
1267.24	3780.64
1268.83	3795.29
1270.43	3780.64
1272.03	3795.29
1273.62	3777.50
1275.22	3770.18
1276.81	3779.60
1278.41	3777.50
1280.00	3771.23
1281.60	3774.37
1283.19	3749.25
1284.79	3768.09
1286.38	3748.21
1287.97	3767.04
1289.57	3737.74
1291.16	3754.48
1292.75	3734.60
1294.35	3750.30
1295.94	3736.70
1297.53	3751.34
1299.12	3730.42
1300.72	3753.44
1302.31	3729.37
1303.90	3759.72
1305.49	3736.70
1307.08	3733.56
1308.68	3716.81
1310.27	3732.51
1311.86	3715.77
1313.45	3723.09
1315.04	3716.81
1316.63	3728.32
1318.22	3724.14
1319.81	3726.23
1321.40	3711.58
1322.99	3731.46
1324.58	3705.30
1326.17	3711.58
1327.75	3699.02
1329.34	3709.49
1330.93	3686.47
1332.52	3697.98
1334.11	3689.61
1335.70	3693.79
1337.28	3666.59
1338.87	3685.42
1340.46	3681.24
1342.05	3678.10
1343.63	3672.86
1345.22	3660.31
1346.81	3667.63
1348.39	3673.91
1349.98	3664.49
1351.56	3658.22
1353.15	3636.24
1354.73	3650.89
1356.32	3612.17
1357.90	3628.92
1359.49	3616.36
1361.07	3598.57
1362.66	3579.74
1364.24	3595.43
1365.82	3599.62
1367.41	3619.50
1368.99	3579.74
1370.57	3580.78
1372.16	3578.69
1373.74	3590.20
1375.32	3569.27
1376.91	3553.58
1378.49	3509.63
1380.07	3479.28
1381.65	3469.86
1383.23	3459.40
1384.81	3466.72
1386.39	3474.05
1387.97	3473.00
1389.55	3483.47
1391.14	3476.14
1392.72	3466.72
1394.29	3469.86
1395.87	3474.05
1397.45	3471.96
1399.03	3490.79
1400.61	3466.72
1402.19	3486.61
1403.77	3475.10
1405.35	3502.30
1406.92	3494.98
1408.50	3511.72
1410.08	3503.35
1411.66	3516.95
1413.23	3501.26
1414.81	3528.46
1416.39	3505.44
1417.96	3522.18
1419.54	3512.77
1421.12	3543.11
1422.69	3531.60
1424.27	3531.60
1425.84	3525.32
1427.42	3530.55
1428.99	3524.28
1430.57	3534.74
1432.14	3510.67
1433.71	3525.32
1435.29	3527.42
1436.86	3533.69
1438.43	3510.67
1440.01	3506.49
1441.58	3380.92
1443.15	3519.04
1444.72	3500.21
1446.30	3507.53
1447.87	3509.63
1449.44	3504.39
1451.01	3478.23
1452.58	3505.44
1454.15	3484.51
1455.72	3475.10
1457.29	3456.26
1458.86	3479.28
1460.43	3457.31
1462.00	3477.19
1463.57	3453.12
1465.14	3462.54
1466.71	3436.38
1468.28	3447.89
1469.85	3433.24
1471.41	3439.52
1472.98	3422.78
1474.55	3439.52
1476.12	3403.94
1477.68	3416.50
1479.25	3413.36
1480.82	3396.62
1482.38	3392.43
1483.95	3389.29
1485.51	3392.43
1487.08	3404.99
1488.64	3407.08
1490.21	3410.22
1491.77	3375.69
1493.34	3395.57
1494.90	3366.27
1496.46	3375.69
1498.03	3378.83
1499.59	3380.92
1501.15	3355.81
1502.72	3358.94
1504.28	3345.34
1505.84	3342.20
1507.40	3333.83
1508.97	3352.67
1510.53	3338.02
1512.09	3352.67
1513.65	3343.25
1515.21	3341.16
1516.77	3328.60
1518.33	3353.71
1519.89	3335.92
1521.45	3333.83
1523.01	3321.27
1524.57	3328.60
1526.13	3311.86
1527.68	3329.65
1529.24	3330.69
1530.80	3313.95
1532.36	3307.67
1533.92	3308.72
1535.47	3285.70
1537.03	3300.35
1538.59	3299.30
1540.14	3285.70
1541.70	3272.09
1543.25	3293.02
1544.81	3275.23
1546.36	3287.79
1547.92	3265.82
1549.47	3275.23
1551.03	3251.17
1552.58	3255.35
1554.13	3243.84
1555.69	3249.07
1557.24	3231.28
1558.79	3235.47
1560.35	3230.24
1561.90	3237.56
1563.45	3218.73
1565.00	3225.01
1566.55	3207.22
1568.10	3216.63
1569.66	3199.89
1571.21	3218.73
1572.76	3208.26
1574.31	3215.59
1575.86	3198.85
1577.40	3191.52
1578.95	3178.96
1580.50	3180.01
1582.05	3165.36
1583.60	3174.78
1585.15	3153.85
1586.69	3165.36
1588.24	3156.99
1589.79	3166.41
1591.34	3147.57
1592.88	3167.45
1594.43	3138.15
1595.97	3146.53
1597.52	3129.78
1599.06	3143.39
1600.61	3133.97
1602.15	3154.90
1603.70	3137.11
1605.24	3132.92
1606.79	3129.78
1608.33	3117.23
1609.87	3107.81
1611.41	3127.69
1612.96	3118.27
1614.50	3114.09
1616.04	3103.62
1617.58	3108.86
1619.12	3092.11
1620.67	3101.53
1622.21	3067.00
1623.75	3088.97
1625.29	3064.91
1626.83	3069.09
1628.37	3077.46
1629.90	3053.40
1631.44	3036.65
1632.98	3043.98
1634.52	3001.08
1636.06	3004.22
1637.59	2998.98
1639.13	2981.19
1640.67	2950.85
1642.21	2929.92
1643.74	2914.22
1645.28	2887.02
1646.81	2869.23
1648.35	2864.00
1649.88	2820.05
1651.42	2827.37
1652.95	2800.17
1654.49	2822.14
1656.02	2790.75
1657.55	2792.84
1659.09	2762.50
1660.62	2777.15
1662.15	2762.50
1663.68	2760.40
1665.22	2747.85
1666.75	2746.80
1668.28	2737.38
1669.81	2761.45
1671.34	2733.20
1672.87	2734.24
1674.40	2734.24
1675.93	2730.06
1677.46	2709.13
1678.99	2716.45
1680.52	2705.99
1682.04	2721.69
1683.57	2703.90
1685.10	2712.27
1686.63	2701.81
1688.15	2702.85
1689.68	2692.39
1691.21	2693.43
1692.73	2692.39
1694.26	2698.67
1695.78	2690.29
1697.31	2694.48
1698.83	2686.11
1700.36	2697.62
1701.88	2687.16
1703.40	2698.67
1704.93	2673.55
1706.45	2685.06
