896.35	2653.67
897.98	2655.76
899.60	2661.00
901.22	2664.13
902.85	2659.95
904.47	2656.81
906.10	2669.37
907.72	2658.90
909.34	2672.51
910.97	2670.41
912.59	2678.78
914.21	2657.86
915.84	2664.13
917.46	2665.18
919.08	2682.97
920.71	2672.51
922.33	2694.48
923.95	2677.74
925.58	2703.90
927.20	2672.51
928.82	2692.39
930.44	2693.43
932.07	2680.88
933.69	2661.00
935.31	2682.97
936.93	2676.69
938.56	2682.97
940.18	2676.69
941.80	2689.25
943.42	2680.88
945.05	2708.08
946.67	2679.83
948.29	2708.08
949.91	2682.97
951.53	2710.18
953.16	2695.53
954.78	2709.13
956.40	2679.83
958.02	2695.53
959.64	2689.25
961.26	2704.94
962.88	2702.85
964.51	2697.62
966.13	2700.76
967.75	2710.18
969.37	2687.16
970.99	2701.81
972.61	2686.11
974.23	2704.94
975.85	2691.34
977.47	2710.18
979.09	2689.25
980.71	2698.67
982.33	2691.34
983.95	2716.45
985.57	2707.04
987.19	2704.94
988.81	2698.67
990.43	2707.04
992.05	2693.43
993.67	2724.83
995.29	2702.85
996.91	2699.71
998.53	2709.13
1000.15	2716.45
1001.77	2697.62
1003.39	2708.08
1005.01	2707.04
1006.63	2723.78
1008.25	2705.99
1009.86	2724.83
1011.48	2702.85
1013.10	2713.32
1014.72	2703.90
1016.34	2725.87
1017.96	2722.73
1019.58	2717.50
1021.19	2697.62
1022.81	2719.59
1024.43	2716.45
1026.05	2714.36
1027.66	2710.18
1029.28	2712.27
1030.90	2703.90
1032.52	2707.04
1034.13	2702.85
1035.75	2719.59
1037.37	2703.90
1038.98	2730.06
1040.60	2702.85
1042.22	2707.04
1043.83	2697.62
1045.45	2715.41
1047.07	2709.13
1048.68	2729.01
1050.30	2701.81
1051.92	2731.10
1053.53	2707.04
1055.15	2732.15
1056.76	2708.08
1058.38	2725.87
1059.99	2716.45
1061.61	2729.01
1063.22	2704.94
1064.84	2724.83
1066.46	2700.76
1068.07	2716.45
1069.68	2708.08
1071.30	2736.34
1072.91	2709.13
1074.53	2719.59
1076.14	2725.87
1077.76	2720.64
1079.37	2710.18
1080.98	2697.62
1082.60	2710.18
1084.21	2732.15
1085.83	2718.55
1087.44	2729.01
1089.05	2701.81
1090.67	2723.78
1092.28	2700.76
1093.89	2732.15
1095.50	2714.36
1097.12	2719.59
1098.73	2717.50
1100.34	2705.99
1101.95	2711.22
1103.57	2730.06
1105.18	2709.13
1106.79	2715.41
1108.40	2715.41
1110.01	2725.87
1111.63	2715.41
1113.24	2731.10
1114.85	2710.18
1116.46	2732.15
1118.07	2717.50
1119.68	2716.45
1121.29	2717.50
1122.90	2720.64
1124.51	2712.27
1126.12	2730.06
1127.73	2715.41
1129.34	2741.57
1130.95	2722.73
1132.56	2736.34
1134.17	2700.76
1135.78	2717.50
1137.39	2712.27
1139.00	2709.13
1140.61	2707.04
1142.22	2726.92
1143.83	2714.36
1145.44	2730.06
1147.05	2722.73
1148.65	2731.10
1150.26	2714.36
1151.87	2719.59
1153.48	2712.27
1155.09	2732.15
1156.69	2707.04
1158.30	2718.55
1159.91	2699.71
1161.52	2722.73
1163.12	2709.13
1164.73	2716.45
1166.34	2717.50
1167.94	2725.87
1169.55	2713.32
1171.16	2723.78
1172.76	2715.41
1174.37	2720.64
1175.97	2721.69
1177.58	2710.18
1179.19	2724.83
1180.79	2723.78
1182.40	2717.50
1184.00	2712.27
1185.61	2716.45
1187.21	2734.24
1188.82	2713.32
1190.42	2723.78
1192.02	2712.27
1193.63	2705.99
1195.23	2716.45
1196.84	2719.59
1198.44	2705.99
1200.04	2725.87
1201.65	2720.64
1203.25	2719.59
1204.85	2719.59
1206.46	2712.27
1208.06	2713.32
1209.66	2714.36
1211.26	2708.08
1212.87	2734.24
1214.47	2708.08
1216.07	2723.78
1217.67	2720.64
1219.27	2721.69
1220.87	2715.41
1222.48	2729.01
1224.08	2710.18
1225.68	2730.06
1227.28	2715.41
1228.88	2721.69
1230.48	2719.59
1232.08	2719.59
1233.68	2726.92
1235.28	2743.66
1236.88	2720.64
1238.48	2726.92
1240.08	2740.52
1241.68	2717.50
1243.28	2720.64
1244.87	2730.06
1246.47	2717.50
1248.07	2720.64
1249.67	2717.50
1251.27	2742.62
1252.87	2714.36
1254.46	2718.55
1256.06	2711.22
1257.66	2727.97
1259.26	2713.32
1260.85	2722.73
1262.45	2708.08
1264.05	2726.92
1265.64	2710.18
1267.24	2726.92
1268.83	2718.55
1270.43	2723.78
1272.03	2731.10
1273.62	2731.10
1275.22	2715.41
1276.81	2724.83
1278.41	2713.32
1280.00	2732.15
1281.60	2722.73
1283.19	2720.64
1284.79	2717.50
1286.38	2720.64
1287.97	2718.55
1289.57	2717.50
1291.16	2712.27
1292.75	2716.45
1294.35	2721.69
1295.94	2723.78
1297.53	2712.27
1299.12	2705.99
1300.72	2724.83
1302.31	2700.76
1303.90	2719.59
1305.49	2734.24
1307.08	2707.04
1308.68	2710.18
1310.27	2705.99
1311.86	2712.27
1313.45	2707.04
1315.04	2709.13
1316.63	2718.55
1318.22	2722.73
1319.81	2710.18
1321.40	2717.50
1322.99	2717.50
1324.58	2705.99
1326.17	2703.90
1327.75	2701.81
1329.34	2709.13
1330.93	2705.99
1332.52	2691.34
1334.11	2711.22
1335.70	2704.94
1337.28	2697.62
1338.87	2693.43
1340.46	2702.85
1342.05	2698.67
1343.63	2703.90
1345.22	2704.94
1346.81	2715.41
1348.39	2707.04
1349.98	2712.27
1351.56	2705.99
1353.15	2705.99
1354.73	2704.94
1356.32	2701.81
1357.90	2692.39
1359.49	2703.90
1361.07	2702.85
1362.66	2711.22
1364.24	2705.99
1365.82	2707.04
1367.41	2712.27
1368.99	2709.13
1370.57	2698.67
1372.16	2711.22
1373.74	2697.62
1375.32	2703.90
1376.91	2711.22
1378.49	2700.76
1380.07	2697.62
1381.65	2708.08
1383.23	2698.67
1384.81	2694.48
1386.39	2692.39
1387.97	2705.99
1389.55	2691.34
1391.14	2696.57
1392.72	2692.39
1394.29	2697.62
1395.87	2700.76
1397.45	2696.57
1399.03	2694.48
1400.61	2702.85
1402.19	2692.39
1403.77	2695.53
1405.35	2714.36
1406.92	2708.08
1408.50	2701.81
1410.08	2700.76
1411.66	2695.53
1413.23	2705.99
1414.81	2711.22
1416.39	2689.25
1417.96	2705.99
1419.54	2695.53
1421.12	2708.08
1422.69	2717.50
1424.27	2696.57
1425.84	2709.13
1427.42	2699.71
1428.99	2701.81
1430.57	2701.81
1432.14	2700.76
1433.71	2702.85
1435.29	2717.50
1436.86	2703.90
1438.43	2704.94
1440.01	2701.81
1441.58	2590.89
1443.15	2702.85
1444.72	2705.99
1446.30	2702.85
1447.87	2712.27
1449.44	2704.94
1451.01	2698.67
1452.58	2714.36
1454.15	2711.22
1455.72	2696.57
1457.29	2705.99
1458.86	2699.71
1460.43	2695.53
1462.00	2723.78
1463.57	2713.32
1465.14	2701.81
1466.71	2695.53
1468.28	2700.76
1469.85	2709.13
1471.41	2708.08
1472.98	2696.57
1474.55	2709.13
1476.12	2700.76
1477.68	2697.62
1479.25	2713.32
1480.82	2708.08
1482.38	2715.41
1483.95	2701.81
1485.51	2703.90
1487.08	2713.32
1488.64	2703.90
1490.21	2700.76
1491.77	2691.34
1493.34	2702.85
1494.90	2696.57
1496.46	2699.71
1498.03	2708.08
1499.59	2703.90
1501.15	2695.53
1502.72	2691.34
1504.28	2696.57
1505.84	2694.48
1507.40	2698.67
1508.97	2707.04
1510.53	2694.48
1512.09	2702.85
1513.65	2710.18
1515.21	2698.67
1516.77	2688.20
1518.33	2702.85
1519.89	2696.57
1521.45	2692.39
1523.01	2695.53
1524.57	2702.85
1526.13	2693.43
1527.68	2700.76
1529.24	2702.85
1530.80	2691.34
1532.36	2699.71
1533.92	2691.34
1535.47	2679.83
1537.03	2685.06
1538.59	2695.53
1540.14	2691.34
1541.70	2682.97
1543.25	2701.81
1544.81	2705.99
1546.36	2695.53
1547.92	2687.16
1549.47	2693.43
1551.03	2695.53
1552.58	2687.16
1554.13	2690.29
1555.69	2696.57
1557.24	2689.25
1558.79	2686.11
1560.35	2679.83
1561.90	2690.29
1563.45	2689.25
1565.00	2689.25
1566.55	2682.97
1568.10	2681.92
1569.66	2678.78
1571.21	2691.34
1572.76	2695.53
1574.31	2693.43
1575.86	2686.11
1577.40	2670.41
1578.95	2685.06
1580.50	2686.11
1582.05	2672.51
1583.60	2672.51
1585.15	2667.27
1586.69	2673.55
1588.24	2679.83
1589.79	2684.02
1591.34	2664.13
1592.88	2682.97
1594.43	2674.60
1595.97	2681.92
1597.52	2675.65
1599.06	2674.60
1600.61	2659.95
1602.15	2681.92
1603.70	2672.51
1605.24	2674.60
1606.79	2675.65
1608.33	2657.86
1609.87	2659.95
1611.41	2673.55
1612.96	2677.74
1614.50	2661.00
1616.04	2672.51
1617.58	2672.51
1619.12	2665.18
1620.67	2675.65
1622.21	2654.72
1623.75	2673.55
1625.29	2652.62
1626.83	2653.67
1628.37	2670.41
1629.90	2650.53
1631.44	2651.58
1632.98	2664.13
1634.52	2663.09
1636.06	2662.04
1637.59	2674.60
1639.13	2663.09
1640.67	2662.04
1642.21	2659.95
1643.74	2672.51
1645.28	2653.67
1646.81	2648.44
1648.35	2668.32
1649.88	2649.49
1651.42	2659.95
1652.95	2650.53
1654.49	2661.00
1656.02	2646.35
1657.55	2654.72
1659.09	2639.02
1660.62	2661.00
1662.15	2650.53
1663.68	2651.58
1665.22	2641.11
1666.75	2646.35
1668.28	2641.11
1669.81	2665.18
1671.34	2650.53
1672.87	2649.49
1674.40	2650.53
1675.93	2643.21
1677.46	2631.70
1678.99	2630.65
1680.52	2628.56
1682.04	2635.88
1683.57	2631.70
1685.10	2642.16
1686.63	2640.07
1688.15	2642.16
1689.68	2633.79
1691.21	2632.74
1692.73	2633.79
1694.26	2639.02
1695.78	2622.28
1697.31	2623.33
1698.83	2616.00
1700.36	2622.28
1701.88	2619.14
1703.40	2632.74
1704.93	2618.09
1706.45	2624.37
