896.35	2661.00
897.98	2651.58
899.60	2659.95
901.22	2669.37
902.85	2657.86
904.47	2662.04
906.10	2671.46
907.72	2659.95
909.34	2677.74
910.97	2673.55
912.59	2677.74
914.21	2670.41
915.84	2672.51
917.46	2670.41
919.08	2688.20
920.71	2677.74
922.33	2705.99
923.95	2679.83
925.58	2710.18
927.20	2681.92
928.82	2695.53
930.44	2694.48
932.07	2697.62
933.69	2674.60
935.31	2698.67
936.93	2685.06
938.56	2696.57
940.18	2682.97
941.80	2682.97
943.42	2688.20
945.05	2715.41
946.67	2681.92
948.29	2701.81
949.91	2684.02
951.53	2717.50
953.16	2709.13
954.78	2717.50
956.40	2685.06
958.02	2704.94
959.64	2689.25
961.26	2708.08
962.88	2693.43
964.51	2697.62
966.13	2699.71
967.75	2718.55
969.37	2693.43
970.99	2708.08
972.61	2693.43
974.23	2709.13
975.85	2695.53
977.47	2716.45
979.09	2697.62
980.71	2701.81
982.33	2704.94
983.95	2717.50
985.57	2712.27
987.19	2717.50
988.81	2708.08
990.43	2712.27
992.05	2700.76
993.67	2725.87
995.29	2702.85
996.91	2710.18
998.53	2711.22
1000.15	2714.36
1001.77	2697.62
1003.39	2708.08
1005.01	2699.71
1006.63	2722.73
1008.25	2714.36
1009.86	2724.83
1011.48	2700.76
1013.10	2724.83
1014.72	2714.36
1016.34	2722.73
1017.96	2722.73
1019.58	2713.32
1021.19	2704.94
1022.81	2721.69
1024.43	2718.55
1026.05	2714.36
1027.66	2713.32
1029.28	2722.73
1030.90	2710.18
1032.52	2711.22
1034.13	2703.90
1035.75	2726.92
1037.37	2711.22
1038.98	2736.34
1040.60	2701.81
1042.22	2710.18
1043.83	2702.85
1045.45	2732.15
1047.07	2711.22
1048.68	2726.92
1050.30	2697.62
1051.92	2726.92
1053.53	2713.32
1055.15	2731.10
1056.76	2711.22
1058.38	2722.73
1059.99	2716.45
1061.61	2720.64
1063.22	2703.90
1064.84	2731.10
1066.46	2707.04
1068.07	2717.50
1069.68	2716.45
1071.30	2740.52
1072.91	2711.22
1074.53	2726.92
1076.14	2723.78
1077.76	2731.10
1079.37	2715.41
1080.98	2696.57
1082.60	2705.99
1084.21	2731.10
1085.83	2716.45
1087.44	2736.34
1089.05	2712.27
1090.67	2725.87
1092.28	2713.32
1093.89	2724.83
1095.50	2716.45
1097.12	2725.87
1098.73	2718.55
1100.34	2708.08
1101.95	2714.36
1103.57	2735.29
1105.18	2708.08
1106.79	2716.45
1108.40	2715.41
1110.01	2724.83
1111.63	2708.08
1113.24	2732.15
1114.85	2724.83
1116.46	2729.01
1118.07	2716.45
1119.68	2718.55
1121.29	2726.92
1122.90	2722.73
1124.51	2715.41
1126.12	2733.20
1127.73	2724.83
1129.34	2735.29
1130.95	2721.69
1132.56	2750.99
1134.17	2705.99
1135.78	2716.45
1137.39	2714.36
1139.00	2717.50
1140.61	2712.27
1142.22	2732.15
1143.83	2711.22
1145.44	2725.87
1147.05	2719.59
1148.65	2729.01
1150.26	2707.04
1151.87	2722.73
1153.48	2717.50
1155.09	2725.87
1156.69	2713.32
1158.30	2714.36
1159.91	2709.13
1161.52	2730.06
1163.12	2724.83
1164.73	2720.64
1166.34	2722.73
1167.94	2726.92
1169.55	2716.45
1171.16	2716.45
1172.76	2718.55
1174.37	2732.15
1175.97	2721.69
1177.58	2715.41
1179.19	2720.64
1180.79	2718.55
1182.40	2716.45
1184.00	2721.69
1185.61	2719.59
1187.21	2734.24
1188.82	2717.50
1190.42	2724.83
1192.02	2717.50
1193.63	2712.27
1195.23	2719.59
1196.84	2727.97
1198.44	2722.73
1200.04	2738.43
1201.65	2726.92
1203.25	2730.06
1204.85	2719.59
1206.46	2714.36
1208.06	2720.64
1209.66	2722.73
1211.26	2715.41
1212.87	2738.43
1214.47	2710.18
1216.07	2725.87
1217.67	2718.55
1219.27	2721.69
1220.87	2710.18
1222.48	2723.78
1224.08	2710.18
1225.68	2722.73
1227.28	2718.55
1228.88	2722.73
1230.48	2727.97
1232.08	2726.92
1233.68	2725.87
1235.28	2735.29
1236.88	2719.59
1238.48	2717.50
1240.08	2737.38
1241.68	2718.55
1243.28	2726.92
1244.87	2729.01
1246.47	2719.59
1248.07	2720.64
1249.67	2722.73
1251.27	2746.80
1252.87	2713.32
1254.46	2718.55
1256.06	2718.55
1257.66	2731.10
1259.26	2715.41
1260.85	2730.06
1262.45	2723.78
1264.05	2723.78
1265.64	2709.13
1267.24	2723.78
1268.83	2722.73
1270.43	2722.73
1272.03	2735.29
1273.62	2726.92
1275.22	2708.08
1276.81	2724.83
1278.41	2707.04
1280.00	2727.97
1281.60	2717.50
1283.19	2724.83
1284.79	2721.69
1286.38	2720.64
1287.97	2725.87
1289.57	2720.64
1291.16	2714.36
1292.75	2712.27
1294.35	2713.32
1295.94	2721.69
1297.53	2725.87
1299.12	2721.69
1300.72	2724.83
1302.31	2715.41
1303.90	2732.15
1305.49	2734.24
1307.08	2705.99
1308.68	2712.27
1310.27	2711.22
1311.86	2725.87
1313.45	2714.36
1315.04	2714.36
1316.63	2707.04
1318.22	2722.73
1319.81	2702.85
1321.40	2712.27
1322.99	2713.32
1324.58	2708.08
1326.17	2707.04
1327.75	2709.13
1329.34	2709.13
1330.93	2709.13
1332.52	2703.90
1334.11	2720.64
1335.70	2701.81
1337.28	2699.71
1338.87	2691.34
1340.46	2712.27
1342.05	2703.90
1343.63	2703.90
1345.22	2700.76
1346.81	2716.45
1348.39	2705.99
1349.98	2718.55
1351.56	2705.99
1353.15	2703.90
1354.73	2715.41
1356.32	2708.08
1357.90	2693.43
1359.49	2717.50
1361.07	2708.08
1362.66	2709.13
1364.24	2707.04
1365.82	2703.90
1367.41	2707.04
1368.99	2699.71
1370.57	2699.71
1372.16	2701.81
1373.74	2704.94
1375.32	2715.41
1376.91	2717.50
1378.49	2708.08
1380.07	2701.81
1381.65	2711.22
1383.23	2700.76
1384.81	2709.13
1386.39	2699.71
1387.97	2707.04
1389.55	2703.90
1391.14	2704.94
1392.72	2699.71
1394.29	2707.04
1395.87	2712.27
1397.45	2695.53
1399.03	2700.76
1400.61	2712.27
1402.19	2703.90
1403.77	2696.57
1405.35	2715.41
1406.92	2705.99
1408.50	2707.04
1410.08	2712.27
1411.66	2701.81
1413.23	2707.04
1414.81	2701.81
1416.39	2691.34
1417.96	2711.22
1419.54	2708.08
1421.12	2707.04
1422.69	2718.55
1424.27	2694.48
1425.84	2712.27
1427.42	2702.85
1428.99	2709.13
1430.57	2715.41
1432.14	2712.27
1433.71	2699.71
1435.29	2710.18
1436.86	2709.13
1438.43	2700.76
1440.01	2699.71
1441.58	2587.75
1443.15	2704.94
1444.72	2717.50
1446.30	2707.04
1447.87	2715.41
1449.44	2707.04
1451.01	2697.62
1452.58	2703.90
1454.15	2714.36
1455.72	2705.99
1457.29	2697.62
1458.86	2704.94
1460.43	2707.04
1462.00	2720.64
1463.57	2711.22
1465.14	2707.04
1466.71	2695.53
1468.28	2699.71
1469.85	2714.36
1471.41	2718.55
1472.98	2708.08
1474.55	2716.45
1476.12	2701.81
1477.68	2705.99
1479.25	2716.45
1480.82	2702.85
1482.38	2708.08
1483.95	2699.71
1485.51	2713.32
1487.08	2715.41
1488.64	2707.04
1490.21	2705.99
1491.77	2701.81
1493.34	2715.41
1494.90	2699.71
1496.46	2700.76
1498.03	2704.94
1499.59	2704.94
1501.15	2705.99
1502.72	2705.99
1504.28	2710.18
1505.84	2707.04
1507.40	2700.76
1508.97	2701.81
1510.53	2697.62
1512.09	2714.36
1513.65	2713.32
1515.21	2704.94
1516.77	2691.34
1518.33	2707.04
1519.89	2709.13
1521.45	2696.57
1523.01	2704.94
1524.57	2712.27
1526.13	2702.85
1527.68	2695.53
1529.24	2702.85
1530.80	2707.04
1532.36	2716.45
1533.92	2693.43
1535.47	2682.97
1537.03	2692.39
1538.59	2704.94
1540.14	2691.34
1541.70	2687.16
1543.25	2702.85
1544.81	2699.71
1546.36	2714.36
1547.92	2687.16
1549.47	2695.53
1551.03	2697.62
1552.58	2688.20
1554.13	2695.53
1555.69	2692.39
1557.24	2689.25
1558.79	2687.16
1560.35	2687.16
1561.90	2690.29
1563.45	2678.78
1565.00	2693.43
1566.55	2696.57
1568.10	2677.74
1569.66	2672.51
1571.21	2688.20
1572.76	2690.29
1574.31	2690.29
1575.86	2690.29
1577.40	2679.83
1578.95	2688.20
1580.50	2682.97
1582.05	2667.27
1583.60	2673.55
1585.15	2671.46
1586.69	2685.06
1588.24	2681.92
1589.79	2689.25
1591.34	2665.18
1592.88	2681.92
1594.43	2666.23
1595.97	2675.65
1597.52	2677.74
1599.06	2678.78
1600.61	2675.65
1602.15	2698.67
1603.70	2676.69
1605.24	2688.20
1606.79	2673.55
1608.33	2659.95
1609.87	2665.18
1611.41	2677.74
1612.96	2678.78
1614.50	2662.04
1616.04	2667.27
1617.58	2666.23
1619.12	2666.23
1620.67	2665.18
1622.21	2651.58
1623.75	2674.60
1625.29	2663.09
1626.83	2657.86
1628.37	2676.69
1629.90	2656.81
1631.44	2662.04
1632.98	2662.04
1634.52	2651.58
1636.06	2663.09
1637.59	2674.60
1639.13	2665.18
1640.67	2672.51
1642.21	2667.27
1643.74	2676.69
1645.28	2657.86
1646.81	2654.72
1648.35	2668.32
1649.88	2647.39
1651.42	2659.95
1652.95	2652.62
1654.49	2671.46
1656.02	2647.39
1657.55	2656.81
1659.09	2646.35
1660.62	2661.00
1662.15	2654.72
1663.68	2659.95
1665.22	2646.35
1666.75	2650.53
1668.28	2642.16
1669.81	2653.67
1671.34	2640.07
1672.87	2656.81
1674.40	2663.09
1675.93	2643.21
1677.46	2627.51
1678.99	2631.70
1680.52	2632.74
1682.04	2647.39
1683.57	2641.11
1685.10	2641.11
1686.63	2632.74
1688.15	2634.84
1689.68	2626.46
1691.21	2631.70
1692.73	2642.16
1694.26	2640.07
1695.78	2625.42
1697.31	2637.97
1698.83	2632.74
1700.36	2629.60
1701.88	2619.14
1703.40	2637.97
1704.93	2619.14
1706.45	2624.37
