896.35	3641.47
897.98	3684.38
899.60	3671.82
901.22	3728.32
902.85	3706.35
904.47	3751.34
906.10	3734.60
907.72	3783.78
909.34	3798.43
910.97	3853.89
912.59	3881.10
914.21	3996.20
915.84	4051.66
917.46	4188.74
919.08	4215.95
920.71	4306.98
922.33	4316.40
923.95	4392.79
925.58	4389.65
927.20	4460.80
928.82	4443.02
930.44	4527.77
932.07	4483.82
933.69	4540.33
935.31	4512.08
936.93	4591.60
938.56	4553.93
940.18	4616.72
941.80	4567.54
943.42	4647.06
945.05	4620.90
946.67	4657.53
948.29	4611.49
949.91	4661.71
951.53	4631.37
953.16	4689.97
954.78	4628.23
956.40	4672.18
958.02	4629.27
959.64	4691.01
961.26	4638.69
962.88	4689.97
964.51	4630.32
966.13	4697.29
967.75	4639.74
969.37	4680.55
970.99	4635.55
972.61	4686.83
974.23	4643.92
975.85	4681.59
977.47	4649.16
979.09	4699.38
980.71	4654.39
982.33	4708.80
983.95	4658.57
985.57	4722.40
987.19	4666.95
988.81	4734.96
990.43	4686.83
992.05	4750.66
993.67	4720.31
995.29	4778.91
996.91	4715.08
998.53	4808.21
1000.15	4779.96
1001.77	4828.09
1003.39	4788.33
1005.01	4850.07
1006.63	4820.77
1008.25	4882.50
1009.86	4845.88
1011.48	4905.52
1013.10	4858.44
1014.72	4928.55
1016.34	4878.32
1017.96	4953.66
1019.58	4898.20
1021.19	4957.84
1022.81	4907.62
1024.43	4980.87
1026.05	4936.92
1027.66	5005.98
1029.28	4960.98
1030.90	5012.26
1032.52	4941.10
1034.13	5024.81
1035.75	4988.19
1037.37	5053.07
1038.98	5010.16
1040.60	5064.58
1042.22	5004.93
1043.83	5065.62
1045.45	5015.40
1047.07	5065.62
1048.68	5017.49
1050.30	5067.72
1051.92	5023.77
1053.53	5080.27
1055.15	5021.67
1056.76	5073.99
1058.38	5027.95
1059.99	5098.06
1061.61	5021.67
1063.22	5062.48
1064.84	5017.49
1066.46	5067.72
1068.07	4995.51
1069.68	5059.35
1071.30	5009.12
1072.91	5061.44
1074.53	4994.47
1076.14	5038.42
1077.76	4976.68
1079.37	5046.79
1080.98	4952.61
1082.60	5022.72
1084.21	4973.54
1085.83	5023.77
1087.44	4963.08
1089.05	4996.56
1090.67	4939.01
1092.28	4978.77
1093.89	4929.59
1095.50	4985.05
1097.12	4945.29
1098.73	4991.33
1100.34	4920.17
1101.95	4987.14
1103.57	4935.87
1105.18	4975.63
1106.79	4935.87
1108.40	4992.38
1110.01	4945.29
1111.63	4992.38
1113.24	4948.43
1114.85	4995.51
1116.46	4948.43
1118.07	5010.16
1119.68	4946.33
1121.29	4992.38
1122.90	4935.87
1124.51	4994.47
1126.12	4970.40
1127.73	5023.77
1129.34	4973.54
1130.95	5039.46
1132.56	5012.26
1134.17	5023.77
1135.78	4992.38
1137.39	5044.70
1139.00	4994.47
1140.61	5038.42
1142.22	5004.93
1143.83	5059.35
1145.44	5037.37
1147.05	5086.55
1148.65	5052.02
1150.26	5080.27
1151.87	5038.42
1153.48	5105.39
1155.09	5090.74
1156.69	5130.50
1158.30	5062.48
1159.91	5120.04
1161.52	5097.02
1163.12	5136.78
1164.73	5085.51
1166.34	5143.06
1167.94	5080.27
1169.55	5144.10
1171.16	5097.02
1172.76	5155.61
1174.37	5101.20
1175.97	5162.94
1177.58	5093.88
1179.19	5178.63
1180.79	5104.34
1182.40	5150.38
1184.00	5104.34
1185.61	5168.17
1187.21	5127.36
1188.82	5166.08
1190.42	5130.50
1192.02	5176.54
1193.63	5121.08
1195.23	5177.59
1196.84	5123.18
1198.44	5173.40
1200.04	5115.85
1201.65	5153.52
1203.25	5100.15
1204.85	5171.31
1206.46	5093.88
1208.06	5152.47
1209.66	5087.60
1211.26	5134.69
1212.87	5097.02
1214.47	5125.27
1216.07	5087.60
1217.67	5126.31
1219.27	5071.90
1220.87	5108.53
1222.48	5054.11
1224.08	5084.46
1225.68	5046.79
1227.28	5081.32
1228.88	5018.54
1230.48	5077.13
1232.08	5017.49
1233.68	5075.04
1235.28	5034.23
1236.88	5042.60
1238.48	4978.77
1240.08	5042.60
1241.68	4964.12
1243.28	4996.56
1244.87	4936.92
1246.47	4956.80
1248.07	4904.48
1249.67	4942.15
1251.27	4910.76
1252.87	4926.45
1254.46	4869.95
1256.06	4919.13
1257.66	4861.58
1259.26	4886.69
1260.85	4857.39
1262.45	4896.11
1264.05	4842.74
1265.64	4868.90
1267.24	4840.65
1268.83	4883.55
1270.43	4834.37
1272.03	4876.23
1273.62	4822.86
1275.22	4846.93
1276.81	4815.53
1278.41	4844.83
1280.00	4796.70
1281.60	4835.42
1283.19	4775.77
1284.79	4822.86
1286.38	4769.49
1287.97	4822.86
1289.57	4767.40
1291.16	4795.65
1292.75	4751.70
1294.35	4805.07
1295.94	4765.31
1297.53	4800.88
1299.12	4749.61
1300.72	4787.28
1302.31	4722.40
1303.90	4792.51
1305.49	4754.84
1307.08	4765.31
1308.68	4719.27
1310.27	4753.80
1311.86	4716.13
1313.45	4741.24
1315.04	4698.34
1316.63	4737.05
1318.22	4693.11
1319.81	4717.17
1321.40	4682.64
1322.99	4722.40
1324.58	4666.95
1326.17	4717.17
1327.75	4687.87
1329.34	4716.13
1330.93	4678.46
1332.52	4689.97
1334.11	4671.13
1335.70	4689.97
1337.28	4650.20
1338.87	4693.11
1340.46	4653.34
1342.05	4685.78
1343.63	4641.83
1345.22	4671.13
1346.81	4631.37
1348.39	4647.06
1349.98	4618.81
1351.56	4627.18
1353.15	4570.68
1354.73	4580.09
1356.32	4517.31
1357.90	4549.75
1359.49	4499.52
1361.07	4477.55
1362.66	4443.02
1364.24	4488.01
1365.82	4473.36
1367.41	4504.75
1368.99	4441.97
1370.57	4458.71
1372.16	4437.78
1373.74	4476.50
1375.32	4431.50
1376.91	4412.67
1378.49	4322.68
1380.07	4283.96
1381.65	4207.58
1383.23	4205.48
1384.81	4222.22
1386.39	4264.08
1387.97	4223.27
1389.55	4272.45
1391.14	4245.25
1392.72	4255.71
1394.29	4241.06
1395.87	4241.06
1397.45	4250.48
1399.03	4288.15
1400.61	4235.83
1402.19	4305.94
1403.77	4272.45
1405.35	4299.66
1406.92	4277.68
1408.50	4321.63
1410.08	4295.47
1411.66	4341.51
1413.23	4317.45
1414.81	4353.02
1416.39	4322.68
1417.96	4373.95
1419.54	4332.10
1421.12	4389.65
1422.69	4359.30
1424.27	4380.23
1425.84	4366.63
1427.42	4383.37
1428.99	4350.93
1430.57	4403.25
1432.14	4354.07
1433.71	4363.49
1435.29	4341.51
1436.86	4366.63
1438.43	4328.96
1440.01	4346.75
1441.58	4189.79
1443.15	4346.75
1444.72	4305.94
1446.30	4321.63
1447.87	4309.08
1449.44	4311.17
1451.01	4263.03
1452.58	4333.14
1454.15	4290.24
1455.72	4292.33
1457.29	4244.20
1458.86	4278.73
1460.43	4225.36
1462.00	4263.03
1463.57	4208.62
1465.14	4237.92
1466.71	4181.42
1468.28	4198.16
1469.85	4160.49
1471.41	4175.14
1472.98	4127.00
1474.55	4157.35
1476.12	4112.35
1477.68	4128.05
1479.25	4099.80
1480.82	4111.31
1482.38	4072.59
1483.95	4084.10
1485.51	4078.87
1487.08	4115.49
1488.64	4094.56
1490.21	4133.28
1491.77	4080.96
1493.34	4096.66
1494.90	4044.34
1496.46	4054.80
1498.03	4037.01
1499.59	4046.43
1501.15	4023.41
1502.72	4030.73
1504.28	4017.13
1505.84	4024.46
1507.40	3993.06
1508.97	4032.83
1510.53	4001.43
1512.09	4024.46
1513.65	3994.11
1515.21	4009.81
1516.77	3980.51
1518.33	4006.67
1519.89	3967.95
1521.45	3985.74
1523.01	3955.39
1524.57	3974.23
1526.13	3949.11
1527.68	3965.86
1529.24	3939.70
1530.80	3945.98
1532.36	3921.91
1533.92	3931.33
1535.47	3899.93
1537.03	3920.86
1538.59	3896.79
1540.14	3895.75
1541.70	3860.17
1543.25	3902.03
1544.81	3871.68
1546.36	3881.10
1547.92	3835.06
1549.47	3853.89
1551.03	3828.78
1552.58	3834.01
1554.13	3806.80
1555.69	3831.92
1557.24	3790.06
1558.79	3795.29
1560.35	3768.09
1561.90	3792.15
1563.45	3750.30
1565.00	3762.86
1566.55	3731.46
1568.10	3744.02
1569.66	3729.37
1571.21	3760.76
1572.76	3728.32
1574.31	3745.07
1575.86	3711.58
1577.40	3713.67
1578.95	3686.47
1580.50	3701.12
1582.05	3669.73
1583.60	3681.24
1585.15	3650.89
1586.69	3664.49
1588.24	3644.61
1589.79	3661.35
1591.34	3623.68
1592.88	3662.40
1594.43	3619.50
1595.97	3636.24
1597.52	3619.50
1599.06	3621.59
1600.61	3595.43
1602.15	3620.54
1603.70	3596.48
1605.24	3610.08
1606.79	3578.69
1608.33	3588.11
1609.87	3578.69
1611.41	3586.01
1612.96	3562.99
1614.50	3572.41
1616.04	3550.44
1617.58	3555.67
1619.12	3520.09
1620.67	3535.79
1622.21	3487.65
1623.75	3512.77
1625.29	3490.79
1626.83	3498.12
1628.37	3478.23
1629.90	3441.61
1631.44	3416.50
1632.98	3406.03
1634.52	3355.81
1636.06	3341.16
1637.59	3319.18
1639.13	3283.60
1640.67	3231.28
1642.21	3188.38
1643.74	3144.43
1645.28	3097.34
1646.81	3057.58
1648.35	3062.81
1649.88	3002.12
1651.42	2988.52
1652.95	2946.66
1654.49	2962.36
1656.02	2927.83
1657.55	2920.50
1659.09	2874.46
1660.62	2897.48
1662.15	2857.72
1663.68	2864.00
1665.22	2858.77
1666.75	2839.93
1668.28	2832.61
1669.81	2839.93
1671.34	2824.23
1672.87	2819.00
1674.40	2813.77
1675.93	2808.54
1677.46	2794.94
1678.99	2788.66
1680.52	2784.47
1682.04	2804.35
1683.57	2781.33
1685.10	2783.42
1686.63	2768.78
1688.15	2780.29
1689.68	2765.64
1691.21	2768.78
1692.73	2762.50
1694.26	2765.64
1695.78	2758.31
1697.31	2760.40
1698.83	2748.89
1700.36	2745.75
1701.88	2742.62
1703.40	2766.68
1704.93	2749.94
1706.45	2741.57
