896.35	2939.34
897.98	2935.50
899.60	2942.13
901.22	2948.76
902.85	2952.94
904.47	2955.73
906.10	2958.87
907.72	2964.10
909.34	2965.50
910.97	2974.92
912.59	2983.98
914.21	2997.24
915.84	3010.84
917.46	3030.72
919.08	3044.33
920.71	3061.07
922.33	3067.35
923.95	3084.44
925.58	3086.88
927.20	3096.65
928.82	3099.44
930.44	3107.11
932.07	3104.67
933.69	3102.23
935.31	3101.88
936.93	3111.99
938.56	3116.53
940.18	3123.16
941.80	3124.90
943.42	3136.76
945.05	3135.71
946.67	3143.04
948.29	3135.02
949.91	3144.78
951.53	3144.78
953.16	3153.50
954.78	3146.18
956.40	3143.39
958.02	3135.36
959.64	3141.99
961.26	3143.04
962.88	3145.83
964.51	3147.22
966.13	3151.41
967.75	3149.66
969.37	3149.66
970.99	3143.39
972.61	3149.66
974.23	3148.27
975.85	3157.69
977.47	3155.25
979.09	3156.64
980.71	3153.15
982.33	3159.08
983.95	3161.87
985.57	3162.57
987.19	3164.66
988.81	3165.71
990.43	3164.31
992.05	3167.45
993.67	3168.15
995.29	3168.85
996.91	3170.24
998.53	3176.52
1000.15	3187.68
1001.77	3190.82
1003.39	3191.17
1005.01	3197.10
1006.63	3198.15
1008.25	3206.17
1009.86	3203.73
1011.48	3206.52
1013.10	3205.12
1014.72	3208.96
1016.34	3216.63
1017.96	3219.77
1019.58	3218.03
1021.19	3216.63
1022.81	3220.12
1024.43	3225.35
1026.05	3227.45
1027.66	3230.59
1029.28	3230.94
1030.90	3229.54
1032.52	3225.70
1034.13	3232.68
1035.75	3234.07
1037.37	3243.84
1038.98	3238.26
1040.60	3238.26
1042.22	3229.89
1043.83	3235.82
1045.45	3237.56
1047.07	3247.33
1048.68	3245.24
1050.30	3250.12
1051.92	3245.93
1053.53	3251.17
1055.15	3249.77
1056.76	3253.61
1058.38	3252.91
1059.99	3250.82
1061.61	3243.49
1063.22	3244.54
1064.84	3245.58
1066.46	3249.07
1068.07	3243.14
1069.68	3248.72
1071.30	3246.98
1072.91	3250.82
1074.53	3249.07
1076.14	3249.07
1077.76	3245.58
1079.37	3237.21
1080.98	3236.17
1082.60	3236.86
1084.21	3236.86
1085.83	3240.70
1087.44	3235.47
1089.05	3238.96
1090.67	3233.73
1092.28	3240.35
1093.89	3241.40
1095.50	3241.75
1097.12	3241.05
1098.73	3236.17
1100.34	3238.96
1101.95	3237.91
1103.57	3236.17
1105.18	3231.63
1106.79	3228.84
1108.40	3235.12
1110.01	3238.61
1111.63	3243.84
1113.24	3243.49
1114.85	3242.79
1116.46	3242.10
1118.07	3239.66
1119.68	3244.54
1121.29	3240.35
1122.90	3239.31
1124.51	3238.26
1126.12	3242.45
1127.73	3250.47
1129.34	3252.56
1130.95	3257.10
1132.56	3246.28
1134.17	3243.84
1135.78	3240.35
1137.39	3248.03
1139.00	3243.84
1140.61	3246.63
1142.22	3244.19
1143.83	3247.33
1145.44	3240.00
1147.05	3246.28
1148.65	3241.05
1150.26	3242.45
1151.87	3235.47
1153.48	3244.19
1155.09	3247.68
1156.69	3249.07
1158.30	3244.54
1159.91	3246.98
1161.52	3251.17
1163.12	3254.30
1164.73	3259.89
1166.34	3258.84
1167.94	3257.10
1169.55	3251.17
1171.16	3254.65
1172.76	3261.63
1174.37	3262.33
1175.97	3258.14
1177.58	3257.79
1179.19	3253.26
1180.79	3253.26
1182.40	3247.33
1184.00	3253.96
1185.61	3258.49
1187.21	3261.63
1188.82	3261.98
1190.42	3262.33
1192.02	3260.58
1193.63	3257.10
1195.23	3259.54
1196.84	3262.68
1198.44	3270.70
1200.04	3271.74
1201.65	3274.88
1203.25	3274.19
1204.85	3269.65
1206.46	3266.86
1208.06	3259.89
1209.66	3261.28
1211.26	3268.61
1212.87	3267.56
1214.47	3272.44
1216.07	3266.16
1217.67	3273.84
1219.27	3269.65
1220.87	3268.61
1222.48	3260.23
1224.08	3263.37
1225.68	3265.82
1227.28	3269.65
1228.88	3267.91
1230.48	3265.47
1232.08	3267.56
1233.68	3270.00
1235.28	3268.61
1236.88	3266.51
1238.48	3267.56
1240.08	3263.37
1241.68	3260.58
1243.28	3252.56
1244.87	3255.35
1246.47	3253.61
1248.07	3252.91
1249.67	3258.14
1251.27	3255.70
1252.87	3252.21
1254.46	3242.45
1256.06	3245.58
1257.66	3243.49
1259.26	3246.98
1260.85	3245.24
1262.45	3249.42
1264.05	3245.93
1265.64	3250.12
1267.24	3250.12
1268.83	3250.82
1270.43	3252.21
1272.03	3253.61
1273.62	3248.72
1275.22	3246.28
1276.81	3241.05
1278.41	3247.33
1280.00	3242.79
1281.60	3244.19
1283.19	3243.84
1284.79	3243.84
1286.38	3245.58
1287.97	3244.54
1289.57	3241.40
1291.16	3235.12
1292.75	3235.47
1294.35	3235.12
1295.94	3238.96
1297.53	3233.73
1299.12	3237.91
1300.72	3234.07
1302.31	3240.00
1303.90	3241.75
1305.49	3243.84
1307.08	3236.86
1308.68	3230.94
1310.27	3228.14
1311.86	3227.80
1313.45	3225.70
1315.04	3227.10
1316.63	3226.75
1318.22	3222.56
1319.81	3222.56
1321.40	3227.10
1322.99	3227.10
1324.58	3222.56
1326.17	3213.50
1327.75	3213.50
1329.34	3212.45
1330.93	3208.96
1332.52	3206.17
1334.11	3204.78
1335.70	3203.03
1337.28	3199.54
1338.87	3195.36
1340.46	3192.57
1342.05	3188.73
1343.63	3185.59
1345.22	3189.08
1346.81	3190.47
1348.39	3190.13
1349.98	3183.15
1351.56	3177.92
1353.15	3173.38
1354.73	3168.85
1356.32	3164.66
1357.90	3160.83
1359.49	3155.25
1361.07	3147.92
1362.66	3141.29
1364.24	3138.50
1365.82	3141.64
1367.41	3140.60
1368.99	3135.36
1370.57	3136.06
1372.16	3137.11
1373.74	3144.43
1375.32	3139.90
1376.91	3129.09
1378.49	3110.60
1380.07	3092.81
1381.65	3079.56
1383.23	3072.93
1384.81	3065.60
1386.39	3062.81
1387.97	3057.93
1389.55	3053.05
1391.14	3043.63
1392.72	3037.00
1394.29	3030.72
1395.87	3022.70
1397.45	3016.77
1399.03	3009.10
1400.61	3004.91
1402.19	2994.10
1403.77	2993.40
1405.35	2989.91
1406.92	2990.96
1408.50	2985.73
1410.08	2981.54
1411.66	2976.66
1413.23	2972.82
1414.81	2963.75
1416.39	2964.80
1417.96	2959.22
1419.54	2966.89
1421.12	2965.50
1422.69	2964.45
1424.27	2963.06
1425.84	2962.01
1427.42	2966.54
1428.99	2968.64
1430.57	2966.54
1432.14	2961.66
1433.71	2962.36
1435.29	2962.71
1436.86	2968.64
1438.43	2962.01
1440.01	2901.67
1441.58	2898.88
1443.15	2902.02
1444.72	2958.87
1446.30	2962.01
1447.87	2959.57
1449.44	2956.08
1451.01	2952.94
1452.58	2955.38
1454.15	2956.78
1455.72	2953.99
1457.29	2955.03
1458.86	2957.82
1460.43	2967.24
1462.00	2966.20
1463.57	2969.34
1465.14	2965.15
1466.71	2966.20
1468.28	2966.89
1469.85	2968.99
1471.41	2966.89
1472.98	2969.68
1474.55	2964.10
1476.12	2964.45
1477.68	2965.50
1479.25	2969.68
1480.82	2975.26
1482.38	2970.38
1483.95	2974.22
1485.51	2981.89
1487.08	2987.47
1488.64	2989.57
1490.21	2981.19
1491.77	2987.82
1493.34	2981.89
1494.90	2985.03
1496.46	2983.64
1498.03	2990.61
1499.59	2995.15
1501.15	2995.15
1502.72	2996.19
1504.28	2995.50
1505.84	2995.50
1507.40	3001.08
1508.97	3003.52
1510.53	3009.45
1512.09	3007.70
1513.65	3009.45
1515.21	3004.22
1516.77	3007.35
1518.33	3008.05
1519.89	3011.54
1521.45	3010.14
1523.01	3013.63
1524.57	3019.21
1526.13	3022.70
1527.68	3026.19
1529.24	3023.75
1530.80	3024.45
1532.36	3020.96
1533.92	3020.26
1535.47	3017.82
1537.03	3019.91
1538.59	3024.10
1540.14	3024.45
1541.70	3029.33
1543.25	3030.03
1544.81	3037.00
1546.36	3032.82
1547.92	3033.86
1549.47	3031.07
1551.03	3033.17
1552.58	3031.42
1554.13	3031.77
1555.69	3033.17
1557.24	3033.86
1558.79	3032.82
1560.35	3031.07
1561.90	3029.68
1563.45	3029.68
1565.00	3027.93
1566.55	3030.38
1568.10	3027.93
1569.66	3030.38
1571.21	3033.51
1572.76	3038.05
1574.31	3039.79
1575.86	3034.21
1577.40	3033.51
1578.95	3032.82
1580.50	3030.72
1582.05	3026.54
1583.60	3018.17
1585.15	3020.26
1586.69	3025.14
1588.24	3032.12
1589.79	3029.33
1591.34	3030.72
1592.88	3022.70
1594.43	3026.89
1595.97	3022.70
1597.52	3028.63
1599.06	3025.49
1600.61	3027.93
1602.15	3024.10
1603.70	3023.05
1605.24	3018.52
1606.79	3015.73
1608.33	3016.07
1609.87	3019.91
1611.41	3023.75
1612.96	3020.96
1614.50	3015.38
1616.04	3016.77
1617.58	3017.12
1619.12	3018.17
1620.67	3006.66
1622.21	3006.31
1623.75	2996.54
1625.29	2998.29
1626.83	3000.38
1628.37	3002.47
1629.90	2999.68
1631.44	2992.01
1632.98	2982.94
1634.52	2979.80
1636.06	2975.96
1637.59	2973.87
1639.13	2967.59
1640.67	2954.34
1642.21	2946.31
1643.74	2930.62
1645.28	2916.32
1646.81	2907.60
1648.35	2891.55
1649.88	2884.23
1651.42	2865.74
1652.95	2869.58
1654.49	2856.67
1656.02	2852.49
1657.55	2832.61
1659.09	2832.95
1660.62	2824.93
1662.15	2829.12
1663.68	2820.05
1665.22	2817.26
1666.75	2810.63
1668.28	2815.17
1669.81	2813.07
1671.34	2811.68
1672.87	2806.10
1674.40	2802.61
1675.93	2797.03
1677.46	2786.91
1678.99	2781.33
1680.52	2784.82
1682.04	2786.91
1683.57	2789.01
1685.10	2779.94
1686.63	2776.45
1688.15	2771.57
1689.68	2770.87
1691.21	2770.87
1692.73	2771.57
1694.26	2771.22
1695.78	2769.82
1697.31	2764.59
1698.83	2762.50
1700.36	2755.87
1701.88	2761.10
1703.40	2759.36
1704.93	2760.75
1706.45	2754.13
