896.35	2861.90
897.98	2860.86
899.60	2863.65
901.22	2867.49
902.85	2869.58
904.47	2876.21
906.10	2877.60
907.72	2886.67
909.34	2889.11
910.97	2900.27
912.59	2900.62
914.21	2907.60
915.84	2914.92
917.46	2930.27
919.08	2936.20
920.71	2947.36
922.33	2951.55
923.95	2966.89
925.58	2967.24
927.20	2970.03
928.82	2967.59
930.44	2971.08
932.07	2964.10
933.69	2963.41
935.31	2963.75
936.93	2979.10
938.56	2982.24
940.18	2987.47
941.80	2986.43
943.42	2997.59
945.05	2996.54
946.67	3003.52
948.29	2992.01
949.91	3002.12
951.53	2999.68
953.16	3008.75
954.78	3001.08
956.40	3001.42
958.02	2997.24
959.64	3003.87
961.26	3003.17
962.88	3003.17
964.51	3003.17
966.13	3009.10
967.75	3007.70
969.37	3008.75
970.99	3002.82
972.61	3011.19
974.23	3005.96
975.85	3010.84
977.47	3005.26
979.09	3008.05
980.71	3007.01
982.33	3016.77
983.95	3020.61
985.57	3023.75
987.19	3023.05
988.81	3024.79
990.43	3021.66
992.05	3024.10
993.67	3022.70
995.29	3025.49
996.91	3025.49
998.53	3035.26
1000.15	3039.44
1001.77	3039.44
1003.39	3031.77
1005.01	3037.70
1006.63	3039.79
1008.25	3050.26
1009.86	3044.33
1011.48	3042.93
1013.10	3038.05
1014.72	3042.23
1016.34	3050.26
1017.96	3052.70
1019.58	3050.95
1021.19	3047.82
1022.81	3050.95
1024.43	3057.23
1026.05	3060.37
1027.66	3061.07
1029.28	3060.37
1030.90	3059.33
1032.52	3057.58
1034.13	3063.86
1035.75	3063.16
1037.37	3072.23
1038.98	3065.60
1040.60	3066.30
1042.22	3056.88
1043.83	3064.21
1045.45	3065.60
1047.07	3075.37
1048.68	3070.14
1050.30	3076.07
1051.92	3068.39
1053.53	3075.72
1055.15	3072.23
1056.76	3080.95
1058.38	3078.51
1059.99	3080.60
1061.61	3073.28
1063.22	3076.42
1064.84	3074.67
1066.46	3076.42
1068.07	3069.44
1069.68	3073.28
1071.30	3072.93
1072.91	3074.67
1074.53	3071.88
1076.14	3071.88
1077.76	3072.23
1079.37	3064.91
1080.98	3062.12
1082.60	3062.81
1084.21	3069.09
1085.83	3074.67
1087.44	3066.30
1089.05	3061.77
1090.67	3056.19
1092.28	3065.95
1093.89	3072.58
1095.50	3073.98
1097.12	3071.53
1098.73	3063.16
1100.34	3063.51
1101.95	3064.21
1103.57	3065.60
1105.18	3063.86
1106.79	3060.37
1108.40	3065.60
1110.01	3068.74
1111.63	3074.32
1113.24	3073.28
1114.85	3072.23
1116.46	3071.53
1118.07	3073.63
1119.68	3076.07
1121.29	3076.07
1122.90	3071.53
1124.51	3075.37
1126.12	3075.37
1127.73	3083.74
1129.34	3082.35
1130.95	3086.88
1132.56	3075.37
1134.17	3070.84
1135.78	3063.86
1137.39	3070.84
1139.00	3068.39
1140.61	3071.53
1142.22	3068.05
1143.83	3073.63
1145.44	3071.53
1147.05	3079.90
1148.65	3076.07
1150.26	3076.77
1151.87	3068.74
1153.48	3075.37
1155.09	3075.72
1156.69	3078.16
1158.30	3071.88
1159.91	3076.42
1161.52	3077.46
1163.12	3079.21
1164.73	3076.07
1166.34	3077.11
1167.94	3078.16
1169.55	3080.60
1171.16	3081.65
1172.76	3083.74
1174.37	3082.70
1175.97	3080.95
1177.58	3086.53
1179.19	3085.49
1180.79	3085.83
1182.40	3079.21
1184.00	3082.70
1185.61	3088.28
1187.21	3088.97
1188.82	3089.67
1190.42	3084.79
1192.02	3083.74
1193.63	3079.90
1195.23	3083.04
1196.84	3083.04
1198.44	3089.32
1200.04	3092.11
1201.65	3096.30
1203.25	3094.55
1204.85	3088.62
1206.46	3087.23
1208.06	3083.39
1209.66	3085.83
1211.26	3091.07
1212.87	3089.32
1214.47	3093.16
1216.07	3088.62
1217.67	3092.11
1219.27	3086.18
1220.87	3085.49
1222.48	3082.00
1224.08	3087.93
1225.68	3088.62
1227.28	3091.42
1228.88	3091.07
1230.48	3086.88
1232.08	3085.49
1233.68	3089.32
1235.28	3093.86
1236.88	3093.86
1238.48	3092.46
1240.08	3087.23
1241.68	3086.53
1243.28	3082.00
1244.87	3083.39
1246.47	3085.49
1248.07	3083.39
1249.67	3093.16
1251.27	3090.02
1252.87	3088.97
1254.46	3077.11
1256.06	3080.60
1257.66	3078.51
1259.26	3082.00
1260.85	3077.46
1262.45	3084.09
1264.05	3082.00
1265.64	3085.83
1267.24	3082.70
1268.83	3083.39
1270.43	3083.39
1272.03	3083.74
1273.62	3079.21
1275.22	3081.30
1276.81	3077.81
1278.41	3085.49
1280.00	3079.56
1281.60	3082.70
1283.19	3078.51
1284.79	3079.90
1286.38	3079.21
1287.97	3080.60
1289.57	3079.21
1291.16	3077.81
1292.75	3079.21
1294.35	3080.60
1295.94	3079.90
1297.53	3075.37
1299.12	3075.37
1300.72	3070.49
1302.31	3073.98
1303.90	3077.46
1305.49	3079.56
1307.08	3075.02
1308.68	3065.95
1310.27	3067.00
1311.86	3066.30
1313.45	3065.26
1315.04	3063.51
1316.63	3062.46
1318.22	3060.72
1319.81	3060.02
1321.40	3061.07
1322.99	3060.37
1324.58	3057.58
1326.17	3052.35
1327.75	3049.91
1329.34	3049.56
1330.93	3047.12
1332.52	3046.77
1334.11	3044.33
1335.70	3043.63
1337.28	3043.98
1338.87	3045.37
1340.46	3045.02
1342.05	3045.02
1343.63	3040.84
1345.22	3045.02
1346.81	3043.28
1348.39	3043.98
1349.98	3039.10
1351.56	3037.35
1353.15	3033.86
1354.73	3025.14
1356.32	3019.21
1357.90	3017.82
1359.49	3018.17
1361.07	3017.47
1362.66	3012.94
1364.24	3014.33
1365.82	3015.73
1367.41	3013.98
1368.99	3006.31
1370.57	3002.47
1372.16	3001.77
1373.74	3004.22
1375.32	3003.17
1376.91	2997.59
1378.49	2989.57
1380.07	2978.75
1381.65	2968.99
1383.23	2965.15
1384.81	2961.66
1386.39	2962.71
1387.97	2958.17
1389.55	2957.82
1391.14	2952.59
1392.72	2949.45
1394.29	2943.87
1395.87	2938.29
1397.45	2935.85
1399.03	2932.71
1400.61	2930.97
1402.19	2923.99
1403.77	2922.94
1405.35	2919.81
1406.92	2921.55
1408.50	2917.36
1410.08	2913.53
1411.66	2907.60
1413.23	2904.11
1414.81	2899.23
1416.39	2901.67
1417.96	2899.58
1419.54	2904.81
1421.12	2904.81
1422.69	2903.41
1424.27	2904.46
1425.84	2899.92
1427.42	2899.23
1428.99	2897.83
1430.57	2896.09
1432.14	2896.44
1433.71	2900.62
1435.29	2906.20
1436.86	2907.95
1438.43	2900.27
1440.01	2834.70
1441.58	2834.00
1443.15	2839.23
1444.72	2900.27
1446.30	2905.16
1447.87	2902.02
1449.44	2902.02
1451.01	2900.62
1452.58	2904.46
1454.15	2903.76
1455.72	2898.88
1457.29	2899.58
1458.86	2900.62
1460.43	2907.95
1462.00	2905.85
1463.57	2911.09
1465.14	2905.16
1466.71	2903.41
1468.28	2900.62
1469.85	2903.76
1471.41	2904.46
1472.98	2909.69
1474.55	2907.25
1476.12	2906.20
1477.68	2905.16
1479.25	2905.50
1480.82	2911.09
1482.38	2906.20
1483.95	2907.95
1485.51	2912.13
1487.08	2918.76
1488.64	2923.64
1490.21	2915.97
1491.77	2916.32
1493.34	2909.69
1494.90	2911.78
1496.46	2913.88
1498.03	2919.11
1499.59	2921.20
1501.15	2919.46
1502.72	2918.76
1504.28	2918.06
1505.84	2915.62
1507.40	2919.81
1508.97	2923.99
1510.53	2931.32
1512.09	2936.90
1513.65	2938.99
1515.21	2936.55
1516.77	2933.76
1518.33	2931.32
1519.89	2930.97
1521.45	2929.57
1523.01	2935.15
1524.57	2937.94
1526.13	2940.04
1527.68	2940.38
1529.24	2940.38
1530.80	2942.48
1532.36	2937.59
1533.92	2932.01
1535.47	2926.08
1537.03	2929.92
1538.59	2933.76
1540.14	2930.27
1541.70	2932.36
1543.25	2936.55
1544.81	2947.01
1546.36	2942.48
1547.92	2943.18
1549.47	2941.78
1551.03	2939.69
1552.58	2936.55
1554.13	2937.59
1555.69	2943.18
1557.24	2942.13
1558.79	2938.29
1560.35	2938.29
1561.90	2938.29
1563.45	2940.04
1565.00	2934.46
1566.55	2933.06
1568.10	2928.18
1569.66	2933.76
1571.21	2937.59
1572.76	2941.78
1574.31	2939.34
1575.86	2934.80
1577.40	2934.11
1578.95	2934.11
1580.50	2932.01
1582.05	2929.22
1583.60	2923.64
1585.15	2925.39
1586.69	2929.92
1588.24	2938.64
1589.79	2937.59
1591.34	2936.55
1592.88	2926.78
1594.43	2930.97
1595.97	2929.57
1597.52	2934.46
1599.06	2931.32
1600.61	2931.66
1602.15	2928.18
1603.70	2925.39
1605.24	2920.85
1606.79	2917.71
1608.33	2918.41
1609.87	2921.20
1611.41	2924.69
1612.96	2921.20
1614.50	2916.67
1616.04	2917.36
1617.58	2921.20
1619.12	2923.64
1620.67	2915.27
1622.21	2916.67
1623.75	2910.74
1625.29	2912.13
1626.83	2907.95
1628.37	2905.16
1629.90	2902.02
1631.44	2897.48
1632.98	2894.34
1634.52	2892.25
1636.06	2895.39
1637.59	2895.04
1639.13	2893.65
1640.67	2884.93
1642.21	2882.83
1643.74	2870.97
1645.28	2857.02
1646.81	2850.39
1648.35	2843.07
1649.88	2840.98
1651.42	2827.72
1652.95	2830.16
1654.49	2822.14
1656.02	2818.65
1657.55	2805.05
1659.09	2805.75
1660.62	2800.17
1662.15	2802.26
1663.68	2792.49
1665.22	2790.40
1666.75	2783.77
1668.28	2789.70
1669.81	2787.96
1671.34	2789.35
1672.87	2784.82
1674.40	2780.29
1675.93	2774.36
1677.46	2766.68
1678.99	2767.38
1680.52	2772.26
1682.04	2772.96
1683.57	2774.01
1685.10	2768.78
1686.63	2769.82
1688.15	2763.19
1689.68	2759.01
1691.21	2753.43
1692.73	2756.22
1694.26	2757.61
1695.78	2758.66
1697.31	2753.08
1698.83	2752.03
1700.36	2746.45
1701.88	2750.29
1703.40	2746.45
1704.93	2748.54
1706.45	2744.71
