896.35	2924.69
897.98	2921.55
899.60	2928.53
901.22	2933.06
902.85	2936.90
904.47	2940.04
906.10	2943.52
907.72	2951.55
909.34	2953.99
910.97	2964.45
912.59	2970.73
914.21	2981.89
915.84	2995.84
917.46	3016.07
919.08	3029.68
920.71	3045.02
922.33	3051.65
923.95	3070.49
925.58	3074.32
927.20	3079.90
928.82	3083.74
930.44	3090.02
932.07	3090.37
933.69	3084.44
935.31	3087.58
936.93	3097.00
938.56	3101.53
940.18	3103.62
941.80	3105.37
943.42	3115.13
945.05	3114.78
946.67	3118.97
948.29	3109.20
949.91	3119.67
951.53	3121.06
953.16	3131.18
954.78	3123.50
956.40	3121.41
958.02	3117.58
959.64	3124.20
961.26	3122.46
962.88	3120.37
964.51	3119.67
966.13	3125.60
967.75	3128.04
969.37	3131.18
970.99	3127.34
972.61	3130.48
974.23	3124.55
975.85	3131.18
977.47	3129.43
979.09	3133.62
980.71	3130.83
982.33	3137.81
983.95	3141.64
985.57	3144.08
987.19	3146.18
988.81	3144.08
990.43	3142.69
992.05	3146.18
993.67	3150.01
995.29	3149.32
996.91	3148.97
998.53	3154.90
1000.15	3165.01
1001.77	3162.92
1003.39	3158.73
1005.01	3164.31
1006.63	3173.38
1008.25	3183.15
1009.86	3179.66
1011.48	3178.62
1013.10	3180.01
1014.72	3188.03
1016.34	3198.85
1017.96	3199.19
1019.58	3193.96
1021.19	3186.64
1022.81	3192.22
1024.43	3199.19
1026.05	3203.38
1027.66	3203.38
1029.28	3205.12
1030.90	3206.52
1032.52	3206.17
1034.13	3212.10
1035.75	3212.80
1037.37	3219.77
1038.98	3214.89
1040.60	3216.63
1042.22	3210.01
1043.83	3216.29
1045.45	3216.98
1047.07	3226.05
1048.68	3219.08
1050.30	3225.35
1051.92	3220.47
1053.53	3229.19
1055.15	3222.91
1056.76	3225.01
1058.38	3222.22
1059.99	3225.35
1061.61	3220.47
1063.22	3223.26
1064.84	3220.82
1066.46	3224.66
1068.07	3218.03
1069.68	3224.31
1071.30	3221.87
1072.91	3225.70
1074.53	3224.31
1076.14	3228.14
1077.76	3228.84
1079.37	3218.03
1080.98	3215.94
1082.60	3215.59
1084.21	3221.52
1085.83	3225.70
1087.44	3216.98
1089.05	3212.10
1090.67	3204.08
1092.28	3213.84
1093.89	3218.03
1095.50	3217.33
1097.12	3213.84
1098.73	3210.36
1100.34	3214.19
1101.95	3214.54
1103.57	3215.94
1105.18	3214.19
1106.79	3212.10
1108.40	3213.15
1110.01	3214.54
1111.63	3220.12
1113.24	3220.12
1114.85	3220.47
1116.46	3220.47
1118.07	3225.01
1119.68	3227.80
1121.29	3223.96
1122.90	3219.77
1124.51	3219.77
1126.12	3223.26
1127.73	3227.80
1129.34	3230.24
1130.95	3232.33
1132.56	3222.91
1134.17	3215.94
1135.78	3212.45
1137.39	3221.17
1139.00	3221.17
1140.61	3224.66
1142.22	3220.82
1143.83	3224.31
1145.44	3218.38
1147.05	3223.96
1148.65	3221.52
1150.26	3220.82
1151.87	3215.94
1153.48	3219.77
1155.09	3222.91
1156.69	3223.26
1158.30	3219.08
1159.91	3220.82
1161.52	3223.96
1163.12	3227.80
1164.73	3230.94
1166.34	3230.24
1167.94	3232.33
1169.55	3231.63
1171.16	3237.91
1172.76	3238.61
1174.37	3238.96
1175.97	3233.38
1177.58	3236.86
1179.19	3237.21
1180.79	3238.61
1182.40	3232.33
1184.00	3234.42
1185.61	3240.00
1187.21	3242.10
1188.82	3242.10
1190.42	3238.96
1192.02	3238.96
1193.63	3237.91
1195.23	3240.00
1196.84	3243.84
1198.44	3248.03
1200.04	3248.03
1201.65	3249.42
1203.25	3248.38
1204.85	3246.28
1206.46	3244.54
1208.06	3239.66
1209.66	3237.21
1211.26	3242.45
1212.87	3240.00
1214.47	3245.24
1216.07	3241.75
1217.67	3244.89
1219.27	3243.84
1220.87	3243.14
1222.48	3241.40
1224.08	3246.63
1225.68	3249.42
1227.28	3253.61
1228.88	3253.26
1230.48	3249.77
1232.08	3249.77
1233.68	3249.77
1235.28	3248.72
1236.88	3248.72
1238.48	3253.61
1240.08	3251.51
1241.68	3249.77
1243.28	3240.70
1244.87	3237.56
1246.47	3234.07
1248.07	3230.24
1249.67	3237.91
1251.27	3237.56
1252.87	3236.52
1254.46	3230.24
1256.06	3231.98
1257.66	3228.49
1259.26	3229.89
1260.85	3228.14
1262.45	3234.42
1264.05	3228.49
1265.64	3227.80
1267.24	3222.56
1268.83	3227.10
1270.43	3231.63
1272.03	3234.07
1273.62	3231.63
1275.22	3230.24
1276.81	3226.75
1278.41	3230.59
1280.00	3227.80
1281.60	3231.28
1283.19	3231.28
1284.79	3229.89
1286.38	3229.19
1287.97	3225.01
1289.57	3222.22
1291.16	3215.94
1292.75	3218.03
1294.35	3218.73
1295.94	3222.91
1297.53	3217.68
1299.12	3221.17
1300.72	3215.24
1302.31	3221.17
1303.90	3221.17
1305.49	3222.91
1307.08	3215.24
1308.68	3210.01
1310.27	3211.40
1311.86	3212.10
1313.45	3208.26
1315.04	3204.78
1316.63	3204.08
1318.22	3203.38
1319.81	3204.43
1321.40	3205.47
1322.99	3202.68
1324.58	3198.85
1326.17	3194.31
1327.75	3194.31
1329.34	3193.61
1330.93	3190.13
1332.52	3188.73
1334.11	3184.54
1335.70	3176.87
1337.28	3174.08
1338.87	3175.82
1340.46	3181.41
1342.05	3181.41
1343.63	3175.48
1345.22	3174.78
1346.81	3172.69
1348.39	3175.48
1349.98	3167.10
1351.56	3161.87
1353.15	3158.38
1354.73	3152.46
1356.32	3146.18
1357.90	3139.20
1359.49	3137.81
1361.07	3136.06
1362.66	3130.48
1364.24	3131.53
1365.82	3132.92
1367.41	3130.13
1368.99	3124.90
1370.57	3120.71
1372.16	3120.02
1373.74	3123.16
1375.32	3119.32
1376.91	3110.25
1378.49	3091.76
1380.07	3076.42
1381.65	3064.21
1383.23	3058.98
1384.81	3054.79
1386.39	3052.35
1387.97	3046.77
1389.55	3039.44
1391.14	3031.77
1392.72	3027.58
1394.29	3022.35
1395.87	3017.12
1397.45	3008.40
1399.03	3000.38
1400.61	2994.45
1402.19	2986.08
1403.77	2985.03
1405.35	2977.36
1406.92	2976.31
1408.50	2970.03
1410.08	2968.29
1411.66	2963.75
1413.23	2963.75
1414.81	2957.82
1416.39	2958.87
1417.96	2953.29
1419.54	2956.43
1421.12	2954.69
1422.69	2950.15
1424.27	2949.80
1425.84	2945.27
1427.42	2945.97
1428.99	2947.36
1430.57	2946.66
1432.14	2947.01
1433.71	2946.31
1435.29	2949.10
1436.86	2950.85
1438.43	2945.62
1440.01	2884.58
1441.58	2882.14
1443.15	2883.18
1444.72	2938.29
1446.30	2942.83
1447.87	2942.83
1449.44	2941.78
1451.01	2940.04
1452.58	2941.43
1454.15	2944.57
1455.72	2943.87
1457.29	2946.66
1458.86	2947.71
1460.43	2951.90
1462.00	2950.85
1463.57	2951.90
1465.14	2947.71
1466.71	2947.01
1468.28	2949.10
1469.85	2952.94
1471.41	2953.99
1472.98	2956.78
1474.55	2953.99
1476.12	2953.99
1477.68	2956.08
1479.25	2959.57
1480.82	2964.10
1482.38	2958.17
1483.95	2958.52
1485.51	2964.10
1487.08	2968.99
1488.64	2973.87
1490.21	2964.10
1491.77	2972.47
1493.34	2966.20
1494.90	2971.78
1496.46	2968.99
1498.03	2974.92
1499.59	2977.71
1501.15	2977.71
1502.72	2980.85
1504.28	2981.19
1505.84	2980.50
1507.40	2983.64
1508.97	2988.52
1510.53	2995.84
1512.09	2996.19
1513.65	2998.98
1515.21	2995.50
1516.77	2998.63
1518.33	2996.19
1519.89	2998.63
1521.45	2998.63
1523.01	3004.56
1524.57	3007.01
1526.13	3008.05
1527.68	3010.49
1529.24	3011.54
1530.80	3015.38
1532.36	3011.19
1533.92	3007.70
1535.47	3003.17
1537.03	3007.01
1538.59	3012.24
1540.14	3010.49
1541.70	3011.54
1543.25	3011.89
1544.81	3017.12
1546.36	3012.24
1547.92	3014.68
1549.47	3017.12
1551.03	3017.47
1552.58	3015.03
1554.13	3016.77
1555.69	3023.75
1557.24	3027.93
1558.79	3024.79
1560.35	3025.84
1561.90	3023.40
1563.45	3025.84
1565.00	3021.66
1566.55	3022.70
1568.10	3020.26
1569.66	3022.35
1571.21	3025.14
1572.76	3026.54
1574.31	3025.84
1575.86	3020.26
1577.40	3017.12
1578.95	3014.68
1580.50	3008.40
1582.05	3007.70
1583.60	3003.87
1585.15	3010.14
1586.69	3013.28
1588.24	3020.26
1589.79	3018.86
1591.34	3021.31
1592.88	3014.68
1594.43	3018.52
1595.97	3014.68
1597.52	3017.82
1599.06	3012.94
1600.61	3015.73
1602.15	3013.63
1603.70	3013.98
1605.24	3009.45
1606.79	3008.40
1608.33	3007.01
1609.87	3007.01
1611.41	3010.14
1612.96	3009.45
1614.50	3009.45
1616.04	3009.45
1617.58	3010.14
1619.12	3010.14
1620.67	2999.33
1622.21	3001.77
1623.75	2996.19
1625.29	3001.42
1626.83	3000.73
1628.37	2997.94
1629.90	2992.70
1631.44	2986.78
1632.98	2979.80
1634.52	2975.96
1636.06	2971.78
1637.59	2968.64
1639.13	2961.31
1640.67	2947.36
1642.21	2941.78
1643.74	2927.83
1645.28	2910.39
1646.81	2898.18
1648.35	2882.83
1649.88	2879.69
1651.42	2863.65
1652.95	2865.74
1654.49	2854.93
1656.02	2850.74
1657.55	2834.35
1659.09	2832.26
1660.62	2823.89
1662.15	2827.37
1663.68	2818.30
1665.22	2812.72
1666.75	2804.35
1668.28	2808.89
1669.81	2808.89
1671.34	2807.49
1672.87	2802.96
1674.40	2799.82
1675.93	2792.49
1677.46	2783.42
1678.99	2781.33
1680.52	2785.17
1682.04	2784.12
1683.57	2784.12
1685.10	2778.54
1686.63	2778.89
1688.15	2771.57
1689.68	2768.43
1691.21	2764.24
1692.73	2766.33
1694.26	2768.43
1695.78	2767.03
1697.31	2762.15
1698.83	2759.36
1700.36	2754.47
1701.88	2760.75
1703.40	2757.61
1704.93	2757.96
1706.45	2747.85
