896.35	2784.47
897.98	2779.24
899.60	2789.70
901.22	2793.89
902.85	2795.98
904.47	2797.03
906.10	2806.45
907.72	2797.03
909.34	2808.54
910.97	2812.72
912.59	2821.10
914.21	2821.10
915.84	2833.65
917.46	2859.81
919.08	2866.09
920.71	2864.00
922.33	2892.25
923.95	2892.25
925.58	2914.22
927.20	2890.16
928.82	2904.81
930.44	2905.85
932.07	2898.53
933.69	2879.69
935.31	2904.81
936.93	2901.67
938.56	2913.18
940.18	2910.04
941.80	2915.27
943.42	2914.22
945.05	2940.38
946.67	2905.85
948.29	2925.74
949.91	2914.22
951.53	2942.48
953.16	2929.92
954.78	2933.06
956.40	2915.27
958.02	2922.60
959.64	2921.55
961.26	2926.78
962.88	2922.60
964.51	2921.55
966.13	2932.01
967.75	2927.83
969.37	2913.18
970.99	2927.83
972.61	2918.41
974.23	2932.01
975.85	2925.74
977.47	2940.38
979.09	2922.60
980.71	2921.55
982.33	2919.46
983.95	2934.11
985.57	2941.43
987.19	2935.15
988.81	2938.29
990.43	2929.92
992.05	2921.55
993.67	2952.94
995.29	2930.97
996.91	2930.97
998.53	2948.76
1000.15	2948.76
1001.77	2943.52
1003.39	2950.85
1005.01	2942.48
1006.63	2968.64
1008.25	2957.13
1009.86	2968.64
1011.48	2957.13
1013.10	2963.41
1014.72	2961.31
1016.34	2969.68
1017.96	2972.82
1019.58	2964.45
1021.19	2956.08
1022.81	2966.54
1024.43	2965.50
1026.05	2972.82
1027.66	2980.15
1029.28	2984.33
1030.90	2969.68
1032.52	2958.17
1034.13	2971.78
1035.75	2995.84
1037.37	2973.87
1038.98	2993.75
1040.60	2981.19
1042.22	2969.68
1043.83	2965.50
1045.45	2985.38
1047.07	2974.92
1048.68	2992.70
1050.30	2979.10
1051.92	2993.75
1053.53	2971.78
1055.15	2982.24
1056.76	2980.15
1058.38	2989.57
1059.99	2985.38
1061.61	2984.33
1063.22	2965.50
1064.84	2988.52
1066.46	2970.73
1068.07	2975.96
1069.68	2979.10
1071.30	2995.84
1072.91	2980.15
1074.53	2980.15
1076.14	2983.29
1077.76	2981.19
1079.37	2977.01
1080.98	2962.36
1082.60	2968.64
1084.21	2981.19
1085.83	2970.73
1087.44	2983.29
1089.05	2964.45
1090.67	2973.87
1092.28	2956.08
1093.89	2971.78
1095.50	2958.17
1097.12	2964.45
1098.73	2965.50
1100.34	2953.99
1101.95	2963.41
1103.57	2963.41
1105.18	2943.52
1106.79	2956.08
1108.40	2965.50
1110.01	2962.36
1111.63	2965.50
1113.24	2979.10
1114.85	2968.64
1116.46	2960.27
1118.07	2962.36
1119.68	2960.27
1121.29	2967.59
1122.90	2965.50
1124.51	2956.08
1126.12	2967.59
1127.73	2968.64
1129.34	2978.06
1130.95	2963.41
1132.56	2966.54
1134.17	2941.43
1135.78	2961.31
1137.39	2962.36
1139.00	2949.80
1140.61	2953.99
1142.22	2961.31
1143.83	2953.99
1145.44	2953.99
1147.05	2958.17
1148.65	2964.45
1150.26	2950.85
1151.87	2956.08
1153.48	2947.71
1155.09	2959.22
1156.69	2947.71
1158.30	2948.76
1159.91	2943.52
1161.52	2958.17
1163.12	2949.80
1164.73	2950.85
1166.34	2955.03
1167.94	2960.27
1169.55	2948.76
1171.16	2957.13
1172.76	2952.94
1174.37	2960.27
1175.97	2949.80
1177.58	2936.20
1179.19	2955.03
1180.79	2948.76
1182.40	2946.66
1184.00	2942.48
1185.61	2952.94
1187.21	2951.90
1188.82	2944.57
1190.42	2956.08
1192.02	2938.29
1193.63	2932.01
1195.23	2943.52
1196.84	2944.57
1198.44	2946.66
1200.04	2950.85
1201.65	2940.38
1203.25	2952.94
1204.85	2952.94
1206.46	2937.25
1208.06	2935.15
1209.66	2944.57
1211.26	2936.20
1212.87	2963.41
1214.47	2935.15
1216.07	2937.25
1217.67	2933.06
1219.27	2929.92
1220.87	2934.11
1222.48	2930.97
1224.08	2923.64
1225.68	2937.25
1227.28	2938.29
1228.88	2938.29
1230.48	2937.25
1232.08	2921.55
1233.68	2938.29
1235.28	2941.43
1236.88	2916.32
1238.48	2919.46
1240.08	2942.48
1241.68	2919.46
1243.28	2921.55
1244.87	2923.64
1246.47	2912.13
1248.07	2914.22
1249.67	2907.95
1251.27	2936.20
1252.87	2916.32
1254.46	2910.04
1256.06	2911.09
1257.66	2919.46
1259.26	2902.71
1260.85	2921.55
1262.45	2906.90
1264.05	2916.32
1265.64	2901.67
1267.24	2912.13
1268.83	2905.85
1270.43	2901.67
1272.03	2922.60
1273.62	2921.55
1275.22	2902.71
1276.81	2914.22
1278.41	2897.48
1280.00	2901.67
1281.60	2900.62
1283.19	2898.53
1284.79	2894.34
1286.38	2892.25
1287.97	2905.85
1289.57	2899.58
1291.16	2892.25
1292.75	2888.06
1294.35	2893.30
1295.94	2894.34
1297.53	2894.34
1299.12	2888.06
1300.72	2893.30
1302.31	2876.55
1303.90	2904.81
1305.49	2901.67
1307.08	2872.37
1308.68	2879.69
1310.27	2888.06
1311.86	2884.93
1313.45	2875.51
1315.04	2880.74
1316.63	2880.74
1318.22	2884.93
1319.81	2864.00
1321.40	2869.23
1322.99	2876.55
1324.58	2862.95
1326.17	2866.09
1327.75	2866.09
1329.34	2861.90
1330.93	2856.67
1332.52	2847.26
1334.11	2851.44
1335.70	2852.49
1337.28	2847.26
1338.87	2848.30
1340.46	2852.49
1342.05	2840.98
1343.63	2839.93
1345.22	2836.79
1346.81	2857.72
1348.39	2850.39
1349.98	2842.02
1351.56	2834.70
1353.15	2832.61
1354.73	2838.88
1356.32	2831.56
1357.90	2816.91
1359.49	2830.51
1361.07	2824.23
1362.66	2824.23
1364.24	2825.28
1365.82	2832.61
1367.41	2827.37
1368.99	2819.00
1370.57	2811.68
1372.16	2826.33
1373.74	2819.00
1375.32	2820.05
1376.91	2814.82
1378.49	2797.03
1380.07	2785.52
1381.65	2795.98
1383.23	2782.38
1384.81	2783.42
1386.39	2777.15
1387.97	2787.61
1389.55	2776.10
1391.14	2766.68
1392.72	2764.59
1394.29	2765.64
1395.87	2765.64
1397.45	2753.08
1399.03	2760.40
1400.61	2767.73
1402.19	2745.75
1403.77	2745.75
1405.35	2770.87
1406.92	2761.45
1408.50	2756.22
1410.08	2756.22
1411.66	2744.71
1413.23	2749.94
1414.81	2755.17
1416.39	2731.10
1417.96	2741.57
1419.54	2741.57
1421.12	2743.66
1422.69	2756.22
1424.27	2742.62
1425.84	2752.03
1427.42	2740.52
1428.99	2749.94
1430.57	2744.71
1432.14	2752.03
1433.71	2747.85
1435.29	2759.36
1436.86	2748.89
1438.43	2747.85
1440.01	2741.57
1441.58	2625.42
1443.15	2752.03
1444.72	2754.13
1446.30	2739.48
1447.87	2752.03
1449.44	2735.29
1451.01	2733.20
1452.58	2744.71
1454.15	2742.62
1455.72	2732.15
1457.29	2732.15
1458.86	2752.03
1460.43	2739.48
1462.00	2761.45
1463.57	2757.26
1465.14	2746.80
1466.71	2745.75
1468.28	2737.38
1469.85	2744.71
1471.41	2742.62
1472.98	2739.48
1474.55	2749.94
1476.12	2737.38
1477.68	2739.48
1479.25	2752.03
1480.82	2742.62
1482.38	2746.80
1483.95	2731.10
1485.51	2742.62
1487.08	2753.08
1488.64	2759.36
1490.21	2752.03
1491.77	2729.01
1493.34	2748.89
1494.90	2738.43
1496.46	2741.57
1498.03	2746.80
1499.59	2749.94
1501.15	2749.94
1502.72	2754.13
1504.28	2747.85
1505.84	2730.06
1507.40	2738.43
1508.97	2759.36
1510.53	2753.08
1512.09	2749.94
1513.65	2757.26
1515.21	2753.08
1516.77	2738.43
1518.33	2750.99
1519.89	2755.17
1521.45	2754.13
1523.01	2748.89
1524.57	2745.75
1526.13	2744.71
1527.68	2752.03
1529.24	2762.50
1530.80	2747.85
1532.36	2757.26
1533.92	2749.94
1535.47	2735.29
1537.03	2741.57
1538.59	2748.89
1540.14	2745.75
1541.70	2744.71
1543.25	2757.26
1544.81	2753.08
1546.36	2746.80
1547.92	2737.38
1549.47	2743.66
1551.03	2749.94
1552.58	2739.48
1554.13	2741.57
1555.69	2748.89
1557.24	2740.52
1558.79	2746.80
1560.35	2737.38
1561.90	2735.29
1563.45	2725.87
1565.00	2746.80
1566.55	2739.48
1568.10	2738.43
1569.66	2733.20
1571.21	2743.66
1572.76	2739.48
1574.31	2737.38
1575.86	2733.20
1577.40	2724.83
1578.95	2723.78
1580.50	2736.34
1582.05	2727.97
1583.60	2720.64
1585.15	2713.32
1586.69	2716.45
1588.24	2733.20
1589.79	2732.15
1591.34	2711.22
1592.88	2725.87
1594.43	2714.36
1595.97	2727.97
1597.52	2723.78
1599.06	2721.69
1600.61	2704.94
1602.15	2736.34
1603.70	2722.73
1605.24	2730.06
1606.79	2718.55
1608.33	2700.76
1609.87	2708.08
1611.41	2712.27
1612.96	2711.22
1614.50	2709.13
1616.04	2715.41
1617.58	2719.59
1619.12	2716.45
1620.67	2707.04
1622.21	2689.25
1623.75	2709.13
1625.29	2701.81
1626.83	2695.53
1628.37	2715.41
1629.90	2698.67
1631.44	2700.76
1632.98	2709.13
1634.52	2686.11
1636.06	2691.34
1637.59	2702.85
1639.13	2697.62
1640.67	2696.57
1642.21	2686.11
1643.74	2695.53
1645.28	2682.97
1646.81	2680.88
1648.35	2687.16
1649.88	2667.27
1651.42	2675.65
1652.95	2667.27
1654.49	2694.48
1656.02	2668.32
1657.55	2673.55
1659.09	2651.58
1660.62	2674.60
1662.15	2666.23
1663.68	2668.32
1665.22	2661.00
1666.75	2663.09
1668.28	2652.62
1669.81	2674.60
1671.34	2666.23
1672.87	2670.41
1674.40	2678.78
1675.93	2664.13
1677.46	2648.44
1678.99	2650.53
1680.52	2653.67
1682.04	2665.18
1683.57	2650.53
1685.10	2658.90
1686.63	2648.44
1688.15	2646.35
1689.68	2639.02
1691.21	2647.39
1692.73	2647.39
1694.26	2651.58
1695.78	2642.16
1697.31	2648.44
1698.83	2637.97
1700.36	2641.11
1701.88	2634.84
1703.40	2643.21
1704.93	2629.60
1706.45	2637.97
