896.35	3148.62
897.98	3159.08
899.60	3160.13
901.22	3195.71
902.85	3184.20
904.47	3206.17
906.10	3209.31
907.72	3225.01
909.34	3232.33
910.97	3262.68
912.59	3283.60
914.21	3327.55
915.84	3363.13
917.46	3425.91
919.08	3444.75
920.71	3480.33
922.33	3506.49
923.95	3531.60
925.58	3548.34
927.20	3557.76
928.82	3557.76
930.44	3602.76
932.07	3581.83
933.69	3598.57
935.31	3598.57
936.93	3619.50
938.56	3606.94
940.18	3632.06
941.80	3615.31
943.42	3647.75
945.05	3652.98
946.67	3652.98
948.29	3647.75
949.91	3649.84
951.53	3657.17
953.16	3679.14
954.78	3648.80
956.40	3646.70
958.02	3639.38
959.64	3655.08
961.26	3649.84
962.88	3654.03
964.51	3631.01
966.13	3666.59
967.75	3659.26
969.37	3648.80
970.99	3639.38
972.61	3656.12
974.23	3646.70
975.85	3666.59
977.47	3654.03
979.09	3667.63
980.71	3649.84
982.33	3666.59
983.95	3660.31
985.57	3681.24
987.19	3659.26
988.81	3680.19
990.43	3668.68
992.05	3683.33
993.67	3691.70
995.29	3696.93
996.91	3674.96
998.53	3724.14
1000.15	3718.91
1001.77	3739.83
1003.39	3723.09
1005.01	3735.65
1006.63	3730.42
1008.25	3753.44
1009.86	3744.02
1011.48	3759.72
1013.10	3757.62
1014.72	3783.78
1016.34	3771.23
1017.96	3801.57
1019.58	3772.27
1021.19	3795.29
1022.81	3782.74
1024.43	3810.99
1026.05	3794.25
1027.66	3820.41
1029.28	3813.08
1030.90	3826.69
1032.52	3795.29
1034.13	3822.50
1035.75	3827.73
1037.37	3843.43
1038.98	3835.06
1040.60	3838.20
1042.22	3816.22
1043.83	3834.01
1045.45	3822.50
1047.07	3848.66
1048.68	3829.82
1050.30	3838.20
1051.92	3838.20
1053.53	3846.57
1055.15	3828.78
1056.76	3839.24
1058.38	3828.78
1059.99	3854.94
1061.61	3826.69
1063.22	3834.01
1064.84	3835.06
1066.46	3846.57
1068.07	3816.22
1069.68	3846.57
1071.30	3835.06
1072.91	3832.96
1074.53	3819.36
1076.14	3840.29
1077.76	3817.27
1079.37	3826.69
1080.98	3780.64
1082.60	3812.04
1084.21	3794.25
1085.83	3808.90
1087.44	3797.39
1089.05	3792.15
1090.67	3782.74
1092.28	3794.25
1093.89	3789.02
1095.50	3794.25
1097.12	3778.55
1098.73	3804.71
1100.34	3759.72
1101.95	3787.97
1103.57	3775.41
1105.18	3780.64
1106.79	3771.23
1108.40	3798.43
1110.01	3773.32
1111.63	3786.92
1113.24	3777.50
1114.85	3794.25
1116.46	3770.18
1118.07	3791.11
1119.68	3764.95
1121.29	3792.15
1122.90	3768.09
1124.51	3785.88
1126.12	3784.83
1127.73	3805.76
1129.34	3794.25
1130.95	3795.29
1132.56	3795.29
1134.17	3769.13
1135.78	3767.04
1137.39	3784.83
1139.00	3764.95
1140.61	3783.78
1142.22	3778.55
1143.83	3778.55
1145.44	3754.48
1147.05	3769.13
1148.65	3765.99
1150.26	3769.13
1151.87	3755.53
1153.48	3768.09
1155.09	3757.62
1156.69	3778.55
1158.30	3752.39
1159.91	3769.13
1161.52	3762.86
1163.12	3775.41
1164.73	3764.95
1166.34	3783.78
1167.94	3755.53
1169.55	3779.60
1171.16	3770.18
1172.76	3784.83
1174.37	3775.41
1175.97	3791.11
1177.58	3754.48
1179.19	3785.88
1180.79	3752.39
1182.40	3773.32
1184.00	3757.62
1185.61	3790.06
1187.21	3774.37
1188.82	3780.64
1190.42	3767.04
1192.02	3774.37
1193.63	3747.16
1195.23	3770.18
1196.84	3757.62
1198.44	3775.41
1200.04	3761.81
1201.65	3772.27
1203.25	3755.53
1204.85	3769.13
1206.46	3742.97
1208.06	3758.67
1209.66	3742.97
1211.26	3745.07
1212.87	3753.44
1214.47	3746.11
1216.07	3741.93
1217.67	3749.25
1219.27	3729.37
1220.87	3736.70
1222.48	3737.74
1224.08	3737.74
1225.68	3733.56
1227.28	3732.51
1228.88	3713.67
1230.48	3731.46
1232.08	3704.26
1233.68	3722.05
1235.28	3709.49
1236.88	3699.02
1238.48	3677.05
1240.08	3715.77
1241.68	3669.73
1243.28	3674.96
1244.87	3662.40
1246.47	3677.05
1248.07	3656.12
1249.67	3666.59
1251.27	3672.86
1252.87	3652.98
1254.46	3637.29
1256.06	3654.03
1257.66	3640.43
1259.26	3642.52
1260.85	3637.29
1262.45	3642.52
1264.05	3627.87
1265.64	3627.87
1267.24	3624.73
1268.83	3631.01
1270.43	3611.13
1272.03	3635.19
1273.62	3605.90
1275.22	3604.85
1276.81	3618.45
1278.41	3609.03
1280.00	3609.03
1281.60	3609.03
1283.19	3592.29
1284.79	3603.80
1286.38	3582.87
1287.97	3602.76
1289.57	3581.83
1291.16	3577.64
1292.75	3560.90
1294.35	3575.55
1295.94	3555.67
1297.53	3570.32
1299.12	3543.11
1300.72	3571.36
1302.31	3543.11
1303.90	3572.41
1305.49	3557.76
1307.08	3549.39
1308.68	3531.60
1310.27	3535.79
1311.86	3534.74
1313.45	3529.51
1315.04	3520.09
1316.63	3524.28
1318.22	3503.35
1319.81	3511.72
1321.40	3504.39
1322.99	3514.86
1324.58	3491.84
1326.17	3494.98
1327.75	3478.23
1329.34	3485.56
1330.93	3475.10
1332.52	3471.96
1334.11	3462.54
1335.70	3456.26
1337.28	3435.33
1338.87	3456.26
1340.46	3455.21
1342.05	3443.70
1343.63	3431.15
1345.22	3440.56
1346.81	3432.19
1348.39	3425.91
1349.98	3419.64
1351.56	3409.17
1353.15	3394.52
1354.73	3401.85
1356.32	3378.83
1357.90	3369.41
1359.49	3364.18
1361.07	3353.71
1362.66	3336.97
1364.24	3332.78
1365.82	3336.97
1367.41	3345.34
1368.99	3312.90
1370.57	3308.72
1372.16	3297.21
1373.74	3295.11
1375.32	3283.60
1376.91	3268.95
1378.49	3231.28
1380.07	3203.03
1381.65	3189.43
1383.23	3166.41
1384.81	3165.36
1386.39	3158.04
1387.97	3145.48
1389.55	3140.25
1391.14	3125.60
1392.72	3109.90
1394.29	3097.34
1395.87	3075.37
1397.45	3057.58
1399.03	3058.63
1400.61	3048.16
1402.19	3041.89
1403.77	3024.10
1405.35	3039.79
1406.92	3017.82
1408.50	3017.82
1410.08	3015.73
1411.66	3002.12
1413.23	3005.26
1414.81	3002.12
1416.39	2975.96
1417.96	2995.84
1419.54	2984.33
1421.12	2991.66
1422.69	2993.75
1424.27	2982.24
1425.84	2986.43
1427.42	2977.01
1428.99	2973.87
1430.57	2974.92
1432.14	2969.68
1433.71	2979.10
1435.29	2979.10
1436.86	2978.06
1438.43	2967.59
1440.01	2970.73
1441.58	2850.39
1443.15	2969.68
1444.72	2971.78
1446.30	2968.64
1447.87	2973.87
1449.44	2961.31
1451.01	2950.85
1452.58	2960.27
1454.15	2963.41
1455.72	2952.94
1457.29	2938.29
1458.86	2957.13
1460.43	2949.80
1462.00	2974.92
1463.57	2956.08
1465.14	2962.36
1466.71	2944.57
1468.28	2959.22
1469.85	2950.85
1471.41	2966.54
1472.98	2950.85
1474.55	2969.68
1476.12	2958.17
1477.68	2955.03
1479.25	2964.45
1480.82	2960.27
1482.38	2961.31
1483.95	2956.08
1485.51	2970.73
1487.08	2983.29
1488.64	2973.87
1490.21	2984.33
1491.77	2952.94
1493.34	2968.64
1494.90	2958.17
1496.46	2973.87
1498.03	2977.01
1499.59	2979.10
1501.15	2984.33
1502.72	2983.29
1504.28	2981.19
1505.84	2985.38
1507.40	2978.06
1508.97	2998.98
1510.53	2990.61
1512.09	2998.98
1513.65	3002.12
1515.21	3000.03
1516.77	2983.29
1518.33	3004.22
1519.89	2996.89
1521.45	2993.75
1523.01	2994.80
1524.57	3009.45
1526.13	2992.70
1527.68	2998.98
1529.24	3014.68
1530.80	3010.49
1532.36	3010.49
1533.92	3000.03
1535.47	2994.80
1537.03	2997.94
1538.59	3000.03
1540.14	2997.94
1541.70	2992.70
1543.25	3013.63
1544.81	2996.89
1546.36	3006.31
1547.92	3004.22
1549.47	3002.12
1551.03	2991.66
1552.58	2998.98
1554.13	2994.80
1555.69	3002.12
1557.24	2990.61
1558.79	2988.52
1560.35	2989.57
1561.90	2992.70
1563.45	2984.33
1565.00	3000.03
1566.55	2991.66
1568.10	2984.33
1569.66	2964.45
1571.21	2991.66
1572.76	2980.15
1574.31	2982.24
1575.86	2980.15
1577.40	2966.54
1578.95	2969.68
1580.50	2980.15
1582.05	2963.41
1583.60	2970.73
1585.15	2958.17
1586.69	2958.17
1588.24	2962.36
1589.79	2971.78
1591.34	2951.90
1592.88	2977.01
1594.43	2949.80
1595.97	2966.54
1597.52	2956.08
1599.06	2963.41
1600.61	2953.99
1602.15	2971.78
1603.70	2953.99
1605.24	2953.99
1606.79	2945.62
1608.33	2943.52
1609.87	2946.66
1611.41	2960.27
1612.96	2952.94
1614.50	2937.25
1616.04	2933.06
1617.58	2952.94
1619.12	2930.97
1620.67	2934.11
1622.21	2913.18
1623.75	2933.06
1625.29	2913.18
1626.83	2916.32
1628.37	2930.97
1629.90	2902.71
1631.44	2897.48
1632.98	2902.71
1634.52	2877.60
1636.06	2880.74
1637.59	2880.74
1639.13	2864.00
1640.67	2851.44
1642.21	2834.70
1643.74	2831.56
1645.28	2811.68
1646.81	2800.17
1648.35	2805.40
1649.88	2772.96
1651.42	2774.01
1652.95	2759.36
1654.49	2776.10
1656.02	2750.99
1657.55	2759.36
1659.09	2731.10
1660.62	2740.52
1662.15	2727.97
1663.68	2743.66
1665.22	2730.06
1666.75	2729.01
1668.28	2721.69
1669.81	2737.38
1671.34	2720.64
1672.87	2719.59
1674.40	2719.59
1675.93	2715.41
1677.46	2707.04
1678.99	2701.81
1680.52	2691.34
1682.04	2705.99
1683.57	2694.48
1685.10	2702.85
1686.63	2688.20
1688.15	2704.94
1689.68	2690.29
1691.21	2687.16
1692.73	2686.11
1694.26	2698.67
1695.78	2698.67
1697.31	2694.48
1698.83	2680.88
1700.36	2690.29
1701.88	2678.78
1703.40	2697.62
1704.93	2676.69
1706.45	2681.92
