896.35	2988.52
897.98	3008.40
899.60	3012.59
901.22	3024.10
902.85	3022.00
904.47	3041.89
906.10	3041.89
907.72	3048.16
909.34	3064.91
910.97	3081.65
912.59	3106.76
914.21	3137.11
915.84	3162.22
917.46	3203.03
919.08	3216.63
920.71	3232.33
922.33	3258.49
923.95	3267.91
925.58	3288.84
927.20	3289.88
928.82	3298.25
930.44	3326.51
932.07	3312.90
933.69	3313.95
935.31	3317.09
936.93	3327.55
938.56	3332.78
940.18	3351.62
941.80	3345.34
943.42	3361.04
945.05	3362.08
946.67	3351.62
948.29	3359.99
949.91	3358.94
951.53	3368.36
953.16	3368.36
954.78	3368.36
956.40	3349.53
958.02	3351.62
959.64	3359.99
961.26	3355.81
962.88	3363.13
964.51	3351.62
966.13	3376.73
967.75	3367.32
969.37	3358.94
970.99	3356.85
972.61	3355.81
974.23	3362.08
975.85	3369.41
977.47	3367.32
979.09	3365.22
980.71	3356.85
982.33	3363.13
983.95	3370.46
985.57	3389.29
987.19	3373.59
988.81	3392.43
990.43	3370.46
992.05	3377.78
993.67	3394.52
995.29	3393.48
996.91	3386.15
998.53	3409.17
1000.15	3406.03
1001.77	3424.87
1003.39	3419.64
1005.01	3420.68
1006.63	3431.15
1008.25	3437.42
1009.86	3446.84
1011.48	3446.84
1013.10	3438.47
1014.72	3449.98
1016.34	3445.80
1017.96	3466.72
1019.58	3447.89
1021.19	3458.35
1022.81	3459.40
1024.43	3476.14
1026.05	3476.14
1027.66	3485.56
1029.28	3478.23
1030.90	3492.88
1032.52	3470.91
1034.13	3486.61
1035.75	3490.79
1037.37	3498.12
1038.98	3499.16
1040.60	3494.98
1042.22	3485.56
1043.83	3499.16
1045.45	3493.93
1047.07	3497.07
1048.68	3496.02
1050.30	3494.98
1051.92	3505.44
1053.53	3504.39
1055.15	3500.21
1056.76	3498.12
1058.38	3503.35
1059.99	3510.67
1061.61	3502.30
1063.22	3500.21
1064.84	3504.39
1066.46	3508.58
1068.07	3486.61
1069.68	3491.84
1071.30	3502.30
1072.91	3497.07
1074.53	3479.28
1076.14	3500.21
1077.76	3478.23
1079.37	3487.65
1080.98	3459.40
1082.60	3479.28
1084.21	3480.33
1085.83	3476.14
1087.44	3475.10
1089.05	3463.58
1090.67	3459.40
1092.28	3461.49
1093.89	3475.10
1095.50	3467.77
1097.12	3464.63
1098.73	3477.19
1100.34	3451.03
1101.95	3463.58
1103.57	3458.35
1105.18	3448.94
1106.79	3446.84
1108.40	3459.40
1110.01	3449.98
1111.63	3461.49
1113.24	3464.63
1114.85	3458.35
1116.46	3454.17
1118.07	3468.82
1119.68	3445.80
1121.29	3458.35
1122.90	3447.89
1124.51	3453.12
1126.12	3455.21
1127.73	3464.63
1129.34	3469.86
1130.95	3474.05
1132.56	3462.54
1134.17	3445.80
1135.78	3452.07
1137.39	3463.58
1139.00	3444.75
1140.61	3443.70
1142.22	3453.12
1143.83	3453.12
1145.44	3455.21
1147.05	3448.94
1148.65	3446.84
1150.26	3437.42
1151.87	3434.29
1153.48	3443.70
1155.09	3453.12
1156.69	3445.80
1158.30	3429.05
1159.91	3431.15
1161.52	3443.70
1163.12	3445.80
1164.73	3433.24
1166.34	3445.80
1167.94	3440.56
1169.55	3452.07
1171.16	3459.40
1172.76	3458.35
1174.37	3444.75
1175.97	3462.54
1177.58	3439.52
1179.19	3460.45
1180.79	3444.75
1182.40	3452.07
1184.00	3442.66
1185.61	3464.63
1187.21	3454.17
1188.82	3448.94
1190.42	3441.61
1192.02	3445.80
1193.63	3439.52
1195.23	3457.31
1196.84	3449.98
1198.44	3443.70
1200.04	3446.84
1201.65	3445.80
1203.25	3447.89
1204.85	3456.26
1206.46	3435.33
1208.06	3447.89
1209.66	3430.10
1211.26	3430.10
1212.87	3440.56
1214.47	3430.10
1216.07	3430.10
1217.67	3424.87
1219.27	3417.54
1220.87	3430.10
1222.48	3418.59
1224.08	3415.45
1225.68	3408.13
1227.28	3413.36
1228.88	3404.99
1230.48	3418.59
1232.08	3394.52
1233.68	3407.08
1235.28	3416.50
1236.88	3397.66
1238.48	3392.43
1240.08	3424.87
1241.68	3390.34
1243.28	3396.62
1244.87	3381.97
1246.47	3380.92
1248.07	3369.41
1249.67	3385.10
1251.27	3377.78
1252.87	3366.27
1254.46	3346.39
1256.06	3358.94
1257.66	3357.90
1259.26	3344.30
1260.85	3354.76
1262.45	3346.39
1264.05	3355.81
1265.64	3353.71
1267.24	3351.62
1268.83	3354.76
1270.43	3347.43
1272.03	3358.94
1273.62	3339.06
1275.22	3332.78
1276.81	3343.25
1278.41	3342.20
1280.00	3336.97
1281.60	3332.78
1283.19	3319.18
1284.79	3327.55
1286.38	3315.00
1287.97	3324.41
1289.57	3306.62
1291.16	3315.00
1292.75	3315.00
1294.35	3317.09
1295.94	3299.30
1297.53	3320.23
1299.12	3300.35
1300.72	3313.95
1302.31	3276.28
1303.90	3300.35
1305.49	3298.25
1307.08	3289.88
1308.68	3272.09
1310.27	3281.51
1311.86	3288.84
1313.45	3279.42
1315.04	3267.91
1316.63	3275.23
1318.22	3270.00
1319.81	3267.91
1321.40	3266.86
1322.99	3276.28
1324.58	3244.89
1326.17	3257.44
1327.75	3249.07
1329.34	3249.07
1330.93	3244.89
1332.52	3232.33
1334.11	3229.19
1335.70	3231.28
1337.28	3215.59
1338.87	3218.73
1340.46	3207.22
1342.05	3207.22
1343.63	3208.26
1345.22	3206.17
1346.81	3204.08
1348.39	3196.75
1349.98	3192.57
1351.56	3181.06
1353.15	3176.87
1354.73	3181.06
1356.32	3155.94
1357.90	3152.80
1359.49	3160.13
1361.07	3143.39
1362.66	3144.43
1364.24	3147.57
1365.82	3143.39
1367.41	3141.29
1368.99	3122.46
1370.57	3114.09
1372.16	3118.27
1373.74	3115.13
1375.32	3102.58
1376.91	3091.07
1378.49	3067.00
1380.07	3043.98
1381.65	3037.70
1383.23	3018.86
1384.81	3014.68
1386.39	3009.45
1387.97	3011.54
1389.55	2996.89
1391.14	2984.33
1392.72	2970.73
1394.29	2963.41
1395.87	2963.41
1397.45	2960.27
1399.03	2946.66
1400.61	2936.20
1402.19	2928.87
1403.77	2922.60
1405.35	2937.25
1406.92	2918.41
1408.50	2917.36
1410.08	2917.36
1411.66	2899.58
1413.23	2904.81
1414.81	2910.04
1416.39	2885.97
1417.96	2892.25
1419.54	2885.97
1421.12	2890.16
1422.69	2904.81
1424.27	2885.97
1425.84	2891.20
1427.42	2879.69
1428.99	2878.65
1430.57	2881.79
1432.14	2870.28
1433.71	2875.51
1435.29	2884.93
1436.86	2876.55
1438.43	2874.46
1440.01	2872.37
1441.58	2743.66
1443.15	2871.32
1444.72	2877.60
1446.30	2874.46
1447.87	2884.93
1449.44	2871.32
1451.01	2872.37
1452.58	2876.55
1454.15	2871.32
1455.72	2867.14
1457.29	2866.09
1458.86	2879.69
1460.43	2858.77
1462.00	2880.74
1463.57	2872.37
1465.14	2876.55
1466.71	2868.18
1468.28	2873.42
1469.85	2868.18
1471.41	2875.51
1472.98	2865.04
1474.55	2879.69
1476.12	2868.18
1477.68	2862.95
1479.25	2876.55
1480.82	2882.83
1482.38	2882.83
1483.95	2870.28
1485.51	2885.97
1487.08	2890.16
1488.64	2883.88
1490.21	2890.16
1491.77	2876.55
1493.34	2895.39
1494.90	2874.46
1496.46	2877.60
1498.03	2879.69
1499.59	2889.11
1501.15	2889.11
1502.72	2888.06
1504.28	2889.11
1505.84	2885.97
1507.40	2884.93
1508.97	2902.71
1510.53	2900.62
1512.09	2903.76
1513.65	2907.95
1515.21	2901.67
1516.77	2883.88
1518.33	2905.85
1519.89	2896.44
1521.45	2897.48
1523.01	2902.71
1524.57	2901.67
1526.13	2903.76
1527.68	2914.22
1529.24	2917.36
1530.80	2905.85
1532.36	2914.22
1533.92	2906.90
1535.47	2891.20
1537.03	2905.85
1538.59	2910.04
1540.14	2906.90
1541.70	2899.58
1543.25	2919.46
1544.81	2905.85
1546.36	2914.22
1547.92	2896.44
1549.47	2903.76
1551.03	2900.62
1552.58	2896.44
1554.13	2895.39
1555.69	2904.81
1557.24	2896.44
1558.79	2902.71
1560.35	2899.58
1561.90	2911.09
1563.45	2894.34
1565.00	2900.62
1566.55	2888.06
1568.10	2892.25
1569.66	2880.74
1571.21	2894.34
1572.76	2889.11
1574.31	2895.39
1575.86	2890.16
1577.40	2876.55
1578.95	2877.60
1580.50	2879.69
1582.05	2872.37
1583.60	2872.37
1585.15	2862.95
1586.69	2873.42
1588.24	2885.97
1589.79	2887.02
1591.34	2868.18
1592.88	2887.02
1594.43	2866.09
1595.97	2870.28
1597.52	2878.65
1599.06	2865.04
1600.61	2865.04
1602.15	2884.93
1603.70	2869.23
1605.24	2869.23
1606.79	2865.04
1608.33	2849.35
1609.87	2848.30
1611.41	2855.63
1612.96	2858.77
1614.50	2845.16
1616.04	2850.39
1617.58	2855.63
1619.12	2846.21
1620.67	2855.63
1622.21	2827.37
1623.75	2856.67
1625.29	2838.88
1626.83	2836.79
1628.37	2848.30
1629.90	2825.28
1631.44	2815.86
1632.98	2822.14
1634.52	2803.31
1636.06	2811.68
1637.59	2814.82
1639.13	2800.17
1640.67	2797.03
1642.21	2779.24
1643.74	2772.96
1645.28	2766.68
1646.81	2757.26
1648.35	2758.31
1649.88	2738.43
1651.42	2736.34
1652.95	2718.55
1654.49	2739.48
1656.02	2721.69
1657.55	2722.73
1659.09	2704.94
1660.62	2709.13
1662.15	2710.18
1663.68	2708.08
1665.22	2698.67
1666.75	2702.85
1668.28	2698.67
1669.81	2714.36
1671.34	2695.53
1672.87	2700.76
1674.40	2699.71
1675.93	2692.39
1677.46	2680.88
1678.99	2678.78
1680.52	2679.83
1682.04	2690.29
1683.57	2674.60
1685.10	2678.78
1686.63	2672.51
1688.15	2684.02
1689.68	2675.65
1691.21	2674.60
1692.73	2672.51
1694.26	2681.92
1695.78	2670.41
1697.31	2676.69
1698.83	2670.41
1700.36	2673.55
1701.88	2653.67
1703.40	2671.46
1704.93	2665.18
1706.45	2666.23
