896.35	3264.77
897.98	3275.23
899.60	3282.56
901.22	3312.90
902.85	3300.35
904.47	3332.78
906.10	3336.97
907.72	3352.67
909.34	3365.22
910.97	3397.66
912.59	3434.29
914.21	3491.84
915.84	3525.32
917.46	3607.99
919.08	3641.47
920.71	3687.51
922.33	3697.98
923.95	3740.88
925.58	3753.44
927.20	3770.18
928.82	3772.27
930.44	3817.27
932.07	3805.76
933.69	3830.87
935.31	3829.82
936.93	3853.89
938.56	3852.85
940.18	3871.68
941.80	3857.03
943.42	3889.47
945.05	3887.38
946.67	3891.56
948.29	3885.28
949.91	3900.98
951.53	3898.89
953.16	3914.58
954.78	3892.61
956.40	3906.21
958.02	3893.66
959.64	3917.72
961.26	3900.98
962.88	3920.86
964.51	3885.28
966.13	3926.09
967.75	3904.12
969.37	3915.63
970.99	3902.03
972.61	3911.44
974.23	3902.03
975.85	3929.23
977.47	3924.00
979.09	3933.42
980.71	3912.49
982.33	3938.65
983.95	3921.91
985.57	3951.21
987.19	3921.91
988.81	3953.30
990.43	3930.28
992.05	3953.30
993.67	3949.11
995.29	3974.23
996.91	3952.25
998.53	4001.43
1000.15	3982.60
1001.77	4015.04
1003.39	4001.43
1005.01	4026.55
1006.63	4018.18
1008.25	4038.06
1009.86	4034.92
1011.48	4050.62
1013.10	4031.78
1014.72	4069.45
1016.34	4066.31
1017.96	4105.03
1019.58	4077.82
1021.19	4090.38
1022.81	4085.15
1024.43	4116.54
1026.05	4097.70
1027.66	4129.10
1029.28	4107.12
1030.90	4130.14
1032.52	4103.98
1034.13	4145.84
1035.75	4134.33
1037.37	4157.35
1038.98	4147.93
1040.60	4160.49
1042.22	4125.96
1043.83	4157.35
1045.45	4139.56
1047.07	4164.67
1048.68	4153.16
1050.30	4156.30
1051.92	4144.79
1053.53	4157.35
1055.15	4151.07
1056.76	4168.86
1058.38	4145.84
1059.99	4174.09
1061.61	4134.33
1063.22	4155.26
1064.84	4138.51
1066.46	4153.16
1068.07	4131.19
1069.68	4162.58
1071.30	4145.84
1072.91	4147.93
1074.53	4121.77
1076.14	4160.49
1077.76	4125.96
1079.37	4143.74
1080.98	4096.66
1082.60	4128.05
1084.21	4119.68
1085.83	4125.96
1087.44	4111.31
1089.05	4117.58
1090.67	4086.19
1092.28	4115.49
1093.89	4114.45
1095.50	4128.05
1097.12	4103.98
1098.73	4124.91
1100.34	4076.78
1101.95	4109.21
1103.57	4089.33
1105.18	4101.89
1106.79	4084.10
1108.40	4103.98
1110.01	4091.42
1111.63	4109.21
1113.24	4099.80
1114.85	4108.17
1116.46	4098.75
1118.07	4132.23
1119.68	4098.75
1121.29	4122.82
1122.90	4093.52
1124.51	4112.35
1126.12	4110.26
1127.73	4137.47
1129.34	4121.77
1130.95	4138.51
1132.56	4130.14
1134.17	4132.23
1135.78	4120.72
1137.39	4156.30
1139.00	4136.42
1140.61	4160.49
1142.22	4143.74
1143.83	4145.84
1145.44	4146.88
1147.05	4175.14
1148.65	4165.72
1150.26	4168.86
1151.87	4155.26
1153.48	4181.42
1155.09	4178.28
1156.69	4195.02
1158.30	4167.81
1159.91	4191.88
1161.52	4193.97
1163.12	4208.62
1164.73	4189.79
1166.34	4216.99
1167.94	4188.74
1169.55	4224.32
1171.16	4215.95
1172.76	4236.87
1174.37	4203.39
1175.97	4240.01
1177.58	4193.97
1179.19	4225.36
1180.79	4196.06
1182.40	4216.99
1184.00	4199.20
1185.61	4234.78
1187.21	4219.09
1188.82	4223.27
1190.42	4215.95
1192.02	4225.36
1193.63	4206.53
1195.23	4237.92
1196.84	4210.71
1198.44	4231.64
1200.04	4212.81
1201.65	4234.78
1203.25	4210.71
1204.85	4237.92
1206.46	4197.11
1208.06	4215.95
1209.66	4187.69
1211.26	4205.48
1212.87	4207.58
1214.47	4221.18
1216.07	4205.48
1217.67	4213.85
1219.27	4185.60
1220.87	4193.97
1222.48	4175.14
1224.08	4179.32
1225.68	4170.95
1227.28	4184.55
1228.88	4162.58
1230.48	4182.46
1232.08	4139.56
1233.68	4166.77
1235.28	4155.26
1236.88	4157.35
1238.48	4129.10
1240.08	4168.86
1241.68	4114.45
1243.28	4125.96
1244.87	4086.19
1246.47	4105.03
1248.07	4077.82
1249.67	4094.56
1251.27	4087.24
1252.87	4075.73
1254.46	4048.52
1256.06	4055.85
1257.66	4040.15
1259.26	4050.62
1260.85	4046.43
1262.45	4060.03
1264.05	4046.43
1265.64	4060.03
1267.24	4044.34
1268.83	4054.80
1270.43	4033.87
1272.03	4063.17
1273.62	4027.59
1275.22	4035.97
1276.81	4035.97
1278.41	4046.43
1280.00	4018.18
1281.60	4021.32
1283.19	4002.48
1284.79	4034.92
1286.38	4012.94
1287.97	4031.78
1289.57	4004.57
1291.16	4006.67
1292.75	3984.69
1294.35	4000.39
1295.94	3981.55
1297.53	3997.25
1299.12	3975.27
1300.72	4011.90
1302.31	3964.81
1303.90	4009.81
1305.49	3993.06
1307.08	3982.60
1308.68	3955.39
1310.27	3982.60
1311.86	3962.72
1313.45	3961.67
1315.04	3954.35
1316.63	3969.00
1318.22	3964.81
1319.81	3974.23
1321.40	3953.30
1322.99	3964.81
1324.58	3932.37
1326.17	3957.49
1327.75	3939.70
1329.34	3957.49
1330.93	3940.74
1332.52	3935.51
1334.11	3926.09
1335.70	3952.25
1337.28	3928.19
1338.87	3934.46
1340.46	3922.95
1342.05	3931.33
1343.63	3915.63
1345.22	3922.95
1346.81	3907.26
1348.39	3912.49
1349.98	3902.03
1351.56	3900.98
1353.15	3871.68
1354.73	3874.82
1356.32	3835.06
1357.90	3853.89
1359.49	3832.96
1361.07	3809.94
1362.66	3785.88
1364.24	3815.18
1365.82	3805.76
1367.41	3819.36
1368.99	3781.69
1370.57	3782.74
1372.16	3784.83
1373.74	3814.13
1375.32	3787.97
1376.91	3758.67
1378.49	3703.21
1380.07	3678.10
1381.65	3642.52
1383.23	3635.19
1384.81	3644.61
1386.39	3667.63
1387.97	3657.17
1389.55	3679.14
1391.14	3671.82
1392.72	3663.45
1394.29	3666.59
1395.87	3658.22
1397.45	3669.73
1399.03	3691.70
1400.61	3660.31
1402.19	3695.89
1403.77	3678.10
1405.35	3702.16
1406.92	3687.51
1408.50	3706.35
1410.08	3702.16
1411.66	3722.05
1413.23	3708.44
1414.81	3734.60
1416.39	3717.86
1417.96	3745.07
1419.54	3727.28
1421.12	3747.16
1422.69	3734.60
1424.27	3738.79
1425.84	3742.97
1427.42	3746.11
1428.99	3735.65
1430.57	3754.48
1432.14	3725.18
1433.71	3733.56
1435.29	3730.42
1436.86	3734.60
1438.43	3718.91
1440.01	3728.32
1441.58	3588.11
1443.15	3723.09
1444.72	3714.72
1446.30	3707.40
1447.87	3699.02
1449.44	3696.93
1451.01	3667.63
1452.58	3702.16
1454.15	3679.14
1455.72	3674.96
1457.29	3649.84
1458.86	3667.63
1460.43	3644.61
1462.00	3684.38
1463.57	3655.08
1465.14	3658.22
1466.71	3624.73
1468.28	3639.38
1469.85	3616.36
1471.41	3631.01
1472.98	3601.71
1474.55	3622.64
1476.12	3584.97
1477.68	3591.25
1479.25	3582.87
1480.82	3583.92
1482.38	3571.36
1483.95	3568.22
1485.51	3566.13
1487.08	3591.25
1488.64	3569.27
1490.21	3582.87
1491.77	3550.44
1493.34	3578.69
1494.90	3559.85
1496.46	3553.58
1498.03	3532.65
1499.59	3548.34
1501.15	3529.51
1502.72	3530.55
1504.28	3515.90
1505.84	3523.23
1507.40	3507.53
1508.97	3533.69
1510.53	3508.58
1512.09	3527.42
1513.65	3507.53
1515.21	3508.58
1516.77	3492.88
1518.33	3520.09
1519.89	3494.98
1521.45	3494.98
1523.01	3489.74
1524.57	3499.16
1526.13	3484.51
1527.68	3491.84
1529.24	3485.56
1530.80	3481.37
1532.36	3470.91
1533.92	3460.45
1535.47	3434.29
1537.03	3449.98
1538.59	3443.70
1540.14	3456.26
1541.70	3430.10
1543.25	3453.12
1544.81	3439.52
1546.36	3439.52
1547.92	3411.26
1549.47	3431.15
1551.03	3412.31
1552.58	3410.22
1554.13	3392.43
1555.69	3401.85
1557.24	3386.15
1558.79	3391.38
1560.35	3389.29
1561.90	3390.34
1563.45	3368.36
1565.00	3376.73
1566.55	3348.48
1568.10	3341.16
1569.66	3329.65
1571.21	3347.43
1572.76	3334.88
1574.31	3345.34
1575.86	3323.37
1577.40	3323.37
1578.95	3317.09
1580.50	3316.04
1582.05	3293.02
1583.60	3306.62
1585.15	3283.60
1586.69	3294.07
1588.24	3291.98
1589.79	3297.21
1591.34	3264.77
1592.88	3293.02
1594.43	3263.72
1595.97	3275.23
1597.52	3261.63
1599.06	3272.09
1600.61	3254.30
1602.15	3270.00
1603.70	3250.12
1605.24	3257.44
1606.79	3249.07
1608.33	3243.84
1609.87	3237.56
1611.41	3250.12
1612.96	3231.28
1614.50	3227.10
1616.04	3220.82
1617.58	3227.10
1619.12	3206.17
1620.67	3218.73
1622.21	3190.47
1623.75	3209.31
1625.29	3180.01
1626.83	3176.87
1628.37	3170.59
1629.90	3156.99
1631.44	3147.57
1632.98	3140.25
1634.52	3102.58
1636.06	3095.25
1637.59	3077.46
1639.13	3046.07
1640.67	3022.00
1642.21	2989.57
1643.74	2963.41
1645.28	2933.06
1646.81	2912.13
1648.35	2906.90
1649.88	2864.00
1651.42	2858.77
1652.95	2836.79
1654.49	2849.35
1656.02	2817.96
1657.55	2820.05
1659.09	2784.47
1660.62	2795.98
1662.15	2779.24
1663.68	2788.66
1665.22	2775.05
1666.75	2769.82
1668.28	2758.31
1669.81	2777.15
1671.34	2757.26
1672.87	2756.22
1674.40	2756.22
1675.93	2745.75
1677.46	2736.34
1678.99	2727.97
1680.52	2725.87
1682.04	2735.29
1683.57	2725.87
1685.10	2733.20
1686.63	2718.55
1688.15	2715.41
1689.68	2705.99
1691.21	2704.94
1692.73	2705.99
1694.26	2717.50
1695.78	2702.85
1697.31	2704.94
1698.83	2703.90
1700.36	2718.55
1701.88	2697.62
1703.40	2717.50
1704.93	2703.90
1706.45	2704.94
