896.35	3309.76
897.98	3332.78
899.60	3336.97
901.22	3365.22
902.85	3340.11
904.47	3371.50
906.10	3378.83
907.72	3407.08
909.34	3408.13
910.97	3448.94
912.59	3475.10
914.21	3549.39
915.84	3584.97
917.46	3658.22
919.08	3696.93
920.71	3740.88
922.33	3764.95
923.95	3804.71
925.58	3814.13
927.20	3840.29
928.82	3839.24
930.44	3890.52
932.07	3871.68
933.69	3896.79
935.31	3890.52
936.93	3928.19
938.56	3918.77
940.18	3943.88
941.80	3926.09
943.42	3971.09
945.05	3960.62
946.67	3975.27
948.29	3959.58
949.91	3979.46
951.53	3970.04
953.16	4002.48
954.78	3981.55
956.40	3989.92
958.02	3979.46
959.64	3990.97
961.26	3962.72
962.88	3987.83
964.51	3961.67
966.13	4006.67
967.75	3986.78
969.37	3989.92
970.99	3966.90
972.61	3986.78
974.23	3966.90
975.85	3995.16
977.47	3977.37
979.09	4008.76
980.71	3983.65
982.33	4011.90
983.95	3990.97
985.57	4025.50
987.19	4000.39
988.81	4032.83
990.43	4008.76
992.05	4034.92
993.67	4032.83
995.29	4051.66
996.91	4012.94
998.53	4068.40
1000.15	4051.66
1001.77	4080.96
1003.39	4072.59
1005.01	4096.66
1006.63	4087.24
1008.25	4121.77
1009.86	4107.12
1011.48	4129.10
1013.10	4121.77
1014.72	4151.07
1016.34	4138.51
1017.96	4176.18
1019.58	4140.61
1021.19	4164.67
1022.81	4151.07
1024.43	4190.83
1026.05	4173.04
1027.66	4207.58
1029.28	4186.65
1030.90	4211.76
1032.52	4181.42
1034.13	4227.46
1035.75	4223.27
1037.37	4228.50
1038.98	4212.81
1040.60	4241.06
1042.22	4201.30
1043.83	4228.50
1045.45	4219.09
1047.07	4243.15
1048.68	4223.27
1050.30	4235.83
1051.92	4231.64
1053.53	4255.71
1055.15	4228.50
1056.76	4249.43
1058.38	4226.41
1059.99	4253.62
1061.61	4207.58
1063.22	4238.97
1064.84	4228.50
1066.46	4244.20
1068.07	4215.95
1069.68	4237.92
1071.30	4218.04
1072.91	4221.18
1074.53	4201.30
1076.14	4237.92
1077.76	4203.39
1079.37	4220.13
1080.98	4160.49
1082.60	4199.20
1084.21	4188.74
1085.83	4202.34
1087.44	4190.83
1089.05	4199.20
1090.67	4167.81
1092.28	4187.69
1093.89	4180.37
1095.50	4196.06
1097.12	4170.95
1098.73	4197.11
1100.34	4145.84
1101.95	4182.46
1103.57	4163.63
1105.18	4175.14
1106.79	4148.98
1108.40	4182.46
1110.01	4168.86
1111.63	4199.20
1113.24	4187.69
1114.85	4202.34
1116.46	4168.86
1118.07	4201.30
1119.68	4158.39
1121.29	4189.79
1122.90	4168.86
1124.51	4193.97
1126.12	4185.60
1127.73	4209.67
1129.34	4191.88
1130.95	4226.41
1132.56	4208.62
1134.17	4207.58
1135.78	4202.34
1137.39	4241.06
1139.00	4215.95
1140.61	4244.20
1142.22	4232.69
1143.83	4244.20
1145.44	4226.41
1147.05	4250.48
1148.65	4237.92
1150.26	4251.52
1151.87	4231.64
1153.48	4255.71
1155.09	4247.34
1156.69	4277.68
1158.30	4241.06
1159.91	4271.41
1161.52	4266.17
1163.12	4288.15
1164.73	4259.90
1166.34	4301.75
1167.94	4270.36
1169.55	4299.66
1171.16	4280.82
1172.76	4312.22
1174.37	4286.06
1175.97	4315.35
1177.58	4269.31
1179.19	4319.54
1180.79	4289.19
1182.40	4313.26
1184.00	4275.59
1185.61	4316.40
1187.21	4295.47
1188.82	4315.35
1190.42	4293.38
1192.02	4308.03
1193.63	4281.87
1195.23	4313.26
1196.84	4287.10
1198.44	4322.68
1200.04	4290.24
1201.65	4308.03
1203.25	4276.64
1204.85	4304.89
1206.46	4260.94
1208.06	4288.15
1209.66	4254.66
1211.26	4280.82
1212.87	4275.59
1214.47	4265.13
1216.07	4255.71
1217.67	4288.15
1219.27	4249.43
1220.87	4272.45
1222.48	4254.66
1224.08	4254.66
1225.68	4233.74
1227.28	4249.43
1228.88	4222.22
1230.48	4237.92
1232.08	4210.71
1233.68	4243.15
1235.28	4226.41
1236.88	4230.60
1238.48	4196.06
1240.08	4228.50
1241.68	4182.46
1243.28	4192.93
1244.87	4159.44
1246.47	4173.04
1248.07	4140.61
1249.67	4157.35
1251.27	4148.98
1252.87	4138.51
1254.46	4121.77
1256.06	4130.14
1257.66	4119.68
1259.26	4127.00
1260.85	4123.86
1262.45	4129.10
1264.05	4111.31
1265.64	4121.77
1267.24	4113.40
1268.83	4125.96
1270.43	4100.84
1272.03	4129.10
1273.62	4089.33
1275.22	4090.38
1276.81	4091.42
1278.41	4102.94
1280.00	4083.05
1281.60	4094.56
1283.19	4066.31
1284.79	4096.66
1286.38	4070.50
1287.97	4088.29
1289.57	4065.26
1291.16	4074.68
1292.75	4039.10
1294.35	4057.94
1295.94	4048.52
1297.53	4070.50
1299.12	4039.10
1300.72	4066.31
1302.31	4031.78
1303.90	4067.36
1305.49	4031.78
1307.08	4039.10
1308.68	4019.22
1310.27	4042.24
1311.86	4025.50
1313.45	4038.06
1315.04	4018.18
1316.63	4040.15
1318.22	4011.90
1319.81	4022.36
1321.40	4009.81
1322.99	4026.55
1324.58	3997.25
1326.17	4011.90
1327.75	3993.06
1329.34	4015.04
1330.93	3985.74
1332.52	3994.11
1334.11	3985.74
1335.70	3993.06
1337.28	3961.67
1338.87	3982.60
1340.46	3972.14
1342.05	3990.97
1343.63	3972.14
1345.22	3977.37
1346.81	3958.53
1348.39	3974.23
1349.98	3953.30
1351.56	3951.21
1353.15	3934.46
1354.73	3922.95
1356.32	3886.33
1357.90	3888.42
1359.49	3883.19
1361.07	3860.17
1362.66	3838.20
1364.24	3867.50
1365.82	3853.89
1367.41	3871.68
1368.99	3840.29
1370.57	3850.75
1372.16	3824.59
1373.74	3828.78
1375.32	3814.13
1376.91	3805.76
1378.49	3745.07
1380.07	3714.72
1381.65	3671.82
1383.23	3672.86
1384.81	3684.38
1386.39	3697.98
1387.97	3689.61
1389.55	3717.86
1391.14	3715.77
1392.72	3707.40
1394.29	3691.70
1395.87	3695.89
1397.45	3706.35
1399.03	3724.14
1400.61	3692.75
1402.19	3737.74
1403.77	3712.63
1405.35	3744.02
1406.92	3734.60
1408.50	3735.65
1410.08	3730.42
1411.66	3756.58
1413.23	3750.30
1414.81	3771.23
1416.39	3749.25
1417.96	3775.41
1419.54	3758.67
1421.12	3783.78
1422.69	3786.92
1424.27	3787.97
1425.84	3771.23
1427.42	3784.83
1428.99	3779.60
1430.57	3801.57
1432.14	3763.90
1433.71	3778.55
1435.29	3765.99
1436.86	3782.74
1438.43	3762.86
1440.01	3773.32
1441.58	3629.96
1443.15	3772.27
1444.72	3757.62
1446.30	3758.67
1447.87	3741.93
1449.44	3732.51
1451.01	3706.35
1452.58	3742.97
1454.15	3719.95
1455.72	3719.95
1457.29	3707.40
1458.86	3726.23
1460.43	3691.70
1462.00	3715.77
1463.57	3676.00
1465.14	3700.07
1466.71	3665.54
1468.28	3673.91
1469.85	3660.31
1471.41	3663.45
1472.98	3644.61
1474.55	3660.31
1476.12	3621.59
1477.68	3623.68
1479.25	3610.08
1480.82	3611.13
1482.38	3593.34
1483.95	3587.06
1485.51	3598.57
1487.08	3624.73
1488.64	3603.80
1490.21	3615.31
1491.77	3583.92
1493.34	3604.85
1494.90	3565.09
1496.46	3575.55
1498.03	3571.36
1499.59	3581.83
1501.15	3566.13
1502.72	3556.71
1504.28	3542.06
1505.84	3547.30
1507.40	3538.93
1508.97	3562.99
1510.53	3543.11
1512.09	3551.48
1513.65	3545.20
1515.21	3544.16
1516.77	3522.18
1518.33	3537.88
1519.89	3515.90
1521.45	3522.18
1523.01	3508.58
1524.57	3532.65
1526.13	3514.86
1527.68	3515.90
1529.24	3508.58
1530.80	3509.63
1532.36	3492.88
1533.92	3488.70
1535.47	3469.86
1537.03	3481.37
1538.59	3461.49
1540.14	3463.58
1541.70	3443.70
1543.25	3471.96
1544.81	3453.12
1546.36	3460.45
1547.92	3433.24
1549.47	3448.94
1551.03	3437.42
1552.58	3430.10
1554.13	3417.54
1555.69	3431.15
1557.24	3406.03
1558.79	3410.22
1560.35	3400.80
1561.90	3403.94
1563.45	3379.87
1565.00	3391.38
1566.55	3366.27
1568.10	3372.55
1569.66	3349.53
1571.21	3373.59
1572.76	3362.08
1574.31	3362.08
1575.86	3331.74
1577.40	3330.69
1578.95	3326.51
1580.50	3329.65
1582.05	3310.81
1583.60	3322.32
1585.15	3302.44
1586.69	3308.72
1588.24	3299.30
1589.79	3309.76
1591.34	3280.46
1592.88	3311.86
1594.43	3281.51
1595.97	3299.30
1597.52	3281.51
1599.06	3289.88
1600.61	3270.00
1602.15	3294.07
1603.70	3266.86
1605.24	3277.33
1606.79	3260.58
1608.33	3256.40
1609.87	3242.79
1611.41	3258.49
1612.96	3254.30
1614.50	3241.75
1616.04	3235.47
1617.58	3248.03
1619.12	3228.14
1620.67	3237.56
1622.21	3203.03
1623.75	3221.87
1625.29	3193.61
1626.83	3192.57
1628.37	3195.71
1629.90	3171.64
1631.44	3153.85
1632.98	3147.57
1634.52	3105.72
1636.06	3102.58
1637.59	3088.97
1639.13	3065.95
1640.67	3033.51
1642.21	3011.54
1643.74	2981.19
1645.28	2951.90
1646.81	2921.55
1648.35	2916.32
1649.88	2878.65
1651.42	2873.42
1652.95	2848.30
1654.49	2864.00
1656.02	2834.70
1657.55	2830.51
1659.09	2797.03
1660.62	2811.68
1662.15	2790.75
1663.68	2792.84
1665.22	2782.38
1666.75	2780.29
1668.28	2774.01
1669.81	2775.05
1671.34	2752.03
1672.87	2759.36
1674.40	2757.26
1675.93	2748.89
1677.46	2732.15
1678.99	2733.20
1680.52	2734.24
1682.04	2743.66
1683.57	2732.15
1685.10	2736.34
1686.63	2733.20
1688.15	2732.15
1689.68	2710.18
1691.21	2713.32
1692.73	2715.41
1694.26	2722.73
1695.78	2707.04
1697.31	2714.36
1698.83	2707.04
1700.36	2713.32
1701.88	2697.62
1703.40	2713.32
1704.93	2694.48
1706.45	2696.57
