896.35	2883.88
897.98	2885.97
899.60	2891.20
901.22	2922.60
902.85	2913.18
904.47	2918.41
906.10	2923.64
907.72	2924.69
909.34	2943.52
910.97	2946.66
912.59	2966.54
914.21	2981.19
915.84	2994.80
917.46	3023.05
919.08	3040.84
920.71	3059.67
922.33	3086.88
923.95	3078.51
925.58	3097.34
927.20	3093.16
928.82	3103.62
930.44	3123.50
932.07	3109.90
933.69	3103.62
935.31	3124.55
936.93	3130.83
938.56	3128.74
940.18	3127.69
941.80	3128.74
943.42	3149.66
945.05	3161.18
946.67	3139.20
948.29	3140.25
949.91	3144.43
951.53	3162.22
953.16	3160.13
954.78	3158.04
956.40	3150.71
958.02	3154.90
959.64	3146.53
961.26	3150.71
962.88	3153.85
964.51	3137.11
966.13	3158.04
967.75	3162.22
969.37	3147.57
970.99	3153.85
972.61	3154.90
974.23	3150.71
975.85	3154.90
977.47	3163.27
979.09	3158.04
980.71	3153.85
982.33	3163.27
983.95	3171.64
985.57	3173.73
987.19	3156.99
988.81	3166.41
990.43	3166.41
992.05	3171.64
993.67	3189.43
995.29	3178.96
996.91	3175.82
998.53	3191.52
1000.15	3190.47
1001.77	3196.75
1003.39	3204.08
1005.01	3198.85
1006.63	3199.89
1008.25	3204.08
1009.86	3213.50
1011.48	3214.54
1013.10	3204.08
1014.72	3213.50
1016.34	3223.96
1017.96	3244.89
1019.58	3221.87
1021.19	3219.77
1022.81	3223.96
1024.43	3241.75
1026.05	3232.33
1027.66	3246.98
1029.28	3240.70
1030.90	3236.52
1032.52	3234.42
1034.13	3240.70
1035.75	3257.44
1037.37	3257.44
1038.98	3264.77
1040.60	3242.79
1042.22	3232.33
1043.83	3245.93
1045.45	3253.26
1047.07	3258.49
1048.68	3255.35
1050.30	3253.26
1051.92	3262.68
1053.53	3258.49
1055.15	3262.68
1056.76	3259.54
1058.38	3262.68
1059.99	3262.68
1061.61	3245.93
1063.22	3241.75
1064.84	3251.17
1066.46	3249.07
1068.07	3249.07
1069.68	3252.21
1071.30	3274.19
1072.91	3244.89
1074.53	3244.89
1076.14	3260.58
1077.76	3255.35
1079.37	3259.54
1080.98	3226.05
1082.60	3250.12
1084.21	3245.93
1085.83	3242.79
1087.44	3244.89
1089.05	3230.24
1090.67	3225.01
1092.28	3237.56
1093.89	3244.89
1095.50	3242.79
1097.12	3238.61
1098.73	3242.79
1100.34	3217.68
1101.95	3237.56
1103.57	3236.52
1105.18	3225.01
1106.79	3221.87
1108.40	3236.52
1110.01	3235.47
1111.63	3240.70
1113.24	3243.84
1114.85	3241.75
1116.46	3240.70
1118.07	3249.07
1119.68	3237.56
1121.29	3244.89
1122.90	3238.61
1124.51	3238.61
1126.12	3249.07
1127.73	3250.12
1129.34	3250.12
1130.95	3256.40
1132.56	3262.68
1134.17	3233.38
1135.78	3238.61
1137.39	3249.07
1139.00	3239.66
1140.61	3235.47
1142.22	3249.07
1143.83	3240.70
1145.44	3243.84
1147.05	3239.66
1148.65	3248.03
1150.26	3235.47
1151.87	3235.47
1153.48	3248.03
1155.09	3244.89
1156.69	3243.84
1158.30	3233.38
1159.91	3240.70
1161.52	3249.07
1163.12	3250.12
1164.73	3239.66
1166.34	3250.12
1167.94	3245.93
1169.55	3251.17
1171.16	3251.17
1172.76	3249.07
1174.37	3255.35
1175.97	3261.63
1177.58	3237.56
1179.19	3256.40
1180.79	3242.79
1182.40	3254.30
1184.00	3240.70
1185.61	3262.68
1187.21	3255.35
1188.82	3251.17
1190.42	3256.40
1192.02	3258.49
1193.63	3242.79
1195.23	3242.79
1196.84	3251.17
1198.44	3250.12
1200.04	3254.30
1201.65	3256.40
1203.25	3251.17
1204.85	3251.17
1206.46	3236.52
1208.06	3240.70
1209.66	3237.56
1211.26	3231.28
1212.87	3253.26
1214.47	3244.89
1216.07	3244.89
1217.67	3244.89
1219.27	3234.42
1220.87	3239.66
1222.48	3234.42
1224.08	3229.19
1225.68	3235.47
1227.28	3223.96
1228.88	3216.63
1230.48	3230.24
1232.08	3213.50
1233.68	3229.19
1235.28	3232.33
1236.88	3216.63
1238.48	3211.40
1240.08	3239.66
1241.68	3203.03
1243.28	3210.36
1244.87	3213.50
1246.47	3206.17
1248.07	3204.08
1249.67	3210.36
1251.27	3216.63
1252.87	3192.57
1254.46	3181.06
1256.06	3188.38
1257.66	3186.29
1259.26	3186.29
1260.85	3187.34
1262.45	3187.34
1264.05	3185.24
1265.64	3176.87
1267.24	3182.10
1268.83	3189.43
1270.43	3184.20
1272.03	3204.08
1273.62	3195.71
1275.22	3169.55
1276.81	3182.10
1278.41	3184.20
1280.00	3184.20
1281.60	3174.78
1283.19	3176.87
1284.79	3167.45
1286.38	3158.04
1287.97	3170.59
1289.57	3160.13
1291.16	3167.45
1292.75	3162.22
1294.35	3163.27
1295.94	3162.22
1297.53	3166.41
1299.12	3151.76
1300.72	3167.45
1302.31	3133.97
1303.90	3167.45
1305.49	3165.36
1307.08	3153.85
1308.68	3146.53
1310.27	3146.53
1311.86	3146.53
1313.45	3145.48
1315.04	3148.62
1316.63	3142.34
1318.22	3138.15
1319.81	3128.74
1321.40	3144.43
1322.99	3140.25
1324.58	3117.23
1326.17	3122.46
1327.75	3125.60
1329.34	3125.60
1330.93	3117.23
1332.52	3110.95
1334.11	3115.13
1335.70	3114.09
1337.28	3100.48
1338.87	3108.86
1340.46	3107.81
1342.05	3108.86
1343.63	3108.86
1345.22	3103.62
1346.81	3113.04
1348.39	3102.58
1349.98	3102.58
1351.56	3083.74
1353.15	3080.60
1354.73	3083.74
1356.32	3072.23
1357.90	3070.14
1359.49	3073.28
1361.07	3050.26
1362.66	3051.30
1364.24	3052.35
1365.82	3053.40
1367.41	3057.58
1368.99	3037.70
1370.57	3039.79
1372.16	3048.16
1373.74	3043.98
1375.32	3045.02
1376.91	3034.56
1378.49	3000.03
1380.07	2979.10
1381.65	2975.96
1383.23	2966.54
1384.81	2968.64
1386.39	2962.36
1387.97	2962.36
1389.55	2960.27
1391.14	2948.76
1392.72	2943.52
1394.29	2941.43
1395.87	2938.29
1397.45	2930.97
1399.03	2921.55
1400.61	2920.50
1402.19	2918.41
1403.77	2898.53
1405.35	2925.74
1406.92	2910.04
1408.50	2912.13
1410.08	2904.81
1411.66	2898.53
1413.23	2895.39
1414.81	2905.85
1416.39	2894.34
1417.96	2901.67
1419.54	2885.97
1421.12	2894.34
1422.69	2903.76
1424.27	2883.88
1425.84	2891.20
1427.42	2889.11
1428.99	2895.39
1430.57	2889.11
1432.14	2885.97
1433.71	2876.55
1435.29	2889.11
1436.86	2885.97
1438.43	2885.97
1440.01	2879.69
1441.58	2758.31
1443.15	2880.74
1444.72	2881.79
1446.30	2881.79
1447.87	2884.93
1449.44	2868.18
1451.01	2855.63
1452.58	2873.42
1454.15	2876.55
1455.72	2867.14
1457.29	2868.18
1458.86	2877.60
1460.43	2871.32
1462.00	2882.83
1463.57	2865.04
1465.14	2874.46
1466.71	2860.86
1468.28	2870.28
1469.85	2872.37
1471.41	2876.55
1472.98	2868.18
1474.55	2883.88
1476.12	2865.04
1477.68	2861.90
1479.25	2870.28
1480.82	2861.90
1482.38	2870.28
1483.95	2862.95
1485.51	2880.74
1487.08	2891.20
1488.64	2879.69
1490.21	2883.88
1491.77	2875.51
1493.34	2889.11
1494.90	2872.37
1496.46	2878.65
1498.03	2870.28
1499.59	2874.46
1501.15	2871.32
1502.72	2870.28
1504.28	2893.30
1505.84	2876.55
1507.40	2862.95
1508.97	2877.60
1510.53	2876.55
1512.09	2891.20
1513.65	2889.11
1515.21	2890.16
1516.77	2877.60
1518.33	2898.53
1519.89	2892.25
1521.45	2876.55
1523.01	2881.79
1524.57	2891.20
1526.13	2877.60
1527.68	2890.16
1529.24	2897.48
1530.80	2887.02
1532.36	2883.88
1533.92	2882.83
1535.47	2877.60
1537.03	2875.51
1538.59	2880.74
1540.14	2874.46
1541.70	2871.32
1543.25	2895.39
1544.81	2889.11
1546.36	2885.97
1547.92	2875.51
1549.47	2883.88
1551.03	2880.74
1552.58	2876.55
1554.13	2874.46
1555.69	2887.02
1557.24	2866.09
1558.79	2862.95
1560.35	2865.04
1561.90	2874.46
1563.45	2864.00
1565.00	2866.09
1566.55	2858.77
1568.10	2864.00
1569.66	2851.44
1571.21	2864.00
1572.76	2860.86
1574.31	2862.95
1575.86	2860.86
1577.40	2852.49
1578.95	2861.90
1580.50	2856.67
1582.05	2848.30
1583.60	2856.67
1585.15	2839.93
1586.69	2850.39
1588.24	2852.49
1589.79	2860.86
1591.34	2838.88
1592.88	2864.00
1594.43	2836.79
1595.97	2852.49
1597.52	2851.44
1599.06	2846.21
1600.61	2834.70
1602.15	2845.16
1603.70	2831.56
1605.24	2830.51
1606.79	2833.65
1608.33	2834.70
1609.87	2833.65
1611.41	2835.74
1612.96	2830.51
1614.50	2816.91
1616.04	2823.19
1617.58	2832.61
1619.12	2817.96
1620.67	2833.65
1622.21	2804.35
1623.75	2827.37
1625.29	2808.54
1626.83	2805.40
1628.37	2829.47
1629.90	2805.40
1631.44	2806.45
1632.98	2800.17
1634.52	2775.05
1636.06	2786.56
1637.59	2792.84
1639.13	2774.01
1640.67	2774.01
1642.21	2755.17
1643.74	2757.26
1645.28	2747.85
1646.81	2743.66
1648.35	2745.75
1649.88	2704.94
1651.42	2719.59
1652.95	2705.99
1654.49	2727.97
1656.02	2699.71
1657.55	2705.99
1659.09	2684.02
1660.62	2703.90
1662.15	2694.48
1663.68	2694.48
1665.22	2681.92
1666.75	2684.02
1668.28	2675.65
1669.81	2696.57
1671.34	2678.78
1672.87	2686.11
1674.40	2694.48
1675.93	2674.60
1677.46	2665.18
1678.99	2661.00
1680.52	2663.09
1682.04	2672.51
1683.57	2671.46
1685.10	2675.65
1686.63	2661.00
1688.15	2670.41
1689.68	2651.58
1691.21	2661.00
1692.73	2659.95
1694.26	2665.18
1695.78	2655.76
1697.31	2661.00
1698.83	2646.35
1700.36	2662.04
1701.88	2655.76
1703.40	2655.76
1704.93	2634.84
1706.45	2648.44
