896.35	2918.41
897.98	2923.64
899.60	2916.32
901.22	2936.20
902.85	2932.01
904.47	2937.25
906.10	2947.71
907.72	2949.80
909.34	2964.45
910.97	2975.96
912.59	2996.89
914.21	3012.59
915.84	3030.38
917.46	3068.05
919.08	3086.88
920.71	3094.21
922.33	3108.86
923.95	3114.09
925.58	3144.43
927.20	3131.88
928.82	3148.62
930.44	3162.22
932.07	3149.66
933.69	3144.43
935.31	3156.99
936.93	3169.55
938.56	3175.82
940.18	3184.20
941.80	3174.78
943.42	3183.15
945.05	3200.94
946.67	3188.38
948.29	3199.89
949.91	3186.29
951.53	3205.12
953.16	3199.89
954.78	3199.89
956.40	3180.01
958.02	3190.47
959.64	3195.71
961.26	3190.47
962.88	3192.57
964.51	3182.10
966.13	3205.12
967.75	3205.12
969.37	3187.34
970.99	3194.66
972.61	3188.38
974.23	3194.66
975.85	3194.66
977.47	3200.94
979.09	3199.89
980.71	3195.71
982.33	3199.89
983.95	3205.12
985.57	3216.63
987.19	3207.22
988.81	3220.82
990.43	3212.45
992.05	3209.31
993.67	3227.10
995.29	3222.91
996.91	3211.40
998.53	3239.66
1000.15	3239.66
1001.77	3239.66
1003.39	3236.52
1005.01	3238.61
1006.63	3255.35
1008.25	3260.58
1009.86	3265.82
1011.48	3257.44
1013.10	3257.44
1014.72	3271.05
1016.34	3276.28
1017.96	3290.93
1019.58	3273.14
1021.19	3275.23
1022.81	3279.42
1024.43	3299.30
1026.05	3285.70
1027.66	3286.74
1029.28	3286.74
1030.90	3295.11
1032.52	3282.56
1034.13	3298.25
1035.75	3308.72
1037.37	3303.49
1038.98	3308.72
1040.60	3297.21
1042.22	3294.07
1043.83	3309.76
1045.45	3306.62
1047.07	3310.81
1048.68	3312.90
1050.30	3301.39
1051.92	3313.95
1053.53	3310.81
1055.15	3309.76
1056.76	3299.30
1058.38	3304.53
1059.99	3319.18
1061.61	3306.62
1063.22	3305.58
1064.84	3312.90
1066.46	3307.67
1068.07	3298.25
1069.68	3302.44
1071.30	3317.09
1072.91	3307.67
1074.53	3297.21
1076.14	3307.67
1077.76	3301.39
1079.37	3310.81
1080.98	3282.56
1082.60	3296.16
1084.21	3287.79
1085.83	3293.02
1087.44	3295.11
1089.05	3281.51
1090.67	3281.51
1092.28	3284.65
1093.89	3294.07
1095.50	3296.16
1097.12	3282.56
1098.73	3284.65
1100.34	3271.05
1101.95	3297.21
1103.57	3285.70
1105.18	3280.46
1106.79	3270.00
1108.40	3290.93
1110.01	3281.51
1111.63	3289.88
1113.24	3296.16
1114.85	3289.88
1116.46	3290.93
1118.07	3285.70
1119.68	3278.37
1121.29	3295.11
1122.90	3299.30
1124.51	3282.56
1126.12	3284.65
1127.73	3289.88
1129.34	3295.11
1130.95	3302.44
1132.56	3303.49
1134.17	3278.37
1135.78	3283.60
1137.39	3294.07
1139.00	3281.51
1140.61	3291.98
1142.22	3300.35
1143.83	3294.07
1145.44	3291.98
1147.05	3281.51
1148.65	3293.02
1150.26	3283.60
1151.87	3281.51
1153.48	3295.11
1155.09	3299.30
1156.69	3287.79
1158.30	3284.65
1159.91	3298.25
1161.52	3301.39
1163.12	3298.25
1164.73	3291.98
1166.34	3307.67
1167.94	3291.98
1169.55	3296.16
1171.16	3299.30
1172.76	3305.58
1174.37	3299.30
1175.97	3305.58
1177.58	3291.98
1179.19	3316.04
1180.79	3293.02
1182.40	3290.93
1184.00	3298.25
1185.61	3307.67
1187.21	3313.95
1188.82	3303.49
1190.42	3302.44
1192.02	3296.16
1193.63	3288.84
1195.23	3294.07
1196.84	3294.07
1198.44	3308.72
1200.04	3309.76
1201.65	3295.11
1203.25	3286.74
1204.85	3297.21
1206.46	3293.02
1208.06	3293.02
1209.66	3286.74
1211.26	3281.51
1212.87	3305.58
1214.47	3283.60
1216.07	3285.70
1217.67	3294.07
1219.27	3281.51
1220.87	3284.65
1222.48	3282.56
1224.08	3275.23
1225.68	3283.60
1227.28	3280.46
1228.88	3273.14
1230.48	3280.46
1232.08	3267.91
1233.68	3284.65
1235.28	3286.74
1236.88	3271.05
1238.48	3246.98
1240.08	3281.51
1241.68	3254.30
1243.28	3265.82
1244.87	3248.03
1246.47	3249.07
1248.07	3242.79
1249.67	3251.17
1251.27	3262.68
1252.87	3239.66
1254.46	3237.56
1256.06	3234.42
1257.66	3231.28
1259.26	3221.87
1260.85	3241.75
1262.45	3235.47
1264.05	3234.42
1265.64	3228.14
1267.24	3223.96
1268.83	3227.10
1270.43	3230.24
1272.03	3245.93
1273.62	3223.96
1275.22	3214.54
1276.81	3232.33
1278.41	3231.28
1280.00	3221.87
1281.60	3216.63
1283.19	3213.50
1284.79	3221.87
1286.38	3213.50
1287.97	3225.01
1289.57	3214.54
1291.16	3213.50
1292.75	3199.89
1294.35	3212.45
1295.94	3212.45
1297.53	3213.50
1299.12	3199.89
1300.72	3212.45
1302.31	3187.34
1303.90	3212.45
1305.49	3207.22
1307.08	3188.38
1308.68	3187.34
1310.27	3188.38
1311.86	3189.43
1313.45	3181.06
1315.04	3181.06
1316.63	3190.47
1318.22	3178.96
1319.81	3169.55
1321.40	3168.50
1322.99	3181.06
1324.58	3161.18
1326.17	3165.36
1327.75	3152.80
1329.34	3159.08
1330.93	3154.90
1332.52	3158.04
1334.11	3159.08
1335.70	3150.71
1337.28	3137.11
1338.87	3144.43
1340.46	3145.48
1342.05	3147.57
1343.63	3135.02
1345.22	3131.88
1346.81	3136.06
1348.39	3129.78
1349.98	3123.50
1351.56	3125.60
1353.15	3122.46
1354.73	3113.04
1356.32	3091.07
1357.90	3098.39
1359.49	3106.76
1361.07	3092.11
1362.66	3088.97
1364.24	3087.93
1365.82	3093.16
1367.41	3087.93
1368.99	3065.95
1370.57	3064.91
1372.16	3073.28
1373.74	3065.95
1375.32	3068.05
1376.91	3054.44
1378.49	3032.47
1380.07	3007.35
1381.65	3005.26
1383.23	2990.61
1384.81	2989.57
1386.39	2990.61
1387.97	2994.80
1389.55	2989.57
1391.14	2981.19
1392.72	2962.36
1394.29	2961.31
1395.87	2961.31
1397.45	2948.76
1399.03	2945.62
1400.61	2945.62
1402.19	2935.15
1403.77	2923.64
1405.35	2936.20
1406.92	2927.83
1408.50	2936.20
1410.08	2923.64
1411.66	2921.55
1413.23	2925.74
1414.81	2922.60
1416.39	2905.85
1417.96	2920.50
1419.54	2911.09
1421.12	2912.13
1422.69	2919.46
1424.27	2903.76
1425.84	2917.36
1427.42	2905.85
1428.99	2908.99
1430.57	2905.85
1432.14	2890.16
1433.71	2898.53
1435.29	2904.81
1436.86	2912.13
1438.43	2906.90
1440.01	2900.62
1441.58	2782.38
1443.15	2899.58
1444.72	2893.30
1446.30	2884.93
1447.87	2897.48
1449.44	2890.16
1451.01	2879.69
1452.58	2893.30
1454.15	2888.06
1455.72	2885.97
1457.29	2891.20
1458.86	2895.39
1460.43	2881.79
1462.00	2904.81
1463.57	2889.11
1465.14	2889.11
1466.71	2879.69
1468.28	2889.11
1469.85	2887.02
1471.41	2895.39
1472.98	2878.65
1474.55	2899.58
1476.12	2887.02
1477.68	2884.93
1479.25	2896.44
1480.82	2878.65
1482.38	2883.88
1483.95	2872.37
1485.51	2895.39
1487.08	2899.58
1488.64	2901.67
1490.21	2896.44
1491.77	2880.74
1493.34	2899.58
1494.90	2883.88
1496.46	2889.11
1498.03	2893.30
1499.59	2904.81
1501.15	2898.53
1502.72	2898.53
1504.28	2893.30
1505.84	2887.02
1507.40	2889.11
1508.97	2899.58
1510.53	2897.48
1512.09	2907.95
1513.65	2902.71
1515.21	2899.58
1516.77	2891.20
1518.33	2913.18
1519.89	2907.95
1521.45	2903.76
1523.01	2904.81
1524.57	2907.95
1526.13	2895.39
1527.68	2902.71
1529.24	2906.90
1530.80	2910.04
1532.36	2913.18
1533.92	2894.34
1535.47	2881.79
1537.03	2893.30
1538.59	2902.71
1540.14	2893.30
1541.70	2880.74
1543.25	2906.90
1544.81	2897.48
1546.36	2911.09
1547.92	2898.53
1549.47	2897.48
1551.03	2884.93
1552.58	2888.06
1554.13	2882.83
1555.69	2896.44
1557.24	2878.65
1558.79	2876.55
1560.35	2883.88
1561.90	2889.11
1563.45	2879.69
1565.00	2885.97
1566.55	2873.42
1568.10	2876.55
1569.66	2864.00
1571.21	2884.93
1572.76	2891.20
1574.31	2882.83
1575.86	2879.69
1577.40	2869.23
1578.95	2873.42
1580.50	2868.18
1582.05	2862.95
1583.60	2862.95
1585.15	2856.67
1586.69	2870.28
1588.24	2865.04
1589.79	2870.28
1591.34	2851.44
1592.88	2875.51
1594.43	2847.26
1595.97	2857.72
1597.52	2860.86
1599.06	2859.81
1600.61	2846.21
1602.15	2859.81
1603.70	2853.53
1605.24	2860.86
1606.79	2859.81
1608.33	2849.35
1609.87	2835.74
1611.41	2849.35
1612.96	2848.30
1614.50	2839.93
1616.04	2835.74
1617.58	2845.16
1619.12	2837.84
1620.67	2842.02
1622.21	2813.77
1623.75	2830.51
1625.29	2822.14
1626.83	2825.28
1628.37	2840.98
1629.90	2816.91
1631.44	2820.05
1632.98	2814.82
1634.52	2798.07
1636.06	2801.21
1637.59	2802.26
1639.13	2790.75
1640.67	2786.56
1642.21	2772.96
1643.74	2775.05
1645.28	2749.94
1646.81	2743.66
1648.35	2744.71
1649.88	2714.36
1651.42	2722.73
1652.95	2713.32
1654.49	2733.20
1656.02	2712.27
1657.55	2713.32
1659.09	2696.57
1660.62	2713.32
1662.15	2692.39
1663.68	2701.81
1665.22	2684.02
1666.75	2691.34
1668.28	2681.92
1669.81	2703.90
1671.34	2681.92
1672.87	2687.16
1674.40	2695.53
1675.93	2690.29
1677.46	2672.51
1678.99	2665.18
1680.52	2665.18
1682.04	2677.74
1683.57	2667.27
1685.10	2675.65
1686.63	2672.51
1688.15	2673.55
1689.68	2661.00
1691.21	2659.95
1692.73	2666.23
1694.26	2672.51
1695.78	2658.90
1697.31	2665.18
1698.83	2651.58
1700.36	2653.67
1701.88	2648.44
1703.40	2663.09
1704.93	2656.81
1706.45	2655.76
