896.35	2973.87
897.98	2991.66
899.60	2991.66
901.22	3013.63
902.85	3003.17
904.47	3023.05
906.10	3030.38
907.72	3035.61
909.34	3053.40
910.97	3059.67
912.59	3091.07
914.21	3104.67
915.84	3121.41
917.46	3175.82
919.08	3192.57
920.71	3211.40
922.33	3231.28
923.95	3249.07
925.58	3261.63
927.20	3256.40
928.82	3264.77
930.44	3289.88
932.07	3284.65
933.69	3285.70
935.31	3284.65
936.93	3294.07
938.56	3301.39
940.18	3311.86
941.80	3312.90
943.42	3323.37
945.05	3332.78
946.67	3322.32
948.29	3333.83
949.91	3329.65
951.53	3331.74
953.16	3338.02
954.78	3332.78
956.40	3330.69
958.02	3329.65
959.64	3335.92
961.26	3329.65
962.88	3329.65
964.51	3319.18
966.13	3345.34
967.75	3346.39
969.37	3331.74
970.99	3327.55
972.61	3336.97
974.23	3331.74
975.85	3343.25
977.47	3342.20
979.09	3336.97
980.71	3331.74
982.33	3349.53
983.95	3342.20
985.57	3362.08
987.19	3345.34
988.81	3361.04
990.43	3350.57
992.05	3362.08
993.67	3373.59
995.29	3364.18
996.91	3357.90
998.53	3387.20
1000.15	3386.15
1001.77	3395.57
1003.39	3388.24
1005.01	3391.38
1006.63	3404.99
1008.25	3413.36
1009.86	3416.50
1011.48	3406.03
1013.10	3403.94
1014.72	3419.64
1016.34	3421.73
1017.96	3446.84
1019.58	3429.05
1021.19	3435.33
1022.81	3434.29
1024.43	3452.07
1026.05	3440.56
1027.66	3460.45
1029.28	3458.35
1030.90	3464.63
1032.52	3447.89
1034.13	3458.35
1035.75	3469.86
1037.37	3475.10
1038.98	3478.23
1040.60	3473.00
1042.22	3467.77
1043.83	3480.33
1045.45	3481.37
1047.07	3481.37
1048.68	3469.86
1050.30	3469.86
1051.92	3488.70
1053.53	3475.10
1055.15	3484.51
1056.76	3480.33
1058.38	3477.19
1059.99	3486.61
1061.61	3479.28
1063.22	3475.10
1064.84	3482.42
1066.46	3477.19
1068.07	3478.23
1069.68	3481.37
1071.30	3478.23
1072.91	3474.05
1074.53	3459.40
1076.14	3477.19
1077.76	3462.54
1079.37	3473.00
1080.98	3440.56
1082.60	3461.49
1084.21	3460.45
1085.83	3465.68
1087.44	3460.45
1089.05	3449.98
1090.67	3456.26
1092.28	3451.03
1093.89	3453.12
1095.50	3454.17
1097.12	3443.70
1098.73	3453.12
1100.34	3433.24
1101.95	3444.75
1103.57	3443.70
1105.18	3445.80
1106.79	3433.24
1108.40	3444.75
1110.01	3438.47
1111.63	3447.89
1113.24	3451.03
1114.85	3446.84
1116.46	3433.24
1118.07	3455.21
1119.68	3440.56
1121.29	3453.12
1122.90	3441.61
1124.51	3446.84
1126.12	3444.75
1127.73	3452.07
1129.34	3454.17
1130.95	3467.77
1132.56	3462.54
1134.17	3432.19
1135.78	3441.61
1137.39	3456.26
1139.00	3444.75
1140.61	3452.07
1142.22	3453.12
1143.83	3448.94
1145.44	3445.80
1147.05	3448.94
1148.65	3448.94
1150.26	3442.66
1151.87	3438.47
1153.48	3452.07
1155.09	3458.35
1156.69	3457.31
1158.30	3430.10
1159.91	3443.70
1161.52	3447.89
1163.12	3453.12
1164.73	3440.56
1166.34	3463.58
1167.94	3447.89
1169.55	3449.98
1171.16	3455.21
1172.76	3464.63
1174.37	3458.35
1175.97	3469.86
1177.58	3441.61
1179.19	3460.45
1180.79	3439.52
1182.40	3449.98
1184.00	3442.66
1185.61	3461.49
1187.21	3454.17
1188.82	3447.89
1190.42	3455.21
1192.02	3453.12
1193.63	3441.61
1195.23	3460.45
1196.84	3455.21
1198.44	3464.63
1200.04	3460.45
1201.65	3457.31
1203.25	3462.54
1204.85	3461.49
1206.46	3436.38
1208.06	3449.98
1209.66	3438.47
1211.26	3437.42
1212.87	3454.17
1214.47	3437.42
1216.07	3441.61
1217.67	3448.94
1219.27	3438.47
1220.87	3433.24
1222.48	3426.96
1224.08	3426.96
1225.68	3436.38
1227.28	3434.29
1228.88	3414.40
1230.48	3423.82
1232.08	3411.26
1233.68	3432.19
1235.28	3433.24
1236.88	3420.68
1238.48	3413.36
1240.08	3435.33
1241.68	3404.99
1243.28	3407.08
1244.87	3389.29
1246.47	3396.62
1248.07	3380.92
1249.67	3390.34
1251.27	3401.85
1252.87	3381.97
1254.46	3370.46
1256.06	3374.64
1257.66	3372.55
1259.26	3367.32
1260.85	3374.64
1262.45	3380.92
1264.05	3370.46
1265.64	3372.55
1267.24	3373.59
1268.83	3371.50
1270.43	3367.32
1272.03	3378.83
1273.62	3366.27
1275.22	3357.90
1276.81	3359.99
1278.41	3356.85
1280.00	3354.76
1281.60	3365.22
1283.19	3354.76
1284.79	3351.62
1286.38	3335.92
1287.97	3354.76
1289.57	3341.16
1291.16	3341.16
1292.75	3334.88
1294.35	3348.48
1295.94	3335.92
1297.53	3348.48
1299.12	3323.37
1300.72	3347.43
1302.31	3317.09
1303.90	3331.74
1305.49	3317.09
1307.08	3312.90
1308.68	3306.62
1310.27	3305.58
1311.86	3307.67
1313.45	3306.62
1315.04	3302.44
1316.63	3304.53
1318.22	3298.25
1319.81	3286.74
1321.40	3285.70
1322.99	3293.02
1324.58	3267.91
1326.17	3274.19
1327.75	3268.95
1329.34	3272.09
1330.93	3260.58
1332.52	3263.72
1334.11	3253.26
1335.70	3255.35
1337.28	3246.98
1338.87	3252.21
1340.46	3253.26
1342.05	3242.79
1343.63	3234.42
1345.22	3232.33
1346.81	3236.52
1348.39	3231.28
1349.98	3227.10
1351.56	3219.77
1353.15	3206.17
1354.73	3213.50
1356.32	3191.52
1357.90	3178.96
1359.49	3180.01
1361.07	3159.08
1362.66	3164.31
1364.24	3166.41
1365.82	3162.22
1367.41	3167.45
1368.99	3147.57
1370.57	3147.57
1372.16	3148.62
1373.74	3139.20
1375.32	3141.29
1376.91	3127.69
1378.49	3098.39
1380.07	3063.86
1381.65	3056.54
1383.23	3045.02
1384.81	3037.70
1386.39	3032.47
1387.97	3032.47
1389.55	3026.19
1391.14	3017.82
1392.72	3006.31
1394.29	3006.31
1395.87	2984.33
1397.45	2963.41
1399.03	2971.78
1400.61	2972.82
1402.19	2962.36
1403.77	2948.76
1405.35	2952.94
1406.92	2945.62
1408.50	2947.71
1410.08	2938.29
1411.66	2935.15
1413.23	2935.15
1414.81	2942.48
1416.39	2913.18
1417.96	2934.11
1419.54	2922.60
1421.12	2926.78
1422.69	2928.87
1424.27	2914.22
1425.84	2922.60
1427.42	2911.09
1428.99	2923.64
1430.57	2921.55
1432.14	2915.27
1433.71	2908.99
1435.29	2917.36
1436.86	2906.90
1438.43	2904.81
1440.01	2904.81
1441.58	2785.52
1443.15	2904.81
1444.72	2906.90
1446.30	2908.99
1447.87	2910.04
1449.44	2912.13
1451.01	2896.44
1452.58	2905.85
1454.15	2910.04
1455.72	2897.48
1457.29	2898.53
1458.86	2901.67
1460.43	2898.53
1462.00	2915.27
1463.57	2898.53
1465.14	2901.67
1466.71	2888.06
1468.28	2900.62
1469.85	2901.67
1471.41	2899.58
1472.98	2892.25
1474.55	2905.85
1476.12	2896.44
1477.68	2895.39
1479.25	2904.81
1480.82	2898.53
1482.38	2902.71
1483.95	2893.30
1485.51	2901.67
1487.08	2912.13
1488.64	2917.36
1490.21	2915.27
1491.77	2904.81
1493.34	2920.50
1494.90	2902.71
1496.46	2911.09
1498.03	2915.27
1499.59	2919.46
1501.15	2911.09
1502.72	2908.99
1504.28	2914.22
1505.84	2915.27
1507.40	2910.04
1508.97	2925.74
1510.53	2911.09
1512.09	2927.83
1513.65	2935.15
1515.21	2926.78
1516.77	2907.95
1518.33	2934.11
1519.89	2920.50
1521.45	2927.83
1523.01	2925.74
1524.57	2927.83
1526.13	2921.55
1527.68	2928.87
1529.24	2943.52
1530.80	2928.87
1532.36	2934.11
1533.92	2920.50
1535.47	2912.13
1537.03	2928.87
1538.59	2926.78
1540.14	2920.50
1541.70	2915.27
1543.25	2937.25
1544.81	2920.50
1546.36	2934.11
1547.92	2920.50
1549.47	2934.11
1551.03	2929.92
1552.58	2920.50
1554.13	2919.46
1555.69	2927.83
1557.24	2914.22
1558.79	2913.18
1560.35	2908.99
1561.90	2929.92
1563.45	2920.50
1565.00	2924.69
1566.55	2913.18
1568.10	2914.22
1569.66	2905.85
1571.21	2923.64
1572.76	2918.41
1574.31	2918.41
1575.86	2914.22
1577.40	2904.81
1578.95	2898.53
1580.50	2905.85
1582.05	2884.93
1583.60	2895.39
1585.15	2892.25
1586.69	2902.71
1588.24	2901.67
1589.79	2907.95
1591.34	2883.88
1592.88	2908.99
1594.43	2885.97
1595.97	2901.67
1597.52	2895.39
1599.06	2889.11
1600.61	2890.16
1602.15	2910.04
1603.70	2894.34
1605.24	2894.34
1606.79	2889.11
1608.33	2879.69
1609.87	2878.65
1611.41	2890.16
1612.96	2888.06
1614.50	2869.23
1616.04	2868.18
1617.58	2883.88
1619.12	2871.32
1620.67	2879.69
1622.21	2846.21
1623.75	2877.60
1625.29	2851.44
1626.83	2862.95
1628.37	2868.18
1629.90	2853.53
1631.44	2847.26
1632.98	2839.93
1634.52	2821.10
1636.06	2824.23
1637.59	2828.42
1639.13	2814.82
1640.67	2815.86
1642.21	2795.98
1643.74	2792.84
1645.28	2767.73
1646.81	2759.36
1648.35	2764.59
1649.88	2742.62
1651.42	2752.03
1652.95	2734.24
1654.49	2753.08
1656.02	2725.87
1657.55	2737.38
1659.09	2712.27
1660.62	2721.69
1662.15	2700.76
1663.68	2712.27
1665.22	2700.76
1666.75	2709.13
1668.28	2710.18
1669.81	2718.55
1671.34	2691.34
1672.87	2699.71
1674.40	2707.04
1675.93	2697.62
1677.46	2682.97
1678.99	2677.74
1680.52	2682.97
1682.04	2690.29
1683.57	2682.97
1685.10	2687.16
1686.63	2675.65
1688.15	2689.25
1689.68	2671.46
1691.21	2672.51
1692.73	2676.69
1694.26	2682.97
1695.78	2668.32
1697.31	2669.37
1698.83	2662.04
1700.36	2667.27
1701.88	2665.18
1703.40	2669.37
1704.93	2665.18
1706.45	2659.95
