896.35	3036.65
897.98	3050.26
899.60	3051.30
901.22	3079.56
902.85	3071.18
904.47	3081.65
906.10	3080.60
907.72	3098.39
909.34	3110.95
910.97	3135.02
912.59	3144.43
914.21	3185.24
915.84	3209.31
917.46	3253.26
919.08	3280.46
920.71	3306.62
922.33	3328.60
923.95	3347.43
925.58	3363.13
927.20	3361.04
928.82	3371.50
930.44	3398.71
932.07	3385.10
933.69	3387.20
935.31	3390.34
936.93	3411.26
938.56	3404.99
940.18	3424.87
941.80	3410.22
943.42	3433.24
945.05	3443.70
946.67	3442.66
948.29	3434.29
949.91	3435.33
951.53	3436.38
953.16	3453.12
954.78	3437.42
956.40	3440.56
958.02	3436.38
959.64	3434.29
961.26	3429.05
962.88	3448.94
964.51	3431.15
966.13	3458.35
967.75	3442.66
969.37	3439.52
970.99	3444.75
972.61	3444.75
974.23	3432.19
975.85	3449.98
977.47	3445.80
979.09	3451.03
980.71	3433.24
982.33	3455.21
983.95	3448.94
985.57	3466.72
987.19	3449.98
988.81	3479.28
990.43	3460.45
992.05	3466.72
993.67	3470.91
995.29	3484.51
996.91	3469.86
998.53	3509.63
1000.15	3506.49
1001.77	3518.00
1003.39	3507.53
1005.01	3521.14
1006.63	3513.81
1008.25	3529.51
1009.86	3532.65
1011.48	3537.88
1013.10	3529.51
1014.72	3551.48
1016.34	3543.11
1017.96	3573.46
1019.58	3544.16
1021.19	3561.95
1022.81	3556.71
1024.43	3577.64
1026.05	3565.09
1027.66	3589.15
1029.28	3578.69
1030.90	3582.87
1032.52	3562.99
1034.13	3593.34
1035.75	3596.48
1037.37	3609.03
1038.98	3606.94
1040.60	3605.90
1042.22	3578.69
1043.83	3606.94
1045.45	3592.29
1047.07	3607.99
1048.68	3601.71
1050.30	3610.08
1051.92	3611.13
1053.53	3606.94
1055.15	3594.38
1056.76	3603.80
1058.38	3600.66
1059.99	3619.50
1061.61	3602.76
1063.22	3599.62
1064.84	3599.62
1066.46	3604.85
1068.07	3597.52
1069.68	3613.22
1071.30	3614.27
1072.91	3602.76
1074.53	3575.55
1076.14	3609.03
1077.76	3595.43
1079.37	3611.13
1080.98	3564.04
1082.60	3589.15
1084.21	3583.92
1085.83	3591.25
1087.44	3586.01
1089.05	3580.78
1090.67	3566.13
1092.28	3577.64
1093.89	3576.60
1095.50	3591.25
1097.12	3568.22
1098.73	3571.36
1100.34	3547.30
1101.95	3581.83
1103.57	3567.18
1105.18	3567.18
1106.79	3559.85
1108.40	3580.78
1110.01	3572.41
1111.63	3579.74
1113.24	3570.32
1114.85	3573.46
1116.46	3564.04
1118.07	3578.69
1119.68	3564.04
1121.29	3580.78
1122.90	3567.18
1124.51	3577.64
1126.12	3570.32
1127.73	3583.92
1129.34	3581.83
1130.95	3587.06
1132.56	3577.64
1134.17	3564.04
1135.78	3561.95
1137.39	3588.11
1139.00	3570.32
1140.61	3576.60
1142.22	3582.87
1143.83	3581.83
1145.44	3574.50
1147.05	3581.83
1148.65	3567.18
1150.26	3566.13
1151.87	3564.04
1153.48	3566.13
1155.09	3562.99
1156.69	3568.22
1158.30	3551.48
1159.91	3568.22
1161.52	3565.09
1163.12	3569.27
1164.73	3549.39
1166.34	3583.92
1167.94	3564.04
1169.55	3589.15
1171.16	3578.69
1172.76	3590.20
1174.37	3576.60
1175.97	3586.01
1177.58	3566.13
1179.19	3595.43
1180.79	3567.18
1182.40	3579.74
1184.00	3567.18
1185.61	3595.43
1187.21	3580.78
1188.82	3583.92
1190.42	3578.69
1192.02	3590.20
1193.63	3562.99
1195.23	3582.87
1196.84	3567.18
1198.44	3580.78
1200.04	3574.50
1201.65	3584.97
1203.25	3568.22
1204.85	3578.69
1206.46	3551.48
1208.06	3566.13
1209.66	3556.71
1211.26	3565.09
1212.87	3568.22
1214.47	3558.81
1216.07	3550.44
1217.67	3564.04
1219.27	3549.39
1220.87	3560.90
1222.48	3544.16
1224.08	3552.53
1225.68	3545.20
1227.28	3545.20
1228.88	3536.83
1230.48	3557.76
1232.08	3526.37
1233.68	3546.25
1235.28	3541.02
1236.88	3533.69
1238.48	3528.46
1240.08	3550.44
1241.68	3503.35
1243.28	3518.00
1244.87	3501.26
1246.47	3505.44
1248.07	3491.84
1249.67	3504.39
1251.27	3510.67
1252.87	3496.02
1254.46	3480.33
1256.06	3490.79
1257.66	3483.47
1259.26	3480.33
1260.85	3481.37
1262.45	3484.51
1264.05	3480.33
1265.64	3485.56
1267.24	3474.05
1268.83	3480.33
1270.43	3471.96
1272.03	3489.74
1273.62	3463.58
1275.22	3459.40
1276.81	3456.26
1278.41	3457.31
1280.00	3459.40
1281.60	3461.49
1283.19	3444.75
1284.79	3459.40
1286.38	3439.52
1287.97	3463.58
1289.57	3441.61
1291.16	3439.52
1292.75	3429.05
1294.35	3445.80
1295.94	3440.56
1297.53	3445.80
1299.12	3423.82
1300.72	3442.66
1302.31	3408.13
1303.90	3435.33
1305.49	3426.96
1307.08	3418.59
1308.68	3404.99
1310.27	3408.13
1311.86	3398.71
1313.45	3399.75
1315.04	3400.80
1316.63	3400.80
1318.22	3389.29
1319.81	3384.06
1321.40	3373.59
1322.99	3386.15
1324.58	3369.41
1326.17	3375.69
1327.75	3371.50
1329.34	3375.69
1330.93	3355.81
1332.52	3355.81
1334.11	3350.57
1335.70	3350.57
1337.28	3327.55
1338.87	3340.11
1340.46	3333.83
1342.05	3328.60
1343.63	3304.53
1345.22	3309.76
1346.81	3307.67
1348.39	3301.39
1349.98	3302.44
1351.56	3298.25
1353.15	3281.51
1354.73	3289.88
1356.32	3268.95
1357.90	3272.09
1359.49	3259.54
1361.07	3232.33
1362.66	3227.10
1364.24	3234.42
1365.82	3233.38
1367.41	3238.61
1368.99	3216.63
1370.57	3208.26
1372.16	3212.45
1373.74	3209.31
1375.32	3201.98
1376.91	3192.57
1378.49	3144.43
1380.07	3119.32
1381.65	3105.72
1383.23	3083.74
1384.81	3082.70
1386.39	3082.70
1387.97	3074.32
1389.55	3073.28
1391.14	3052.35
1392.72	3028.28
1394.29	3024.10
1395.87	3017.82
1397.45	3001.08
1399.03	2996.89
1400.61	2981.19
1402.19	2971.78
1403.77	2957.13
1405.35	2974.92
1406.92	2952.94
1408.50	2953.99
1410.08	2942.48
1411.66	2944.57
1413.23	2937.25
1414.81	2941.43
1416.39	2917.36
1417.96	2933.06
1419.54	2917.36
1421.12	2925.74
1422.69	2925.74
1424.27	2914.22
1425.84	2919.46
1427.42	2913.18
1428.99	2908.99
1430.57	2911.09
1432.14	2903.76
1433.71	2907.95
1435.29	2915.27
1436.86	2910.04
1438.43	2901.67
1440.01	2900.62
1441.58	2783.42
1443.15	2914.22
1444.72	2911.09
1446.30	2907.95
1447.87	2910.04
1449.44	2890.16
1451.01	2885.97
1452.58	2907.95
1454.15	2907.95
1455.72	2893.30
1457.29	2890.16
1458.86	2901.67
1460.43	2891.20
1462.00	2912.13
1463.57	2904.81
1465.14	2902.71
1466.71	2891.20
1468.28	2899.58
1469.85	2902.71
1471.41	2907.95
1472.98	2900.62
1474.55	2911.09
1476.12	2896.44
1477.68	2901.67
1479.25	2908.99
1480.82	2907.95
1482.38	2918.41
1483.95	2907.95
1485.51	2916.32
1487.08	2929.92
1488.64	2918.41
1490.21	2927.83
1491.77	2914.22
1493.34	2926.78
1494.90	2910.04
1496.46	2922.60
1498.03	2920.50
1499.59	2930.97
1501.15	2927.83
1502.72	2926.78
1504.28	2937.25
1505.84	2933.06
1507.40	2926.78
1508.97	2940.38
1510.53	2929.92
1512.09	2948.76
1513.65	2946.66
1515.21	2942.48
1516.77	2939.34
1518.33	2955.03
1519.89	2945.62
1521.45	2948.76
1523.01	2951.90
1524.57	2958.17
1526.13	2951.90
1527.68	2963.41
1529.24	2966.54
1530.80	2959.22
1532.36	2959.22
1533.92	2950.85
1535.47	2939.34
1537.03	2952.94
1538.59	2956.08
1540.14	2946.66
1541.70	2942.48
1543.25	2967.59
1544.81	2963.41
1546.36	2968.64
1547.92	2947.71
1549.47	2959.22
1551.03	2959.22
1552.58	2956.08
1554.13	2956.08
1555.69	2962.36
1557.24	2949.80
1558.79	2949.80
1560.35	2943.52
1561.90	2949.80
1563.45	2943.52
1565.00	2950.85
1566.55	2941.43
1568.10	2943.52
1569.66	2935.15
1571.21	2952.94
1572.76	2947.71
1574.31	2946.66
1575.86	2946.66
1577.40	2945.62
1578.95	2933.06
1580.50	2932.01
1582.05	2932.01
1583.60	2939.34
1585.15	2924.69
1586.69	2937.25
1588.24	2935.15
1589.79	2937.25
1591.34	2914.22
1592.88	2942.48
1594.43	2913.18
1595.97	2932.01
1597.52	2932.01
1599.06	2933.06
1600.61	2924.69
1602.15	2938.29
1603.70	2924.69
1605.24	2925.74
1606.79	2921.55
1608.33	2915.27
1609.87	2911.09
1611.41	2925.74
1612.96	2916.32
1614.50	2906.90
1616.04	2901.67
1617.58	2912.13
1619.12	2901.67
1620.67	2914.22
1622.21	2887.02
1623.75	2902.71
1625.29	2887.02
1626.83	2889.11
1628.37	2896.44
1629.90	2883.88
1631.44	2872.37
1632.98	2870.28
1634.52	2852.49
1636.06	2855.63
1637.59	2859.81
1639.13	2833.65
1640.67	2828.42
1642.21	2817.96
1643.74	2809.58
1645.28	2789.70
1646.81	2776.10
1648.35	2788.66
1649.88	2756.22
1651.42	2766.68
1652.95	2747.85
1654.49	2758.31
1656.02	2729.01
1657.55	2735.29
1659.09	2717.50
1660.62	2735.29
1662.15	2721.69
1663.68	2731.10
1665.22	2718.55
1666.75	2711.22
1668.28	2702.85
1669.81	2720.64
1671.34	2699.71
1672.87	2709.13
1674.40	2719.59
1675.93	2703.90
1677.46	2689.25
1678.99	2688.20
1680.52	2688.20
1682.04	2704.94
1683.57	2686.11
1685.10	2693.43
1686.63	2685.06
1688.15	2688.20
1689.68	2677.74
1691.21	2674.60
1692.73	2673.55
1694.26	2692.39
1695.78	2675.65
1697.31	2681.92
1698.83	2671.46
1700.36	2678.78
1701.88	2670.41
1703.40	2684.02
1704.93	2672.51
1706.45	2673.55
