896.35	2900.62
897.98	2904.11
899.60	2910.74
901.22	2914.57
902.85	2916.67
904.47	2922.25
906.10	2925.39
907.72	2932.01
909.34	2934.11
910.97	2944.92
912.59	2953.29
914.21	2964.45
915.84	2975.96
917.46	2989.91
919.08	3000.38
920.71	3015.03
922.33	3020.96
923.95	3035.61
925.58	3034.56
927.20	3042.58
928.82	3042.58
930.44	3050.26
932.07	3046.07
933.69	3046.07
935.31	3048.16
936.93	3059.33
938.56	3062.12
940.18	3063.51
941.80	3062.12
943.42	3073.98
945.05	3073.98
946.67	3082.00
948.29	3070.84
949.91	3082.35
951.53	3083.74
953.16	3094.21
954.78	3084.44
956.40	3080.60
958.02	3072.23
959.64	3078.86
961.26	3078.86
962.88	3080.60
964.51	3079.21
966.13	3084.44
967.75	3084.44
969.37	3087.58
970.99	3081.30
972.61	3088.62
974.23	3083.39
975.85	3091.07
977.47	3085.49
979.09	3090.02
980.71	3086.88
982.33	3094.90
983.95	3098.39
985.57	3102.23
987.19	3103.97
988.81	3104.67
990.43	3100.48
992.05	3101.88
993.67	3101.53
995.29	3103.27
996.91	3102.93
998.53	3111.65
1000.15	3121.06
1001.77	3123.85
1003.39	3117.92
1005.01	3122.11
1006.63	3123.85
1008.25	3135.71
1009.86	3133.97
1011.48	3136.41
1013.10	3132.92
1014.72	3136.41
1016.34	3142.69
1017.96	3146.18
1019.58	3144.78
1021.19	3143.04
1022.81	3144.43
1024.43	3150.01
1026.05	3153.15
1027.66	3156.99
1029.28	3156.64
1030.90	3155.59
1032.52	3152.11
1034.13	3159.78
1035.75	3161.52
1037.37	3172.69
1038.98	3166.76
1040.60	3166.41
1042.22	3154.90
1043.83	3160.48
1045.45	3160.48
1047.07	3169.90
1048.68	3162.92
1050.30	3168.15
1051.92	3161.52
1053.53	3168.50
1055.15	3163.97
1056.76	3169.90
1058.38	3165.36
1059.99	3168.50
1061.61	3160.83
1063.22	3165.71
1064.84	3161.52
1066.46	3164.66
1068.07	3160.13
1069.68	3168.15
1071.30	3169.90
1072.91	3173.03
1074.53	3171.99
1076.14	3172.34
1077.76	3174.08
1079.37	3161.87
1080.98	3158.38
1082.60	3156.29
1084.21	3163.97
1085.83	3169.55
1087.44	3160.83
1089.05	3158.73
1090.67	3151.76
1092.28	3161.87
1093.89	3166.41
1095.50	3171.64
1097.12	3171.29
1098.73	3165.36
1100.34	3162.92
1101.95	3162.57
1103.57	3160.13
1105.18	3160.13
1106.79	3155.94
1108.40	3163.97
1110.01	3164.66
1111.63	3170.24
1113.24	3170.24
1114.85	3171.29
1116.46	3169.20
1118.07	3167.80
1119.68	3167.80
1121.29	3167.45
1122.90	3166.76
1124.51	3172.34
1126.12	3176.17
1127.73	3183.15
1129.34	3182.80
1130.95	3185.94
1132.56	3174.78
1134.17	3168.85
1135.78	3163.62
1137.39	3167.80
1139.00	3168.50
1140.61	3173.03
1142.22	3173.73
1143.83	3175.48
1145.44	3170.24
1147.05	3175.13
1148.65	3170.24
1150.26	3168.85
1151.87	3162.22
1153.48	3168.50
1155.09	3168.50
1156.69	3173.03
1158.30	3169.55
1159.91	3175.48
1161.52	3176.87
1163.12	3178.62
1164.73	3178.62
1166.34	3177.22
1167.94	3178.96
1169.55	3179.31
1171.16	3182.10
1172.76	3185.24
1174.37	3183.85
1175.97	3180.71
1177.58	3183.50
1179.19	3182.80
1180.79	3183.85
1182.40	3180.71
1184.00	3186.29
1185.61	3192.92
1187.21	3192.22
1188.82	3191.52
1190.42	3187.68
1192.02	3186.29
1193.63	3183.85
1195.23	3186.29
1196.84	3186.99
1198.44	3195.01
1200.04	3195.71
1201.65	3200.59
1203.25	3197.80
1204.85	3194.66
1206.46	3190.13
1208.06	3181.75
1209.66	3180.36
1211.26	3186.99
1212.87	3187.68
1214.47	3191.52
1216.07	3185.24
1217.67	3189.43
1219.27	3189.43
1220.87	3196.75
1222.48	3191.52
1224.08	3193.26
1225.68	3188.38
1227.28	3192.57
1228.88	3192.57
1230.48	3191.87
1232.08	3192.92
1233.68	3195.71
1235.28	3194.31
1236.88	3191.87
1238.48	3190.13
1240.08	3186.99
1241.68	3185.24
1243.28	3180.36
1244.87	3179.31
1246.47	3181.41
1248.07	3181.06
1249.67	3191.17
1251.27	3187.68
1252.87	3183.50
1254.46	3172.34
1256.06	3173.38
1257.66	3170.59
1259.26	3172.69
1260.85	3171.64
1262.45	3175.82
1264.05	3174.08
1265.64	3177.92
1267.24	3178.62
1268.83	3183.15
1270.43	3183.85
1272.03	3183.50
1273.62	3176.52
1275.22	3173.38
1276.81	3168.50
1278.41	3172.69
1280.00	3167.10
1281.60	3168.85
1283.19	3170.24
1284.79	3174.08
1286.38	3175.48
1287.97	3174.43
1289.57	3173.38
1291.16	3170.59
1292.75	3171.29
1294.35	3171.29
1295.94	3172.34
1297.53	3166.41
1299.12	3170.24
1300.72	3167.80
1302.31	3172.34
1303.90	3171.99
1305.49	3171.64
1307.08	3165.36
1308.68	3158.04
1310.27	3161.52
1311.86	3162.57
1313.45	3159.78
1315.04	3156.29
1316.63	3156.64
1318.22	3156.29
1319.81	3155.94
1321.40	3157.69
1322.99	3154.55
1324.58	3150.36
1326.17	3142.69
1327.75	3140.60
1329.34	3139.20
1330.93	3135.02
1332.52	3136.06
1334.11	3136.76
1335.70	3137.46
1337.28	3137.81
1338.87	3138.15
1340.46	3137.81
1342.05	3134.67
1343.63	3129.78
1345.22	3130.83
1346.81	3128.39
1348.39	3128.39
1349.98	3125.25
1351.56	3125.60
1353.15	3122.11
1354.73	3114.78
1356.32	3107.11
1357.90	3106.06
1359.49	3105.02
1361.07	3102.58
1362.66	3094.21
1364.24	3092.11
1365.82	3095.25
1367.41	3094.55
1368.99	3091.42
1370.57	3088.62
1372.16	3088.97
1373.74	3093.86
1375.32	3090.02
1376.91	3083.04
1378.49	3064.91
1380.07	3054.44
1381.65	3042.58
1383.23	3041.19
1384.81	3037.70
1386.39	3039.79
1387.97	3035.26
1389.55	3030.03
1391.14	3020.61
1392.72	3016.77
1394.29	3009.10
1395.87	3003.17
1397.45	2998.63
1399.03	2997.59
1400.61	2995.50
1402.19	2987.12
1403.77	2986.08
1405.35	2983.29
1406.92	2986.08
1408.50	2981.89
1410.08	2982.24
1411.66	2979.80
1413.23	2980.85
1414.81	2975.26
1416.39	2975.61
1417.96	2970.38
1419.54	2972.13
1421.12	2970.73
1422.69	2965.15
1424.27	2964.80
1425.84	2959.57
1427.42	2960.62
1428.99	2961.31
1430.57	2960.62
1432.14	2962.01
1433.71	2964.80
1435.29	2967.59
1436.86	2967.94
1438.43	2960.27
1440.01	2901.32
1441.58	2902.02
1443.15	2906.90
1444.72	2964.80
1446.30	2969.34
1447.87	2967.94
1449.44	2962.01
1451.01	2960.27
1452.58	2961.31
1454.15	2964.80
1455.72	2958.87
1457.29	2959.22
1458.86	2959.22
1460.43	2967.94
1462.00	2965.85
1463.57	2968.64
1465.14	2963.75
1466.71	2966.20
1468.28	2970.38
1469.85	2972.82
1471.41	2971.43
1472.98	2974.22
1474.55	2972.47
1476.12	2973.17
1477.68	2973.17
1479.25	2974.57
1480.82	2983.98
1482.38	2981.19
1483.95	2984.68
1485.51	2984.68
1487.08	2986.78
1488.64	2987.12
1490.21	2979.45
1491.77	2983.29
1493.34	2979.10
1494.90	2980.50
1496.46	2980.15
1498.03	2984.68
1499.59	2989.22
1501.15	2986.78
1502.72	2986.43
1504.28	2983.29
1505.84	2980.85
1507.40	2986.08
1508.97	2990.96
1510.53	3000.03
1512.09	3001.77
1513.65	3004.91
1515.21	2998.98
1516.77	2999.33
1518.33	2995.84
1519.89	2998.29
1521.45	2998.98
1523.01	3006.31
1524.57	3009.80
1526.13	3010.49
1527.68	3012.24
1529.24	3013.63
1530.80	3015.73
1532.36	3009.80
1533.92	3007.01
1535.47	3003.52
1537.03	3005.96
1538.59	3008.40
1540.14	3006.31
1541.70	3008.05
1543.25	3009.10
1544.81	3013.28
1546.36	3006.31
1547.92	3005.61
1549.47	3004.56
1551.03	3005.96
1552.58	3004.22
1554.13	3004.22
1555.69	3007.01
1557.24	3006.66
1558.79	3004.91
1560.35	3006.31
1561.90	3007.70
1563.45	3009.80
1565.00	3007.70
1566.55	3007.70
1568.10	3004.56
1569.66	3005.96
1571.21	3005.96
1572.76	3008.40
1574.31	3004.91
1575.86	3002.12
1577.40	3000.73
1578.95	3002.12
1580.50	2997.94
1582.05	2994.80
1583.60	2988.87
1585.15	2989.91
1586.69	2992.70
1588.24	3001.08
1589.79	3001.42
1591.34	3001.77
1592.88	2992.36
1594.43	2994.45
1595.97	2992.70
1597.52	2994.80
1599.06	2991.31
1600.61	2992.70
1602.15	2992.36
1603.70	2993.40
1605.24	2988.87
1606.79	2985.73
1608.33	2984.68
1609.87	2983.98
1611.41	2987.47
1612.96	2983.64
1614.50	2980.85
1616.04	2979.80
1617.58	2982.59
1619.12	2983.98
1620.67	2974.22
1622.21	2975.96
1623.75	2972.13
1625.29	2975.26
1626.83	2974.22
1628.37	2971.08
1629.90	2968.29
1631.44	2962.71
1632.98	2958.87
1634.52	2953.99
1636.06	2951.20
1637.59	2947.71
1639.13	2941.08
1640.67	2924.34
1642.21	2914.57
1643.74	2905.16
1645.28	2893.99
1646.81	2886.32
1648.35	2870.28
1649.88	2864.70
1651.42	2850.05
1652.95	2851.44
1654.49	2840.98
1656.02	2837.49
1657.55	2824.23
1659.09	2825.63
1660.62	2818.30
1662.15	2820.05
1663.68	2810.98
1665.22	2808.19
1666.75	2802.61
1668.28	2806.45
1669.81	2802.96
1671.34	2800.86
1672.87	2795.98
1674.40	2792.84
1675.93	2786.91
1677.46	2777.15
1678.99	2772.26
1680.52	2776.10
1682.04	2776.45
1683.57	2780.63
1685.10	2772.61
1686.63	2773.31
1688.15	2765.64
1689.68	2764.94
1691.21	2759.01
1692.73	2762.50
1694.26	2760.75
1695.78	2761.80
1697.31	2755.87
1698.83	2755.52
1700.36	2751.68
1701.88	2756.22
1703.40	2753.78
1704.93	2752.38
1706.45	2744.71
