896.35	2838.88
897.98	2831.56
899.60	2834.35
901.22	2842.02
902.85	2844.46
904.47	2848.65
906.10	2848.65
907.72	2854.23
909.34	2854.58
910.97	2863.65
912.59	2865.74
914.21	2874.81
915.84	2881.44
917.46	2894.34
919.08	2895.74
920.71	2902.71
922.33	2903.06
923.95	2918.41
925.58	2917.02
927.20	2923.99
928.82	2922.60
930.44	2929.57
932.07	2925.39
933.69	2923.29
935.31	2920.85
936.93	2928.18
938.56	2928.53
940.18	2935.15
941.80	2936.20
943.42	2949.10
945.05	2947.01
946.67	2954.69
948.29	2943.87
949.91	2952.94
951.53	2951.20
953.16	2958.87
954.78	2949.10
956.40	2947.36
958.02	2940.73
959.64	2949.45
961.26	2948.41
962.88	2950.15
964.51	2949.45
966.13	2956.08
967.75	2955.38
969.37	2958.87
970.99	2951.20
972.61	2959.22
974.23	2956.43
975.85	2969.34
977.47	2965.85
979.09	2967.59
980.71	2959.57
982.33	2966.54
983.95	2968.99
985.57	2973.17
987.19	2975.96
988.81	2977.36
990.43	2974.22
992.05	2974.57
993.67	2972.13
995.29	2974.22
996.91	2974.57
998.53	2982.59
1000.15	2987.12
1001.77	2986.78
1003.39	2979.45
1005.01	2983.98
1006.63	2983.98
1008.25	2995.50
1009.86	2992.70
1011.48	2993.05
1013.10	2989.22
1014.72	2994.80
1016.34	3002.12
1017.96	3002.82
1019.58	2994.45
1021.19	2993.05
1022.81	2996.89
1024.43	3005.96
1026.05	3005.61
1027.66	3008.40
1029.28	3006.66
1030.90	3004.22
1032.52	2997.59
1034.13	3006.31
1035.75	3009.80
1037.37	3022.00
1038.98	3012.94
1040.60	3012.59
1042.22	2999.33
1043.83	3006.31
1045.45	3004.56
1047.07	3016.77
1048.68	3010.49
1050.30	3018.52
1051.92	3011.54
1053.53	3018.17
1055.15	3011.89
1056.76	3017.82
1058.38	3017.47
1059.99	3020.61
1061.61	3010.49
1063.22	3012.59
1064.84	3011.54
1066.46	3018.86
1068.07	3013.28
1069.68	3022.00
1071.30	3019.56
1072.91	3020.26
1074.53	3013.28
1076.14	3015.03
1077.76	3015.03
1079.37	3008.05
1080.98	3006.66
1082.60	3006.31
1084.21	3008.40
1085.83	3011.54
1087.44	3008.40
1089.05	3013.28
1090.67	3006.31
1092.28	3013.28
1093.89	3012.94
1095.50	3016.42
1097.12	3013.98
1098.73	3009.45
1100.34	3009.80
1101.95	3009.80
1103.57	3007.35
1105.18	3003.87
1106.79	3000.38
1108.40	3007.01
1110.01	3009.80
1111.63	3016.07
1113.24	3015.38
1114.85	3018.86
1116.46	3019.21
1118.07	3018.86
1119.68	3017.47
1121.29	3012.59
1122.90	3010.14
1124.51	3014.68
1126.12	3018.86
1127.73	3030.03
1129.34	3029.68
1130.95	3033.86
1132.56	3020.96
1134.17	3018.17
1135.78	3009.45
1137.39	3013.63
1139.00	3009.45
1140.61	3014.68
1142.22	3012.59
1143.83	3016.42
1145.44	3011.19
1147.05	3017.12
1148.65	3012.94
1150.26	3013.98
1151.87	3009.80
1153.48	3016.77
1155.09	3016.07
1156.69	3016.77
1158.30	3010.14
1159.91	3016.42
1161.52	3017.82
1163.12	3020.96
1164.73	3020.96
1166.34	3022.35
1167.94	3023.40
1169.55	3019.56
1171.16	3020.26
1172.76	3022.00
1174.37	3024.10
1175.97	3020.26
1177.58	3019.56
1179.19	3016.42
1180.79	3018.52
1182.40	3018.86
1184.00	3022.70
1185.61	3027.93
1187.21	3028.28
1188.82	3030.38
1190.42	3025.14
1192.02	3020.96
1193.63	3014.33
1195.23	3015.38
1196.84	3018.52
1198.44	3028.28
1200.04	3030.72
1201.65	3033.17
1203.25	3028.98
1204.85	3026.19
1206.46	3022.35
1208.06	3019.21
1209.66	3017.82
1211.26	3024.45
1212.87	3023.05
1214.47	3027.58
1216.07	3024.10
1217.67	3029.33
1219.27	3029.33
1220.87	3031.07
1222.48	3025.49
1224.08	3027.93
1225.68	3024.45
1227.28	3027.24
1228.88	3024.79
1230.48	3024.79
1232.08	3028.28
1233.68	3033.86
1235.28	3034.56
1236.88	3031.07
1238.48	3031.07
1240.08	3029.68
1241.68	3027.93
1243.28	3021.31
1244.87	3020.96
1246.47	3022.35
1248.07	3021.66
1249.67	3032.12
1251.27	3028.98
1252.87	3027.93
1254.46	3018.86
1256.06	3023.05
1257.66	3020.26
1259.26	3022.35
1260.85	3020.96
1262.45	3026.54
1264.05	3020.96
1265.64	3021.31
1267.24	3017.12
1268.83	3020.61
1270.43	3024.45
1272.03	3027.58
1273.62	3022.00
1275.22	3019.56
1276.81	3013.98
1278.41	3021.66
1280.00	3017.82
1281.60	3023.05
1283.19	3020.96
1284.79	3022.35
1286.38	3020.96
1287.97	3020.26
1289.57	3018.86
1291.16	3016.77
1292.75	3018.86
1294.35	3020.61
1295.94	3022.00
1297.53	3014.33
1299.12	3013.98
1300.72	3009.45
1302.31	3016.42
1303.90	3019.91
1305.49	3020.26
1307.08	3011.89
1308.68	3004.22
1310.27	3004.91
1311.86	3007.01
1313.45	3008.05
1315.04	3006.66
1316.63	3007.01
1318.22	3003.87
1319.81	3005.61
1321.40	3007.35
1322.99	3004.56
1324.58	2999.68
1326.17	2995.84
1327.75	2998.63
1329.34	3001.42
1330.93	2997.94
1332.52	2998.98
1334.11	2996.54
1335.70	2995.15
1337.28	2991.66
1338.87	2993.40
1340.46	2996.54
1342.05	2993.75
1343.63	2987.82
1345.22	2985.73
1346.81	2987.47
1348.39	2989.57
1349.98	2986.78
1351.56	2982.59
1353.15	2979.10
1354.73	2975.26
1356.32	2973.52
1357.90	2975.96
1359.49	2973.87
1361.07	2972.82
1362.66	2967.24
1364.24	2970.73
1365.82	2975.96
1367.41	2973.52
1368.99	2965.50
1370.57	2960.27
1372.16	2960.27
1373.74	2966.54
1375.32	2965.15
1376.91	2963.06
1378.49	2952.94
1380.07	2945.97
1381.65	2938.29
1383.23	2938.99
1384.81	2935.15
1386.39	2938.64
1387.97	2938.64
1389.55	2938.99
1391.14	2930.62
1392.72	2924.34
1394.29	2921.20
1395.87	2919.11
1397.45	2917.36
1399.03	2917.71
1400.61	2914.22
1402.19	2908.30
1403.77	2905.85
1405.35	2907.95
1406.92	2908.99
1408.50	2905.50
1410.08	2902.37
1411.66	2900.97
1413.23	2901.67
1414.81	2896.44
1416.39	2899.23
1417.96	2894.34
1419.54	2897.13
1421.12	2898.88
1422.69	2895.04
1424.27	2898.53
1425.84	2891.20
1427.42	2895.39
1428.99	2893.30
1430.57	2891.20
1432.14	2889.11
1433.71	2891.55
1435.29	2895.39
1436.86	2897.48
1438.43	2894.34
1440.01	2834.00
1441.58	2831.91
1443.15	2832.61
1444.72	2892.60
1446.30	2898.88
1447.87	2895.74
1449.44	2890.51
1451.01	2886.32
1452.58	2891.90
1454.15	2892.25
1455.72	2888.41
1457.29	2887.72
1458.86	2888.76
1460.43	2897.48
1462.00	2895.74
1463.57	2899.92
1465.14	2891.90
1466.71	2888.41
1468.28	2888.76
1469.85	2891.90
1471.41	2895.04
1472.98	2897.48
1474.55	2894.69
1476.12	2893.65
1477.68	2895.04
1479.25	2898.88
1480.82	2904.46
1482.38	2897.83
1483.95	2900.62
1485.51	2903.41
1487.08	2910.39
1488.64	2911.43
1490.21	2904.11
1491.77	2907.60
1493.34	2905.50
1494.90	2907.60
1496.46	2905.16
1498.03	2907.25
1499.59	2908.64
1501.15	2904.11
1502.72	2903.41
1504.28	2904.46
1505.84	2905.16
1507.40	2906.55
1508.97	2907.95
1510.53	2915.62
1512.09	2916.67
1513.65	2916.67
1515.21	2909.69
1516.77	2911.09
1518.33	2908.64
1519.89	2908.64
1521.45	2904.81
1523.01	2909.69
1524.57	2912.48
1526.13	2915.97
1527.68	2917.02
1529.24	2917.02
1530.80	2920.15
1532.36	2916.67
1533.92	2914.57
1535.47	2907.25
1537.03	2906.55
1538.59	2908.64
1540.14	2907.60
1541.70	2910.04
1543.25	2913.53
1544.81	2920.15
1546.36	2916.67
1547.92	2914.92
1549.47	2910.74
1551.03	2908.99
1552.58	2906.20
1554.13	2907.60
1555.69	2911.09
1557.24	2912.48
1558.79	2911.09
1560.35	2911.09
1561.90	2910.39
1563.45	2912.13
1565.00	2910.04
1566.55	2908.99
1568.10	2904.11
1569.66	2906.55
1571.21	2908.64
1572.76	2911.43
1574.31	2908.99
1575.86	2902.37
1577.40	2899.58
1578.95	2897.13
1580.50	2896.44
1582.05	2894.34
1583.60	2890.51
1585.15	2892.25
1586.69	2894.69
1588.24	2901.32
1589.79	2897.13
1591.34	2897.13
1592.88	2888.76
1594.43	2892.25
1595.97	2888.76
1597.52	2890.86
1599.06	2888.76
1600.61	2894.34
1602.15	2894.34
1603.70	2895.39
1605.24	2889.46
1606.79	2889.81
1608.33	2885.97
1609.87	2887.72
1611.41	2889.81
1612.96	2888.76
1614.50	2886.32
1616.04	2883.53
1617.58	2882.48
1619.12	2880.04
1620.67	2872.37
1622.21	2877.25
1623.75	2876.55
1625.29	2879.34
1626.83	2879.34
1628.37	2876.90
1629.90	2876.21
1631.44	2873.07
1632.98	2867.83
1634.52	2861.90
1636.06	2860.86
1637.59	2862.25
1639.13	2864.00
1640.67	2855.63
1642.21	2854.58
1643.74	2847.60
1645.28	2836.79
1646.81	2831.21
1648.35	2822.84
1649.88	2824.23
1651.42	2813.07
1652.95	2818.65
1654.49	2812.38
1656.02	2812.72
1657.55	2797.03
1659.09	2799.12
1660.62	2794.94
1662.15	2799.47
1663.68	2790.75
1665.22	2788.66
1666.75	2783.08
1668.28	2787.26
1669.81	2783.08
1671.34	2783.08
1672.87	2780.98
1674.40	2778.89
1675.93	2771.91
1677.46	2761.10
1678.99	2757.26
1680.52	2761.45
1682.04	2762.85
1683.57	2764.59
1685.10	2759.71
1686.63	2759.71
1688.15	2754.82
1689.68	2753.08
1691.21	2750.64
1692.73	2754.82
1694.26	2753.78
1695.78	2753.43
1697.31	2744.01
1698.83	2741.22
1700.36	2734.94
1701.88	2741.57
1703.40	2739.48
1704.93	2739.13
1706.45	2732.15
