896.35	2850.39
897.98	2843.77
899.60	2847.60
901.22	2855.98
902.85	2860.51
904.47	2862.95
906.10	2861.90
907.72	2865.04
909.34	2867.49
910.97	2876.90
912.59	2881.44
914.21	2888.41
915.84	2894.34
917.46	2913.18
919.08	2918.06
920.71	2929.92
922.33	2930.27
923.95	2949.10
925.58	2947.71
927.20	2950.85
928.82	2948.76
930.44	2955.38
932.07	2948.76
933.69	2945.62
935.31	2945.97
936.93	2957.13
938.56	2956.78
940.18	2958.87
941.80	2961.66
943.42	2977.36
945.05	2974.92
946.67	2981.19
948.29	2970.03
949.91	2983.64
951.53	2981.54
953.16	2988.52
954.78	2980.15
956.40	2980.15
958.02	2976.31
959.64	2983.29
961.26	2981.89
962.88	2983.98
964.51	2984.68
966.13	2993.75
967.75	2991.66
969.37	2992.36
970.99	2981.89
972.61	2988.87
974.23	2985.38
975.85	2995.50
977.47	2992.36
979.09	2993.05
980.71	2986.08
982.33	2990.96
983.95	2994.10
985.57	2996.54
987.19	2996.89
988.81	2999.33
990.43	2997.24
992.05	3004.22
993.67	3002.47
995.29	3003.52
996.91	3001.42
998.53	3007.35
1000.15	3015.03
1001.77	3016.77
1003.39	3014.33
1005.01	3020.26
1006.63	3020.61
1008.25	3030.72
1009.86	3027.58
1011.48	3026.89
1013.10	3021.66
1014.72	3026.54
1016.34	3034.91
1017.96	3038.40
1019.58	3034.21
1021.19	3031.07
1022.81	3034.56
1024.43	3040.14
1026.05	3037.35
1027.66	3037.70
1029.28	3035.96
1030.90	3038.40
1032.52	3032.47
1034.13	3036.65
1035.75	3036.65
1037.37	3048.16
1038.98	3043.63
1040.60	3043.63
1042.22	3035.61
1043.83	3043.28
1045.45	3043.28
1047.07	3049.21
1048.68	3039.79
1050.30	3045.37
1051.92	3038.75
1053.53	3050.61
1055.15	3044.68
1056.76	3054.44
1058.38	3051.30
1059.99	3057.23
1061.61	3050.26
1063.22	3052.35
1064.84	3047.12
1066.46	3047.47
1068.07	3041.54
1069.68	3052.35
1071.30	3052.35
1072.91	3056.88
1074.53	3050.61
1076.14	3052.00
1077.76	3048.86
1079.37	3041.89
1080.98	3037.70
1082.60	3040.49
1084.21	3044.68
1085.83	3052.35
1087.44	3043.98
1089.05	3043.63
1090.67	3034.56
1092.28	3040.14
1093.89	3040.49
1095.50	3043.63
1097.12	3045.37
1098.73	3040.84
1100.34	3039.79
1101.95	3038.05
1103.57	3037.70
1105.18	3037.35
1106.79	3037.00
1108.40	3043.28
1110.01	3046.77
1111.63	3052.70
1113.24	3052.70
1114.85	3051.65
1116.46	3047.47
1118.07	3046.77
1119.68	3047.47
1121.29	3048.16
1122.90	3046.42
1124.51	3049.56
1126.12	3047.47
1127.73	3055.49
1129.34	3056.54
1130.95	3062.12
1132.56	3048.16
1134.17	3043.28
1135.78	3037.00
1137.39	3045.37
1139.00	3041.89
1140.61	3049.21
1142.22	3048.51
1143.83	3056.54
1145.44	3049.91
1147.05	3055.14
1148.65	3048.51
1150.26	3048.51
1151.87	3043.98
1153.48	3052.70
1155.09	3056.54
1156.69	3056.54
1158.30	3046.77
1159.91	3047.82
1161.52	3047.82
1163.12	3050.95
1164.73	3050.95
1166.34	3052.00
1167.94	3056.54
1169.55	3057.23
1171.16	3060.72
1172.76	3060.02
1174.37	3057.93
1175.97	3053.05
1177.58	3055.49
1179.19	3054.09
1180.79	3056.54
1182.40	3050.26
1184.00	3053.05
1185.61	3059.33
1187.21	3061.42
1188.82	3062.12
1190.42	3059.33
1192.02	3060.02
1193.63	3057.93
1195.23	3059.67
1196.84	3062.81
1198.44	3069.79
1200.04	3068.05
1201.65	3071.53
1203.25	3068.39
1204.85	3063.86
1206.46	3057.93
1208.06	3056.19
1209.66	3060.02
1211.26	3067.70
1212.87	3064.21
1214.47	3069.79
1216.07	3064.91
1217.67	3068.39
1219.27	3062.81
1220.87	3065.26
1222.48	3063.51
1224.08	3070.49
1225.68	3069.44
1227.28	3073.98
1228.88	3071.18
1230.48	3068.05
1232.08	3066.65
1233.68	3070.84
1235.28	3073.28
1236.88	3071.88
1238.48	3069.79
1240.08	3067.00
1241.68	3067.00
1243.28	3062.81
1244.87	3060.72
1246.47	3060.37
1248.07	3056.54
1249.67	3064.21
1251.27	3060.37
1252.87	3061.42
1254.46	3054.09
1256.06	3058.28
1257.66	3053.40
1259.26	3056.54
1260.85	3050.95
1262.45	3056.19
1264.05	3052.00
1265.64	3057.23
1267.24	3055.84
1268.83	3057.93
1270.43	3058.28
1272.03	3059.33
1273.62	3053.74
1275.22	3053.74
1276.81	3049.56
1278.41	3058.28
1280.00	3053.74
1281.60	3056.88
1283.19	3052.35
1284.79	3056.19
1286.38	3058.63
1287.97	3057.93
1289.57	3052.35
1291.16	3046.07
1292.75	3049.56
1294.35	3053.40
1295.94	3056.54
1297.53	3051.65
1299.12	3052.35
1300.72	3047.82
1302.31	3051.30
1303.90	3054.79
1305.49	3056.88
1307.08	3053.40
1308.68	3043.63
1310.27	3043.63
1311.86	3042.58
1313.45	3045.02
1315.04	3043.63
1316.63	3044.33
1318.22	3040.14
1319.81	3041.54
1321.40	3041.89
1322.99	3040.14
1324.58	3034.91
1326.17	3030.72
1327.75	3033.51
1329.34	3034.91
1330.93	3030.72
1332.52	3026.19
1334.11	3023.40
1335.70	3023.75
1337.28	3024.79
1338.87	3028.63
1340.46	3027.24
1342.05	3027.24
1343.63	3020.26
1345.22	3025.49
1346.81	3024.79
1348.39	3026.89
1349.98	3019.56
1351.56	3017.82
1353.15	3018.52
1354.73	3016.07
1356.32	3009.45
1357.90	3005.61
1359.49	3004.91
1361.07	3006.66
1362.66	3000.73
1364.24	2998.63
1365.82	3000.38
1367.41	3000.38
1368.99	2997.59
1370.57	2997.24
1372.16	2996.89
1373.74	2999.68
1375.32	2995.50
1376.91	2990.26
1378.49	2981.54
1380.07	2975.26
1381.65	2968.99
1383.23	2968.99
1384.81	2963.41
1386.39	2968.29
1387.97	2963.75
1389.55	2964.45
1391.14	2955.73
1392.72	2955.73
1394.29	2953.29
1395.87	2952.94
1397.45	2951.55
1399.03	2950.50
1400.61	2947.71
1402.19	2942.83
1403.77	2945.62
1405.35	2945.27
1406.92	2945.62
1408.50	2939.69
1410.08	2938.99
1411.66	2938.99
1413.23	2941.43
1414.81	2936.90
1416.39	2938.99
1417.96	2935.50
1419.54	2939.34
1421.12	2939.34
1422.69	2934.80
1424.27	2936.90
1425.84	2930.27
1427.42	2933.41
1428.99	2933.76
1430.57	2936.20
1432.14	2935.15
1433.71	2935.50
1435.29	2936.20
1436.86	2937.59
1438.43	2933.06
1440.01	2874.11
1441.58	2873.42
1443.15	2876.21
1444.72	2933.41
1446.30	2937.25
1447.87	2933.06
1449.44	2930.27
1451.01	2929.57
1452.58	2934.80
1454.15	2936.20
1455.72	2930.62
1457.29	2932.36
1458.86	2929.57
1460.43	2936.55
1462.00	2933.76
1463.57	2940.38
1465.14	2934.11
1466.71	2930.27
1468.28	2929.22
1469.85	2932.71
1471.41	2933.76
1472.98	2935.85
1474.55	2931.66
1476.12	2929.92
1477.68	2930.62
1479.25	2932.01
1480.82	2938.99
1482.38	2933.76
1483.95	2937.94
1485.51	2942.13
1487.08	2948.76
1488.64	2947.01
1490.21	2939.34
1491.77	2939.34
1493.34	2935.85
1494.90	2934.11
1496.46	2932.71
1498.03	2936.20
1499.59	2940.73
1501.15	2941.78
1502.72	2943.18
1504.28	2944.22
1505.84	2941.08
1507.40	2946.66
1508.97	2949.45
1510.53	2955.73
1512.09	2956.08
1513.65	2953.64
1515.21	2946.66
1516.77	2945.27
1518.33	2944.22
1519.89	2945.97
1521.45	2942.48
1523.01	2946.31
1524.57	2950.50
1526.13	2952.24
1527.68	2957.48
1529.24	2955.73
1530.80	2959.57
1532.36	2951.20
1533.92	2948.76
1535.47	2941.08
1537.03	2942.83
1538.59	2946.31
1540.14	2948.41
1541.70	2952.24
1543.25	2953.64
1544.81	2957.82
1546.36	2950.15
1547.92	2951.55
1549.47	2950.50
1551.03	2953.99
1552.58	2950.15
1554.13	2949.10
1555.69	2947.71
1557.24	2946.66
1558.79	2944.57
1560.35	2944.57
1561.90	2945.62
1563.45	2944.92
1565.00	2942.83
1566.55	2941.08
1568.10	2936.20
1569.66	2937.94
1571.21	2941.43
1572.76	2945.97
1574.31	2946.31
1575.86	2939.69
1577.40	2938.29
1578.95	2933.76
1580.50	2928.53
1582.05	2923.64
1583.60	2920.50
1585.15	2924.34
1586.69	2928.18
1588.24	2933.41
1589.79	2929.22
1591.34	2930.62
1592.88	2921.55
1594.43	2926.43
1595.97	2918.41
1597.52	2922.25
1599.06	2918.06
1600.61	2925.39
1602.15	2923.99
1603.70	2923.64
1605.24	2915.27
1606.79	2911.43
1608.33	2907.95
1609.87	2912.13
1611.41	2915.27
1612.96	2915.27
1614.50	2911.09
1616.04	2912.48
1617.58	2914.22
1619.12	2914.22
1620.67	2903.76
1622.21	2902.71
1623.75	2899.23
1625.29	2901.32
1626.83	2903.06
1628.37	2900.97
1629.90	2899.23
1631.44	2895.74
1632.98	2892.25
1634.52	2888.41
1636.06	2887.37
1637.59	2887.37
1639.13	2888.76
1640.67	2879.69
1642.21	2874.11
1643.74	2861.56
1645.28	2849.70
1646.81	2845.86
1648.35	2838.19
1649.88	2836.09
1651.42	2821.79
1652.95	2824.93
1654.49	2815.86
1656.02	2815.17
1657.55	2801.56
1659.09	2802.26
1660.62	2796.68
1662.15	2800.17
1663.68	2795.28
1665.22	2793.89
1666.75	2787.61
1668.28	2792.49
1669.81	2789.35
1671.34	2791.45
1672.87	2787.61
1674.40	2785.87
1675.93	2776.80
1677.46	2767.73
1678.99	2762.50
1680.52	2766.33
1682.04	2767.03
1683.57	2769.82
1685.10	2765.29
1686.63	2765.64
1688.15	2760.40
1689.68	2759.01
1691.21	2756.57
1692.73	2757.96
1694.26	2755.52
1695.78	2753.43
1697.31	2750.29
1698.83	2752.73
1700.36	2747.85
1701.88	2752.03
1703.40	2747.85
1704.93	2748.20
1706.45	2741.57
