896.35	3032.47
897.98	3045.02
899.60	3045.02
901.22	3075.37
902.85	3059.67
904.47	3077.46
906.10	3076.42
907.72	3091.07
909.34	3097.34
910.97	3125.60
912.59	3149.66
914.21	3184.20
915.84	3206.17
917.46	3252.21
919.08	3277.33
920.71	3298.25
922.33	3310.81
923.95	3332.78
925.58	3353.71
927.20	3358.94
928.82	3358.94
930.44	3379.87
932.07	3368.36
933.69	3375.69
935.31	3388.24
936.93	3397.66
938.56	3403.94
940.18	3419.64
941.80	3409.17
943.42	3434.29
945.05	3425.91
946.67	3428.01
948.29	3431.15
949.91	3432.19
951.53	3431.15
953.16	3445.80
954.78	3429.05
956.40	3431.15
958.02	3433.24
959.64	3434.29
961.26	3428.01
962.88	3442.66
964.51	3411.26
966.13	3439.52
967.75	3435.33
969.37	3440.56
970.99	3430.10
972.61	3439.52
974.23	3430.10
975.85	3444.75
977.47	3441.61
979.09	3441.61
980.71	3426.96
982.33	3444.75
983.95	3439.52
985.57	3461.49
987.19	3452.07
988.81	3462.54
990.43	3448.94
992.05	3463.58
993.67	3475.10
995.29	3474.05
996.91	3457.31
998.53	3492.88
1000.15	3490.79
1001.77	3499.16
1003.39	3493.93
1005.01	3506.49
1006.63	3493.93
1008.25	3515.90
1009.86	3520.09
1011.48	3526.37
1013.10	3519.04
1014.72	3541.02
1016.34	3538.93
1017.96	3564.04
1019.58	3543.11
1021.19	3555.67
1022.81	3549.39
1024.43	3569.27
1026.05	3556.71
1027.66	3572.41
1029.28	3567.18
1030.90	3576.60
1032.52	3559.85
1034.13	3579.74
1035.75	3589.15
1037.37	3598.57
1038.98	3592.29
1040.60	3591.25
1042.22	3574.50
1043.83	3583.92
1045.45	3579.74
1047.07	3602.76
1048.68	3596.48
1050.30	3595.43
1051.92	3592.29
1053.53	3602.76
1055.15	3599.62
1056.76	3600.66
1058.38	3588.11
1059.99	3610.08
1061.61	3594.38
1063.22	3591.25
1064.84	3599.62
1066.46	3598.57
1068.07	3567.18
1069.68	3590.20
1071.30	3601.71
1072.91	3595.43
1074.53	3577.64
1076.14	3602.76
1077.76	3579.74
1079.37	3590.20
1080.98	3547.30
1082.60	3582.87
1084.21	3560.90
1085.83	3569.27
1087.44	3577.64
1089.05	3558.81
1090.67	3549.39
1092.28	3560.90
1093.89	3561.95
1095.50	3567.18
1097.12	3551.48
1098.73	3570.32
1100.34	3536.83
1101.95	3570.32
1103.57	3553.58
1105.18	3551.48
1106.79	3537.88
1108.40	3557.76
1110.01	3547.30
1111.63	3561.95
1113.24	3553.58
1114.85	3559.85
1116.46	3543.11
1118.07	3567.18
1119.68	3549.39
1121.29	3564.04
1122.90	3554.62
1124.51	3559.85
1126.12	3554.62
1127.73	3573.46
1129.34	3567.18
1130.95	3580.78
1132.56	3570.32
1134.17	3541.02
1135.78	3543.11
1137.39	3576.60
1139.00	3561.95
1140.61	3559.85
1142.22	3559.85
1143.83	3562.99
1145.44	3546.25
1147.05	3564.04
1148.65	3559.85
1150.26	3558.81
1151.87	3545.20
1153.48	3560.90
1155.09	3559.85
1156.69	3565.09
1158.30	3559.85
1159.91	3574.50
1161.52	3574.50
1163.12	3574.50
1164.73	3559.85
1166.34	3580.78
1167.94	3554.62
1169.55	3576.60
1171.16	3570.32
1172.76	3587.06
1174.37	3569.27
1175.97	3576.60
1177.58	3553.58
1179.19	3592.29
1180.79	3570.32
1182.40	3572.41
1184.00	3562.99
1185.61	3584.97
1187.21	3570.32
1188.82	3573.46
1190.42	3570.32
1192.02	3571.36
1193.63	3552.53
1195.23	3578.69
1196.84	3574.50
1198.44	3576.60
1200.04	3575.55
1201.65	3576.60
1203.25	3567.18
1204.85	3582.87
1206.46	3555.67
1208.06	3584.97
1209.66	3559.85
1211.26	3561.95
1212.87	3574.50
1214.47	3560.90
1216.07	3559.85
1217.67	3569.27
1219.27	3548.34
1220.87	3555.67
1222.48	3551.48
1224.08	3545.20
1225.68	3541.02
1227.28	3553.58
1228.88	3539.97
1230.48	3556.71
1232.08	3532.65
1233.68	3550.44
1235.28	3546.25
1236.88	3537.88
1238.48	3518.00
1240.08	3555.67
1241.68	3510.67
1243.28	3523.23
1244.87	3510.67
1246.47	3499.16
1248.07	3485.56
1249.67	3512.77
1251.27	3509.63
1252.87	3490.79
1254.46	3479.28
1256.06	3492.88
1257.66	3480.33
1259.26	3470.91
1260.85	3476.14
1262.45	3475.10
1264.05	3471.96
1265.64	3477.19
1267.24	3471.96
1268.83	3484.51
1270.43	3467.77
1272.03	3488.70
1273.62	3457.31
1275.22	3455.21
1276.81	3458.35
1278.41	3460.45
1280.00	3455.21
1281.60	3455.21
1283.19	3446.84
1284.79	3460.45
1286.38	3445.80
1287.97	3448.94
1289.57	3431.15
1291.16	3437.42
1292.75	3425.91
1294.35	3442.66
1295.94	3432.19
1297.53	3435.33
1299.12	3415.45
1300.72	3438.47
1302.31	3400.80
1303.90	3438.47
1305.49	3431.15
1307.08	3417.54
1308.68	3395.57
1310.27	3406.03
1311.86	3398.71
1313.45	3408.13
1315.04	3391.38
1316.63	3402.89
1318.22	3390.34
1319.81	3383.01
1321.40	3379.87
1322.99	3395.57
1324.58	3370.46
1326.17	3371.50
1327.75	3355.81
1329.34	3373.59
1330.93	3359.99
1332.52	3353.71
1334.11	3345.34
1335.70	3353.71
1337.28	3340.11
1338.87	3352.67
1340.46	3339.06
1342.05	3334.88
1343.63	3320.23
1345.22	3322.32
1346.81	3328.60
1348.39	3321.27
1349.98	3309.76
1351.56	3304.53
1353.15	3289.88
1354.73	3287.79
1356.32	3263.72
1357.90	3270.00
1359.49	3270.00
1361.07	3251.17
1362.66	3236.52
1364.24	3249.07
1365.82	3243.84
1367.41	3250.12
1368.99	3215.59
1370.57	3218.73
1372.16	3218.73
1373.74	3222.91
1375.32	3210.36
1376.91	3197.80
1378.49	3160.13
1380.07	3138.15
1381.65	3122.46
1383.23	3098.39
1384.81	3106.76
1386.39	3090.02
1387.97	3078.51
1389.55	3084.79
1391.14	3071.18
1392.72	3057.58
1394.29	3047.12
1395.87	3033.51
1397.45	3024.10
1399.03	3016.77
1400.61	3009.45
1402.19	3004.22
1403.77	2993.75
1405.35	2994.80
1406.92	2971.78
1408.50	2975.96
1410.08	2975.96
1411.66	2968.64
1413.23	2960.27
1414.81	2969.68
1416.39	2939.34
1417.96	2961.31
1419.54	2946.66
1421.12	2960.27
1422.69	2963.41
1424.27	2941.43
1425.84	2945.62
1427.42	2944.57
1428.99	2945.62
1430.57	2945.62
1432.14	2936.20
1433.71	2932.01
1435.29	2943.52
1436.86	2942.48
1438.43	2932.01
1440.01	2924.69
1441.58	2804.35
1443.15	2930.97
1444.72	2929.92
1446.30	2917.36
1447.87	2934.11
1449.44	2921.55
1451.01	2910.04
1452.58	2927.83
1454.15	2927.83
1455.72	2915.27
1457.29	2915.27
1458.86	2933.06
1460.43	2923.64
1462.00	2940.38
1463.57	2929.92
1465.14	2929.92
1466.71	2917.36
1468.28	2920.50
1469.85	2921.55
1471.41	2934.11
1472.98	2921.55
1474.55	2934.11
1476.12	2915.27
1477.68	2924.69
1479.25	2934.11
1480.82	2927.83
1482.38	2926.78
1483.95	2921.55
1485.51	2933.06
1487.08	2950.85
1488.64	2947.71
1490.21	2947.71
1491.77	2936.20
1493.34	2948.76
1494.90	2939.34
1496.46	2938.29
1498.03	2939.34
1499.59	2947.71
1501.15	2951.90
1502.72	2956.08
1504.28	2943.52
1505.84	2949.80
1507.40	2947.71
1508.97	2966.54
1510.53	2953.99
1512.09	2966.54
1513.65	2967.59
1515.21	2964.45
1516.77	2955.03
1518.33	2978.06
1519.89	2958.17
1521.45	2956.08
1523.01	2968.64
1524.57	2979.10
1526.13	2970.73
1527.68	2977.01
1529.24	2977.01
1530.80	2963.41
1532.36	2978.06
1533.92	2966.54
1535.47	2958.17
1537.03	2966.54
1538.59	2972.82
1540.14	2970.73
1541.70	2968.64
1543.25	2980.15
1544.81	2968.64
1546.36	2975.96
1547.92	2956.08
1549.47	2973.87
1551.03	2971.78
1552.58	2971.78
1554.13	2967.59
1555.69	2972.82
1557.24	2957.13
1558.79	2959.22
1560.35	2958.17
1561.90	2971.78
1563.45	2959.22
1565.00	2963.41
1566.55	2953.99
1568.10	2953.99
1569.66	2949.80
1571.21	2960.27
1572.76	2963.41
1574.31	2961.31
1575.86	2964.45
1577.40	2943.52
1578.95	2945.62
1580.50	2951.90
1582.05	2942.48
1583.60	2942.48
1585.15	2929.92
1586.69	2937.25
1588.24	2935.15
1589.79	2945.62
1591.34	2920.50
1592.88	2941.43
1594.43	2915.27
1595.97	2939.34
1597.52	2939.34
1599.06	2936.20
1600.61	2925.74
1602.15	2943.52
1603.70	2926.78
1605.24	2925.74
1606.79	2919.46
1608.33	2915.27
1609.87	2918.41
1611.41	2939.34
1612.96	2932.01
1614.50	2911.09
1616.04	2913.18
1617.58	2913.18
1619.12	2903.76
1620.67	2917.36
1622.21	2894.34
1623.75	2910.04
1625.29	2895.39
1626.83	2898.53
1628.37	2907.95
1629.90	2887.02
1631.44	2881.79
1632.98	2880.74
1634.52	2858.77
1636.06	2865.04
1637.59	2870.28
1639.13	2849.35
1640.67	2843.07
1642.21	2825.28
1643.74	2812.72
1645.28	2789.70
1646.81	2782.38
1648.35	2788.66
1649.88	2757.26
1651.42	2767.73
1652.95	2745.75
1654.49	2762.50
1656.02	2735.29
1657.55	2736.34
1659.09	2711.22
1660.62	2733.20
1662.15	2722.73
1663.68	2718.55
1665.22	2709.13
1666.75	2709.13
1668.28	2707.04
1669.81	2718.55
1671.34	2702.85
1672.87	2711.22
1674.40	2716.45
1675.93	2703.90
1677.46	2686.11
1678.99	2689.25
1680.52	2682.97
1682.04	2700.76
1683.57	2686.11
1685.10	2692.39
1686.63	2680.88
1688.15	2693.43
1689.68	2675.65
1691.21	2676.69
1692.73	2677.74
1694.26	2682.97
1695.78	2674.60
1697.31	2679.83
1698.83	2671.46
1700.36	2674.60
1701.88	2665.18
1703.40	2679.83
1704.93	2669.37
1706.45	2668.32
