896.35	2656.81
897.98	2653.67
899.60	2657.86
901.22	2666.23
902.85	2655.76
904.47	2659.95
906.10	2673.55
907.72	2656.81
909.34	2673.55
910.97	2666.23
912.59	2675.65
914.21	2663.09
915.84	2665.18
917.46	2670.41
919.08	2684.02
920.71	2671.46
922.33	2700.76
923.95	2679.83
925.58	2707.04
927.20	2674.60
928.82	2689.25
930.44	2691.34
932.07	2689.25
933.69	2659.95
935.31	2691.34
936.93	2675.65
938.56	2696.57
940.18	2691.34
941.80	2695.53
943.42	2687.16
945.05	2714.36
946.67	2681.92
948.29	2699.71
949.91	2685.06
951.53	2713.32
953.16	2696.57
954.78	2711.22
956.40	2691.34
958.02	2708.08
959.64	2696.57
961.26	2713.32
962.88	2691.34
964.51	2694.48
966.13	2708.08
967.75	2715.41
969.37	2690.29
970.99	2702.85
972.61	2695.53
974.23	2699.71
975.85	2695.53
977.47	2710.18
979.09	2702.85
980.71	2702.85
982.33	2693.43
983.95	2721.69
985.57	2711.22
987.19	2713.32
988.81	2712.27
990.43	2719.59
992.05	2695.53
993.67	2715.41
995.29	2701.81
996.91	2710.18
998.53	2716.45
1000.15	2715.41
1001.77	2690.29
1003.39	2720.64
1005.01	2700.76
1006.63	2718.55
1008.25	2705.99
1009.86	2721.69
1011.48	2702.85
1013.10	2719.59
1014.72	2717.50
1016.34	2731.10
1017.96	2715.41
1019.58	2711.22
1021.19	2701.81
1022.81	2721.69
1024.43	2715.41
1026.05	2716.45
1027.66	2712.27
1029.28	2724.83
1030.90	2704.94
1032.52	2714.36
1034.13	2711.22
1035.75	2731.10
1037.37	2707.04
1038.98	2725.87
1040.60	2705.99
1042.22	2704.94
1043.83	2702.85
1045.45	2719.59
1047.07	2707.04
1048.68	2726.92
1050.30	2698.67
1051.92	2734.24
1053.53	2709.13
1055.15	2726.92
1056.76	2703.90
1058.38	2722.73
1059.99	2718.55
1061.61	2729.01
1063.22	2698.67
1064.84	2724.83
1066.46	2701.81
1068.07	2717.50
1069.68	2707.04
1071.30	2740.52
1072.91	2712.27
1074.53	2726.92
1076.14	2720.64
1077.76	2720.64
1079.37	2715.41
1080.98	2712.27
1082.60	2712.27
1084.21	2726.92
1085.83	2713.32
1087.44	2732.15
1089.05	2707.04
1090.67	2726.92
1092.28	2711.22
1093.89	2732.15
1095.50	2716.45
1097.12	2727.97
1098.73	2719.59
1100.34	2712.27
1101.95	2710.18
1103.57	2725.87
1105.18	2714.36
1106.79	2718.55
1108.40	2713.32
1110.01	2726.92
1111.63	2720.64
1113.24	2730.06
1114.85	2720.64
1116.46	2727.97
1118.07	2723.78
1119.68	2731.10
1121.29	2723.78
1122.90	2720.64
1124.51	2712.27
1126.12	2739.48
1127.73	2725.87
1129.34	2740.52
1130.95	2722.73
1132.56	2733.20
1134.17	2700.76
1135.78	2721.69
1137.39	2727.97
1139.00	2720.64
1140.61	2707.04
1142.22	2730.06
1143.83	2718.55
1145.44	2727.97
1147.05	2716.45
1148.65	2733.20
1150.26	2715.41
1151.87	2720.64
1153.48	2714.36
1155.09	2742.62
1156.69	2725.87
1158.30	2716.45
1159.91	2705.99
1161.52	2725.87
1163.12	2720.64
1164.73	2721.69
1166.34	2722.73
1167.94	2725.87
1169.55	2719.59
1171.16	2737.38
1172.76	2721.69
1174.37	2733.20
1175.97	2716.45
1177.58	2703.90
1179.19	2714.36
1180.79	2721.69
1182.40	2717.50
1184.00	2718.55
1185.61	2726.92
1187.21	2735.29
1188.82	2716.45
1190.42	2727.97
1192.02	2714.36
1193.63	2717.50
1195.23	2722.73
1196.84	2725.87
1198.44	2707.04
1200.04	2736.34
1201.65	2721.69
1203.25	2726.92
1204.85	2727.97
1206.46	2718.55
1208.06	2716.45
1209.66	2720.64
1211.26	2715.41
1212.87	2740.52
1214.47	2710.18
1216.07	2722.73
1217.67	2718.55
1219.27	2726.92
1220.87	2716.45
1222.48	2730.06
1224.08	2716.45
1225.68	2729.01
1227.28	2712.27
1228.88	2720.64
1230.48	2721.69
1232.08	2718.55
1233.68	2727.97
1235.28	2739.48
1236.88	2720.64
1238.48	2721.69
1240.08	2737.38
1241.68	2713.32
1243.28	2721.69
1244.87	2725.87
1246.47	2715.41
1248.07	2730.06
1249.67	2727.97
1251.27	2743.66
1252.87	2718.55
1254.46	2725.87
1256.06	2713.32
1257.66	2722.73
1259.26	2710.18
1260.85	2725.87
1262.45	2715.41
1264.05	2735.29
1265.64	2715.41
1267.24	2718.55
1268.83	2715.41
1270.43	2718.55
1272.03	2725.87
1273.62	2723.78
1275.22	2705.99
1276.81	2723.78
1278.41	2710.18
1280.00	2726.92
1281.60	2711.22
1283.19	2717.50
1284.79	2714.36
1286.38	2724.83
1287.97	2724.83
1289.57	2716.45
1291.16	2712.27
1292.75	2713.32
1294.35	2714.36
1295.94	2721.69
1297.53	2725.87
1299.12	2714.36
1300.72	2725.87
1302.31	2702.85
1303.90	2721.69
1305.49	2731.10
1307.08	2708.08
1308.68	2715.41
1310.27	2710.18
1311.86	2718.55
1313.45	2705.99
1315.04	2719.59
1316.63	2718.55
1318.22	2721.69
1319.81	2699.71
1321.40	2707.04
1322.99	2717.50
1324.58	2710.18
1326.17	2708.08
1327.75	2709.13
1329.34	2709.13
1330.93	2712.27
1332.52	2698.67
1334.11	2707.04
1335.70	2705.99
1337.28	2699.71
1338.87	2711.22
1340.46	2719.59
1342.05	2701.81
1343.63	2710.18
1345.22	2705.99
1346.81	2724.83
1348.39	2708.08
1349.98	2714.36
1351.56	2715.41
1353.15	2714.36
1354.73	2710.18
1356.32	2703.90
1357.90	2695.53
1359.49	2711.22
1361.07	2707.04
1362.66	2716.45
1364.24	2713.32
1365.82	2714.36
1367.41	2712.27
1368.99	2701.81
1370.57	2693.43
1372.16	2700.76
1373.74	2710.18
1375.32	2722.73
1376.91	2705.99
1378.49	2702.85
1380.07	2700.76
1381.65	2715.41
1383.23	2701.81
1384.81	2705.99
1386.39	2699.71
1387.97	2704.94
1389.55	2693.43
1391.14	2696.57
1392.72	2695.53
1394.29	2702.85
1395.87	2705.99
1397.45	2697.62
1399.03	2700.76
1400.61	2707.04
1402.19	2699.71
1403.77	2691.34
1405.35	2712.27
1406.92	2698.67
1408.50	2701.81
1410.08	2715.41
1411.66	2700.76
1413.23	2702.85
1414.81	2711.22
1416.39	2697.62
1417.96	2709.13
1419.54	2701.81
1421.12	2701.81
1422.69	2713.32
1424.27	2697.62
1425.84	2709.13
1427.42	2697.62
1428.99	2704.94
1430.57	2714.36
1432.14	2704.94
1433.71	2703.90
1435.29	2714.36
1436.86	2710.18
1438.43	2715.41
1440.01	2698.67
1441.58	2583.56
1443.15	2701.81
1444.72	2707.04
1446.30	2697.62
1447.87	2712.27
1449.44	2703.90
1451.01	2698.67
1452.58	2712.27
1454.15	2710.18
1455.72	2699.71
1457.29	2701.81
1458.86	2710.18
1460.43	2700.76
1462.00	2723.78
1463.57	2714.36
1465.14	2709.13
1466.71	2703.90
1468.28	2699.71
1469.85	2717.50
1471.41	2713.32
1472.98	2705.99
1474.55	2718.55
1476.12	2703.90
1477.68	2700.76
1479.25	2716.45
1480.82	2701.81
1482.38	2702.85
1483.95	2697.62
1485.51	2717.50
1487.08	2719.59
1488.64	2703.90
1490.21	2704.94
1491.77	2686.11
1493.34	2709.13
1494.90	2695.53
1496.46	2699.71
1498.03	2702.85
1499.59	2703.90
1501.15	2703.90
1502.72	2695.53
1504.28	2700.76
1505.84	2693.43
1507.40	2703.90
1508.97	2709.13
1510.53	2703.90
1512.09	2709.13
1513.65	2716.45
1515.21	2712.27
1516.77	2692.39
1518.33	2714.36
1519.89	2703.90
1521.45	2692.39
1523.01	2699.71
1524.57	2701.81
1526.13	2703.90
1527.68	2705.99
1529.24	2707.04
1530.80	2691.34
1532.36	2711.22
1533.92	2700.76
1535.47	2695.53
1537.03	2696.57
1538.59	2700.76
1540.14	2690.29
1541.70	2690.29
1543.25	2710.18
1544.81	2705.99
1546.36	2704.94
1547.92	2695.53
1549.47	2705.99
1551.03	2695.53
1552.58	2682.97
1554.13	2689.25
1555.69	2691.34
1557.24	2688.20
1558.79	2682.97
1560.35	2685.06
1561.90	2695.53
1563.45	2690.29
1565.00	2685.06
1566.55	2684.02
1568.10	2684.02
1569.66	2680.88
1571.21	2695.53
1572.76	2700.76
1574.31	2693.43
1575.86	2692.39
1577.40	2681.92
1578.95	2688.20
1580.50	2682.97
1582.05	2673.55
1583.60	2669.37
1585.15	2668.32
1586.69	2671.46
1588.24	2679.83
1589.79	2682.97
1591.34	2659.95
1592.88	2688.20
1594.43	2668.32
1595.97	2674.60
1597.52	2677.74
1599.06	2679.83
1600.61	2670.41
1602.15	2687.16
1603.70	2679.83
1605.24	2676.69
1606.79	2674.60
1608.33	2659.95
1609.87	2664.13
1611.41	2676.69
1612.96	2678.78
1614.50	2654.72
1616.04	2662.04
1617.58	2677.74
1619.12	2670.41
1620.67	2671.46
1622.21	2641.11
1623.75	2670.41
1625.29	2661.00
1626.83	2665.18
1628.37	2677.74
1629.90	2661.00
1631.44	2659.95
1632.98	2658.90
1634.52	2653.67
1636.06	2652.62
1637.59	2679.83
1639.13	2671.46
1640.67	2668.32
1642.21	2662.04
1643.74	2674.60
1645.28	2659.95
1646.81	2658.90
1648.35	2669.37
1649.88	2646.35
1651.42	2663.09
1652.95	2645.30
1654.49	2672.51
1656.02	2653.67
1657.55	2657.86
1659.09	2643.21
1660.62	2658.90
1662.15	2653.67
1663.68	2655.76
1665.22	2645.30
1666.75	2641.11
1668.28	2643.21
1669.81	2661.00
1671.34	2647.39
1672.87	2654.72
1674.40	2654.72
1675.93	2646.35
1677.46	2636.93
1678.99	2628.56
1680.52	2630.65
1682.04	2649.49
1683.57	2635.88
1685.10	2646.35
1686.63	2628.56
1688.15	2634.84
1689.68	2623.33
1691.21	2634.84
1692.73	2636.93
1694.26	2643.21
1695.78	2633.79
1697.31	2641.11
1698.83	2623.33
1700.36	2640.07
1701.88	2622.28
1703.40	2635.88
1704.93	2619.14
1706.45	2624.37
