896.35	2956.08
897.98	2961.31
899.60	2965.50
901.22	2989.57
902.85	2984.33
904.47	2996.89
906.10	3003.17
907.72	3001.08
909.34	3017.82
910.97	3025.14
912.59	3045.02
914.21	3071.18
915.84	3094.21
917.46	3132.92
919.08	3149.66
920.71	3162.22
922.33	3187.34
923.95	3192.57
925.58	3209.31
927.20	3208.26
928.82	3225.01
930.44	3241.75
932.07	3236.52
933.69	3230.24
935.31	3233.38
936.93	3253.26
938.56	3256.40
940.18	3264.77
941.80	3258.49
943.42	3271.05
945.05	3273.14
946.67	3265.82
948.29	3278.37
949.91	3274.19
951.53	3285.70
953.16	3291.98
954.78	3287.79
956.40	3275.23
958.02	3271.05
959.64	3276.28
961.26	3276.28
962.88	3278.37
964.51	3271.05
966.13	3298.25
967.75	3290.93
969.37	3275.23
970.99	3274.19
972.61	3272.09
974.23	3277.33
975.85	3285.70
977.47	3289.88
979.09	3279.42
980.71	3276.28
982.33	3285.70
983.95	3283.60
985.57	3293.02
987.19	3281.51
988.81	3305.58
990.43	3301.39
992.05	3302.44
993.67	3313.95
995.29	3310.81
996.91	3298.25
998.53	3323.37
1000.15	3327.55
1001.77	3332.78
1003.39	3339.06
1005.01	3336.97
1006.63	3344.30
1008.25	3334.88
1009.86	3347.43
1011.48	3346.39
1013.10	3347.43
1014.72	3367.32
1016.34	3372.55
1017.96	3377.78
1019.58	3356.85
1021.19	3352.67
1022.81	3357.90
1024.43	3377.78
1026.05	3371.50
1027.66	3396.62
1029.28	3385.10
1030.90	3385.10
1032.52	3367.32
1034.13	3386.15
1035.75	3395.57
1037.37	3397.66
1038.98	3406.03
1040.60	3400.80
1042.22	3378.83
1043.83	3393.48
1045.45	3395.57
1047.07	3400.80
1048.68	3402.89
1050.30	3390.34
1051.92	3410.22
1053.53	3409.17
1055.15	3408.13
1056.76	3404.99
1058.38	3403.94
1059.99	3411.26
1061.61	3406.03
1063.22	3399.75
1064.84	3398.71
1066.46	3401.85
1068.07	3399.75
1069.68	3396.62
1071.30	3407.08
1072.91	3393.48
1074.53	3392.43
1076.14	3400.80
1077.76	3393.48
1079.37	3396.62
1080.98	3366.27
1082.60	3383.01
1084.21	3387.20
1085.83	3392.43
1087.44	3383.01
1089.05	3369.41
1090.67	3369.41
1092.28	3373.59
1093.89	3377.78
1095.50	3378.83
1097.12	3381.97
1098.73	3380.92
1100.34	3369.41
1101.95	3373.59
1103.57	3374.64
1105.18	3369.41
1106.79	3361.04
1108.40	3372.55
1110.01	3370.46
1111.63	3376.73
1113.24	3374.64
1114.85	3371.50
1116.46	3372.55
1118.07	3385.10
1119.68	3373.59
1121.29	3381.97
1122.90	3370.46
1124.51	3371.50
1126.12	3384.06
1127.73	3386.15
1129.34	3388.24
1130.95	3386.15
1132.56	3384.06
1134.17	3359.99
1135.78	3374.64
1137.39	3384.06
1139.00	3371.50
1140.61	3375.69
1142.22	3381.97
1143.83	3384.06
1145.44	3381.97
1147.05	3373.59
1148.65	3377.78
1150.26	3368.36
1151.87	3362.08
1153.48	3367.32
1155.09	3374.64
1156.69	3379.87
1158.30	3362.08
1159.91	3366.27
1161.52	3378.83
1163.12	3384.06
1164.73	3370.46
1166.34	3378.83
1167.94	3369.41
1169.55	3379.87
1171.16	3376.73
1172.76	3386.15
1174.37	3375.69
1175.97	3389.29
1177.58	3367.32
1179.19	3386.15
1180.79	3367.32
1182.40	3385.10
1184.00	3374.64
1185.61	3389.29
1187.21	3384.06
1188.82	3378.83
1190.42	3392.43
1192.02	3384.06
1193.63	3373.59
1195.23	3372.55
1196.84	3376.73
1198.44	3385.10
1200.04	3393.48
1201.65	3380.92
1203.25	3373.59
1204.85	3376.73
1206.46	3366.27
1208.06	3368.36
1209.66	3366.27
1211.26	3359.99
1212.87	3383.01
1214.47	3369.41
1216.07	3364.18
1217.67	3368.36
1219.27	3362.08
1220.87	3363.13
1222.48	3363.13
1224.08	3353.71
1225.68	3351.62
1227.28	3355.81
1228.88	3349.53
1230.48	3357.90
1232.08	3328.60
1233.68	3346.39
1235.28	3344.30
1236.88	3330.69
1238.48	3328.60
1240.08	3349.53
1241.68	3326.51
1243.28	3329.65
1244.87	3316.04
1246.47	3312.90
1248.07	3306.62
1249.67	3315.00
1251.27	3313.95
1252.87	3308.72
1254.46	3296.16
1256.06	3300.35
1257.66	3296.16
1259.26	3296.16
1260.85	3304.53
1262.45	3301.39
1264.05	3302.44
1265.64	3302.44
1267.24	3304.53
1268.83	3296.16
1270.43	3288.84
1272.03	3309.76
1273.62	3291.98
1275.22	3284.65
1276.81	3294.07
1278.41	3289.88
1280.00	3286.74
1281.60	3279.42
1283.19	3268.95
1284.79	3273.14
1286.38	3267.91
1287.97	3281.51
1289.57	3259.54
1291.16	3260.58
1292.75	3252.21
1294.35	3260.58
1295.94	3262.68
1297.53	3260.58
1299.12	3251.17
1300.72	3264.77
1302.31	3248.03
1303.90	3263.72
1305.49	3265.82
1307.08	3249.07
1308.68	3241.75
1310.27	3243.84
1311.86	3236.52
1313.45	3236.52
1315.04	3232.33
1316.63	3236.52
1318.22	3231.28
1319.81	3221.87
1321.40	3213.50
1322.99	3221.87
1324.58	3208.26
1326.17	3218.73
1327.75	3210.36
1329.34	3212.45
1330.93	3201.98
1332.52	3200.94
1334.11	3200.94
1335.70	3197.80
1337.28	3183.15
1338.87	3187.34
1340.46	3188.38
1342.05	3180.01
1343.63	3175.82
1345.22	3177.92
1346.81	3182.10
1348.39	3171.64
1349.98	3168.50
1351.56	3152.80
1353.15	3149.66
1354.73	3153.85
1356.32	3133.97
1357.90	3129.78
1359.49	3132.92
1361.07	3118.27
1362.66	3116.18
1364.24	3121.41
1365.82	3113.04
1367.41	3120.37
1368.99	3100.48
1370.57	3090.02
1372.16	3092.11
1373.74	3093.16
1375.32	3086.88
1376.91	3078.51
1378.49	3049.21
1380.07	3030.38
1381.65	3030.38
1383.23	3001.08
1384.81	3003.17
1386.39	2998.98
1387.97	2992.70
1389.55	2988.52
1391.14	2980.15
1392.72	2965.50
1394.29	2955.03
1395.87	2943.52
1397.45	2938.29
1399.03	2936.20
1400.61	2925.74
1402.19	2928.87
1403.77	2917.36
1405.35	2933.06
1406.92	2911.09
1408.50	2908.99
1410.08	2907.95
1411.66	2899.58
1413.23	2897.48
1414.81	2899.58
1416.39	2877.60
1417.96	2890.16
1419.54	2884.93
1421.12	2897.48
1422.69	2893.30
1424.27	2875.51
1425.84	2887.02
1427.42	2884.93
1428.99	2879.69
1430.57	2877.60
1432.14	2874.46
1433.71	2878.65
1435.29	2887.02
1436.86	2882.83
1438.43	2881.79
1440.01	2874.46
1441.58	2756.22
1443.15	2873.42
1444.72	2871.32
1446.30	2869.23
1447.87	2879.69
1449.44	2868.18
1451.01	2853.53
1452.58	2872.37
1454.15	2877.60
1455.72	2860.86
1457.29	2866.09
1458.86	2875.51
1460.43	2867.14
1462.00	2878.65
1463.57	2868.18
1465.14	2876.55
1466.71	2865.04
1468.28	2872.37
1469.85	2870.28
1471.41	2877.60
1472.98	2874.46
1474.55	2881.79
1476.12	2853.53
1477.68	2860.86
1479.25	2877.60
1480.82	2869.23
1482.38	2874.46
1483.95	2867.14
1485.51	2884.93
1487.08	2890.16
1488.64	2890.16
1490.21	2895.39
1491.77	2880.74
1493.34	2882.83
1494.90	2873.42
1496.46	2876.55
1498.03	2882.83
1499.59	2887.02
1501.15	2882.83
1502.72	2884.93
1504.28	2893.30
1505.84	2890.16
1507.40	2889.11
1508.97	2903.76
1510.53	2900.62
1512.09	2912.13
1513.65	2903.76
1515.21	2901.67
1516.77	2881.79
1518.33	2902.71
1519.89	2901.67
1521.45	2897.48
1523.01	2899.58
1524.57	2907.95
1526.13	2899.58
1527.68	2902.71
1529.24	2919.46
1530.80	2908.99
1532.36	2914.22
1533.92	2905.85
1535.47	2893.30
1537.03	2898.53
1538.59	2901.67
1540.14	2894.34
1541.70	2890.16
1543.25	2906.90
1544.81	2910.04
1546.36	2911.09
1547.92	2896.44
1549.47	2912.13
1551.03	2900.62
1552.58	2895.39
1554.13	2896.44
1555.69	2910.04
1557.24	2896.44
1558.79	2893.30
1560.35	2894.34
1561.90	2903.76
1563.45	2892.25
1565.00	2891.20
1566.55	2881.79
1568.10	2882.83
1569.66	2878.65
1571.21	2891.20
1572.76	2894.34
1574.31	2889.11
1575.86	2888.06
1577.40	2880.74
1578.95	2890.16
1580.50	2883.88
1582.05	2875.51
1583.60	2878.65
1585.15	2870.28
1586.69	2873.42
1588.24	2880.74
1589.79	2883.88
1591.34	2860.86
1592.88	2880.74
1594.43	2856.67
1595.97	2878.65
1597.52	2869.23
1599.06	2869.23
1600.61	2857.72
1602.15	2875.51
1603.70	2860.86
1605.24	2861.90
1606.79	2862.95
1608.33	2851.44
1609.87	2851.44
1611.41	2857.72
1612.96	2865.04
1614.50	2843.07
1616.04	2850.39
1617.58	2852.49
1619.12	2839.93
1620.67	2852.49
1622.21	2826.33
1623.75	2851.44
1625.29	2823.19
1626.83	2830.51
1628.37	2848.30
1629.90	2824.23
1631.44	2823.19
1632.98	2827.37
1634.52	2808.54
1636.06	2804.35
1637.59	2814.82
1639.13	2795.98
1640.67	2791.80
1642.21	2783.42
1643.74	2781.33
1645.28	2764.59
1646.81	2749.94
1648.35	2756.22
1649.88	2736.34
1651.42	2741.57
1652.95	2724.83
1654.49	2742.62
1656.02	2723.78
1657.55	2730.06
1659.09	2708.08
1660.62	2718.55
1662.15	2698.67
1663.68	2700.76
1665.22	2695.53
1666.75	2695.53
1668.28	2689.25
1669.81	2711.22
1671.34	2693.43
1672.87	2702.85
1674.40	2695.53
1675.93	2681.92
1677.46	2673.55
1678.99	2678.78
1680.52	2678.78
1682.04	2682.97
1683.57	2675.65
1685.10	2680.88
1686.63	2670.41
1688.15	2679.83
1689.68	2671.46
1691.21	2665.18
1692.73	2672.51
1694.26	2679.83
1695.78	2672.51
1697.31	2674.60
1698.83	2661.00
1700.36	2662.04
1701.88	2656.81
1703.40	2671.46
1704.93	2663.09
1706.45	2653.67
