896.35	2900.62
897.98	2905.85
899.60	2912.13
901.22	2937.25
902.85	2929.92
904.47	2939.34
906.10	2947.71
907.72	2942.48
909.34	2956.08
910.97	2973.87
912.59	2988.52
914.21	3000.03
915.84	3014.68
917.46	3053.40
919.08	3080.60
920.71	3083.74
922.33	3097.34
923.95	3101.53
925.58	3127.69
927.20	3119.32
928.82	3130.83
930.44	3149.66
932.07	3143.39
933.69	3132.92
935.31	3140.25
936.93	3153.85
938.56	3162.22
940.18	3165.36
941.80	3153.85
943.42	3170.59
945.05	3182.10
946.67	3169.55
948.29	3174.78
949.91	3176.87
951.53	3190.47
953.16	3197.80
954.78	3188.38
956.40	3174.78
958.02	3184.20
959.64	3182.10
961.26	3186.29
962.88	3185.24
964.51	3175.82
966.13	3192.57
967.75	3186.29
969.37	3171.64
970.99	3175.82
972.61	3182.10
974.23	3186.29
975.85	3184.20
977.47	3184.20
979.09	3181.06
980.71	3178.96
982.33	3191.52
983.95	3200.94
985.57	3204.08
987.19	3192.57
988.81	3205.12
990.43	3198.85
992.05	3186.29
993.67	3209.31
995.29	3206.17
996.91	3196.75
998.53	3221.87
1000.15	3221.87
1001.77	3227.10
1003.39	3228.14
1005.01	3226.05
1006.63	3233.38
1008.25	3237.56
1009.86	3249.07
1011.48	3241.75
1013.10	3231.28
1014.72	3255.35
1016.34	3260.58
1017.96	3273.14
1019.58	3262.68
1021.19	3256.40
1022.81	3267.91
1024.43	3277.33
1026.05	3264.77
1027.66	3278.37
1029.28	3281.51
1030.90	3276.28
1032.52	3266.86
1034.13	3287.79
1035.75	3291.98
1037.37	3287.79
1038.98	3296.16
1040.60	3284.65
1042.22	3284.65
1043.83	3289.88
1045.45	3289.88
1047.07	3289.88
1048.68	3298.25
1050.30	3291.98
1051.92	3302.44
1053.53	3294.07
1055.15	3289.88
1056.76	3282.56
1058.38	3288.84
1059.99	3288.84
1061.61	3289.88
1063.22	3284.65
1064.84	3291.98
1066.46	3283.60
1068.07	3278.37
1069.68	3279.42
1071.30	3293.02
1072.91	3285.70
1074.53	3286.74
1076.14	3298.25
1077.76	3286.74
1079.37	3285.70
1080.98	3255.35
1082.60	3271.05
1084.21	3279.42
1085.83	3270.00
1087.44	3281.51
1089.05	3266.86
1090.67	3268.95
1092.28	3264.77
1093.89	3268.95
1095.50	3265.82
1097.12	3255.35
1098.73	3270.00
1100.34	3248.03
1101.95	3271.05
1103.57	3265.82
1105.18	3256.40
1106.79	3248.03
1108.40	3273.14
1110.01	3263.72
1111.63	3265.82
1113.24	3272.09
1114.85	3273.14
1116.46	3257.44
1118.07	3265.82
1119.68	3251.17
1121.29	3268.95
1122.90	3256.40
1124.51	3262.68
1126.12	3270.00
1127.73	3275.23
1129.34	3270.00
1130.95	3279.42
1132.56	3281.51
1134.17	3255.35
1135.78	3253.26
1137.39	3272.09
1139.00	3253.26
1140.61	3262.68
1142.22	3274.19
1143.83	3264.77
1145.44	3262.68
1147.05	3260.58
1148.65	3260.58
1150.26	3253.26
1151.87	3260.58
1153.48	3274.19
1155.09	3264.77
1156.69	3266.86
1158.30	3260.58
1159.91	3260.58
1161.52	3271.05
1163.12	3277.33
1164.73	3266.86
1166.34	3275.23
1167.94	3270.00
1169.55	3278.37
1171.16	3265.82
1172.76	3273.14
1174.37	3270.00
1175.97	3287.79
1177.58	3263.72
1179.19	3279.42
1180.79	3266.86
1182.40	3273.14
1184.00	3260.58
1185.61	3273.14
1187.21	3284.65
1188.82	3274.19
1190.42	3270.00
1192.02	3268.95
1193.63	3263.72
1195.23	3272.09
1196.84	3267.91
1198.44	3271.05
1200.04	3276.28
1201.65	3272.09
1203.25	3265.82
1204.85	3274.19
1206.46	3255.35
1208.06	3259.54
1209.66	3256.40
1211.26	3259.54
1212.87	3274.19
1214.47	3252.21
1216.07	3260.58
1217.67	3261.63
1219.27	3257.44
1220.87	3264.77
1222.48	3262.68
1224.08	3255.35
1225.68	3259.54
1227.28	3256.40
1228.88	3248.03
1230.48	3264.77
1232.08	3245.93
1233.68	3253.26
1235.28	3257.44
1236.88	3245.93
1238.48	3238.61
1240.08	3260.58
1241.68	3223.96
1243.28	3226.05
1244.87	3223.96
1246.47	3219.77
1248.07	3219.77
1249.67	3232.33
1251.27	3243.84
1252.87	3215.59
1254.46	3214.54
1256.06	3214.54
1257.66	3215.59
1259.26	3199.89
1260.85	3206.17
1262.45	3198.85
1264.05	3198.85
1265.64	3196.75
1267.24	3200.94
1268.83	3205.12
1270.43	3191.52
1272.03	3204.08
1273.62	3192.57
1275.22	3190.47
1276.81	3199.89
1278.41	3195.71
1280.00	3198.85
1281.60	3193.61
1283.19	3188.38
1284.79	3203.03
1286.38	3191.52
1287.97	3191.52
1289.57	3175.82
1291.16	3173.73
1292.75	3166.41
1294.35	3175.82
1295.94	3169.55
1297.53	3177.92
1299.12	3163.27
1300.72	3177.92
1302.31	3146.53
1303.90	3173.73
1305.49	3181.06
1307.08	3167.45
1308.68	3148.62
1310.27	3146.53
1311.86	3153.85
1313.45	3153.85
1315.04	3152.80
1316.63	3148.62
1318.22	3148.62
1319.81	3141.29
1321.40	3135.02
1322.99	3146.53
1324.58	3128.74
1326.17	3128.74
1327.75	3121.41
1329.34	3135.02
1330.93	3122.46
1332.52	3123.50
1334.11	3117.23
1335.70	3119.32
1337.28	3106.76
1338.87	3109.90
1340.46	3101.53
1342.05	3100.48
1343.63	3098.39
1345.22	3093.16
1346.81	3104.67
1348.39	3094.21
1349.98	3095.25
1351.56	3085.83
1353.15	3083.74
1354.73	3081.65
1356.32	3068.05
1357.90	3069.09
1359.49	3069.09
1361.07	3052.35
1362.66	3040.84
1364.24	3048.16
1365.82	3058.63
1367.41	3060.72
1368.99	3036.65
1370.57	3030.38
1372.16	3038.75
1373.74	3034.56
1375.32	3032.47
1376.91	3016.77
1378.49	2998.98
1380.07	2978.06
1381.65	2973.87
1383.23	2950.85
1384.81	2956.08
1386.39	2953.99
1387.97	2960.27
1389.55	2947.71
1391.14	2940.38
1392.72	2925.74
1394.29	2920.50
1395.87	2919.46
1397.45	2917.36
1399.03	2906.90
1400.61	2907.95
1402.19	2894.34
1403.77	2881.79
1405.35	2896.44
1406.92	2887.02
1408.50	2883.88
1410.08	2887.02
1411.66	2881.79
1413.23	2879.69
1414.81	2885.97
1416.39	2871.32
1417.96	2865.04
1419.54	2858.77
1421.12	2871.32
1422.69	2875.51
1424.27	2860.86
1425.84	2864.00
1427.42	2864.00
1428.99	2865.04
1430.57	2867.14
1432.14	2859.81
1433.71	2857.72
1435.29	2860.86
1436.86	2869.23
1438.43	2864.00
1440.01	2862.95
1441.58	2731.10
1443.15	2853.53
1444.72	2860.86
1446.30	2851.44
1447.87	2864.00
1449.44	2847.26
1451.01	2840.98
1452.58	2857.72
1454.15	2859.81
1455.72	2851.44
1457.29	2851.44
1458.86	2858.77
1460.43	2842.02
1462.00	2866.09
1463.57	2847.26
1465.14	2846.21
1466.71	2837.84
1468.28	2850.39
1469.85	2850.39
1471.41	2856.67
1472.98	2851.44
1474.55	2860.86
1476.12	2845.16
1477.68	2850.39
1479.25	2862.95
1480.82	2849.35
1482.38	2857.72
1483.95	2856.67
1485.51	2865.04
1487.08	2874.46
1488.64	2857.72
1490.21	2857.72
1491.77	2843.07
1493.34	2865.04
1494.90	2855.63
1496.46	2852.49
1498.03	2859.81
1499.59	2866.09
1501.15	2867.14
1502.72	2870.28
1504.28	2862.95
1505.84	2860.86
1507.40	2852.49
1508.97	2866.09
1510.53	2860.86
1512.09	2874.46
1513.65	2874.46
1515.21	2875.51
1516.77	2864.00
1518.33	2878.65
1519.89	2873.42
1521.45	2875.51
1523.01	2874.46
1524.57	2880.74
1526.13	2882.83
1527.68	2872.37
1529.24	2876.55
1530.80	2876.55
1532.36	2881.79
1533.92	2878.65
1535.47	2865.04
1537.03	2862.95
1538.59	2873.42
1540.14	2865.04
1541.70	2855.63
1543.25	2876.55
1544.81	2880.74
1546.36	2881.79
1547.92	2855.63
1549.47	2870.28
1551.03	2871.32
1552.58	2869.23
1554.13	2859.81
1555.69	2873.42
1557.24	2859.81
1558.79	2856.67
1560.35	2849.35
1561.90	2865.04
1563.45	2865.04
1565.00	2859.81
1566.55	2859.81
1568.10	2856.67
1569.66	2850.39
1571.21	2861.90
1572.76	2857.72
1574.31	2859.81
1575.86	2857.72
1577.40	2843.07
1578.95	2850.39
1580.50	2856.67
1582.05	2837.84
1583.60	2852.49
1585.15	2838.88
1586.69	2842.02
1588.24	2842.02
1589.79	2853.53
1591.34	2831.56
1592.88	2856.67
1594.43	2831.56
1595.97	2836.79
1597.52	2837.84
1599.06	2833.65
1600.61	2828.42
1602.15	2847.26
1603.70	2837.84
1605.24	2842.02
1606.79	2840.98
1608.33	2826.33
1609.87	2831.56
1611.41	2843.07
1612.96	2833.65
1614.50	2821.10
1616.04	2820.05
1617.58	2830.51
1619.12	2811.68
1620.67	2817.96
1622.21	2795.98
1623.75	2821.10
1625.29	2798.07
1626.83	2801.21
1628.37	2814.82
1629.90	2795.98
1631.44	2804.35
1632.98	2800.17
1634.52	2775.05
1636.06	2781.33
1637.59	2790.75
1639.13	2779.24
1640.67	2774.01
1642.21	2760.40
1643.74	2761.45
1645.28	2739.48
1646.81	2737.38
1648.35	2746.80
1649.88	2723.78
1651.42	2726.92
1652.95	2715.41
1654.49	2729.01
1656.02	2707.04
1657.55	2709.13
1659.09	2685.06
1660.62	2702.85
1662.15	2695.53
1663.68	2701.81
1665.22	2693.43
1666.75	2677.74
1668.28	2675.65
1669.81	2701.81
1671.34	2693.43
1672.87	2693.43
1674.40	2690.29
1675.93	2685.06
1677.46	2665.18
1678.99	2667.27
1680.52	2667.27
1682.04	2672.51
1683.57	2669.37
1685.10	2680.88
1686.63	2667.27
1688.15	2675.65
1689.68	2664.13
1691.21	2663.09
1692.73	2664.13
1694.26	2665.18
1695.78	2663.09
1697.31	2664.13
1698.83	2650.53
1700.36	2653.67
1701.88	2644.25
1703.40	2667.27
1704.93	2649.49
1706.45	2655.76
