896.35	2938.29
897.98	2944.57
899.60	2957.13
901.22	2979.10
902.85	2968.64
904.47	2982.24
906.10	2990.61
907.72	2994.80
909.34	3006.31
910.97	3020.96
912.59	3034.56
914.21	3057.58
915.84	3078.51
917.46	3115.13
919.08	3129.78
920.71	3144.43
922.33	3168.50
923.95	3176.87
925.58	3201.98
927.20	3195.71
928.82	3205.12
930.44	3229.19
932.07	3219.77
933.69	3216.63
935.31	3223.96
936.93	3229.19
938.56	3234.42
940.18	3245.93
941.80	3245.93
943.42	3259.54
945.05	3268.95
946.67	3253.26
948.29	3254.30
949.91	3258.49
951.53	3268.95
953.16	3270.00
954.78	3266.86
956.40	3262.68
958.02	3264.77
959.64	3263.72
961.26	3256.40
962.88	3256.40
964.51	3251.17
966.13	3277.33
967.75	3268.95
969.37	3259.54
970.99	3268.95
972.61	3270.00
974.23	3260.58
975.85	3265.82
977.47	3265.82
979.09	3266.86
980.71	3264.77
982.33	3279.42
983.95	3267.91
985.57	3283.60
987.19	3276.28
988.81	3293.02
990.43	3278.37
992.05	3284.65
993.67	3298.25
995.29	3294.07
996.91	3290.93
998.53	3316.04
1000.15	3306.62
1001.77	3318.14
1003.39	3319.18
1005.01	3319.18
1006.63	3323.37
1008.25	3329.65
1009.86	3332.78
1011.48	3336.97
1013.10	3333.83
1014.72	3345.34
1016.34	3347.43
1017.96	3372.55
1019.58	3357.90
1021.19	3347.43
1022.81	3351.62
1024.43	3370.46
1026.05	3367.32
1027.66	3371.50
1029.28	3370.46
1030.90	3370.46
1032.52	3362.08
1034.13	3367.32
1035.75	3373.59
1037.37	3378.83
1038.98	3391.38
1040.60	3386.15
1042.22	3373.59
1043.83	3381.97
1045.45	3390.34
1047.07	3388.24
1048.68	3391.38
1050.30	3384.06
1051.92	3389.29
1053.53	3387.20
1055.15	3393.48
1056.76	3386.15
1058.38	3388.24
1059.99	3395.57
1061.61	3384.06
1063.22	3386.15
1064.84	3391.38
1066.46	3384.06
1068.07	3377.78
1069.68	3385.10
1071.30	3394.52
1072.91	3381.97
1074.53	3373.59
1076.14	3389.29
1077.76	3377.78
1079.37	3375.69
1080.98	3350.57
1082.60	3369.41
1084.21	3373.59
1085.83	3376.73
1087.44	3375.69
1089.05	3359.99
1090.67	3353.71
1092.28	3356.85
1093.89	3359.99
1095.50	3361.04
1097.12	3349.53
1098.73	3370.46
1100.34	3348.48
1101.95	3362.08
1103.57	3358.94
1105.18	3353.71
1106.79	3346.39
1108.40	3363.13
1110.01	3354.76
1111.63	3361.04
1113.24	3365.22
1114.85	3365.22
1116.46	3356.85
1118.07	3375.69
1119.68	3361.04
1121.29	3376.73
1122.90	3355.81
1124.51	3361.04
1126.12	3366.27
1127.73	3372.55
1129.34	3379.87
1130.95	3380.92
1132.56	3375.69
1134.17	3355.81
1135.78	3368.36
1137.39	3376.73
1139.00	3358.94
1140.61	3362.08
1142.22	3370.46
1143.83	3359.99
1145.44	3353.71
1147.05	3363.13
1148.65	3370.46
1150.26	3364.18
1151.87	3364.18
1153.48	3372.55
1155.09	3383.01
1156.69	3372.55
1158.30	3362.08
1159.91	3359.99
1161.52	3366.27
1163.12	3367.32
1164.73	3369.41
1166.34	3383.01
1167.94	3374.64
1169.55	3381.97
1171.16	3372.55
1172.76	3377.78
1174.37	3373.59
1175.97	3388.24
1177.58	3368.36
1179.19	3384.06
1180.79	3367.32
1182.40	3375.69
1184.00	3365.22
1185.61	3385.10
1187.21	3383.01
1188.82	3375.69
1190.42	3374.64
1192.02	3375.69
1193.63	3357.90
1195.23	3374.64
1196.84	3372.55
1198.44	3373.59
1200.04	3375.69
1201.65	3377.78
1203.25	3369.41
1204.85	3380.92
1206.46	3353.71
1208.06	3362.08
1209.66	3355.81
1211.26	3366.27
1212.87	3385.10
1214.47	3369.41
1216.07	3366.27
1217.67	3365.22
1219.27	3361.04
1220.87	3355.81
1222.48	3347.43
1224.08	3348.48
1225.68	3356.85
1227.28	3358.94
1228.88	3339.06
1230.48	3352.67
1232.08	3346.39
1233.68	3354.76
1235.28	3355.81
1236.88	3339.06
1238.48	3333.83
1240.08	3356.85
1241.68	3325.46
1243.28	3331.74
1244.87	3321.27
1246.47	3331.74
1248.07	3317.09
1249.67	3326.51
1251.27	3335.92
1252.87	3308.72
1254.46	3294.07
1256.06	3305.58
1257.66	3302.44
1259.26	3298.25
1260.85	3301.39
1262.45	3301.39
1264.05	3298.25
1265.64	3297.21
1267.24	3298.25
1268.83	3303.49
1270.43	3291.98
1272.03	3312.90
1273.62	3286.74
1275.22	3278.37
1276.81	3291.98
1278.41	3281.51
1280.00	3287.79
1281.60	3281.51
1283.19	3272.09
1284.79	3285.70
1286.38	3276.28
1287.97	3276.28
1289.57	3264.77
1291.16	3276.28
1292.75	3263.72
1294.35	3268.95
1295.94	3264.77
1297.53	3268.95
1299.12	3258.49
1300.72	3264.77
1302.31	3239.66
1303.90	3264.77
1305.49	3261.63
1307.08	3254.30
1308.68	3249.07
1310.27	3241.75
1311.86	3245.93
1313.45	3243.84
1315.04	3235.47
1316.63	3236.52
1318.22	3235.47
1319.81	3227.10
1321.40	3227.10
1322.99	3235.47
1324.58	3213.50
1326.17	3215.59
1327.75	3211.40
1329.34	3221.87
1330.93	3210.36
1332.52	3201.98
1334.11	3201.98
1335.70	3203.03
1337.28	3195.71
1338.87	3201.98
1340.46	3196.75
1342.05	3189.43
1343.63	3182.10
1345.22	3183.15
1346.81	3182.10
1348.39	3174.78
1349.98	3176.87
1351.56	3168.50
1353.15	3155.94
1354.73	3165.36
1356.32	3144.43
1357.90	3137.11
1359.49	3138.15
1361.07	3136.06
1362.66	3130.83
1364.24	3127.69
1365.82	3119.32
1367.41	3125.60
1368.99	3111.99
1370.57	3103.62
1372.16	3104.67
1373.74	3109.90
1375.32	3104.67
1376.91	3098.39
1378.49	3063.86
1380.07	3042.93
1381.65	3037.70
1383.23	3024.10
1384.81	3026.19
1386.39	3014.68
1387.97	3012.59
1389.55	3014.68
1391.14	3008.40
1392.72	2993.75
1394.29	2993.75
1395.87	2982.24
1397.45	2977.01
1399.03	2972.82
1400.61	2952.94
1402.19	2961.31
1403.77	2959.22
1405.35	2966.54
1406.92	2952.94
1408.50	2952.94
1410.08	2946.66
1411.66	2946.66
1413.23	2944.57
1414.81	2938.29
1416.39	2924.69
1417.96	2935.15
1419.54	2935.15
1421.12	2941.43
1422.69	2945.62
1424.27	2933.06
1425.84	2936.20
1427.42	2928.87
1428.99	2926.78
1430.57	2934.11
1432.14	2925.74
1433.71	2924.69
1435.29	2933.06
1436.86	2928.87
1438.43	2928.87
1440.01	2918.41
1441.58	2808.54
1443.15	2923.64
1444.72	2925.74
1446.30	2918.41
1447.87	2923.64
1449.44	2914.22
1451.01	2901.67
1452.58	2920.50
1454.15	2923.64
1455.72	2915.27
1457.29	2900.62
1458.86	2912.13
1460.43	2912.13
1462.00	2936.20
1463.57	2913.18
1465.14	2916.32
1466.71	2904.81
1468.28	2913.18
1469.85	2911.09
1471.41	2914.22
1472.98	2913.18
1474.55	2917.36
1476.12	2906.90
1477.68	2903.76
1479.25	2911.09
1480.82	2900.62
1482.38	2911.09
1483.95	2900.62
1485.51	2916.32
1487.08	2926.78
1488.64	2915.27
1490.21	2919.46
1491.77	2901.67
1493.34	2916.32
1494.90	2915.27
1496.46	2916.32
1498.03	2912.13
1499.59	2916.32
1501.15	2910.04
1502.72	2918.41
1504.28	2921.55
1505.84	2914.22
1507.40	2917.36
1508.97	2932.01
1510.53	2923.64
1512.09	2929.92
1513.65	2921.55
1515.21	2923.64
1516.77	2913.18
1518.33	2932.01
1519.89	2925.74
1521.45	2928.87
1523.01	2928.87
1524.57	2932.01
1526.13	2929.92
1527.68	2935.15
1529.24	2927.83
1530.80	2924.69
1532.36	2939.34
1533.92	2932.01
1535.47	2922.60
1537.03	2924.69
1538.59	2925.74
1540.14	2920.50
1541.70	2908.99
1543.25	2937.25
1544.81	2927.83
1546.36	2935.15
1547.92	2910.04
1549.47	2917.36
1551.03	2912.13
1552.58	2917.36
1554.13	2908.99
1555.69	2922.60
1557.24	2905.85
1558.79	2908.99
1560.35	2899.58
1561.90	2915.27
1563.45	2900.62
1565.00	2911.09
1566.55	2898.53
1568.10	2897.48
1569.66	2891.20
1571.21	2900.62
1572.76	2901.67
1574.31	2898.53
1575.86	2899.58
1577.40	2890.16
1578.95	2891.20
1580.50	2895.39
1582.05	2877.60
1583.60	2882.83
1585.15	2882.83
1586.69	2885.97
1588.24	2884.93
1589.79	2891.20
1591.34	2865.04
1592.88	2895.39
1594.43	2873.42
1595.97	2881.79
1597.52	2876.55
1599.06	2874.46
1600.61	2876.55
1602.15	2896.44
1603.70	2878.65
1605.24	2879.69
1606.79	2867.14
1608.33	2861.90
1609.87	2864.00
1611.41	2873.42
1612.96	2864.00
1614.50	2850.39
1616.04	2854.58
1617.58	2866.09
1619.12	2850.39
1620.67	2856.67
1622.21	2838.88
1623.75	2867.14
1625.29	2842.02
1626.83	2846.21
1628.37	2855.63
1629.90	2827.37
1631.44	2828.42
1632.98	2832.61
1634.52	2813.77
1636.06	2815.86
1637.59	2829.47
1639.13	2801.21
1640.67	2799.12
1642.21	2786.56
1643.74	2780.29
1645.28	2756.22
1646.81	2754.13
1648.35	2760.40
1649.88	2737.38
1651.42	2735.29
1652.95	2711.22
1654.49	2734.24
1656.02	2718.55
1657.55	2718.55
1659.09	2695.53
1660.62	2718.55
1662.15	2707.04
1663.68	2704.94
1665.22	2692.39
1666.75	2689.25
1668.28	2696.57
1669.81	2712.27
1671.34	2689.25
1672.87	2686.11
1674.40	2698.67
1675.93	2680.88
1677.46	2675.65
1678.99	2674.60
1680.52	2676.69
1682.04	2686.11
1683.57	2678.78
1685.10	2678.78
1686.63	2663.09
1688.15	2671.46
1689.68	2663.09
1691.21	2677.74
1692.73	2671.46
1694.26	2673.55
1695.78	2659.95
1697.31	2665.18
1698.83	2656.81
1700.36	2666.23
1701.88	2656.81
1703.40	2673.55
1704.93	2659.95
1706.45	2658.90
