896.35	2888.06
897.98	2899.58
899.60	2901.67
901.22	2903.76
902.85	2893.30
904.47	2910.04
906.10	2920.50
907.72	2916.32
909.34	2937.25
910.97	2947.71
912.59	2959.22
914.21	2974.92
915.84	2984.33
917.46	3022.00
919.08	3034.56
920.71	3046.07
922.33	3065.95
923.95	3065.95
925.58	3093.16
927.20	3083.74
928.82	3084.79
930.44	3104.67
932.07	3095.25
933.69	3093.16
935.31	3111.99
936.93	3110.95
938.56	3122.46
940.18	3126.64
941.80	3119.32
943.42	3131.88
945.05	3144.43
946.67	3135.02
948.29	3141.29
949.91	3130.83
951.53	3147.57
953.16	3148.62
954.78	3143.39
956.40	3130.83
958.02	3140.25
959.64	3143.39
961.26	3144.43
962.88	3140.25
964.51	3137.11
966.13	3155.94
967.75	3158.04
969.37	3142.34
970.99	3139.20
972.61	3131.88
974.23	3133.97
975.85	3145.48
977.47	3158.04
979.09	3149.66
980.71	3141.29
982.33	3145.48
983.95	3155.94
985.57	3169.55
987.19	3159.08
988.81	3165.36
990.43	3160.13
992.05	3154.90
993.67	3175.82
995.29	3170.59
996.91	3154.90
998.53	3184.20
1000.15	3186.29
1001.77	3186.29
1003.39	3185.24
1005.01	3191.52
1006.63	3192.57
1008.25	3187.34
1009.86	3206.17
1011.48	3196.75
1013.10	3195.71
1014.72	3214.54
1016.34	3211.40
1017.96	3233.38
1019.58	3215.59
1021.19	3212.45
1022.81	3207.22
1024.43	3228.14
1026.05	3225.01
1027.66	3239.66
1029.28	3232.33
1030.90	3231.28
1032.52	3225.01
1034.13	3231.28
1035.75	3244.89
1037.37	3235.47
1038.98	3250.12
1040.60	3242.79
1042.22	3223.96
1043.83	3227.10
1045.45	3241.75
1047.07	3241.75
1048.68	3258.49
1050.30	3236.52
1051.92	3254.30
1053.53	3245.93
1055.15	3250.12
1056.76	3240.70
1058.38	3244.89
1059.99	3254.30
1061.61	3248.03
1063.22	3237.56
1064.84	3238.61
1066.46	3231.28
1068.07	3237.56
1069.68	3239.66
1071.30	3255.35
1072.91	3232.33
1074.53	3235.47
1076.14	3245.93
1077.76	3242.79
1079.37	3238.61
1080.98	3214.54
1082.60	3227.10
1084.21	3227.10
1085.83	3229.19
1087.44	3246.98
1089.05	3220.82
1090.67	3222.91
1092.28	3219.77
1093.89	3229.19
1095.50	3223.96
1097.12	3226.05
1098.73	3235.47
1100.34	3207.22
1101.95	3218.73
1103.57	3217.68
1105.18	3219.77
1106.79	3213.50
1108.40	3221.87
1110.01	3223.96
1111.63	3225.01
1113.24	3229.19
1114.85	3225.01
1116.46	3222.91
1118.07	3235.47
1119.68	3223.96
1121.29	3228.14
1122.90	3223.96
1124.51	3222.91
1126.12	3217.68
1127.73	3227.10
1129.34	3236.52
1130.95	3235.47
1132.56	3232.33
1134.17	3207.22
1135.78	3217.68
1137.39	3226.05
1139.00	3217.68
1140.61	3219.77
1142.22	3229.19
1143.83	3226.05
1145.44	3218.73
1147.05	3222.91
1148.65	3222.91
1150.26	3215.59
1151.87	3210.36
1153.48	3210.36
1155.09	3219.77
1156.69	3218.73
1158.30	3213.50
1159.91	3219.77
1161.52	3231.28
1163.12	3215.59
1164.73	3214.54
1166.34	3238.61
1167.94	3220.82
1169.55	3220.82
1171.16	3227.10
1172.76	3233.38
1174.37	3223.96
1175.97	3234.42
1177.58	3213.50
1179.19	3236.52
1180.79	3217.68
1182.40	3216.63
1184.00	3225.01
1185.61	3231.28
1187.21	3229.19
1188.82	3226.05
1190.42	3229.19
1192.02	3220.82
1193.63	3216.63
1195.23	3228.14
1196.84	3232.33
1198.44	3226.05
1200.04	3235.47
1201.65	3231.28
1203.25	3234.42
1204.85	3238.61
1206.46	3225.01
1208.06	3222.91
1209.66	3211.40
1211.26	3220.82
1212.87	3239.66
1214.47	3219.77
1216.07	3216.63
1217.67	3216.63
1219.27	3209.31
1220.87	3218.73
1222.48	3218.73
1224.08	3213.50
1225.68	3213.50
1227.28	3212.45
1228.88	3208.26
1230.48	3213.50
1232.08	3204.08
1233.68	3212.45
1235.28	3217.68
1236.88	3208.26
1238.48	3196.75
1240.08	3222.91
1241.68	3184.20
1243.28	3194.66
1244.87	3187.34
1246.47	3184.20
1248.07	3187.34
1249.67	3185.24
1251.27	3191.52
1252.87	3173.73
1254.46	3168.50
1256.06	3170.59
1257.66	3178.96
1259.26	3172.69
1260.85	3178.96
1262.45	3160.13
1264.05	3165.36
1265.64	3155.94
1267.24	3166.41
1268.83	3170.59
1270.43	3161.18
1272.03	3178.96
1273.62	3163.27
1275.22	3147.57
1276.81	3153.85
1278.41	3162.22
1280.00	3171.64
1281.60	3148.62
1283.19	3145.48
1284.79	3146.53
1286.38	3147.57
1287.97	3149.66
1289.57	3143.39
1291.16	3142.34
1292.75	3140.25
1294.35	3141.29
1295.94	3143.39
1297.53	3142.34
1299.12	3125.60
1300.72	3150.71
1302.31	3123.50
1303.90	3141.29
1305.49	3137.11
1307.08	3120.37
1308.68	3115.13
1310.27	3122.46
1311.86	3121.41
1313.45	3126.64
1315.04	3115.13
1316.63	3111.99
1318.22	3115.13
1319.81	3106.76
1321.40	3105.72
1322.99	3114.09
1324.58	3100.48
1326.17	3103.62
1327.75	3094.21
1329.34	3096.30
1330.93	3087.93
1332.52	3082.70
1334.11	3090.02
1335.70	3092.11
1337.28	3079.56
1338.87	3081.65
1340.46	3082.70
1342.05	3076.42
1343.63	3069.09
1345.22	3069.09
1346.81	3076.42
1348.39	3061.77
1349.98	3058.63
1351.56	3050.26
1353.15	3053.40
1354.73	3054.44
1356.32	3034.56
1357.90	3028.28
1359.49	3032.47
1361.07	3028.28
1362.66	3032.47
1364.24	3027.24
1365.82	3029.33
1367.41	3027.24
1368.99	3007.35
1370.57	3004.22
1372.16	3002.12
1373.74	2995.84
1375.32	3008.40
1376.91	3002.12
1378.49	2970.73
1380.07	2952.94
1381.65	2957.13
1383.23	2935.15
1384.81	2938.29
1386.39	2932.01
1387.97	2940.38
1389.55	2933.06
1391.14	2918.41
1392.72	2902.71
1394.29	2911.09
1395.87	2900.62
1397.45	2892.25
1399.03	2891.20
1400.61	2882.83
1402.19	2878.65
1403.77	2868.18
1405.35	2884.93
1406.92	2866.09
1408.50	2866.09
1410.08	2871.32
1411.66	2868.18
1413.23	2868.18
1414.81	2862.95
1416.39	2849.35
1417.96	2864.00
1419.54	2855.63
1421.12	2853.53
1422.69	2861.90
1424.27	2847.26
1425.84	2856.67
1427.42	2847.26
1428.99	2844.12
1430.57	2850.39
1432.14	2851.44
1433.71	2851.44
1435.29	2855.63
1436.86	2850.39
1438.43	2850.39
1440.01	2843.07
1441.58	2723.78
1443.15	2844.12
1444.72	2839.93
1446.30	2839.93
1447.87	2853.53
1449.44	2846.21
1451.01	2835.74
1452.58	2844.12
1454.15	2847.26
1455.72	2839.93
1457.29	2842.02
1458.86	2852.49
1460.43	2837.84
1462.00	2856.67
1463.57	2835.74
1465.14	2843.07
1466.71	2831.56
1468.28	2833.65
1469.85	2840.98
1471.41	2852.49
1472.98	2836.79
1474.55	2839.93
1476.12	2829.47
1477.68	2829.47
1479.25	2855.63
1480.82	2843.07
1482.38	2842.02
1483.95	2824.23
1485.51	2851.44
1487.08	2856.67
1488.64	2849.35
1490.21	2850.39
1491.77	2833.65
1493.34	2861.90
1494.90	2845.16
1496.46	2852.49
1498.03	2852.49
1499.59	2850.39
1501.15	2855.63
1502.72	2856.67
1504.28	2850.39
1505.84	2846.21
1507.40	2848.30
1508.97	2857.72
1510.53	2852.49
1512.09	2864.00
1513.65	2866.09
1515.21	2858.77
1516.77	2837.84
1518.33	2867.14
1519.89	2860.86
1521.45	2858.77
1523.01	2857.72
1524.57	2861.90
1526.13	2861.90
1527.68	2868.18
1529.24	2879.69
1530.80	2867.14
1532.36	2869.23
1533.92	2866.09
1535.47	2851.44
1537.03	2861.90
1538.59	2870.28
1540.14	2856.67
1541.70	2847.26
1543.25	2872.37
1544.81	2859.81
1546.36	2864.00
1547.92	2845.16
1549.47	2857.72
1551.03	2853.53
1552.58	2856.67
1554.13	2854.58
1555.69	2857.72
1557.24	2843.07
1558.79	2846.21
1560.35	2845.16
1561.90	2854.58
1563.45	2840.98
1565.00	2852.49
1566.55	2848.30
1568.10	2849.35
1569.66	2837.84
1571.21	2846.21
1572.76	2842.02
1574.31	2842.02
1575.86	2848.30
1577.40	2833.65
1578.95	2844.12
1580.50	2845.16
1582.05	2826.33
1583.60	2829.47
1585.15	2829.47
1586.69	2833.65
1588.24	2839.93
1589.79	2843.07
1591.34	2830.51
1592.88	2844.12
1594.43	2812.72
1595.97	2836.79
1597.52	2834.70
1599.06	2831.56
1600.61	2817.96
1602.15	2835.74
1603.70	2820.05
1605.24	2827.37
1606.79	2825.28
1608.33	2817.96
1609.87	2810.63
1611.41	2826.33
1612.96	2825.28
1614.50	2808.54
1616.04	2811.68
1617.58	2815.86
1619.12	2812.72
1620.67	2821.10
1622.21	2792.84
1623.75	2812.72
1625.29	2789.70
1626.83	2791.80
1628.37	2806.45
1629.90	2785.52
1631.44	2791.80
1632.98	2787.61
1634.52	2771.91
1636.06	2783.42
1637.59	2789.70
1639.13	2771.91
1640.67	2774.01
1642.21	2759.36
1643.74	2752.03
1645.28	2734.24
1646.81	2722.73
1648.35	2733.20
1649.88	2713.32
1651.42	2721.69
1652.95	2704.94
1654.49	2726.92
1656.02	2704.94
1657.55	2715.41
1659.09	2687.16
1660.62	2697.62
1662.15	2684.02
1663.68	2701.81
1665.22	2689.25
1666.75	2682.97
1668.28	2680.88
1669.81	2697.62
1671.34	2688.20
1672.87	2687.16
1674.40	2687.16
1675.93	2685.06
1677.46	2672.51
1678.99	2662.04
1680.52	2653.67
1682.04	2677.74
1683.57	2671.46
1685.10	2675.65
1686.63	2664.13
1688.15	2670.41
1689.68	2657.86
1691.21	2658.90
1692.73	2659.95
1694.26	2666.23
1695.78	2652.62
1697.31	2658.90
1698.83	2652.62
1700.36	2655.76
1701.88	2644.25
1703.40	2663.09
1704.93	2649.49
1706.45	2650.53
