896.35	2661.00
897.98	2651.58
899.60	2658.90
901.22	2663.09
902.85	2650.53
904.47	2662.04
906.10	2671.46
907.72	2659.95
909.34	2681.92
910.97	2672.51
912.59	2679.83
914.21	2668.32
915.84	2670.41
917.46	2672.51
919.08	2686.11
920.71	2670.41
922.33	2695.53
923.95	2677.74
925.58	2696.57
927.20	2669.37
928.82	2689.25
930.44	2685.06
932.07	2686.11
933.69	2664.13
935.31	2687.16
936.93	2674.60
938.56	2692.39
940.18	2679.83
941.80	2689.25
943.42	2681.92
945.05	2722.73
946.67	2682.97
948.29	2698.67
949.91	2678.78
951.53	2700.76
953.16	2694.48
954.78	2709.13
956.40	2678.78
958.02	2701.81
959.64	2691.34
961.26	2709.13
962.88	2695.53
964.51	2694.48
966.13	2695.53
967.75	2715.41
969.37	2686.11
970.99	2709.13
972.61	2690.29
974.23	2709.13
975.85	2691.34
977.47	2711.22
979.09	2692.39
980.71	2698.67
982.33	2694.48
983.95	2717.50
985.57	2710.18
987.19	2704.94
988.81	2707.04
990.43	2708.08
992.05	2699.71
993.67	2726.92
995.29	2698.67
996.91	2701.81
998.53	2709.13
1000.15	2724.83
1001.77	2702.85
1003.39	2711.22
1005.01	2685.06
1006.63	2705.99
1008.25	2696.57
1009.86	2715.41
1011.48	2701.81
1013.10	2712.27
1014.72	2708.08
1016.34	2718.55
1017.96	2712.27
1019.58	2713.32
1021.19	2693.43
1022.81	2709.13
1024.43	2709.13
1026.05	2711.22
1027.66	2704.94
1029.28	2720.64
1030.90	2699.71
1032.52	2702.85
1034.13	2698.67
1035.75	2724.83
1037.37	2705.99
1038.98	2729.01
1040.60	2697.62
1042.22	2708.08
1043.83	2703.90
1045.45	2718.55
1047.07	2698.67
1048.68	2724.83
1050.30	2702.85
1051.92	2729.01
1053.53	2709.13
1055.15	2729.01
1056.76	2697.62
1058.38	2716.45
1059.99	2711.22
1061.61	2717.50
1063.22	2704.94
1064.84	2721.69
1066.46	2699.71
1068.07	2711.22
1069.68	2707.04
1071.30	2730.06
1072.91	2704.94
1074.53	2716.45
1076.14	2710.18
1077.76	2721.69
1079.37	2716.45
1080.98	2712.27
1082.60	2705.99
1084.21	2720.64
1085.83	2711.22
1087.44	2732.15
1089.05	2711.22
1090.67	2718.55
1092.28	2710.18
1093.89	2733.20
1095.50	2718.55
1097.12	2719.59
1098.73	2714.36
1100.34	2709.13
1101.95	2718.55
1103.57	2722.73
1105.18	2707.04
1106.79	2716.45
1108.40	2714.36
1110.01	2729.01
1111.63	2709.13
1113.24	2721.69
1114.85	2715.41
1116.46	2725.87
1118.07	2720.64
1119.68	2722.73
1121.29	2722.73
1122.90	2723.78
1124.51	2713.32
1126.12	2725.87
1127.73	2720.64
1129.34	2733.20
1130.95	2715.41
1132.56	2733.20
1134.17	2707.04
1135.78	2726.92
1137.39	2709.13
1139.00	2713.32
1140.61	2708.08
1142.22	2730.06
1143.83	2708.08
1145.44	2720.64
1147.05	2709.13
1148.65	2725.87
1150.26	2715.41
1151.87	2718.55
1153.48	2712.27
1155.09	2722.73
1156.69	2713.32
1158.30	2710.18
1159.91	2704.94
1161.52	2729.01
1163.12	2711.22
1164.73	2718.55
1166.34	2720.64
1167.94	2731.10
1169.55	2712.27
1171.16	2715.41
1172.76	2714.36
1174.37	2722.73
1175.97	2721.69
1177.58	2713.32
1179.19	2720.64
1180.79	2716.45
1182.40	2713.32
1184.00	2713.32
1185.61	2718.55
1187.21	2729.01
1188.82	2716.45
1190.42	2732.15
1192.02	2716.45
1193.63	2707.04
1195.23	2704.94
1196.84	2722.73
1198.44	2713.32
1200.04	2735.29
1201.65	2714.36
1203.25	2725.87
1204.85	2718.55
1206.46	2714.36
1208.06	2704.94
1209.66	2708.08
1211.26	2713.32
1212.87	2741.57
1214.47	2717.50
1216.07	2726.92
1217.67	2718.55
1219.27	2723.78
1220.87	2711.22
1222.48	2722.73
1224.08	2703.90
1225.68	2731.10
1227.28	2718.55
1228.88	2720.64
1230.48	2718.55
1232.08	2714.36
1233.68	2718.55
1235.28	2734.24
1236.88	2715.41
1238.48	2713.32
1240.08	2733.20
1241.68	2716.45
1243.28	2716.45
1244.87	2724.83
1246.47	2716.45
1248.07	2721.69
1249.67	2719.59
1251.27	2737.38
1252.87	2708.08
1254.46	2715.41
1256.06	2707.04
1257.66	2718.55
1259.26	2697.62
1260.85	2718.55
1262.45	2702.85
1264.05	2721.69
1265.64	2715.41
1267.24	2723.78
1268.83	2718.55
1270.43	2718.55
1272.03	2725.87
1273.62	2720.64
1275.22	2703.90
1276.81	2718.55
1278.41	2704.94
1280.00	2721.69
1281.60	2710.18
1283.19	2724.83
1284.79	2714.36
1286.38	2716.45
1287.97	2715.41
1289.57	2714.36
1291.16	2708.08
1292.75	2715.41
1294.35	2720.64
1295.94	2721.69
1297.53	2717.50
1299.12	2713.32
1300.72	2722.73
1302.31	2700.76
1303.90	2723.78
1305.49	2723.78
1307.08	2707.04
1308.68	2711.22
1310.27	2718.55
1311.86	2714.36
1313.45	2708.08
1315.04	2717.50
1316.63	2720.64
1318.22	2708.08
1319.81	2699.71
1321.40	2717.50
1322.99	2719.59
1324.58	2704.94
1326.17	2701.81
1327.75	2703.90
1329.34	2709.13
1330.93	2704.94
1332.52	2697.62
1334.11	2704.94
1335.70	2704.94
1337.28	2705.99
1338.87	2703.90
1340.46	2708.08
1342.05	2697.62
1343.63	2708.08
1345.22	2702.85
1346.81	2712.27
1348.39	2702.85
1349.98	2715.41
1351.56	2700.76
1353.15	2703.90
1354.73	2710.18
1356.32	2699.71
1357.90	2692.39
1359.49	2708.08
1361.07	2704.94
1362.66	2712.27
1364.24	2709.13
1365.82	2712.27
1367.41	2713.32
1368.99	2695.53
1370.57	2694.48
1372.16	2705.99
1373.74	2702.85
1375.32	2722.73
1376.91	2712.27
1378.49	2700.76
1380.07	2699.71
1381.65	2710.18
1383.23	2703.90
1384.81	2701.81
1386.39	2693.43
1387.97	2704.94
1389.55	2697.62
1391.14	2702.85
1392.72	2699.71
1394.29	2704.94
1395.87	2709.13
1397.45	2693.43
1399.03	2701.81
1400.61	2710.18
1402.19	2701.81
1403.77	2693.43
1405.35	2712.27
1406.92	2701.81
1408.50	2698.67
1410.08	2707.04
1411.66	2703.90
1413.23	2708.08
1414.81	2705.99
1416.39	2692.39
1417.96	2699.71
1419.54	2696.57
1421.12	2705.99
1422.69	2712.27
1424.27	2700.76
1425.84	2703.90
1427.42	2701.81
1428.99	2703.90
1430.57	2692.39
1432.14	2695.53
1433.71	2707.04
1435.29	2714.36
1436.86	2705.99
1438.43	2707.04
1440.01	2699.71
1441.58	2581.47
1443.15	2701.81
1444.72	2697.62
1446.30	2697.62
1447.87	2705.99
1449.44	2697.62
1451.01	2694.48
1452.58	2700.76
1454.15	2704.94
1455.72	2693.43
1457.29	2694.48
1458.86	2699.71
1460.43	2696.57
1462.00	2716.45
1463.57	2702.85
1465.14	2708.08
1466.71	2697.62
1468.28	2701.81
1469.85	2707.04
1471.41	2702.85
1472.98	2701.81
1474.55	2713.32
1476.12	2699.71
1477.68	2696.57
1479.25	2703.90
1480.82	2704.94
1482.38	2711.22
1483.95	2687.16
1485.51	2701.81
1487.08	2704.94
1488.64	2709.13
1490.21	2700.76
1491.77	2691.34
1493.34	2708.08
1494.90	2693.43
1496.46	2698.67
1498.03	2704.94
1499.59	2711.22
1501.15	2696.57
1502.72	2696.57
1504.28	2703.90
1505.84	2698.67
1507.40	2697.62
1508.97	2707.04
1510.53	2704.94
1512.09	2709.13
1513.65	2715.41
1515.21	2696.57
1516.77	2682.97
1518.33	2707.04
1519.89	2704.94
1521.45	2694.48
1523.01	2696.57
1524.57	2704.94
1526.13	2690.29
1527.68	2703.90
1529.24	2711.22
1530.80	2698.67
1532.36	2709.13
1533.92	2701.81
1535.47	2690.29
1537.03	2696.57
1538.59	2694.48
1540.14	2686.11
1541.70	2687.16
1543.25	2707.04
1544.81	2700.76
1546.36	2695.53
1547.92	2692.39
1549.47	2697.62
1551.03	2699.71
1552.58	2687.16
1554.13	2690.29
1555.69	2693.43
1557.24	2677.74
1558.79	2684.02
1560.35	2680.88
1561.90	2692.39
1563.45	2684.02
1565.00	2689.25
1566.55	2687.16
1568.10	2686.11
1569.66	2681.92
1571.21	2681.92
1572.76	2678.78
1574.31	2678.78
1575.86	2688.20
1577.40	2672.51
1578.95	2676.69
1580.50	2679.83
1582.05	2671.46
1583.60	2675.65
1585.15	2671.46
1586.69	2676.69
1588.24	2672.51
1589.79	2677.74
1591.34	2672.51
1592.88	2690.29
1594.43	2664.13
1595.97	2676.69
1597.52	2670.41
1599.06	2670.41
1600.61	2667.27
1602.15	2685.06
1603.70	2669.37
1605.24	2667.27
1606.79	2675.65
1608.33	2662.04
1609.87	2669.37
1611.41	2674.60
1612.96	2676.69
1614.50	2657.86
1616.04	2661.00
1617.58	2670.41
1619.12	2661.00
1620.67	2674.60
1622.21	2649.49
1623.75	2669.37
1625.29	2652.62
1626.83	2655.76
1628.37	2679.83
1629.90	2659.95
1631.44	2653.67
1632.98	2661.00
1634.52	2647.39
1636.06	2651.58
1637.59	2668.32
1639.13	2661.00
1640.67	2666.23
1642.21	2652.62
1643.74	2662.04
1645.28	2651.58
1646.81	2649.49
1648.35	2665.18
1649.88	2643.21
1651.42	2663.09
1652.95	2646.35
1654.49	2668.32
1656.02	2653.67
1657.55	2666.23
1659.09	2640.07
1660.62	2661.00
1662.15	2642.16
1663.68	2646.35
1665.22	2647.39
1666.75	2655.76
1668.28	2642.16
1669.81	2655.76
1671.34	2645.30
1672.87	2646.35
1674.40	2654.72
1675.93	2651.58
1677.46	2636.93
1678.99	2628.56
1680.52	2637.97
1682.04	2647.39
1683.57	2639.02
1685.10	2646.35
1686.63	2635.88
1688.15	2640.07
1689.68	2624.37
1691.21	2628.56
1692.73	2631.70
1694.26	2643.21
1695.78	2632.74
1697.31	2634.84
1698.83	2623.33
1700.36	2626.46
1701.88	2618.09
1703.40	2631.70
1704.93	2620.19
1706.45	2622.28
