896.35	2904.81
897.98	2903.06
899.60	2908.30
901.22	2913.88
902.85	2914.92
904.47	2919.11
906.10	2921.90
907.72	2932.36
909.34	2936.20
910.97	2947.01
912.59	2950.50
914.21	2962.01
915.84	2974.22
917.46	2993.05
919.08	3001.42
920.71	3016.07
922.33	3021.31
923.95	3037.00
925.58	3037.35
927.20	3041.89
928.82	3044.68
930.44	3049.91
932.07	3048.86
933.69	3046.77
935.31	3048.86
936.93	3058.98
938.56	3062.81
940.18	3064.91
941.80	3067.70
943.42	3075.37
945.05	3077.46
946.67	3083.04
948.29	3074.67
949.91	3083.39
951.53	3082.00
953.16	3090.02
954.78	3083.39
956.40	3083.74
958.02	3083.04
959.64	3090.02
961.26	3087.93
962.88	3087.93
964.51	3085.83
966.13	3092.46
967.75	3090.02
969.37	3092.11
970.99	3085.83
972.61	3093.51
974.23	3091.42
975.85	3100.48
977.47	3096.65
979.09	3099.79
980.71	3094.55
982.33	3100.48
983.95	3104.32
985.57	3108.51
987.19	3112.34
988.81	3110.95
990.43	3106.76
992.05	3109.55
993.67	3106.41
995.29	3111.30
996.91	3112.34
998.53	3122.81
1000.15	3129.43
1001.77	3129.09
1003.39	3126.99
1005.01	3130.48
1006.63	3135.02
1008.25	3144.08
1009.86	3143.04
1011.48	3142.34
1013.10	3142.34
1014.72	3149.32
1016.34	3160.48
1017.96	3162.92
1019.58	3156.99
1021.19	3150.71
1022.81	3153.15
1024.43	3160.48
1026.05	3164.31
1027.66	3166.41
1029.28	3164.66
1030.90	3159.08
1032.52	3154.55
1034.13	3160.83
1035.75	3166.41
1037.37	3175.48
1038.98	3171.29
1040.60	3171.29
1042.22	3162.92
1043.83	3169.90
1045.45	3171.64
1047.07	3182.10
1048.68	3177.57
1050.30	3182.10
1051.92	3174.78
1053.53	3179.31
1055.15	3174.78
1056.76	3177.92
1058.38	3174.43
1059.99	3173.38
1061.61	3168.50
1063.22	3170.24
1064.84	3168.15
1066.46	3170.24
1068.07	3168.50
1069.68	3179.31
1071.30	3181.75
1072.91	3182.45
1074.53	3177.22
1076.14	3176.52
1077.76	3179.66
1079.37	3170.59
1080.98	3168.85
1082.60	3168.15
1084.21	3174.78
1085.83	3178.27
1087.44	3169.90
1089.05	3171.99
1090.67	3168.50
1092.28	3175.82
1093.89	3176.52
1095.50	3174.43
1097.12	3171.29
1098.73	3162.92
1100.34	3167.10
1101.95	3171.64
1103.57	3176.52
1105.18	3175.13
1106.79	3168.85
1108.40	3170.94
1110.01	3171.99
1111.63	3176.87
1113.24	3176.87
1114.85	3178.27
1116.46	3179.31
1118.07	3180.71
1119.68	3182.10
1121.29	3178.96
1122.90	3175.82
1124.51	3177.57
1126.12	3180.71
1127.73	3188.38
1129.34	3189.08
1130.95	3192.92
1132.56	3181.41
1134.17	3177.92
1135.78	3173.73
1137.39	3178.96
1139.00	3176.87
1140.61	3180.01
1142.22	3179.66
1143.83	3181.06
1145.44	3178.62
1147.05	3184.20
1148.65	3183.50
1150.26	3180.01
1151.87	3173.73
1153.48	3179.31
1155.09	3182.10
1156.69	3181.06
1158.30	3171.99
1159.91	3176.17
1161.52	3180.71
1163.12	3182.80
1164.73	3183.50
1166.34	3182.45
1167.94	3188.73
1169.55	3186.99
1171.16	3190.47
1172.76	3191.52
1174.37	3192.57
1175.97	3188.38
1177.58	3189.43
1179.19	3188.03
1180.79	3192.92
1182.40	3189.08
1184.00	3191.17
1185.61	3192.57
1187.21	3195.71
1188.82	3196.75
1190.42	3195.01
1192.02	3189.43
1193.63	3184.20
1195.23	3186.29
1196.84	3194.66
1198.44	3204.43
1200.04	3205.12
1201.65	3203.73
1203.25	3201.64
1204.85	3197.80
1206.46	3198.85
1208.06	3193.96
1209.66	3194.31
1211.26	3198.15
1212.87	3195.71
1214.47	3200.59
1216.07	3193.96
1217.67	3198.85
1219.27	3195.36
1220.87	3199.54
1222.48	3195.36
1224.08	3201.98
1225.68	3201.29
1227.28	3205.82
1228.88	3206.87
1230.48	3205.47
1232.08	3206.17
1233.68	3206.87
1235.28	3206.52
1236.88	3203.03
1238.48	3203.03
1240.08	3199.19
1241.68	3197.45
1243.28	3188.73
1244.87	3187.34
1246.47	3188.73
1248.07	3189.08
1249.67	3199.19
1251.27	3197.80
1252.87	3198.15
1254.46	3190.13
1256.06	3190.82
1257.66	3184.89
1259.26	3183.50
1260.85	3180.36
1262.45	3185.24
1264.05	3182.80
1265.64	3186.29
1267.24	3183.85
1268.83	3186.64
1270.43	3187.68
1272.03	3188.03
1273.62	3182.80
1275.22	3183.85
1276.81	3182.45
1278.41	3189.78
1280.00	3184.89
1281.60	3184.89
1283.19	3179.31
1284.79	3176.87
1286.38	3177.57
1287.97	3177.22
1289.57	3176.17
1291.16	3171.29
1292.75	3173.38
1294.35	3176.17
1295.94	3184.54
1297.53	3181.41
1299.12	3186.99
1300.72	3179.66
1302.31	3186.64
1303.90	3185.24
1305.49	3187.34
1307.08	3178.96
1308.68	3171.64
1310.27	3169.90
1311.86	3168.50
1313.45	3168.15
1315.04	3169.55
1316.63	3171.99
1318.22	3168.50
1319.81	3164.31
1321.40	3163.27
1322.99	3159.08
1324.58	3154.90
1326.17	3150.01
1327.75	3152.11
1329.34	3155.25
1330.93	3151.76
1332.52	3149.32
1334.11	3146.53
1335.70	3142.34
1337.28	3140.60
1338.87	3139.90
1340.46	3143.04
1342.05	3141.29
1343.63	3135.36
1345.22	3135.71
1346.81	3134.67
1348.39	3135.02
1349.98	3128.04
1351.56	3124.55
1353.15	3121.76
1354.73	3118.62
1356.32	3115.13
1357.90	3112.69
1359.49	3107.81
1361.07	3101.18
1362.66	3093.16
1364.24	3093.51
1365.82	3098.39
1367.41	3095.95
1368.99	3087.58
1370.57	3083.04
1372.16	3081.30
1373.74	3087.93
1375.32	3082.70
1376.91	3076.42
1378.49	3062.12
1380.07	3051.30
1381.65	3040.49
1383.23	3034.21
1384.81	3027.93
1386.39	3027.24
1387.97	3024.79
1389.55	3020.96
1391.14	3011.19
1392.72	3004.91
1394.29	3000.03
1395.87	2994.80
1397.45	2990.26
1399.03	2986.43
1400.61	2982.59
1402.19	2974.92
1403.77	2972.13
1405.35	2969.34
1406.92	2967.24
1408.50	2959.92
1410.08	2957.82
1411.66	2956.08
1413.23	2958.87
1414.81	2954.69
1416.39	2957.13
1417.96	2951.55
1419.54	2955.03
1421.12	2953.99
1422.69	2950.85
1424.27	2950.15
1425.84	2946.31
1427.42	2951.20
1428.99	2952.24
1430.57	2951.55
1432.14	2947.01
1433.71	2948.06
1435.29	2950.85
1436.86	2952.59
1438.43	2946.31
1440.01	2884.23
1441.58	2884.23
1443.15	2887.72
1444.72	2945.27
1446.30	2947.36
1447.87	2943.18
1449.44	2937.59
1451.01	2937.94
1452.58	2940.73
1454.15	2945.97
1455.72	2942.48
1457.29	2944.92
1458.86	2946.66
1460.43	2953.99
1462.00	2955.03
1463.57	2957.48
1465.14	2950.50
1466.71	2946.66
1468.28	2946.66
1469.85	2950.85
1471.41	2953.29
1472.98	2958.17
1474.55	2957.48
1476.12	2956.08
1477.68	2956.78
1479.25	2957.48
1480.82	2964.80
1482.38	2958.17
1483.95	2960.27
1485.51	2962.01
1487.08	2968.99
1488.64	2973.17
1490.21	2966.89
1491.77	2968.64
1493.34	2961.66
1494.90	2965.15
1496.46	2967.24
1498.03	2973.17
1499.59	2976.31
1501.15	2973.87
1502.72	2973.52
1504.28	2970.38
1505.84	2969.34
1507.40	2973.87
1508.97	2982.24
1510.53	2990.26
1512.09	2992.70
1513.65	2992.70
1515.21	2987.12
1516.77	2988.17
1518.33	2986.78
1519.89	2988.52
1521.45	2986.43
1523.01	2991.31
1524.57	2996.54
1526.13	2997.94
1527.68	2999.68
1529.24	2996.54
1530.80	3001.77
1532.36	2998.98
1533.92	3000.03
1535.47	2996.19
1537.03	2997.24
1538.59	2996.54
1540.14	2992.36
1541.70	2994.45
1543.25	3001.08
1544.81	3010.49
1546.36	3006.31
1547.92	3003.87
1549.47	3001.42
1551.03	3003.17
1552.58	3000.73
1554.13	3003.17
1555.69	3004.56
1557.24	3005.96
1558.79	3000.38
1560.35	3000.73
1561.90	3001.42
1563.45	3006.31
1565.00	3002.82
1566.55	3001.42
1568.10	2996.54
1569.66	3001.08
1571.21	3005.61
1572.76	3009.80
1574.31	3007.35
1575.86	3000.73
1577.40	2996.19
1578.95	2992.70
1580.50	2990.61
1582.05	2992.36
1583.60	2991.31
1585.15	2996.54
1586.69	2996.54
1588.24	3004.56
1589.79	3000.38
1591.34	3002.12
1592.88	2990.61
1594.43	2992.70
1595.97	2989.57
1597.52	2993.05
1599.06	2990.26
1600.61	2993.05
1602.15	2994.10
1603.70	2995.15
1605.24	2990.61
1606.79	2985.73
1608.33	2985.03
1609.87	2984.68
1611.41	2989.22
1612.96	2985.73
1614.50	2982.94
1616.04	2983.98
1617.58	2984.68
1619.12	2987.12
1620.67	2974.57
1622.21	2973.17
1623.75	2964.45
1625.29	2965.15
1626.83	2967.94
1628.37	2967.59
1629.90	2967.59
1631.44	2960.62
1632.98	2954.69
1634.52	2950.50
1636.06	2948.06
1637.59	2943.87
1639.13	2940.04
1640.67	2925.04
1642.21	2919.81
1643.74	2905.85
1645.28	2897.13
1646.81	2887.72
1648.35	2873.42
1649.88	2864.70
1651.42	2849.70
1652.95	2853.88
1654.49	2844.12
1656.02	2840.63
1657.55	2823.19
1659.09	2822.49
1660.62	2812.72
1662.15	2812.03
1663.68	2801.56
1665.22	2801.21
1666.75	2797.03
1668.28	2802.96
1669.81	2798.77
1671.34	2798.77
1672.87	2794.59
1674.40	2792.49
1675.93	2785.17
1677.46	2775.05
1678.99	2769.47
1680.52	2770.52
1682.04	2771.57
1683.57	2772.61
1685.10	2767.03
1686.63	2765.98
1688.15	2760.06
1689.68	2758.66
1691.21	2754.82
1692.73	2762.50
1694.26	2763.19
1695.78	2762.85
1697.31	2753.08
1698.83	2752.38
1700.36	2747.50
1701.88	2754.82
1703.40	2752.03
1704.93	2752.73
1706.45	2744.71
