896.35	2861.90
897.98	2859.11
899.60	2862.95
901.22	2868.88
902.85	2870.28
904.47	2872.02
906.10	2872.37
907.72	2875.51
909.34	2878.30
910.97	2888.06
912.59	2894.34
914.21	2903.41
915.84	2910.04
917.46	2923.29
919.08	2927.48
920.71	2938.29
922.33	2940.38
923.95	2957.13
925.58	2955.38
927.20	2962.71
928.82	2962.01
930.44	2968.99
932.07	2963.41
933.69	2959.22
935.31	2958.87
936.93	2966.89
938.56	2970.03
940.18	2974.57
941.80	2976.66
943.42	2986.08
945.05	2983.29
946.67	2989.91
948.29	2980.50
949.91	2992.01
951.53	2991.66
953.16	3002.47
954.78	2993.05
956.40	2992.36
958.02	2987.47
959.64	2999.33
961.26	2999.33
962.88	3001.42
964.51	2997.59
966.13	3006.66
967.75	3002.82
969.37	3006.66
970.99	2995.50
972.61	3002.47
974.23	2995.84
975.85	3003.52
977.47	2998.98
979.09	3004.22
980.71	3000.38
982.33	3008.75
983.95	3009.80
985.57	3012.94
987.19	3015.03
988.81	3016.42
990.43	3015.73
992.05	3019.56
993.67	3017.47
995.29	3015.03
996.91	3014.33
998.53	3023.05
1000.15	3033.51
1001.77	3033.51
1003.39	3031.07
1005.01	3034.56
1006.63	3035.61
1008.25	3041.54
1009.86	3037.00
1011.48	3034.91
1013.10	3034.56
1014.72	3040.14
1016.34	3049.21
1017.96	3047.82
1019.58	3042.23
1021.19	3040.49
1022.81	3044.33
1024.43	3052.35
1026.05	3054.79
1027.66	3056.54
1029.28	3055.84
1030.90	3053.05
1032.52	3049.91
1034.13	3055.84
1035.75	3054.44
1037.37	3064.91
1038.98	3058.98
1040.60	3060.37
1042.22	3051.65
1043.83	3058.28
1045.45	3058.28
1047.07	3067.00
1048.68	3062.46
1050.30	3069.79
1051.92	3062.12
1053.53	3067.35
1055.15	3060.72
1056.76	3068.39
1058.38	3067.70
1059.99	3073.98
1061.61	3065.60
1063.22	3068.39
1064.84	3065.26
1066.46	3067.70
1068.07	3060.02
1069.68	3066.65
1071.30	3067.35
1072.91	3071.18
1074.53	3067.00
1076.14	3070.84
1077.76	3073.28
1079.37	3065.60
1080.98	3058.98
1082.60	3056.19
1084.21	3058.63
1085.83	3064.21
1087.44	3057.23
1089.05	3058.63
1090.67	3054.79
1092.28	3063.86
1093.89	3068.05
1095.50	3068.74
1097.12	3067.00
1098.73	3060.72
1100.34	3061.42
1101.95	3064.21
1103.57	3066.65
1105.18	3065.26
1106.79	3060.72
1108.40	3063.51
1110.01	3064.21
1111.63	3069.09
1113.24	3068.74
1114.85	3068.05
1116.46	3065.60
1118.07	3066.65
1119.68	3071.18
1121.29	3071.53
1122.90	3069.44
1124.51	3070.84
1126.12	3069.79
1127.73	3077.46
1129.34	3075.72
1130.95	3081.30
1132.56	3066.65
1134.17	3065.60
1135.78	3057.93
1137.39	3066.30
1139.00	3062.46
1140.61	3068.39
1142.22	3067.00
1143.83	3072.93
1145.44	3068.39
1147.05	3073.28
1148.65	3066.30
1150.26	3065.26
1151.87	3057.93
1153.48	3067.70
1155.09	3068.39
1156.69	3070.14
1158.30	3062.81
1159.91	3068.74
1161.52	3073.63
1163.12	3077.81
1164.73	3077.81
1166.34	3077.81
1167.94	3077.11
1169.55	3076.07
1171.16	3076.77
1172.76	3078.86
1174.37	3079.56
1175.97	3077.46
1177.58	3078.51
1179.19	3075.02
1180.79	3074.32
1182.40	3071.88
1184.00	3076.42
1185.61	3081.65
1187.21	3078.86
1188.82	3078.51
1190.42	3076.77
1192.02	3078.86
1193.63	3076.07
1195.23	3078.16
1196.84	3082.00
1198.44	3090.02
1200.04	3089.32
1201.65	3090.72
1203.25	3087.23
1204.85	3085.49
1206.46	3083.74
1208.06	3081.30
1209.66	3083.04
1211.26	3088.97
1212.87	3085.49
1214.47	3085.49
1216.07	3078.51
1217.67	3084.09
1219.27	3081.30
1220.87	3083.74
1222.48	3078.16
1224.08	3082.00
1225.68	3077.11
1227.28	3077.81
1228.88	3076.77
1230.48	3079.90
1232.08	3083.74
1233.68	3091.07
1235.28	3090.37
1236.88	3086.53
1238.48	3083.39
1240.08	3080.60
1241.68	3080.60
1243.28	3077.11
1244.87	3077.46
1246.47	3080.25
1248.07	3076.42
1249.67	3086.53
1251.27	3085.49
1252.87	3086.18
1254.46	3073.63
1256.06	3071.88
1257.66	3066.65
1259.26	3071.18
1260.85	3068.74
1262.45	3075.72
1264.05	3072.23
1265.64	3077.46
1267.24	3073.98
1268.83	3075.72
1270.43	3073.28
1272.03	3073.98
1273.62	3065.95
1275.22	3068.74
1276.81	3065.26
1278.41	3075.02
1280.00	3069.79
1281.60	3071.88
1283.19	3068.74
1284.79	3070.14
1286.38	3068.74
1287.97	3065.60
1289.57	3060.72
1291.16	3058.63
1292.75	3059.33
1294.35	3061.42
1295.94	3064.21
1297.53	3063.86
1299.12	3068.05
1300.72	3063.86
1302.31	3068.39
1303.90	3065.95
1305.49	3066.65
1307.08	3058.28
1308.68	3056.19
1310.27	3058.28
1311.86	3060.37
1313.45	3060.37
1315.04	3057.23
1316.63	3059.33
1318.22	3055.49
1319.81	3057.93
1321.40	3056.88
1322.99	3053.40
1324.58	3048.51
1326.17	3043.98
1327.75	3044.68
1329.34	3044.33
1330.93	3039.79
1332.52	3039.79
1334.11	3038.40
1335.70	3035.96
1337.28	3034.21
1338.87	3035.26
1340.46	3038.05
1342.05	3038.40
1343.63	3035.61
1345.22	3039.79
1346.81	3037.70
1348.39	3036.30
1349.98	3028.63
1351.56	3025.14
1353.15	3024.10
1354.73	3022.70
1356.32	3019.91
1357.90	3016.77
1359.49	3011.19
1361.07	3007.35
1362.66	3003.87
1364.24	3005.26
1365.82	3010.14
1367.41	3004.56
1368.99	2998.29
1370.57	2996.54
1372.16	3002.12
1373.74	3009.80
1375.32	3009.45
1376.91	3002.82
1378.49	2990.96
1380.07	2980.85
1381.65	2973.17
1383.23	2970.38
1384.81	2966.89
1386.39	2969.34
1387.97	2970.03
1389.55	2969.68
1391.14	2962.01
1392.72	2959.92
1394.29	2954.69
1395.87	2952.94
1397.45	2946.31
1399.03	2946.31
1400.61	2941.43
1402.19	2934.80
1403.77	2934.11
1405.35	2934.80
1406.92	2937.25
1408.50	2931.66
1410.08	2928.87
1411.66	2928.18
1413.23	2929.22
1414.81	2921.90
1416.39	2922.25
1417.96	2917.02
1419.54	2926.08
1421.12	2928.18
1422.69	2927.13
1424.27	2925.74
1425.84	2920.50
1427.42	2920.85
1428.99	2918.41
1430.57	2917.71
1432.14	2916.32
1433.71	2922.25
1435.29	2926.78
1436.86	2930.27
1438.43	2923.29
1440.01	2860.51
1441.58	2861.21
1443.15	2867.49
1444.72	2924.69
1446.30	2927.83
1447.87	2920.85
1449.44	2917.02
1451.01	2912.83
1452.58	2918.41
1454.15	2921.55
1455.72	2917.71
1457.29	2916.67
1458.86	2916.67
1460.43	2926.43
1462.00	2925.39
1463.57	2929.57
1465.14	2920.85
1466.71	2920.15
1468.28	2920.15
1469.85	2923.64
1471.41	2927.83
1472.98	2930.62
1474.55	2926.08
1476.12	2919.81
1477.68	2920.50
1479.25	2925.04
1480.82	2928.87
1482.38	2921.20
1483.95	2921.20
1485.51	2927.13
1487.08	2934.46
1488.64	2939.34
1490.21	2932.01
1491.77	2932.71
1493.34	2926.78
1494.90	2928.18
1496.46	2930.62
1498.03	2935.15
1499.59	2937.25
1501.15	2934.11
1502.72	2933.41
1504.28	2932.71
1505.84	2929.92
1507.40	2932.36
1508.97	2933.41
1510.53	2937.59
1512.09	2941.08
1513.65	2942.83
1515.21	2939.69
1516.77	2936.55
1518.33	2938.29
1519.89	2941.08
1521.45	2940.04
1523.01	2942.13
1524.57	2944.92
1526.13	2946.31
1527.68	2951.90
1529.24	2950.50
1530.80	2954.69
1532.36	2947.71
1533.92	2944.92
1535.47	2941.43
1537.03	2940.73
1538.59	2941.78
1540.14	2937.25
1541.70	2939.34
1543.25	2942.48
1544.81	2949.10
1546.36	2947.01
1547.92	2946.31
1549.47	2944.22
1551.03	2942.83
1552.58	2940.04
1554.13	2937.59
1555.69	2938.29
1557.24	2936.20
1558.79	2933.06
1560.35	2932.71
1561.90	2937.25
1563.45	2941.78
1565.00	2940.38
1566.55	2937.25
1568.10	2931.32
1569.66	2932.36
1571.21	2935.85
1572.76	2940.04
1574.31	2938.64
1575.86	2933.76
1577.40	2933.06
1578.95	2932.36
1580.50	2929.57
1582.05	2928.87
1583.60	2928.18
1585.15	2932.01
1586.69	2933.41
1588.24	2936.20
1589.79	2931.66
1591.34	2934.11
1592.88	2928.53
1594.43	2934.46
1595.97	2929.22
1597.52	2933.41
1599.06	2928.53
1600.61	2933.41
1602.15	2930.97
1603.70	2932.36
1605.24	2923.99
1606.79	2920.50
1608.33	2918.06
1609.87	2920.15
1611.41	2923.64
1612.96	2920.85
1614.50	2916.32
1616.04	2913.88
1617.58	2915.27
1619.12	2919.46
1620.67	2911.09
1622.21	2913.88
1623.75	2908.64
1625.29	2910.04
1626.83	2909.69
1628.37	2906.90
1629.90	2907.60
1631.44	2902.02
1632.98	2898.18
1634.52	2893.99
1636.06	2890.51
1637.59	2888.76
1639.13	2889.11
1640.67	2882.48
1642.21	2877.95
1643.74	2864.70
1645.28	2851.79
1646.81	2846.91
1648.35	2837.49
1649.88	2835.74
1651.42	2823.54
1652.95	2827.02
1654.49	2820.75
1656.02	2820.75
1657.55	2806.45
1659.09	2807.49
1660.62	2799.82
1662.15	2802.96
1663.68	2790.75
1665.22	2789.01
1666.75	2784.12
1668.28	2791.80
1669.81	2790.05
1671.34	2790.05
1672.87	2786.22
1674.40	2782.73
1675.93	2777.15
1677.46	2767.03
1678.99	2762.85
1680.52	2763.54
1682.04	2763.54
1683.57	2765.29
1685.10	2761.45
1686.63	2763.19
1688.15	2756.22
1689.68	2753.08
1691.21	2749.24
1692.73	2754.47
1694.26	2756.22
1695.78	2756.92
1697.31	2750.64
1698.83	2748.89
1700.36	2744.71
1701.88	2750.99
1703.40	2748.54
1704.93	2750.64
1706.45	2748.89
