896.35	3131.88
897.98	3153.85
899.60	3156.99
901.22	3184.20
902.85	3166.41
904.47	3182.10
906.10	3185.24
907.72	3205.12
909.34	3213.50
910.97	3248.03
912.59	3266.86
914.21	3313.95
915.84	3339.06
917.46	3408.13
919.08	3429.05
920.71	3458.35
922.33	3481.37
923.95	3494.98
925.58	3512.77
927.20	3527.42
928.82	3536.83
930.44	3575.55
932.07	3556.71
933.69	3571.36
935.31	3570.32
936.93	3591.25
938.56	3579.74
940.18	3615.31
941.80	3601.71
943.42	3623.68
945.05	3619.50
946.67	3623.68
948.29	3609.03
949.91	3628.92
951.53	3623.68
953.16	3640.43
954.78	3620.54
956.40	3625.78
958.02	3615.31
959.64	3622.64
961.26	3605.90
962.88	3624.73
964.51	3605.90
966.13	3642.52
967.75	3626.82
969.37	3625.78
970.99	3617.41
972.61	3628.92
974.23	3612.17
975.85	3633.10
977.47	3627.87
979.09	3646.70
980.71	3620.54
982.33	3641.47
983.95	3625.78
985.57	3657.17
987.19	3637.29
988.81	3665.54
990.43	3642.52
992.05	3649.84
993.67	3656.12
995.29	3665.54
996.91	3658.22
998.53	3700.07
1000.15	3684.38
1001.77	3703.21
1003.39	3694.84
1005.01	3705.30
1006.63	3699.02
1008.25	3717.86
1009.86	3722.05
1011.48	3736.70
1013.10	3727.28
1014.72	3751.34
1016.34	3747.16
1017.96	3773.32
1019.58	3738.79
1021.19	3757.62
1022.81	3760.76
1024.43	3789.02
1026.05	3768.09
1027.66	3787.97
1029.28	3778.55
1030.90	3797.39
1032.52	3775.41
1034.13	3794.25
1035.75	3794.25
1037.37	3801.57
1038.98	3805.76
1040.60	3806.80
1042.22	3784.83
1043.83	3806.80
1045.45	3796.34
1047.07	3808.90
1048.68	3802.62
1050.30	3812.04
1051.92	3805.76
1053.53	3815.18
1055.15	3803.66
1056.76	3817.27
1058.38	3803.66
1059.99	3824.59
1061.61	3800.53
1063.22	3810.99
1064.84	3806.80
1066.46	3814.13
1068.07	3804.71
1069.68	3817.27
1071.30	3806.80
1072.91	3804.71
1074.53	3784.83
1076.14	3807.85
1077.76	3784.83
1079.37	3797.39
1080.98	3752.39
1082.60	3791.11
1084.21	3774.37
1085.83	3782.74
1087.44	3778.55
1089.05	3772.27
1090.67	3751.34
1092.28	3759.72
1093.89	3758.67
1095.50	3773.32
1097.12	3751.34
1098.73	3768.09
1100.34	3727.28
1101.95	3765.99
1103.57	3753.44
1105.18	3761.81
1106.79	3740.88
1108.40	3764.95
1110.01	3735.65
1111.63	3759.72
1113.24	3749.25
1114.85	3751.34
1116.46	3742.97
1118.07	3770.18
1119.68	3752.39
1121.29	3770.18
1122.90	3749.25
1124.51	3750.30
1126.12	3745.07
1127.73	3776.46
1129.34	3761.81
1130.95	3771.23
1132.56	3759.72
1134.17	3749.25
1135.78	3742.97
1137.39	3764.95
1139.00	3732.51
1140.61	3754.48
1142.22	3739.83
1143.83	3745.07
1145.44	3740.88
1147.05	3756.58
1148.65	3756.58
1150.26	3749.25
1151.87	3727.28
1153.48	3751.34
1155.09	3746.11
1156.69	3755.53
1158.30	3733.56
1159.91	3751.34
1161.52	3749.25
1163.12	3763.90
1164.73	3746.11
1166.34	3768.09
1167.94	3751.34
1169.55	3771.23
1171.16	3749.25
1172.76	3758.67
1174.37	3740.88
1175.97	3762.86
1177.58	3730.42
1179.19	3771.23
1180.79	3744.02
1182.40	3758.67
1184.00	3745.07
1185.61	3761.81
1187.21	3757.62
1188.82	3758.67
1190.42	3746.11
1192.02	3756.58
1193.63	3736.70
1195.23	3759.72
1196.84	3750.30
1198.44	3760.76
1200.04	3760.76
1201.65	3754.48
1203.25	3727.28
1204.85	3749.25
1206.46	3722.05
1208.06	3738.79
1209.66	3724.14
1211.26	3731.46
1212.87	3735.65
1214.47	3733.56
1216.07	3717.86
1217.67	3734.60
1219.27	3721.00
1220.87	3724.14
1222.48	3713.67
1224.08	3710.54
1225.68	3692.75
1227.28	3706.35
1228.88	3693.79
1230.48	3719.95
1232.08	3679.14
1233.68	3703.21
1235.28	3695.89
1236.88	3687.51
1238.48	3665.54
1240.08	3705.30
1241.68	3656.12
1243.28	3669.73
1244.87	3637.29
1246.47	3650.89
1248.07	3636.24
1249.67	3657.17
1251.27	3645.66
1252.87	3633.10
1254.46	3617.41
1256.06	3629.96
1257.66	3624.73
1259.26	3621.59
1260.85	3626.82
1262.45	3632.06
1264.05	3614.27
1265.64	3612.17
1267.24	3601.71
1268.83	3619.50
1270.43	3607.99
1272.03	3626.82
1273.62	3600.66
1275.22	3598.57
1276.81	3590.20
1278.41	3594.38
1280.00	3596.48
1281.60	3598.57
1283.19	3575.55
1284.79	3583.92
1286.38	3574.50
1287.97	3583.92
1289.57	3569.27
1291.16	3572.41
1292.75	3551.48
1294.35	3567.18
1295.94	3557.76
1297.53	3560.90
1299.12	3534.74
1300.72	3556.71
1302.31	3525.32
1303.90	3555.67
1305.49	3551.48
1307.08	3541.02
1308.68	3523.23
1310.27	3535.79
1311.86	3518.00
1313.45	3513.81
1315.04	3501.26
1316.63	3512.77
1318.22	3502.30
1319.81	3499.16
1321.40	3496.02
1322.99	3502.30
1324.58	3468.82
1326.17	3473.00
1327.75	3462.54
1329.34	3483.47
1330.93	3461.49
1332.52	3463.58
1334.11	3457.31
1335.70	3457.31
1337.28	3430.10
1338.87	3451.03
1340.46	3440.56
1342.05	3435.33
1343.63	3426.96
1345.22	3424.87
1346.81	3425.91
1348.39	3418.59
1349.98	3409.17
1351.56	3408.13
1353.15	3391.38
1354.73	3390.34
1356.32	3364.18
1357.90	3364.18
1359.49	3355.81
1361.07	3336.97
1362.66	3326.51
1364.24	3344.30
1365.82	3336.97
1367.41	3339.06
1368.99	3316.04
1370.57	3304.53
1372.16	3315.00
1373.74	3308.72
1375.32	3288.84
1376.91	3274.19
1378.49	3237.56
1380.07	3215.59
1381.65	3192.57
1383.23	3181.06
1384.81	3169.55
1386.39	3166.41
1387.97	3158.04
1389.55	3151.76
1391.14	3140.25
1392.72	3119.32
1394.29	3108.86
1395.87	3100.48
1397.45	3090.02
1399.03	3084.79
1400.61	3071.18
1402.19	3062.81
1403.77	3051.30
1405.35	3070.14
1406.92	3042.93
1408.50	3043.98
1410.08	3028.28
1411.66	3020.96
1413.23	3023.05
1414.81	3028.28
1416.39	3010.49
1417.96	3027.24
1419.54	3011.54
1421.12	3030.38
1422.69	3025.14
1424.27	3014.68
1425.84	3014.68
1427.42	3005.26
1428.99	3002.12
1430.57	3009.45
1432.14	3000.03
1433.71	3004.22
1435.29	3004.22
1436.86	3007.35
1438.43	3005.26
1440.01	2995.84
1441.58	2870.28
1443.15	2994.80
1444.72	2993.75
1446.30	2988.52
1447.87	2990.61
1449.44	2987.47
1451.01	2974.92
1452.58	2992.70
1454.15	2989.57
1455.72	2983.29
1457.29	2977.01
1458.86	2987.47
1460.43	2975.96
1462.00	3002.12
1463.57	2990.61
1465.14	2983.29
1466.71	2970.73
1468.28	2982.24
1469.85	2977.01
1471.41	2989.57
1472.98	2982.24
1474.55	2988.52
1476.12	2972.82
1477.68	2978.06
1479.25	2986.43
1480.82	2981.19
1482.38	2981.19
1483.95	2977.01
1485.51	2991.66
1487.08	3002.12
1488.64	2994.80
1490.21	2997.94
1491.77	2970.73
1493.34	3003.17
1494.90	2984.33
1496.46	2989.57
1498.03	2996.89
1499.59	2997.94
1501.15	2991.66
1502.72	2998.98
1504.28	2996.89
1505.84	2993.75
1507.40	2991.66
1508.97	3010.49
1510.53	2992.70
1512.09	3007.35
1513.65	3007.35
1515.21	3008.40
1516.77	2995.84
1518.33	3023.05
1519.89	3012.59
1521.45	3009.45
1523.01	3009.45
1524.57	3024.10
1526.13	3013.63
1527.68	3013.63
1529.24	3022.00
1530.80	3017.82
1532.36	3026.19
1533.92	3020.96
1535.47	3010.49
1537.03	3016.77
1538.59	3011.54
1540.14	3008.40
1541.70	2996.89
1543.25	3015.73
1544.81	3007.35
1546.36	3022.00
1547.92	3004.22
1549.47	3015.73
1551.03	3015.73
1552.58	3008.40
1554.13	2996.89
1555.69	3004.22
1557.24	3001.08
1558.79	3004.22
1560.35	2989.57
1561.90	3004.22
1563.45	2991.66
1565.00	3001.08
1566.55	2995.84
1568.10	2991.66
1569.66	2977.01
1571.21	2994.80
1572.76	2987.47
1574.31	2993.75
1575.86	2987.47
1577.40	2985.38
1578.95	2986.43
1580.50	2977.01
1582.05	2969.68
1583.60	2974.92
1585.15	2963.41
1586.69	2968.64
1588.24	2974.92
1589.79	2984.33
1591.34	2958.17
1592.88	2986.43
1594.43	2950.85
1595.97	2970.73
1597.52	2969.68
1599.06	2975.96
1600.61	2949.80
1602.15	2968.64
1603.70	2965.50
1605.24	2971.78
1606.79	2964.45
1608.33	2948.76
1609.87	2947.71
1611.41	2963.41
1612.96	2953.99
1614.50	2946.66
1616.04	2944.57
1617.58	2949.80
1619.12	2945.62
1620.67	2953.99
1622.21	2912.13
1623.75	2943.52
1625.29	2924.69
1626.83	2924.69
1628.37	2935.15
1629.90	2912.13
1631.44	2900.62
1632.98	2904.81
1634.52	2882.83
1636.06	2882.83
1637.59	2882.83
1639.13	2862.95
1640.67	2862.95
1642.21	2850.39
1643.74	2831.56
1645.28	2807.49
1646.81	2798.07
1648.35	2801.21
1649.88	2774.01
1651.42	2782.38
1652.95	2761.45
1654.49	2785.52
1656.02	2750.99
1657.55	2749.94
1659.09	2730.06
1660.62	2747.85
1662.15	2739.48
1663.68	2743.66
1665.22	2727.97
1666.75	2720.64
1668.28	2715.41
1669.81	2735.29
1671.34	2721.69
1672.87	2716.45
1674.40	2732.15
1675.93	2717.50
1677.46	2697.62
1678.99	2692.39
1680.52	2691.34
1682.04	2708.08
1683.57	2702.85
1685.10	2707.04
1686.63	2697.62
1688.15	2699.71
1689.68	2693.43
1691.21	2688.20
1692.73	2697.62
1694.26	2702.85
1695.78	2676.69
1697.31	2685.06
1698.83	2676.69
1700.36	2689.25
1701.88	2678.78
1703.40	2693.43
1704.93	2677.74
1706.45	2684.02
