896.35	2993.75
897.98	2997.94
899.60	3004.22
901.22	3022.00
902.85	3014.68
904.47	3028.28
906.10	3039.79
907.72	3034.56
909.34	3050.26
910.97	3067.00
912.59	3094.21
914.21	3116.18
915.84	3140.25
917.46	3180.01
919.08	3205.12
920.71	3220.82
922.33	3238.61
923.95	3251.17
925.58	3276.28
927.20	3276.28
928.82	3278.37
930.44	3300.35
932.07	3285.70
933.69	3281.51
935.31	3296.16
936.93	3312.90
938.56	3315.00
940.18	3323.37
941.80	3315.00
943.42	3330.69
945.05	3341.16
946.67	3326.51
948.29	3325.46
949.91	3321.27
951.53	3338.02
953.16	3347.43
954.78	3346.39
956.40	3334.88
958.02	3335.92
959.64	3338.02
961.26	3336.97
962.88	3340.11
964.51	3327.55
966.13	3355.81
967.75	3338.02
969.37	3332.78
970.99	3335.92
972.61	3335.92
974.23	3336.97
975.85	3344.30
977.47	3349.53
979.09	3342.20
980.71	3331.74
982.33	3345.34
983.95	3344.30
985.57	3359.99
987.19	3351.62
988.81	3358.94
990.43	3352.67
992.05	3358.94
993.67	3368.36
995.29	3372.55
996.91	3358.94
998.53	3385.10
1000.15	3389.29
1001.77	3394.52
1003.39	3389.29
1005.01	3395.57
1006.63	3397.66
1008.25	3413.36
1009.86	3421.73
1011.48	3407.08
1013.10	3412.31
1014.72	3428.01
1016.34	3428.01
1017.96	3447.89
1019.58	3428.01
1021.19	3426.96
1022.81	3430.10
1024.43	3448.94
1026.05	3453.12
1027.66	3460.45
1029.28	3442.66
1030.90	3453.12
1032.52	3440.56
1034.13	3457.31
1035.75	3460.45
1037.37	3464.63
1038.98	3474.05
1040.60	3468.82
1042.22	3458.35
1043.83	3473.00
1045.45	3463.58
1047.07	3471.96
1048.68	3481.37
1050.30	3477.19
1051.92	3468.82
1053.53	3474.05
1055.15	3475.10
1056.76	3467.77
1058.38	3468.82
1059.99	3473.00
1061.61	3462.54
1063.22	3456.26
1064.84	3461.49
1066.46	3454.17
1068.07	3457.31
1069.68	3473.00
1071.30	3474.05
1072.91	3458.35
1074.53	3447.89
1076.14	3466.72
1077.76	3453.12
1079.37	3456.26
1080.98	3431.15
1082.60	3448.94
1084.21	3443.70
1085.83	3445.80
1087.44	3453.12
1089.05	3437.42
1090.67	3431.15
1092.28	3430.10
1093.89	3447.89
1095.50	3441.61
1097.12	3438.47
1098.73	3443.70
1100.34	3424.87
1101.95	3437.42
1103.57	3435.33
1105.18	3430.10
1106.79	3419.64
1108.40	3432.19
1110.01	3434.29
1111.63	3435.33
1113.24	3439.52
1114.85	3431.15
1116.46	3429.05
1118.07	3441.61
1119.68	3422.78
1121.29	3435.33
1122.90	3426.96
1124.51	3428.01
1126.12	3431.15
1127.73	3442.66
1129.34	3438.47
1130.95	3438.47
1132.56	3441.61
1134.17	3421.73
1135.78	3430.10
1137.39	3437.42
1139.00	3422.78
1140.61	3419.64
1142.22	3429.05
1143.83	3424.87
1145.44	3422.78
1147.05	3431.15
1148.65	3436.38
1150.26	3421.73
1151.87	3418.59
1153.48	3420.68
1155.09	3436.38
1156.69	3431.15
1158.30	3413.36
1159.91	3422.78
1161.52	3422.78
1163.12	3423.82
1164.73	3423.82
1166.34	3437.42
1167.94	3428.01
1169.55	3436.38
1171.16	3422.78
1172.76	3428.01
1174.37	3424.87
1175.97	3437.42
1177.58	3409.17
1179.19	3444.75
1180.79	3422.78
1182.40	3424.87
1184.00	3419.64
1185.61	3436.38
1187.21	3439.52
1188.82	3432.19
1190.42	3429.05
1192.02	3424.87
1193.63	3409.17
1195.23	3428.01
1196.84	3420.68
1198.44	3430.10
1200.04	3434.29
1201.65	3429.05
1203.25	3430.10
1204.85	3430.10
1206.46	3415.45
1208.06	3416.50
1209.66	3409.17
1211.26	3411.26
1212.87	3423.82
1214.47	3412.31
1216.07	3421.73
1217.67	3417.54
1219.27	3408.13
1220.87	3400.80
1222.48	3399.75
1224.08	3398.71
1225.68	3411.26
1227.28	3402.89
1228.88	3387.20
1230.48	3396.62
1232.08	3380.92
1233.68	3386.15
1235.28	3399.75
1236.88	3387.20
1238.48	3372.55
1240.08	3396.62
1241.68	3367.32
1243.28	3378.83
1244.87	3371.50
1246.47	3362.08
1248.07	3353.71
1249.67	3357.90
1251.27	3359.99
1252.87	3345.34
1254.46	3326.51
1256.06	3340.11
1257.66	3340.11
1259.26	3338.02
1260.85	3346.39
1262.45	3340.11
1264.05	3343.25
1265.64	3338.02
1267.24	3335.92
1268.83	3334.88
1270.43	3324.41
1272.03	3341.16
1273.62	3319.18
1275.22	3317.09
1276.81	3328.60
1278.41	3321.27
1280.00	3323.37
1281.60	3324.41
1283.19	3311.86
1284.79	3327.55
1286.38	3306.62
1287.97	3310.81
1289.57	3298.25
1291.16	3299.30
1292.75	3294.07
1294.35	3305.58
1295.94	3291.98
1297.53	3299.30
1299.12	3281.51
1300.72	3305.58
1302.31	3276.28
1303.90	3304.53
1305.49	3295.11
1307.08	3277.33
1308.68	3271.05
1310.27	3268.95
1311.86	3268.95
1313.45	3268.95
1315.04	3268.95
1316.63	3271.05
1318.22	3262.68
1319.81	3252.21
1321.40	3251.17
1322.99	3256.40
1324.58	3233.38
1326.17	3240.70
1327.75	3232.33
1329.34	3242.79
1330.93	3228.14
1332.52	3227.10
1334.11	3220.82
1335.70	3223.96
1337.28	3206.17
1338.87	3204.08
1340.46	3203.03
1342.05	3201.98
1343.63	3203.03
1345.22	3199.89
1346.81	3199.89
1348.39	3193.61
1349.98	3192.57
1351.56	3189.43
1353.15	3183.15
1354.73	3184.20
1356.32	3163.27
1357.90	3165.36
1359.49	3160.13
1361.07	3144.43
1362.66	3142.34
1364.24	3146.53
1365.82	3144.43
1367.41	3145.48
1368.99	3120.37
1370.57	3121.41
1372.16	3126.64
1373.74	3124.55
1375.32	3117.23
1376.91	3092.11
1378.49	3069.09
1380.07	3041.89
1381.65	3040.84
1383.23	3024.10
1384.81	3020.96
1386.39	3016.77
1387.97	3027.24
1389.55	3012.59
1391.14	3000.03
1392.72	2982.24
1394.29	2974.92
1395.87	2972.82
1397.45	2962.36
1399.03	2969.68
1400.61	2961.31
1402.19	2945.62
1403.77	2935.15
1405.35	2949.80
1406.92	2940.38
1408.50	2936.20
1410.08	2940.38
1411.66	2919.46
1413.23	2921.55
1414.81	2925.74
1416.39	2911.09
1417.96	2926.78
1419.54	2916.32
1421.12	2922.60
1422.69	2930.97
1424.27	2908.99
1425.84	2915.27
1427.42	2911.09
1428.99	2910.04
1430.57	2906.90
1432.14	2911.09
1433.71	2917.36
1435.29	2922.60
1436.86	2915.27
1438.43	2906.90
1440.01	2902.71
1441.58	2786.56
1443.15	2903.76
1444.72	2906.90
1446.30	2903.76
1447.87	2903.76
1449.44	2906.90
1451.01	2888.06
1452.58	2896.44
1454.15	2896.44
1455.72	2892.25
1457.29	2893.30
1458.86	2905.85
1460.43	2887.02
1462.00	2914.22
1463.57	2892.25
1465.14	2901.67
1466.71	2897.48
1468.28	2896.44
1469.85	2890.16
1471.41	2900.62
1472.98	2890.16
1474.55	2898.53
1476.12	2890.16
1477.68	2891.20
1479.25	2907.95
1480.82	2899.58
1482.38	2908.99
1483.95	2895.39
1485.51	2903.76
1487.08	2920.50
1488.64	2910.04
1490.21	2913.18
1491.77	2895.39
1493.34	2910.04
1494.90	2895.39
1496.46	2907.95
1498.03	2904.81
1499.59	2911.09
1501.15	2900.62
1502.72	2907.95
1504.28	2910.04
1505.84	2912.13
1507.40	2904.81
1508.97	2914.22
1510.53	2913.18
1512.09	2916.32
1513.65	2921.55
1515.21	2920.50
1516.77	2914.22
1518.33	2921.55
1519.89	2911.09
1521.45	2905.85
1523.01	2917.36
1524.57	2930.97
1526.13	2918.41
1527.68	2927.83
1529.24	2934.11
1530.80	2926.78
1532.36	2921.55
1533.92	2922.60
1535.47	2912.13
1537.03	2916.32
1538.59	2922.60
1540.14	2915.27
1541.70	2900.62
1543.25	2926.78
1544.81	2924.69
1546.36	2917.36
1547.92	2903.76
1549.47	2915.27
1551.03	2915.27
1552.58	2905.85
1554.13	2912.13
1555.69	2915.27
1557.24	2905.85
1558.79	2904.81
1560.35	2906.90
1561.90	2905.85
1563.45	2889.11
1565.00	2901.67
1566.55	2892.25
1568.10	2892.25
1569.66	2889.11
1571.21	2904.81
1572.76	2899.58
1574.31	2894.34
1575.86	2892.25
1577.40	2874.46
1578.95	2891.20
1580.50	2893.30
1582.05	2876.55
1583.60	2880.74
1585.15	2871.32
1586.69	2876.55
1588.24	2883.88
1589.79	2885.97
1591.34	2870.28
1592.88	2891.20
1594.43	2865.04
1595.97	2876.55
1597.52	2874.46
1599.06	2871.32
1600.61	2865.04
1602.15	2892.25
1603.70	2870.28
1605.24	2879.69
1606.79	2875.51
1608.33	2862.95
1609.87	2860.86
1611.41	2875.51
1612.96	2868.18
1614.50	2852.49
1616.04	2856.67
1617.58	2864.00
1619.12	2854.58
1620.67	2856.67
1622.21	2832.61
1623.75	2860.86
1625.29	2839.93
1626.83	2843.07
1628.37	2858.77
1629.90	2831.56
1631.44	2827.37
1632.98	2829.47
1634.52	2803.31
1636.06	2819.00
1637.59	2823.19
1639.13	2811.68
1640.67	2793.89
1642.21	2785.52
1643.74	2781.33
1645.28	2760.40
1646.81	2757.26
1648.35	2753.08
1649.88	2737.38
1651.42	2745.75
1652.95	2721.69
1654.49	2746.80
1656.02	2719.59
1657.55	2732.15
1659.09	2708.08
1660.62	2716.45
1662.15	2712.27
1663.68	2716.45
1665.22	2698.67
1666.75	2704.94
1668.28	2699.71
1669.81	2710.18
1671.34	2692.39
1672.87	2700.76
1674.40	2701.81
1675.93	2691.34
1677.46	2674.60
1678.99	2679.83
1680.52	2678.78
1682.04	2687.16
1683.57	2673.55
1685.10	2684.02
1686.63	2672.51
1688.15	2680.88
1689.68	2666.23
1691.21	2664.13
1692.73	2672.51
1694.26	2675.65
1695.78	2664.13
1697.31	2673.55
1698.83	2663.09
1700.36	2673.55
1701.88	2663.09
1703.40	2670.41
1704.93	2658.90
1706.45	2664.13
