896.35	3018.86
897.98	3027.24
899.60	3036.65
901.22	3061.77
902.85	3053.40
904.47	3052.35
906.10	3073.28
907.72	3081.65
909.34	3096.30
910.97	3105.72
912.59	3123.50
914.21	3156.99
915.84	3190.47
917.46	3236.52
919.08	3250.12
920.71	3264.77
922.33	3293.02
923.95	3308.72
925.58	3330.69
927.20	3327.55
928.82	3334.88
930.44	3353.71
932.07	3348.48
933.69	3342.20
935.31	3356.85
936.93	3368.36
938.56	3366.27
940.18	3379.87
941.80	3377.78
943.42	3397.66
945.05	3406.03
946.67	3393.48
948.29	3390.34
949.91	3395.57
951.53	3409.17
953.16	3411.26
954.78	3402.89
956.40	3401.85
958.02	3398.71
959.64	3410.22
961.26	3386.15
962.88	3392.43
964.51	3388.24
966.13	3414.40
967.75	3407.08
969.37	3395.57
970.99	3392.43
972.61	3392.43
974.23	3396.62
975.85	3397.66
977.47	3391.38
979.09	3411.26
980.71	3399.75
982.33	3414.40
983.95	3411.26
985.57	3424.87
987.19	3410.22
988.81	3431.15
990.43	3418.59
992.05	3419.64
993.67	3433.24
995.29	3436.38
996.91	3426.96
998.53	3446.84
1000.15	3445.80
1001.77	3454.17
1003.39	3455.21
1005.01	3462.54
1006.63	3464.63
1008.25	3467.77
1009.86	3481.37
1011.48	3478.23
1013.10	3474.05
1014.72	3493.93
1016.34	3500.21
1017.96	3511.72
1019.58	3482.42
1021.19	3502.30
1022.81	3497.07
1024.43	3518.00
1026.05	3508.58
1027.66	3523.23
1029.28	3518.00
1030.90	3525.32
1032.52	3503.35
1034.13	3523.23
1035.75	3533.69
1037.37	3529.51
1038.98	3534.74
1040.60	3529.51
1042.22	3523.23
1043.83	3536.83
1045.45	3526.37
1047.07	3537.88
1048.68	3541.02
1050.30	3533.69
1051.92	3539.97
1053.53	3539.97
1055.15	3534.74
1056.76	3538.93
1058.38	3544.16
1059.99	3550.44
1061.61	3539.97
1063.22	3533.69
1064.84	3537.88
1066.46	3529.51
1068.07	3522.18
1069.68	3536.83
1071.30	3541.02
1072.91	3527.42
1074.53	3516.95
1076.14	3530.55
1077.76	3526.37
1079.37	3529.51
1080.98	3490.79
1082.60	3512.77
1084.21	3514.86
1085.83	3510.67
1087.44	3512.77
1089.05	3500.21
1090.67	3499.16
1092.28	3500.21
1093.89	3496.02
1095.50	3498.12
1097.12	3484.51
1098.73	3502.30
1100.34	3476.14
1101.95	3497.07
1103.57	3494.98
1105.18	3487.65
1106.79	3475.10
1108.40	3496.02
1110.01	3488.70
1111.63	3502.30
1113.24	3500.21
1114.85	3489.74
1116.46	3485.56
1118.07	3494.98
1119.68	3479.28
1121.29	3501.26
1122.90	3489.74
1124.51	3491.84
1126.12	3494.98
1127.73	3507.53
1129.34	3499.16
1130.95	3503.35
1132.56	3503.35
1134.17	3485.56
1135.78	3486.61
1137.39	3496.02
1139.00	3486.61
1140.61	3488.70
1142.22	3490.79
1143.83	3494.98
1145.44	3488.70
1147.05	3496.02
1148.65	3497.07
1150.26	3475.10
1151.87	3477.19
1153.48	3496.02
1155.09	3499.16
1156.69	3493.93
1158.30	3480.33
1159.91	3480.33
1161.52	3484.51
1163.12	3485.56
1164.73	3481.37
1166.34	3497.07
1167.94	3477.19
1169.55	3493.93
1171.16	3500.21
1172.76	3493.93
1174.37	3488.70
1175.97	3501.26
1177.58	3476.14
1179.19	3491.84
1180.79	3483.47
1182.40	3486.61
1184.00	3487.65
1185.61	3503.35
1187.21	3491.84
1188.82	3485.56
1190.42	3489.74
1192.02	3475.10
1193.63	3464.63
1195.23	3488.70
1196.84	3482.42
1198.44	3488.70
1200.04	3490.79
1201.65	3492.88
1203.25	3482.42
1204.85	3482.42
1206.46	3458.35
1208.06	3466.72
1209.66	3457.31
1211.26	3463.58
1212.87	3482.42
1214.47	3463.58
1216.07	3467.77
1217.67	3471.96
1219.27	3460.45
1220.87	3463.58
1222.48	3459.40
1224.08	3448.94
1225.68	3446.84
1227.28	3452.07
1228.88	3437.42
1230.48	3454.17
1232.08	3429.05
1233.68	3440.56
1235.28	3454.17
1236.88	3446.84
1238.48	3434.29
1240.08	3451.03
1241.68	3408.13
1243.28	3424.87
1244.87	3413.36
1246.47	3403.94
1248.07	3391.38
1249.67	3401.85
1251.27	3414.40
1252.87	3397.66
1254.46	3385.10
1256.06	3388.24
1257.66	3386.15
1259.26	3381.97
1260.85	3393.48
1262.45	3380.92
1264.05	3383.01
1265.64	3379.87
1267.24	3373.59
1268.83	3378.83
1270.43	3365.22
1272.03	3396.62
1273.62	3375.69
1275.22	3368.36
1276.81	3369.41
1278.41	3355.81
1280.00	3362.08
1281.60	3370.46
1283.19	3348.48
1284.79	3356.85
1286.38	3346.39
1287.97	3354.76
1289.57	3344.30
1291.16	3339.06
1292.75	3328.60
1294.35	3330.69
1295.94	3327.55
1297.53	3334.88
1299.12	3323.37
1300.72	3336.97
1302.31	3304.53
1303.90	3335.92
1305.49	3332.78
1307.08	3316.04
1308.68	3310.81
1310.27	3312.90
1311.86	3312.90
1313.45	3307.67
1315.04	3289.88
1316.63	3297.21
1318.22	3305.58
1319.81	3293.02
1321.40	3289.88
1322.99	3296.16
1324.58	3276.28
1326.17	3272.09
1327.75	3265.82
1329.34	3276.28
1330.93	3263.72
1332.52	3261.63
1334.11	3253.26
1335.70	3249.07
1337.28	3233.38
1338.87	3246.98
1340.46	3250.12
1342.05	3241.75
1343.63	3233.38
1345.22	3232.33
1346.81	3241.75
1348.39	3221.87
1349.98	3217.68
1351.56	3204.08
1353.15	3200.94
1354.73	3196.75
1356.32	3190.47
1357.90	3185.24
1359.49	3196.75
1361.07	3175.82
1362.66	3174.78
1364.24	3167.45
1365.82	3169.55
1367.41	3168.50
1368.99	3151.76
1370.57	3133.97
1372.16	3140.25
1373.74	3136.06
1375.32	3130.83
1376.91	3119.32
1378.49	3093.16
1380.07	3069.09
1381.65	3065.95
1383.23	3048.16
1384.81	3046.07
1386.39	3029.33
1387.97	3032.47
1389.55	3024.10
1391.14	3012.59
1392.72	3006.31
1394.29	3004.22
1395.87	2991.66
1397.45	2979.10
1399.03	2977.01
1400.61	2964.45
1402.19	2960.27
1403.77	2950.85
1405.35	2965.50
1406.92	2944.57
1408.50	2953.99
1410.08	2951.90
1411.66	2937.25
1413.23	2940.38
1414.81	2948.76
1416.39	2925.74
1417.96	2937.25
1419.54	2932.01
1421.12	2932.01
1422.69	2939.34
1424.27	2916.32
1425.84	2935.15
1427.42	2919.46
1428.99	2926.78
1430.57	2929.92
1432.14	2913.18
1433.71	2911.09
1435.29	2927.83
1436.86	2925.74
1438.43	2917.36
1440.01	2913.18
1441.58	2790.75
1443.15	2913.18
1444.72	2912.13
1446.30	2910.04
1447.87	2919.46
1449.44	2905.85
1451.01	2895.39
1452.58	2911.09
1454.15	2905.85
1455.72	2894.34
1457.29	2901.67
1458.86	2904.81
1460.43	2897.48
1462.00	2917.36
1463.57	2899.58
1465.14	2906.90
1466.71	2896.44
1468.28	2903.76
1469.85	2904.81
1471.41	2910.04
1472.98	2896.44
1474.55	2914.22
1476.12	2905.85
1477.68	2905.85
1479.25	2915.27
1480.82	2915.27
1482.38	2924.69
1483.95	2900.62
1485.51	2905.85
1487.08	2920.50
1488.64	2905.85
1490.21	2916.32
1491.77	2901.67
1493.34	2920.50
1494.90	2908.99
1496.46	2908.99
1498.03	2913.18
1499.59	2907.95
1501.15	2916.32
1502.72	2922.60
1504.28	2918.41
1505.84	2913.18
1507.40	2910.04
1508.97	2921.55
1510.53	2921.55
1512.09	2930.97
1513.65	2924.69
1515.21	2926.78
1516.77	2914.22
1518.33	2933.06
1519.89	2923.64
1521.45	2924.69
1523.01	2928.87
1524.57	2936.20
1526.13	2921.55
1527.68	2933.06
1529.24	2935.15
1530.80	2927.83
1532.36	2938.29
1533.92	2924.69
1535.47	2914.22
1537.03	2917.36
1538.59	2927.83
1540.14	2927.83
1541.70	2926.78
1543.25	2941.43
1544.81	2928.87
1546.36	2932.01
1547.92	2915.27
1549.47	2930.97
1551.03	2924.69
1552.58	2923.64
1554.13	2917.36
1555.69	2928.87
1557.24	2902.71
1558.79	2907.95
1560.35	2916.32
1561.90	2921.55
1563.45	2911.09
1565.00	2914.22
1566.55	2916.32
1568.10	2913.18
1569.66	2898.53
1571.21	2913.18
1572.76	2901.67
1574.31	2905.85
1575.86	2903.76
1577.40	2889.11
1578.95	2900.62
1580.50	2904.81
1582.05	2891.20
1583.60	2895.39
1585.15	2881.79
1586.69	2888.06
1588.24	2891.20
1589.79	2893.30
1591.34	2870.28
1592.88	2896.44
1594.43	2878.65
1595.97	2889.11
1597.52	2883.88
1599.06	2883.88
1600.61	2879.69
1602.15	2896.44
1603.70	2878.65
1605.24	2879.69
1606.79	2874.46
1608.33	2868.18
1609.87	2857.72
1611.41	2875.51
1612.96	2885.97
1614.50	2869.23
1616.04	2870.28
1617.58	2869.23
1619.12	2858.77
1620.67	2874.46
1622.21	2842.02
1623.75	2872.37
1625.29	2853.53
1626.83	2850.39
1628.37	2847.26
1629.90	2836.79
1631.44	2838.88
1632.98	2836.79
1634.52	2822.14
1636.06	2821.10
1637.59	2827.37
1639.13	2813.77
1640.67	2813.77
1642.21	2795.98
1643.74	2790.75
1645.28	2770.87
1646.81	2766.68
1648.35	2764.59
1649.88	2735.29
1651.42	2748.89
1652.95	2729.01
1654.49	2747.85
1656.02	2729.01
1657.55	2736.34
1659.09	2704.94
1660.62	2718.55
1662.15	2715.41
1663.68	2720.64
1665.22	2705.99
1666.75	2702.85
1668.28	2690.29
1669.81	2715.41
1671.34	2697.62
1672.87	2703.90
1674.40	2705.99
1675.93	2694.48
1677.46	2676.69
1678.99	2675.65
1680.52	2675.65
1682.04	2694.48
1683.57	2681.92
1685.10	2696.57
1686.63	2675.65
1688.15	2685.06
1689.68	2669.37
1691.21	2674.60
1692.73	2676.69
1694.26	2685.06
1695.78	2669.37
1697.31	2676.69
1698.83	2665.18
1700.36	2679.83
1701.88	2673.55
1703.40	2677.74
1704.93	2669.37
1706.45	2669.37
